index	original	background	difference
-----------------------------------------------------
1	1720	1149	571
2	1719	1119	600
3	1727	1137	590
4	1713	1150	563
5	1705	1143	562
6	1729	1165	564
7	1745	1156	589
8	1708	1157	551
9	1734	1154	580
10	1754	1146	608
11	1769	1163	606
12	1762	1154	608
13	1766	1148	618
14	1788	1139	649
15	1758	1165	593
16	1759	1170	589
17	1757	1135	622
18	1755	1146	609
19	1766	1165	601
20	1756	1175	581
21	1779	1162	617
22	1747	1143	604
23	1755	1168	587
24	1747	1169	578
25	1773	1157	616
26	1792	1154	638
27	1772	1160	612
28	1803	1177	626
29	1835	1158	677
30	1795	1147	648
31	1766	1165	601
32	1775	1170	605
33	1775	1173	602
34	1756	1165	591
35	1789	1169	620
36	1791	1175	616
37	1805	1170	635
38	1801	1170	631
39	1827	1161	666
40	1820	1176	644
41	1822	1169	653
42	1795	1179	616
43	1810	1186	624
44	1831	1185	646
45	1824	1183	641
46	1841	1161	680
47	1833	1151	682
48	1821	1167	654
49	1811	1167	644
50	1812	1149	663
51	1850	1154	696
52	1837	1163	674
53	1819	1163	656
54	1822	1152	670
55	1812	1158	654
56	1819	1173	646
57	1828	1168	660
58	1781	1163	618
59	1794	1184	610
60	1824	1184	640
61	1808	1175	633
62	1828	1181	647
63	1820	1191	629
64	1824	1188	636
65	1851	1184	667
66	1865	1173	692
67	1838	1170	668
68	1822	1158	664
69	1826	1153	673
70	1849	1153	696
71	1863	1169	694
72	1844	1191	653
73	1865	1172	693
74	1841	1184	657
75	1848	1197	651
76	1833	1202	631
77	1802	1173	629
78	1778	1178	600
79	1818	1192	626
80	1810	1202	608
81	1826	1180	646
82	1836	1181	655
83	1862	1176	686
84	1819	1164	655
85	1831	1166	665
86	1850	1191	659
87	1864	1187	677
88	1847	1163	684
89	1803	1199	604
90	1843	1184	659
91	1881	1180	701
92	1838	1194	644
93	1863	1171	692
94	1851	1160	691
95	1820	1172	648
96	1852	1157	695
97	1869	1180	689
98	1854	1172	682
99	1855	1162	693
100	1856	1176	680
101	1848	1177	671
102	1863	1176	687
103	1875	1199	676
104	1888	1187	701
105	1882	1187	695
106	1843	1182	661
107	1840	1181	659
108	1823	1182	641
109	1854	1197	657
110	1851	1191	660
111	1851	1207	644
112	1840	1212	628
113	1885	1188	697
114	1855	1192	663
115	1813	1188	625
116	1782	1161	621
117	1774	1165	609
118	1808	1172	636
119	1826	1172	654
120	1821	1168	653
121	1832	1184	648
122	1826	1178	648
123	1818	1173	645
124	1821	1195	626
125	1834	1183	651
126	1845	1172	673
127	1839	1202	637
128	1845	1184	661
129	1871	1174	697
130	1836	1175	661
131	1841	1170	671
132	1859	1177	682
133	1878	1168	710
134	1850	1167	683
135	1849	1179	670
136	1841	1176	665
137	1853	1177	676
138	1864	1180	684
139	1863	1170	693
140	1837	1160	677
141	1836	1165	671
142	1880	1170	710
143	1880	1183	697
144	1854	1194	660
145	1866	1183	683
146	1859	1178	681
147	1886	1177	709
148	1852	1206	646
149	1876	1190	686
150	1905	1174	731
151	1921	1180	741
152	1889	1190	699
153	1861	1178	683
154	1882	1173	709
155	1880	1170	710
156	1909	1166	743
157	1908	1192	716
158	1895	1195	700
159	1903	1178	725
160	1893	1170	723
161	1910	1172	738
162	1897	1185	712
163	1890	1195	695
164	1904	1173	731
165	1908	1182	726
166	1909	1176	733
167	1901	1193	708
168	1931	1183	748
169	1971	1163	808
170	1949	1178	771
171	1941	1171	770
172	1936	1167	769
173	1962	1181	781
174	1935	1200	735
175	1929	1201	728
176	1953	1196	757
177	1936	1185	751
178	1906	1183	723
179	1941	1186	755
180	1933	1183	750
181	1966	1182	784
182	1974	1182	792
183	2004	1190	814
184	1984	1176	808
185	1957	1164	793
186	1922	1196	726
187	1943	1209	734
188	1963	1182	781
189	1966	1155	811
190	1987	1178	809
191	2017	1182	835
192	2016	1155	861
193	1989	1165	824
194	1977	1172	805
195	1986	1181	805
196	1993	1165	828
197	1961	1171	790
198	1958	1178	780
199	1983	1165	818
200	1988	1177	811
201	1997	1192	805
202	1984	1162	822
203	1998	1170	828
204	2013	1192	821
205	2027	1186	841
206	2007	1194	813
207	1994	1169	825
208	2010	1174	836
209	1999	1178	821
210	2004	1163	841
211	2034	1150	884
212	2037	1191	846
213	2049	1199	850
214	2025	1186	839
215	2018	1171	847
216	1998	1180	818
217	2034	1161	873
218	2032	1159	873
219	2069	1183	886
220	2059	1172	887
221	2050	1166	884
222	2039	1168	871
223	2070	1170	900
224	2047	1185	862
225	2061	1174	887
226	2074	1166	908
227	2069	1155	914
228	2042	1190	852
229	2059	1171	888
230	2047	1155	892
231	2064	1173	891
232	2063	1175	888
233	2055	1173	882
234	2072	1175	897
235	2083	1172	911
236	2077	1179	898
237	2079	1182	897
238	2093	1189	904
239	2081	1187	894
240	2069	1178	891
241	2087	1182	905
242	2098	1190	908
243	2104	1197	907
244	2120	1165	955
245	2108	1169	939
246	2113	1161	952
247	2099	1175	924
248	2081	1178	903
249	2112	1147	965
250	2130	1141	989
251	2117	1160	957
252	2095	1199	896
253	2149	1207	942
254	2132	1199	933
255	2118	1183	935
256	2122	1174	948
257	2131	1187	944
258	2133	1189	944
259	2166	1177	989
260	2151	1175	976
261	2153	1168	985
262	2141	1177	964
263	2174	1187	987
264	2175	1177	998
265	2161	1175	986
266	2166	1173	993
267	2179	1171	1008
268	2198	1177	1021
269	2214	1164	1050
270	2211	1187	1024
271	2154	1188	966
272	2158	1182	976
273	2190	1177	1013
274	2209	1181	1028
275	2188	1194	994
276	2185	1184	1001
277	2191	1190	1001
278	2231	1179	1052
279	2207	1175	1032
280	2221	1183	1038
281	2270	1194	1076
282	2233	1197	1036
283	2244	1181	1063
284	2251	1186	1065
285	2245	1189	1056
286	2251	1198	1053
287	2223	1203	1020
288	2209	1174	1035
289	2255	1175	1080
290	2236	1188	1048
291	2255	1178	1077
292	2282	1184	1098
293	2305	1192	1113
294	2277	1178	1099
295	2265	1184	1081
296	2257	1188	1069
297	2320	1193	1127
298	2296	1177	1119
299	2300	1159	1141
300	2298	1172	1126
301	2300	1188	1112
302	2268	1185	1083
303	2301	1185	1116
304	2346	1194	1152
305	2329	1169	1160
306	2303	1182	1121
307	2305	1175	1130
308	2311	1171	1140
309	2296	1163	1133
310	2251	1192	1059
311	2313	1190	1123
312	2346	1190	1156
313	2355	1184	1171
314	2362	1193	1169
315	2376	1188	1188
316	2358	1198	1160
317	2350	1204	1146
318	2353	1189	1164
319	2364	1179	1185
320	2340	1187	1153
321	2347	1197	1150
322	2364	1178	1186
323	2389	1164	1225
324	2353	1157	1196
325	2374	1175	1199
326	2381	1166	1215
327	2363	1174	1189
328	2367	1192	1175
329	2339	1177	1162
330	2383	1187	1196
331	2414	1200	1214
332	2394	1180	1214
333	2372	1164	1208
334	2371	1172	1199
335	2393	1171	1222
336	2405	1181	1224
337	2428	1187	1241
338	2405	1179	1226
339	2399	1187	1212
340	2389	1190	1199
341	2387	1175	1212
342	2416	1185	1231
343	2427	1170	1257
344	2429	1162	1267
345	2451	1169	1282
346	2453	1156	1297
347	2439	1167	1272
348	2448	1181	1267
349	2420	1183	1237
350	2425	1175	1250
351	2439	1182	1257
352	2421	1177	1244
353	2437	1194	1243
354	2431	1195	1236
355	2470	1174	1296
356	2510	1161	1349
357	2453	1174	1279
358	2444	1196	1248
359	2452	1199	1253
360	2409	1190	1219
361	2425	1185	1240
362	2432	1179	1253
363	2443	1174	1269
364	2463	1184	1279
365	2429	1196	1233
366	2392	1203	1189
367	2424	1213	1211
368	2431	1189	1242
369	2453	1175	1278
370	2459	1185	1274
371	2454	1176	1278
372	2496	1176	1320
373	2502	1198	1304
374	2464	1215	1249
375	2439	1205	1234
376	2457	1195	1262
377	2476	1185	1291
378	2481	1179	1302
379	2541	1175	1366
380	2534	1163	1371
381	2462	1155	1307
382	2448	1168	1280
383	2494	1184	1310
384	2478	1181	1297
385	2502	1194	1308
386	2502	1220	1282
387	2502	1215	1287
388	2480	1194	1286
389	2471	1181	1290
390	2496	1183	1313
391	2469	1163	1306
392	2491	1170	1321
393	2495	1166	1329
394	2434	1165	1269
395	2477	1182	1295
396	2492	1181	1311
397	2506	1177	1329
398	2493	1198	1295
399	2517	1182	1335
400	2512	1175	1337
401	2496	1171	1325
402	2490	1180	1310
403	2501	1173	1328
404	2480	1177	1303
405	2515	1187	1328
406	2533	1193	1340
407	2517	1191	1326
408	2509	1176	1333
409	2538	1192	1346
410	2496	1190	1306
411	2451	1185	1266
412	2473	1175	1298
413	2512	1172	1340
414	2504	1182	1322
415	2536	1193	1343
416	2550	1192	1358
417	2518	1165	1353
418	2551	1163	1388
419	2537	1182	1355
420	2514	1183	1331
421	2478	1178	1300
422	2490	1194	1296
423	2530	1187	1343
424	2532	1190	1342
425	2517	1164	1353
426	2487	1182	1305
427	2515	1205	1310
428	2526	1192	1334
429	2552	1193	1359
430	2566	1187	1379
431	2519	1182	1337
432	2496	1160	1336
433	2535	1143	1392
434	2519	1169	1350
435	2488	1189	1299
436	2492	1162	1330
437	2526	1183	1343
438	2519	1188	1331
439	2542	1197	1345
440	2508	1175	1333
441	2530	1192	1338
442	2512	1170	1342
443	2534	1186	1348
444	2514	1201	1313
445	2504	1187	1317
446	2507	1180	1327
447	2504	1170	1334
448	2497	1162	1335
449	2480	1179	1301
450	2472	1191	1281
451	2523	1176	1347
452	2525	1172	1353
453	2532	1182	1350
454	2504	1182	1322
455	2528	1197	1331
456	2549	1196	1353
457	2495	1169	1326
458	2494	1183	1311
459	2493	1178	1315
460	2473	1171	1302
461	2528	1165	1363
462	2552	1163	1389
463	2534	1166	1368
464	2525	1170	1355
465	2571	1170	1401
466	2530	1181	1349
467	2500	1187	1313
468	2463	1154	1309
469	2530	1173	1357
470	2514	1188	1326
471	2505	1203	1302
472	2493	1180	1313
473	2499	1167	1332
474	2514	1184	1330
475	2516	1182	1334
476	2512	1170	1342
477	2523	1171	1352
478	2504	1192	1312
479	2513	1170	1343
480	2528	1178	1350
481	2555	1182	1373
482	2539	1170	1369
483	2507	1157	1350
484	2502	1179	1323
485	2549	1196	1353
486	2551	1189	1362
487	2519	1200	1319
488	2501	1218	1283
489	2509	1209	1300
490	2525	1181	1344
491	2551	1176	1375
492	2526	1196	1330
493	2512	1198	1314
494	2485	1195	1290
495	2497	1196	1301
496	2509	1188	1321
497	2516	1177	1339
498	2510	1188	1322
499	2545	1182	1363
500	2561	1177	1384
501	2533	1190	1343
502	2547	1177	1370
503	2574	1182	1392
504	2529	1193	1336
505	2538	1195	1343
506	2520	1175	1345
507	2502	1156	1346
508	2498	1175	1323
509	2477	1195	1282
510	2475	1182	1293
511	2522	1169	1353
512	2565	1187	1378
513	2536	1187	1349
514	2546	1185	1361
515	2539	1172	1367
516	2490	1197	1293
517	2485	1208	1277
518	2532	1170	1362
519	2544	1180	1364
520	2526	1198	1328
521	2548	1190	1358
522	2553	1166	1387
523	2538	1177	1361
524	2581	1176	1405
525	2604	1179	1425
526	2579	1221	1358
527	2546	1206	1340
528	2544	1197	1347
529	2573	1190	1383
530	2530	1190	1340
531	2543	1184	1359
532	2579	1186	1393
533	2551	1186	1365
534	2550	1172	1378
535	2547	1169	1378
536	2567	1166	1401
537	2607	1168	1439
538	2593	1176	1417
539	2593	1180	1413
540	2580	1186	1394
541	2599	1178	1421
542	2627	1198	1429
543	2623	1222	1401
544	2559	1217	1342
545	2600	1191	1409
546	2613	1183	1430
547	2568	1189	1379
548	2615	1201	1414
549	2620	1200	1420
550	2617	1204	1413
551	2577	1203	1374
552	2573	1200	1373
553	2598	1198	1400
554	2574	1198	1376
555	2609	1188	1421
556	2603	1184	1419
557	2586	1159	1427
558	2604	1163	1441
559	2656	1193	1463
560	2622	1181	1441
561	2618	1173	1445
562	2665	1167	1498
563	2644	1163	1481
564	2630	1166	1464
565	2649	1163	1486
566	2675	1162	1513
567	2696	1185	1511
568	2707	1186	1521
569	2675	1170	1505
570	2676	1185	1491
571	2686	1187	1499
572	2654	1174	1480
573	2668	1170	1498
574	2692	1170	1522
575	2687	1172	1515
576	2670	1171	1499
577	2672	1175	1497
578	2679	1185	1494
579	2688	1171	1517
580	2694	1158	1536
581	2717	1187	1530
582	2698	1201	1497
583	2734	1191	1543
584	2688	1175	1513
585	2711	1164	1547
586	2731	1183	1548
587	2760	1189	1571
588	2788	1173	1615
589	2814	1195	1619
590	2801	1196	1605
591	2758	1188	1570
592	2732	1164	1568
593	2760	1175	1585
594	2764	1194	1570
595	2778	1201	1577
596	2801	1200	1601
597	2824	1206	1618
598	2822	1204	1618
599	2822	1197	1625
600	2782	1170	1612
601	2781	1172	1609
602	2837	1171	1666
603	2819	1168	1651
604	2784	1173	1611
605	2825	1199	1626
606	2828	1198	1630
607	2847	1190	1657
608	2843	1173	1670
609	2861	1172	1689
610	2846	1179	1667
611	2827	1184	1643
612	2849	1177	1672
613	2872	1184	1688
614	2879	1201	1678
615	2905	1205	1700
616	2887	1208	1679
617	2918	1192	1726
618	2910	1171	1739
619	2918	1182	1736
620	2860	1178	1682
621	2859	1162	1697
622	2879	1157	1722
623	2920	1187	1733
624	2939	1194	1745
625	2972	1196	1776
626	2982	1192	1790
627	2996	1196	1800
628	2956	1191	1765
629	2933	1187	1746
630	2940	1176	1764
631	2927	1173	1754
632	2922	1201	1721
633	2954	1213	1741
634	2945	1190	1755
635	2942	1160	1782
636	2929	1165	1764
637	2967	1182	1785
638	2976	1188	1788
639	2955	1193	1762
640	2944	1202	1742
641	2999	1205	1794
642	3008	1191	1817
643	2964	1167	1797
644	2967	1174	1793
645	2979	1174	1805
646	2972	1181	1791
647	3019	1173	1846
648	3022	1167	1855
649	3017	1182	1835
650	3023	1176	1847
651	3019	1182	1837
652	2994	1197	1797
653	2998	1196	1802
654	3014	1178	1836
655	3018	1166	1852
656	3041	1180	1861
657	3110	1181	1929
658	3057	1179	1878
659	3053	1176	1877
660	3086	1171	1915
661	3080	1163	1917
662	3086	1162	1924
663	3119	1172	1947
664	3080	1202	1878
665	3097	1204	1893
666	3094	1186	1908
667	3098	1162	1936
668	3084	1157	1927
669	3085	1182	1903
670	3108	1188	1920
671	3133	1179	1954
672	3136	1175	1961
673	3151	1176	1975
674	3170	1189	1981
675	3200	1173	2027
676	3162	1180	1982
677	3157	1156	2001
678	3163	1161	2002
679	3139	1169	1970
680	3144	1167	1977
681	3125	1185	1940
682	3131	1184	1947
683	3164	1197	1967
684	3201	1188	2013
685	3153	1163	1990
686	3128	1159	1969
687	3197	1190	2007
688	3212	1183	2029
689	3230	1173	2057
690	3241	1173	2068
691	3227	1184	2043
692	3184	1186	1998
693	3191	1170	2021
694	3161	1162	1999
695	3207	1192	2015
696	3242	1206	2036
697	3240	1203	2037
698	3215	1203	2012
699	3243	1204	2039
700	3249	1193	2056
701	3182	1188	1994
702	3212	1191	2021
703	3272	1174	2098
704	3265	1153	2112
705	3255	1160	2095
706	3228	1162	2066
707	3246	1159	2087
708	3289	1176	2113
709	3296	1178	2118
710	3271	1182	2089
711	3291	1181	2110
712	3252	1177	2075
713	3259	1183	2076
714	3242	1172	2070
715	3249	1165	2084
716	3264	1182	2082
717	3297	1185	2112
718	3289	1168	2121
719	3283	1206	2077
720	3260	1195	2065
721	3266	1199	2067
722	3281	1196	2085
723	3345	1184	2161
724	3342	1174	2168
725	3274	1179	2095
726	3287	1190	2097
727	3329	1189	2140
728	3333	1161	2172
729	3371	1180	2191
730	3392	1185	2207
731	3383	1188	2195
732	3330	1191	2139
733	3359	1185	2174
734	3328	1181	2147
735	3325	1176	2149
736	3313	1187	2126
737	3363	1184	2179
738	3359	1213	2146
739	3333	1206	2127
740	3394	1173	2221
741	3367	1152	2215
742	3307	1174	2133
743	3305	1183	2122
744	3304	1195	2109
745	3338	1186	2152
746	3344	1188	2156
747	3337	1188	2149
748	3311	1169	2142
749	3349	1182	2167
750	3385	1184	2201
751	3360	1179	2181
752	3375	1192	2183
753	3391	1191	2200
754	3361	1185	2176
755	3381	1172	2209
756	3361	1177	2184
757	3402	1194	2208
758	3369	1177	2192
759	3373	1184	2189
760	3403	1195	2208
761	3413	1162	2251
762	3401	1196	2205
763	3407	1205	2202
764	3394	1202	2192
765	3369	1177	2192
766	3340	1163	2177
767	3359	1162	2197
768	3343	1177	2166
769	3332	1177	2155
770	3369	1201	2168
771	3391	1175	2216
772	3377	1169	2208
773	3377	1158	2219
774	3379	1171	2208
775	3390	1192	2198
776	3396	1193	2203
777	3381	1191	2190
778	3398	1190	2208
779	3426	1169	2257
780	3409	1196	2213
781	3387	1197	2190
782	3387	1191	2196
783	3438	1213	2225
784	3429	1200	2229
785	3389	1174	2215
786	3375	1181	2194
787	3348	1172	2176
788	3398	1182	2216
789	3429	1196	2233
790	3377	1167	2210
791	3335	1163	2172
792	3350	1160	2190
793	3374	1198	2176
794	3363	1194	2169
795	3440	1171	2269
796	3372	1196	2176
797	3349	1190	2159
798	3366	1166	2200
799	3356	1173	2183
800	3379	1167	2212
801	3340	1156	2184
802	3341	1168	2173
803	3360	1175	2185
804	3338	1180	2158
805	3340	1176	2164
806	3313	1190	2123
807	3318	1205	2113
808	3366	1198	2168
809	3397	1199	2198
810	3368	1193	2175
811	3390	1200	2190
812	3377	1196	2181
813	3343	1188	2155
814	3323	1186	2137
815	3333	1171	2162
816	3318	1158	2160
817	3334	1170	2164
818	3287	1168	2119
819	3340	1171	2169
820	3338	1174	2164
821	3377	1161	2216
822	3340	1178	2162
823	3340	1182	2158
824	3358	1194	2164
825	3357	1186	2171
826	3390	1173	2217
827	3380	1170	2210
828	3295	1201	2094
829	3338	1193	2145
830	3303	1195	2108
831	3303	1194	2109
832	3343	1184	2159
833	3345	1182	2163
834	3314	1191	2123
835	3345	1185	2160
836	3335	1177	2158
837	3341	1187	2154
838	3332	1165	2167
839	3285	1162	2123
840	3311	1199	2112
841	3350	1196	2154
842	3330	1178	2152
843	3355	1184	2171
844	3310	1186	2124
845	3257	1173	2084
846	3256	1202	2054
847	3270	1211	2059
848	3269	1176	2093
849	3280	1178	2102
850	3278	1175	2103
851	3288	1162	2126
852	3280	1167	2113
853	3263	1162	2101
854	3336	1151	2185
855	3343	1164	2179
856	3296	1172	2124
857	3269	1169	2100
858	3279	1174	2105
859	3277	1184	2093
860	3319	1164	2155
861	3308	1172	2136
862	3287	1170	2117
863	3290	1152	2138
864	3274	1175	2099
865	3279	1188	2091
866	3255	1190	2065
867	3258	1171	2087
868	3310	1166	2144
869	3295	1155	2140
870	3259	1172	2087
871	3280	1179	2101
872	3273	1167	2106
873	3281	1179	2102
874	3263	1189	2074
875	3255	1207	2048
876	3296	1207	2089
877	3287	1167	2120
878	3248	1184	2064
879	3259	1206	2053
880	3288	1165	2123
881	3287	1155	2132
882	3205	1176	2029
883	3238	1178	2060
884	3318	1180	2138
885	3289	1183	2106
886	3256	1210	2046
887	3261	1194	2067
888	3253	1177	2076
889	3267	1180	2087
890	3262	1172	2090
891	3260	1152	2108
892	3239	1155	2084
893	3245	1161	2084
894	3252	1165	2087
895	3286	1173	2113
896	3252	1178	2074
897	3264	1192	2072
898	3279	1180	2099
899	3241	1179	2062
900	3230	1172	2058
901	3276	1174	2102
902	3263	1169	2094
903	3240	1167	2073
904	3264	1176	2088
905	3274	1192	2082
906	3242	1184	2058
907	3240	1186	2054
908	3251	1189	2062
909	3272	1170	2102
910	3261	1177	2084
911	3259	1191	2068
912	3229	1191	2038
913	3243	1207	2036
914	3257	1186	2071
915	3269	1155	2114
916	3253	1164	2089
917	3281	1177	2104
918	3310	1192	2118
919	3271	1171	2100
920	3255	1166	2089
921	3264	1157	2107
922	3267	1164	2103
923	3287	1193	2094
924	3296	1183	2113
925	3283	1182	2101
926	3274	1171	2103
927	3291	1169	2122
928	3258	1180	2078
929	3299	1186	2113
930	3284	1174	2110
931	3268	1192	2076
932	3275	1193	2082
933	3291	1187	2104
934	3313	1181	2132
935	3303	1198	2105
936	3297	1188	2109
937	3300	1169	2131
938	3325	1164	2161
939	3330	1161	2169
940	3277	1170	2107
941	3328	1183	2145
942	3339	1168	2171
943	3291	1165	2126
944	3255	1175	2080
945	3255	1174	2081
946	3293	1174	2119
947	3324	1173	2151
948	3326	1173	2153
949	3293	1180	2113
950	3283	1176	2107
951	3313	1172	2141
952	3334	1170	2164
953	3361	1163	2198
954	3349	1161	2188
955	3330	1187	2143
956	3328	1178	2150
957	3331	1176	2155
958	3328	1193	2135
959	3352	1184	2168
960	3349	1180	2169
961	3339	1181	2158
962	3339	1170	2169
963	3391	1156	2235
964	3341	1153	2188
965	3287	1181	2106
966	3309	1177	2132
967	3345	1177	2168
968	3288	1154	2134
969	3357	1185	2172
970	3345	1161	2184
971	3357	1172	2185
972	3363	1192	2171
973	3337	1209	2128
974	3346	1202	2144
975	3324	1181	2143
976	3276	1158	2118
977	3374	1167	2207
978	3384	1185	2199
979	3375	1195	2180
980	3387	1169	2218
981	3391	1194	2197
982	3376	1185	2191
983	3370	1177	2193
984	3360	1185	2175
985	3376	1185	2191
986	3351	1173	2178
987	3397	1172	2225
988	3402	1184	2218
989	3467	1198	2269
990	3424	1166	2258
991	3447	1162	2285
992	3397	1177	2220
993	3435	1171	2264
994	3438	1172	2266
995	3445	1194	2251
996	3446	1196	2250
997	3405	1174	2231
998	3389	1160	2229
999	3401	1169	2232
1000	3453	1207	2246
1001	3459	1172	2287
1002	3437	1160	2277
1003	3454	1192	2262
1004	3478	1180	2298
1005	3490	1163	2327
1006	3473	1161	2312
1007	3478	1182	2296
1008	3495	1186	2309
1009	3462	1160	2302
1010	3462	1145	2317
1011	3483	1171	2312
1012	3479	1172	2307
1013	3462	1196	2266
1014	3503	1198	2305
1015	3499	1196	2303
1016	3493	1174	2319
1017	3490	1170	2320
1018	3508	1183	2325
1019	3512	1192	2320
1020	3482	1186	2296
1021	3495	1173	2322
1022	3500	1173	2327
1023	3512	1147	2365
1024	3496	1158	2338
1025	3525	1175	2350
1026	3552	1160	2392
1027	3539	1173	2366
1028	3517	1190	2327
1029	3517	1176	2341
1030	3511	1178	2333
1031	3537	1157	2380
1032	3618	1152	2466
1033	3577	1188	2389
1034	3580	1202	2378
1035	3638	1196	2442
1036	3615	1177	2438
1037	3575	1191	2384
1038	3591	1168	2423
1039	3621	1169	2452
1040	3603	1167	2436
1041	3633	1166	2467
1042	3638	1150	2488
1043	3596	1181	2415
1044	3616	1209	2407
1045	3613	1191	2422
1046	3663	1185	2478
1047	3700	1172	2528
1048	3632	1183	2449
1049	3593	1174	2419
1050	3615	1136	2479
1051	3657	1159	2498
1052	3717	1172	2545
1053	3675	1182	2493
1054	3590	1185	2405
1055	3685	1186	2499
1056	3705	1198	2507
1057	3729	1172	2557
1058	3721	1166	2555
1059	3705	1177	2528
1060	3679	1172	2507
1061	3675	1164	2511
1062	3679	1167	2512
1063	3657	1164	2493
1064	3609	1146	2463
1065	3695	1162	2533
1066	3712	1167	2545
1067	3750	1168	2582
1068	3745	1160	2585
1069	3738	1169	2569
1070	3733	1188	2545
1071	3779	1200	2579
1072	3735	1204	2531
1073	3732	1186	2546
1074	3760	1162	2598
1075	3722	1174	2548
1076	3714	1155	2559
1077	3774	1166	2608
1078	3745	1179	2566
1079	3760	1185	2575
1080	3777	1176	2601
1081	3781	1198	2583
1082	3782	1203	2579
1083	3767	1190	2577
1084	3777	1183	2594
1085	3830	1192	2638
1086	3831	1177	2654
1087	3829	1179	2650
1088	3788	1194	2594
1089	3825	1175	2650
1090	3823	1151	2672
1091	3847	1169	2678
1092	3861	1186	2675
1093	3894	1165	2729
1094	3888	1148	2740
1095	3887	1166	2721
1096	3857	1172	2685
1097	3878	1170	2708
1098	3868	1180	2688
1099	3837	1187	2650
1100	3865	1169	2696
1101	3889	1179	2710
1102	3890	1169	2721
1103	3885	1170	2715
1104	3867	1180	2687
1105	3897	1194	2703
1106	3867	1178	2689
1107	3896	1147	2749
1108	3901	1158	2743
1109	3878	1158	2720
1110	3921	1166	2755
1111	3912	1175	2737
1112	3910	1167	2743
1113	3921	1158	2763
1114	3895	1162	2733
1115	3945	1172	2773
1116	3955	1170	2785
1117	3963	1176	2787
1118	3958	1198	2760
1119	3948	1188	2760
1120	3959	1161	2798
1121	3985	1177	2808
1122	3939	1182	2757
1123	3967	1167	2800
1124	4003	1169	2834
1125	4003	1178	2825
1126	3984	1164	2820
1127	3948	1173	2775
1128	3986	1196	2790
1129	4016	1211	2805
1130	4015	1207	2808
1131	4073	1204	2869
1132	4011	1201	2810
1133	3919	1188	2731
1134	3983	1173	2810
1135	4015	1200	2815
1136	4026	1194	2832
1137	4024	1177	2847
1138	3992	1190	2802
1139	4007	1192	2815
1140	4045	1178	2867
1141	4070	1185	2885
1142	3980	1189	2791
1143	4036	1182	2854
1144	4089	1202	2887
1145	4047	1204	2843
1146	3996	1175	2821
1147	4071	1162	2909
1148	4079	1167	2912
1149	4036	1156	2880
1150	4023	1168	2855
1151	4080	1162	2918
1152	4051	1170	2881
1153	4079	1168	2911
1154	4086	1146	2940
1155	4066	1179	2887
1156	4098	1178	2920
1157	4119	1167	2952
1158	4116	1177	2939
1159	4067	1172	2895
1160	4054	1158	2896
1161	4073	1184	2889
1162	4068	1197	2871
1163	4043	1182	2861
1164	4070	1193	2877
1165	4099	1198	2901
1166	4067	1194	2873
1167	4091	1168	2923
1168	4125	1167	2958
1169	4086	1192	2894
1170	4099	1188	2911
1171	4122	1172	2950
1172	4098	1174	2924
1173	4108	1172	2936
1174	4103	1171	2932
1175	4082	1159	2923
1176	4122	1163	2959
1177	4152	1164	2988
1178	4125	1181	2944
1179	4117	1190	2927
1180	4096	1199	2897
1181	4138	1184	2954
1182	4116	1178	2938
1183	4087	1194	2893
1184	4100	1200	2900
1185	4126	1188	2938
1186	4129	1164	2965
1187	4084	1182	2902
1188	4115	1168	2947
1189	4124	1166	2958
1190	4157	1199	2958
1191	4140	1195	2945
1192	4157	1187	2970
1193	4137	1180	2957
1194	4112	1194	2918
1195	4152	1180	2972
1196	4142	1171	2971
1197	4118	1174	2944
1198	4112	1166	2946
1199	4149	1185	2964
1200	4148	1201	2947
1201	4143	1177	2966
1202	4135	1175	2960
1203	4151	1188	2963
1204	4121	1196	2925
1205	4088	1185	2903
1206	4102	1194	2908
1207	4167	1177	2990
1208	4194	1178	3016
1209	4144	1194	2950
1210	4156	1193	2963
1211	4206	1175	3031
1212	4221	1175	3046
1213	4211	1170	3041
1214	4169	1154	3015
1215	4153	1181	2972
1216	4153	1175	2978
1217	4177	1175	3002
1218	4109	1148	2961
1219	4088	1172	2916
1220	4148	1188	2960
1221	4156	1189	2967
1222	4155	1199	2956
1223	4169	1167	3002
1224	4128	1181	2947
1225	4102	1184	2918
1226	4087	1174	2913
1227	4101	1195	2906
1228	4110	1193	2917
1229	4115	1174	2941
1230	4095	1190	2905
1231	4146	1184	2962
1232	4095	1179	2916
1233	4068	1189	2879
1234	4129	1201	2928
1235	4195	1198	2997
1236	4169	1188	2981
1237	4077	1172	2905
1238	4092	1179	2913
1239	4050	1197	2853
1240	4057	1173	2884
1241	4087	1191	2896
1242	4134	1186	2948
1243	4132	1168	2964
1244	4083	1185	2898
1245	4060	1160	2900
1246	4126	1162	2964
1247	4121	1180	2941
1248	4077	1173	2904
1249	4106	1186	2920
1250	4131	1196	2935
1251	4115	1170	2945
1252	4123	1165	2958
1253	4123	1165	2958
1254	4058	1164	2894
1255	4081	1165	2916
1256	4135	1195	2940
1257	4123	1189	2934
1258	4060	1173	2887
1259	4069	1162	2907
1260	4104	1176	2928
1261	4095	1183	2912
1262	4082	1180	2902
1263	4101	1189	2912
1264	4087	1177	2910
1265	4111	1166	2945
1266	4089	1175	2914
1267	4099	1159	2940
1268	4118	1163	2955
1269	4048	1167	2881
1270	4047	1178	2869
1271	4077	1198	2879
1272	4064	1175	2889
1273	4038	1170	2868
1274	4097	1190	2907
1275	4095	1189	2906
1276	4030	1196	2834
1277	4048	1177	2871
1278	4037	1191	2846
1279	4054	1200	2854
1280	4056	1187	2869
1281	4050	1182	2868
1282	4033	1186	2847
1283	4040	1155	2885
1284	4063	1174	2889
1285	3977	1177	2800
1286	4042	1177	2865
1287	4035	1186	2849
1288	3972	1187	2785
1289	4009	1179	2830
1290	4017	1169	2848
1291	4011	1174	2837
1292	4004	1157	2847
1293	4057	1152	2905
1294	3992	1180	2812
1295	3991	1189	2802
1296	3973	1188	2785
1297	3940	1146	2794
1298	3982	1170	2812
1299	4022	1182	2840
1300	3996	1158	2838
1301	3958	1159	2799
1302	3954	1182	2772
1303	3957	1194	2763
1304	3963	1194	2769
1305	3926	1189	2737
1306	3913	1177	2736
1307	3954	1183	2771
1308	3958	1180	2778
1309	3924	1183	2741
1310	3942	1183	2759
1311	3902	1191	2711
1312	3887	1207	2680
1313	3929	1189	2740
1314	3967	1166	2801
1315	3938	1181	2757
1316	3855	1177	2678
1317	3868	1178	2690
1318	3885	1175	2710
1319	3876	1180	2696
1320	3847	1172	2675
1321	3846	1182	2664
1322	3866	1188	2678
1323	3873	1181	2692
1324	3889	1200	2689
1325	3886	1183	2703
1326	3868	1177	2691
1327	3886	1191	2695
1328	3846	1176	2670
1329	3873	1180	2693
1330	3868	1182	2686
1331	3852	1174	2678
1332	3839	1178	2661
1333	3828	1181	2647
1334	3775	1159	2616
1335	3789	1175	2614
1336	3860	1183	2677
1337	3867	1196	2671
1338	3849	1191	2658
1339	3832	1180	2652
1340	3816	1181	2635
1341	3829	1187	2642
1342	3839	1180	2659
1343	3762	1183	2579
1344	3758	1178	2580
1345	3802	1169	2633
1346	3788	1165	2623
1347	3780	1179	2601
1348	3779	1179	2600
1349	3683	1167	2516
1350	3660	1171	2489
1351	3772	1183	2589
1352	3792	1195	2597
1353	3745	1184	2561
1354	3717	1174	2543
1355	3732	1174	2558
1356	3815	1190	2625
1357	3759	1189	2570
1358	3689	1180	2509
1359	3716	1181	2535
1360	3667	1183	2484
1361	3671	1189	2482
1362	3682	1191	2491
1363	3676	1183	2493
1364	3685	1195	2490
1365	3717	1196	2521
1366	3680	1188	2492
1367	3646	1201	2445
1368	3659	1195	2464
1369	3700	1183	2517
1370	3696	1195	2501
1371	3664	1205	2459
1372	3621	1208	2413
1373	3718	1201	2517
1374	3702	1196	2506
1375	3636	1162	2474
1376	3668	1172	2496
1377	3588	1192	2396
1378	3610	1174	2436
1379	3658	1149	2509
1380	3571	1168	2403
1381	3593	1180	2413
1382	3590	1200	2390
1383	3600	1178	2422
1384	3564	1173	2391
1385	3590	1187	2403
1386	3579	1162	2417
1387	3584	1140	2444
1388	3573	1140	2433
1389	3623	1189	2434
1390	3583	1197	2386
1391	3528	1187	2341
1392	3569	1184	2385
1393	3565	1170	2395
1394	3567	1178	2389
1395	3571	1174	2397
1396	3565	1148	2417
1397	3554	1152	2402
1398	3504	1182	2322
1399	3528	1186	2342
1400	3550	1208	2342
1401	3561	1220	2341
1402	3525	1211	2314
1403	3450	1196	2254
1404	3471	1192	2279
1405	3472	1190	2282
1406	3477	1185	2292
1407	3484	1193	2291
1408	3466	1178	2288
1409	3436	1176	2260
1410	3426	1193	2233
1411	3425	1187	2238
1412	3402	1156	2246
1413	3472	1171	2301
1414	3454	1193	2261
1415	3439	1176	2263
1416	3442	1170	2272
1417	3457	1182	2275
1418	3450	1182	2268
1419	3464	1193	2271
1420	3418	1194	2224
1421	3381	1190	2191
1422	3382	1195	2187
1423	3446	1173	2273
1424	3456	1180	2276
1425	3388	1179	2209
1426	3346	1192	2154
1427	3373	1194	2179
1428	3373	1170	2203
1429	3432	1191	2241
1430	3396	1180	2216
1431	3332	1172	2160
1432	3315	1180	2135
1433	3367	1167	2200
1434	3404	1180	2224
1435	3377	1196	2181
1436	3355	1197	2158
1437	3369	1212	2157
1438	3326	1190	2136
1439	3320	1185	2135
1440	3342	1183	2159
1441	3350	1165	2185
1442	3341	1161	2180
1443	3380	1159	2221
1444	3353	1184	2169
1445	3336	1202	2134
1446	3342	1180	2162
1447	3327	1197	2130
1448	3289	1185	2104
1449	3272	1188	2084
1450	3305	1190	2115
1451	3293	1180	2113
1452	3243	1181	2062
1453	3280	1168	2112
1454	3261	1186	2075
1455	3219	1189	2030
1456	3253	1184	2069
1457	3244	1170	2074
1458	3251	1170	2081
1459	3284	1179	2105
1460	3262	1173	2089
1461	3272	1178	2094
1462	3209	1173	2036
1463	3204	1176	2028
1464	3161	1193	1968
1465	3204	1193	2011
1466	3225	1170	2055
1467	3227	1156	2071
1468	3194	1153	2041
1469	3244	1198	2046
1470	3213	1196	2017
1471	3205	1186	2019
1472	3157	1185	1972
1473	3157	1191	1966
1474	3164	1185	1979
1475	3176	1197	1979
1476	3151	1170	1981
1477	3150	1179	1971
1478	3136	1198	1938
1479	3155	1179	1976
1480	3166	1165	2001
1481	3158	1171	1987
1482	3121	1169	1952
1483	3129	1179	1950
1484	3171	1199	1972
1485	3199	1190	2009
1486	3165	1180	1985
1487	3118	1198	1920
1488	3105	1199	1906
1489	3110	1184	1926
1490	3090	1185	1905
1491	3127	1181	1946
1492	3128	1183	1945
1493	3102	1177	1925
1494	3104	1195	1909
1495	3144	1191	1953
1496	3103	1169	1934
1497	3060	1163	1897
1498	3052	1173	1879
1499	3109	1170	1939
1500	3085	1157	1928
1501	3087	1158	1929
1502	3105	1184	1921
1503	3117	1172	1945
1504	3123	1159	1964
1505	3070	1177	1893
1506	3018	1182	1836
1507	3041	1170	1871
1508	3046	1169	1877
1509	3050	1172	1878
1510	3008	1186	1822
1511	3013	1191	1822
1512	3024	1197	1827
1513	2986	1201	1785
1514	2998	1186	1812
1515	3009	1166	1843
1516	3017	1178	1839
1517	2982	1182	1800
1518	2968	1170	1798
1519	2961	1197	1764
1520	2966	1188	1778
1521	2964	1193	1771
1522	2947	1179	1768
1523	2966	1173	1793
1524	2935	1173	1762
1525	2958	1147	1811
1526	2993	1155	1838
1527	2948	1170	1778
1528	2929	1194	1735
1529	2968	1180	1788
1530	2962	1184	1778
1531	2937	1184	1753
1532	2907	1172	1735
1533	2906	1191	1715
1534	2915	1194	1721
1535	2924	1167	1757
1536	2952	1164	1788
1537	2957	1167	1790
1538	2900	1183	1717
1539	2910	1175	1735
1540	2885	1168	1717
1541	2885	1166	1719
1542	2881	1172	1709
1543	2890	1180	1710
1544	2855	1167	1688
1545	2873	1159	1714
1546	2859	1178	1681
1547	2865	1176	1689
1548	2869	1170	1699
1549	2861	1171	1690
1550	2884	1179	1705
1551	2890	1169	1721
1552	2888	1171	1717
1553	2824	1196	1628
1554	2803	1197	1606
1555	2830	1183	1647
1556	2839	1194	1645
1557	2858	1199	1659
1558	2833	1198	1635
1559	2832	1187	1645
1560	2825	1185	1640
1561	2843	1181	1662
1562	2818	1165	1653
1563	2828	1162	1666
1564	2807	1163	1644
1565	2794	1176	1618
1566	2805	1179	1626
1567	2813	1190	1623
1568	2848	1211	1637
1569	2800	1202	1598
1570	2796	1176	1620
1571	2790	1159	1631
1572	2777	1157	1620
1573	2767	1164	1603
1574	2756	1170	1586
1575	2759	1169	1590
1576	2757	1191	1566
1577	2749	1194	1555
1578	2748	1184	1564
1579	2759	1173	1586
1580	2761	1192	1569
1581	2754	1199	1555
1582	2759	1202	1557
1583	2762	1176	1586
1584	2727	1175	1552
1585	2743	1174	1569
1586	2744	1183	1561
1587	2707	1197	1510
1588	2709	1174	1535
1589	2697	1169	1528
1590	2706	1183	1523
1591	2704	1175	1529
1592	2694	1186	1508
1593	2725	1173	1552
1594	2722	1177	1545
1595	2697	1196	1501
1596	2701	1167	1534
1597	2702	1159	1543
1598	2698	1176	1522
1599	2708	1179	1529
1600	2708	1187	1521
1601	2683	1177	1506
1602	2656	1166	1490
1603	2684	1181	1503
1604	2741	1195	1546
1605	2699	1188	1511
1606	2685	1173	1512
1607	2706	1178	1528
1608	2668	1173	1495
1609	2661	1193	1468
1610	2670	1184	1486
1611	2653	1172	1481
1612	2654	1176	1478
1613	2641	1165	1476
1614	2652	1165	1487
1615	2633	1172	1461
1616	2598	1159	1439
1617	2652	1154	1498
1618	2644	1163	1481
1619	2649	1159	1490
1620	2638	1170	1468
1621	2613	1180	1433
1622	2613	1162	1451
1623	2617	1177	1440
1624	2625	1200	1425
1625	2580	1193	1387
1626	2614	1171	1443
1627	2591	1175	1416
1628	2557	1183	1374
1629	2583	1201	1382
1630	2557	1204	1353
1631	2589	1193	1396
1632	2616	1204	1412
1633	2583	1199	1384
1634	2583	1187	1396
1635	2549	1188	1361
1636	2556	1188	1368
1637	2576	1170	1406
1638	2579	1183	1396
1639	2599	1172	1427
1640	2577	1186	1391
1641	2535	1191	1344
1642	2563	1180	1383
1643	2581	1172	1409
1644	2548	1174	1374
1645	2557	1173	1384
1646	2547	1185	1362
1647	2516	1184	1332
1648	2539	1170	1369
1649	2560	1157	1403
1650	2552	1163	1389
1651	2583	1187	1396
1652	2533	1183	1350
1653	2527	1171	1356
1654	2532	1179	1353
1655	2533	1179	1354
1656	2536	1180	1356
1657	2551	1176	1375
1658	2556	1185	1371
1659	2522	1190	1332
1660	2491	1178	1313
1661	2509	1186	1323
1662	2470	1173	1297
1663	2497	1197	1300
1664	2497	1207	1290
1665	2481	1197	1284
1666	2481	1160	1321
1667	2506	1171	1335
1668	2510	1181	1329
1669	2476	1167	1309
1670	2495	1165	1330
1671	2511	1173	1338
1672	2497	1168	1329
1673	2455	1190	1265
1674	2479	1181	1298
1675	2490	1156	1334
1676	2493	1186	1307
1677	2467	1181	1286
1678	2420	1166	1254
1679	2475	1166	1309
1680	2487	1171	1316
1681	2453	1183	1270
1682	2437	1172	1265
1683	2440	1172	1268
1684	2430	1161	1269
1685	2425	1178	1247
1686	2423	1199	1224
1687	2446	1177	1269
1688	2441	1171	1270
1689	2441	1154	1287
1690	2440	1152	1288
1691	2471	1178	1293
1692	2473	1189	1284
1693	2435	1177	1258
1694	2419	1177	1242
1695	2437	1202	1235
1696	2432	1189	1243
1697	2387	1189	1198
1698	2377	1176	1201
1699	2369	1175	1194
1700	2371	1186	1185
1701	2369	1180	1189
1702	2361	1173	1188
1703	2372	1198	1174
1704	2370	1177	1193
1705	2409	1175	1234
1706	2391	1176	1215
1707	2347	1159	1188
1708	2412	1181	1231
1709	2390	1193	1197
1710	2396	1185	1211
1711	2383	1172	1211
1712	2352	1174	1178
1713	2363	1181	1182
1714	2364	1179	1185
1715	2391	1196	1195
1716	2393	1195	1198
1717	2351	1168	1183
1718	2313	1166	1147
1719	2380	1218	1162
1720	2345	1191	1154
1721	2345	1167	1178
1722	2359	1157	1202
1723	2370	1162	1208
1724	2337	1160	1177
1725	2305	1159	1146
1726	2274	1144	1130
1727	2299	1149	1150
1728	2304	1179	1125
1729	2313	1172	1141
1730	2317	1188	1129
1731	2290	1176	1114
1732	2251	1155	1096
1733	2310	1159	1151
1734	2337	1187	1150
1735	2321	1177	1144
1736	2295	1161	1134
1737	2297	1176	1121
1738	2292	1189	1103
1739	2309	1180	1129
1740	2295	1181	1114
1741	2298	1176	1122
1742	2248	1177	1071
1743	2237	1180	1057
1744	2246	1176	1070
1745	2212	1178	1034
1746	2261	1175	1086
1747	2266	1153	1113
1748	2250	1155	1095
1749	2285	1182	1103
1750	2268	1167	1101
1751	2234	1163	1071
1752	2216	1186	1030
1753	2246	1200	1046
1754	2253	1176	1077
1755	2255	1154	1101
1756	2229	1176	1053
1757	2230	1172	1058
1758	2206	1160	1046
1759	2215	1181	1034
1760	2231	1197	1034
1761	2209	1197	1012
1762	2195	1156	1039
1763	2205	1154	1051
1764	2214	1164	1050
1765	2209	1160	1049
1766	2218	1171	1047
1767	2219	1173	1046
1768	2184	1181	1003
1769	2182	1191	991
1770	2178	1173	1005
1771	2140	1168	972
1772	2160	1150	1010
1773	2159	1159	1000
1774	2130	1179	951
1775	2142	1183	959
1776	2125	1190	935
1777	2145	1170	975
1778	2134	1175	959
1779	2160	1184	976
1780	2149	1186	963
1781	2141	1194	947
1782	2132	1184	948
1783	2146	1186	960
1784	2135	1188	947
1785	2152	1177	975
1786	2132	1179	953
1787	2126	1176	950
1788	2135	1189	946
1789	2139	1185	954
1790	2141	1170	971
1791	2142	1156	986
1792	2142	1177	965
1793	2098	1178	920
1794	2098	1185	913
1795	2090	1190	900
1796	2065	1187	878
1797	2085	1204	881
1798	2104	1184	920
1799	2094	1189	905
1800	2107	1180	927
1801	2111	1187	924
1802	2072	1191	881
1803	2055	1173	882
1804	2044	1166	878
1805	2043	1168	875
1806	2037	1175	862
1807	2014	1157	857
1808	1999	1170	829
1809	2010	1172	838
1810	2021	1170	851
1811	2069	1172	897
1812	2060	1179	881
1813	2037	1172	865
1814	2007	1171	836
1815	1998	1169	829
1816	2013	1199	814
1817	2056	1209	847
1818	2035	1186	849
1819	2022	1179	843
1820	1978	1201	777
1821	1978	1211	767
1822	1975	1202	773
1823	1968	1167	801
1824	1984	1177	807
1825	1991	1188	803
1826	1950	1188	762
1827	1943	1177	766
1828	1965	1170	795
1829	2002	1185	817
1830	1989	1183	806
1831	1983	1180	803
1832	1958	1180	778
1833	1979	1180	799
1834	1920	1192	728
1835	1910	1185	725
1836	1938	1162	776
1837	1922	1176	746
1838	1912	1193	719
1839	1930	1190	740
1840	1936	1193	743
1841	1911	1185	726
1842	1934	1174	760
1843	1961	1166	795
1844	1913	1174	739
1845	1879	1175	704
1846	1913	1169	744
1847	1917	1176	741
1848	1894	1162	732
1849	1896	1176	720
1850	1894	1198	696
1851	1902	1178	724
1852	1896	1170	726
1853	1872	1167	705
1854	1870	1179	691
1855	1890	1178	712
1856	1878	1164	714
1857	1878	1155	723
1858	1896	1162	734
1859	1882	1172	710
1860	1856	1171	685
1861	1840	1174	666
1862	1881	1176	705
1863	1898	1192	706
1864	1867	1193	674
1865	1878	1179	699
1866	1873	1183	690
1867	1869	1196	673
1868	1843	1185	658
1869	1841	1165	676
1870	1842	1174	668
1871	1828	1177	651
1872	1870	1180	690
1873	1885	1163	722
1874	1846	1163	683
1875	1818	1169	649
1876	1809	1150	659
1877	1828	1163	665
1878	1815	1177	638
1879	1806	1162	644
1880	1791	1171	620
1881	1797	1159	638
1882	1778	1165	613
1883	1758	1186	572
1884	1740	1176	564
1885	1717	1185	532
1886	1705	1185	520
1887	1710	1179	531
1888	1732	1185	547
1889	1713	1176	537
1890	1718	1177	541
1891	1699	1186	513
1892	1686	1180	506
1893	1687	1178	509
1894	1704	1171	533
1895	1674	1171	503
1896	1668	1182	486
1897	1678	1193	485
1898	1650	1185	465
1899	1642	1167	475
1900	1607	1173	434
1901	1623	1185	438
1902	1649	1190	459
1903	1636	1159	477
1904	1624	1159	465
1905	1608	1178	430
1906	1625	1176	449
1907	1635	1177	458
1908	1641	1178	463
1909	1643	1168	475
1910	1589	1159	430
1911	1598	1173	425
1912	1608	1181	427
1913	1594	1180	414
1914	1578	1184	394
1915	1587	1169	418
1916	1586	1174	412
1917	1599	1176	423
1918	1599	1177	422
1919	1597	1177	420
1920	1591	1159	432
1921	1604	1151	453
1922	1637	1179	458
1923	1656	1176	480
1924	1628	1153	475
1925	1636	1152	484
1926	1638	1163	475
1927	1625	1163	462
1928	1652	1175	477
1929	1648	1172	476
1930	1632	1176	456
1931	1612	1182	430
1932	1614	1169	445
1933	1612	1177	435
1934	1614	1179	435
1935	1597	1164	433
1936	1583	1161	422
1937	1610	1164	446
1938	1592	1179	413
1939	1585	1170	415
1940	1606	1151	455
1941	1598	1168	430
1942	1622	1162	460
1943	1617	1158	459
1944	1575	1173	402
1945	1584	1183	401
1946	1586	1175	411
1947	1587	1176	411
1948	1560	1176	384
1949	1572	1165	407
1950	1588	1160	428
1951	1579	1177	402
1952	1560	1182	378
1953	1567	1178	389
1954	1575	1178	397
1955	1561	1171	390
1956	1579	1165	414
1957	1579	1163	416
1958	1565	1167	398
1959	1541	1165	376
1960	1529	1147	382
1961	1537	1159	378
1962	1535	1172	363
1963	1553	1152	401
1964	1535	1171	364
1965	1556	1202	354
1966	1564	1187	377
1967	1534	1180	354
1968	1529	1171	358
1969	1553	1181	372
1970	1541	1177	364
1971	1520	1191	329
1972	1486	1182	304
1973	1491	1186	305
1974	1527	1180	347
1975	1515	1167	348
1976	1514	1180	334
1977	1535	1192	343
1978	1508	1196	312
1979	1498	1197	301
1980	1480	1175	305
1981	1516	1163	353
1982	1473	1193	280
1983	1481	1186	295
1984	1511	1172	339
1985	1485	1183	302
1986	1463	1173	290
1987	1470	1160	310
1988	1456	1171	285
1989	1449	1170	279
1990	1465	1184	281
1991	1447	1174	273
1992	1450	1166	284
1993	1455	1181	274
1994	1449	1170	279
1995	1469	1173	296
1996	1463	1175	288
1997	1469	1179	290
1998	1452	1200	252
1999	1450	1199	251
2000	1448	1180	268
2001	1444	1170	274
2002	1419	1162	257
2003	1416	1177	239
2004	1416	1178	238
2005	1424	1146	278
2006	1415	1161	254
2007	1422	1174	248
2008	1430	1186	244
2009	1427	1186	241
2010	1410	1190	220
2011	1398	1175	223
2012	1389	1164	225
2013	1400	1186	214
2014	1388	1178	210
2015	1406	1171	235
2016	1392	1189	203
2017	1384	1193	191
2018	1381	1167	214
2019	1389	1159	230
2020	1389	1176	213
2021	1395	1177	218
2022	1409	1165	244
2023	1410	1167	243
2024	1379	1195	184
2025	1378	1184	194
2026	1376	1161	215
2027	1374	1179	195
2028	1367	1180	187
2029	1381	1182	199
2030	1366	1186	180
2031	1364	1181	183
2032	1360	1166	194
2033	1377	1180	197
2034	1383	1187	196
2035	1368	1168	200
2036	1355	1172	183
2037	1356	1176	180
2038	1362	1172	190
2039	1335	1170	165
2040	1333	1180	153
2041	1353	1182	171
2042	1378	1166	212
2043	1381	1166	215
2044	1355	1167	188
2045	1332	1169	163
2046	1307	1186	121
2047	1322	1185	137
2048	1344	1192	152
2049	1330	1178	152
2050	1346	1166	180
2051	1340	1170	170
2052	1325	1170	155
2053	1348	1182	166
2054	1329	1164	165
2055	1326	1179	147
2056	1319	1182	137
2057	1339	1179	160
2058	1322	1152	170
2059	1326	1164	162
2060	1342	1174	168
2061	1327	1174	153
2062	1305	1193	112
2063	1321	1211	110
2064	1330	1193	137
2065	1328	1185	143
2066	1314	1178	136
2067	1317	1167	150
2068	1301	1190	111
2069	1306	1174	132
2070	1311	1190	121
2071	1304	1215	89
2072	1330	1194	136
2073	1324	1189	135
2074	1292	1179	113
2075	1293	1193	100
2076	1287	1195	92
2077	1306	1189	117
2078	1294	1170	124
2079	1293	1151	142
2080	1285	1153	132
2081	1288	1185	103
2082	1303	1188	115
2083	1298	1176	122
2084	1280	1187	93
2085	1281	1186	95
2086	1279	1177	102
2087	1297	1183	114
2088	1288	1191	97
2089	1291	1169	122
2090	1276	1182	94
2091	1278	1196	82
2092	1274	1202	72
2093	1265	1188	77
2094	1260	1190	70
2095	1285	1212	73
2096	1277	1194	83
2097	1277	1168	109
2098	1284	1162	122
2099	1293	1180	113
2100	1273	1189	84
2101	1266	1188	78
2102	1286	1179	107
2103	1284	1183	101
2104	1262	1189	73
2105	1271	1174	97
2106	1267	1171	96
2107	1259	1186	73
2108	1264	1176	88
2109	1250	1185	65
2110	1247	1189	58
2111	1275	1156	119
2112	1266	1158	108
2113	1264	1175	89
2114	1255	1177	78
2115	1246	1177	69
2116	1257	1172	85
2117	1260	1167	93
2118	1245	1187	58
2119	1256	1175	81
2120	1251	1167	84
2121	1259	1183	76
2122	1255	1188	67
2123	1259	1190	69
2124	1249	1195	54
2125	1254	1197	57
2126	1239	1187	52
2127	1245	1196	49
2128	1231	1199	32
2129	1234	1201	33
2130	1233	1191	42
2131	1250	1191	59
2132	1230	1168	62
2133	1233	1185	48
2134	1237	1185	52
2135	1239	1197	42
2136	1224	1185	39
2137	1219	1173	46
2138	1228	1168	60
2139	1264	1185	79
2140	1270	1178	92
2141	1252	1181	71
2142	1233	1182	51
2143	1237	1174	63
2144	1221	1191	30
2145	1224	1187	37
2146	1232	1172	60
2147	1235	1163	72
2148	1213	1159	54
2149	1229	1172	57
2150	1232	1182	50
2151	1222	1198	24
2152	1218	1169	49
2153	1227	1151	76
2154	1239	1177	62
2155	1229	1183	46
2156	1236	1198	38
2157	1255	1190	65
2158	1225	1181	44
2159	1214	1194	20
2160	1205	1196	9
2161	1213	1209	4
2162	1210	1207	3
2163	1204	1179	25
2164	1221	1189	32
2165	1229	1175	54
2166	1211	1184	27
2167	1217	1168	49
2168	1214	1156	58
2169	1220	1184	36
2170	1221	1196	25
2171	1238	1182	56
2172	1233	1196	37
2173	1219	1206	13
2174	1214	1187	27
2175	1234	1178	56
2176	1245	1188	57
2177	1231	1172	59
2178	1226	1163	63
2179	1228	1179	49
2180	1200	1177	23
2181	1207	1202	5
2182	1211	1184	27
2183	1214	1181	33
2184	1202	1218	-16
2185	1204	1199	5
2186	1207	1162	45
2187	1202	1161	41
2188	1187	1161	26
2189	1192	1151	41
2190	1202	1177	25
2191	1232	1200	32
2192	1215	1182	33
2193	1198	1192	6
2194	1199	1202	-3
2195	1212	1198	14
2196	1202	1189	13
2197	1194	1178	16
2198	1193	1157	36
2199	1198	1147	51
2200	1180	1177	3
2201	1184	1176	8
2202	1197	1195	2
2203	1215	1192	23
2204	1202	1190	12
2205	1220	1171	49
2206	1204	1187	17
2207	1204	1173	31
2208	1224	1171	53
2209	1200	1193	7
2210	1194	1182	12
2211	1218	1168	50
2212	1197	1171	26
2213	1197	1188	9
2214	1213	1167	46
2215	1190	1167	23
2216	1179	1164	15
2217	1200	1160	40
2218	1185	1177	8
2219	1216	1217	-1
2220	1219	1180	39
2221	1228	1164	64
2222	1225	1170	55
2223	1226	1188	38
2224	1205	1164	41
2225	1204	1163	41
2226	1204	1188	16
2227	1196	1195	1
2228	1217	1197	20
2229	1212	1173	39
2230	1203	1174	29
2231	1214	1162	52
2232	1200	1156	44
2233	1197	1149	48
2234	1212	1184	28
2235	1217	1185	32
2236	1217	1186	31
2237	1191	1187	4
2238	1176	1186	-10
2239	1196	1183	13
2240	1188	1188	0
2241	1195	1177	18
2242	1196	1184	12
2243	1211	1171	40
2244	1202	1164	38
2245	1211	1172	39
2246	1204	1165	39
2247	1196	1173	23
2248	1191	1171	20
2249	1195	1188	7
2250	1188	1177	11
2251	1197	1185	12
2252	1182	1183	-1
2253	1176	1156	20
2254	1186	1180	6
2255	1202	1195	7
2256	1189	1159	30
2257	1178	1157	21
2258	1212	1177	35
2259	1231	1174	57
2260	1219	1171	48
2261	1211	1164	47
2262	1204	1158	46
2263	1213	1157	56
2264	1201	1170	31
2265	1203	1177	26
2266	1210	1179	31
2267	1220	1168	52
2268	1222	1164	58
2269	1211	1188	23
2270	1199	1179	20
2271	1212	1172	40
2272	1219	1176	43
2273	1207	1181	26
2274	1212	1183	29
2275	1194	1162	32
2276	1190	1164	26
2277	1213	1189	24
2278	1210	1167	43
2279	1200	1150	50
2280	1198	1187	11
2281	1201	1167	34
2282	1204	1174	30
2283	1220	1179	41
2284	1215	1186	29
2285	1198	1185	13
2286	1203	1178	25
2287	1191	1183	8
2288	1165	1184	-19
2289	1198	1175	23
2290	1186	1161	25
2291	1182	1181	1
2292	1200	1190	10
2293	1208	1188	20
2294	1208	1171	37
2295	1213	1165	48
2296	1193	1178	15
2297	1188	1161	27
2298	1192	1178	14
2299	1185	1183	2
2300	1178	1165	13
2301	1183	1184	-1
2302	1191	1190	1
2303	1192	1167	25
2304	1206	1171	35
2305	1191	1198	-7
2306	1172	1209	-37
2307	1194	1200	-6
2308	1180	1203	-23
2309	1199	1181	18
2310	1208	1189	19
2311	1208	1200	8
2312	1197	1198	-1
2313	1206	1204	2
2314	1218	1185	33
2315	1211	1186	25
2316	1177	1169	8
2317	1195	1175	20
2318	1210	1164	46
2319	1209	1140	69
2320	1206	1160	46
2321	1205	1187	18
2322	1201	1178	23
2323	1201	1180	21
2324	1209	1186	23
2325	1237	1180	57
2326	1212	1186	26
2327	1189	1174	15
2328	1181	1177	4
2329	1195	1190	5
2330	1186	1186	0
2331	1197	1178	19
2332	1199	1184	15
2333	1209	1157	52
2334	1199	1180	19
2335	1192	1189	3
2336	1193	1166	27
2337	1196	1174	22
2338	1211	1181	30
2339	1232	1180	52
2340	1221	1186	35
2341	1197	1162	35
2342	1169	1184	-15
2343	1201	1185	16
2344	1232	1175	57
2345	1209	1167	42
2346	1211	1177	34
2347	1196	1185	11
2348	1172	1184	-12
2349	1179	1182	-3
2350	1198	1178	20
2351	1210	1161	49
2352	1200	1175	25
2353	1190	1178	12
2354	1149	1155	-6
2355	1168	1153	15
2356	1195	1150	45
2357	1208	1179	29
2358	1232	1192	40
2359	1253	1169	84
2360	1221	1179	42
2361	1227	1162	65
2362	1198	1169	29
2363	1184	1166	18
2364	1203	1168	35
2365	1208	1173	35
2366	1202	1168	34
2367	1206	1185	21
2368	1199	1187	12
2369	1200	1168	32
2370	1180	1185	-5
2371	1203	1181	22
2372	1201	1183	18
2373	1200	1190	10
2374	1222	1198	24
2375	1232	1205	27
2376	1193	1186	7
2377	1198	1173	25
2378	1194	1164	30
2379	1194	1172	22
2380	1201	1169	32
2381	1198	1161	37
2382	1197	1194	3
2383	1173	1209	-36
2384	1161	1203	-42
2385	1201	1193	8
2386	1199	1186	13
2387	1187	1171	16
2388	1176	1189	-13
2389	1186	1213	-27
2390	1170	1180	-10
2391	1171	1179	-8
2392	1180	1195	-15
2393	1193	1202	-9
2394	1198	1206	-8
2395	1199	1185	14
2396	1209	1196	13
2397	1195	1193	2
2398	1196	1191	5
2399	1216	1179	37
2400	1179	1177	2
2401	1182	1175	7
2402	1202	1192	10
2403	1182	1185	-3
2404	1180	1176	4
2405	1202	1176	26
2406	1213	1165	48
2407	1215	1165	50
2408	1206	1177	29
2409	1204	1169	35
2410	1203	1172	31
2411	1196	1204	-8
2412	1182	1200	-18
2413	1201	1172	29
2414	1198	1165	33
2415	1187	1181	6
2416	1179	1176	3
2417	1191	1169	22
2418	1193	1181	12
2419	1214	1192	22
2420	1204	1210	-6
2421	1199	1182	17
2422	1183	1186	-3
2423	1205	1188	17
2424	1204	1187	17
2425	1196	1193	3
2426	1208	1172	36
2427	1214	1161	53
2428	1185	1172	13
2429	1187	1217	-30
2430	1195	1200	-5
2431	1190	1178	12
2432	1208	1197	11
2433	1198	1195	3
2434	1189	1192	-3
2435	1219	1191	28
2436	1202	1175	27
2437	1180	1161	19
2438	1181	1176	5
2439	1185	1192	-7
2440	1195	1162	33
2441	1216	1166	50
2442	1199	1171	28
2443	1183	1194	-11
2444	1185	1194	-9
2445	1190	1184	6
2446	1182	1179	3
2447	1196	1157	39
2448	1196	1164	32
2449	1190	1180	10
2450	1185	1170	15
2451	1179	1183	-4
2452	1173	1181	-8
2453	1180	1187	-7
2454	1183	1178	5
2455	1174	1184	-10
2456	1187	1201	-14
2457	1190	1204	-14
2458	1201	1180	21
2459	1216	1171	45
2460	1215	1180	35
2461	1214	1186	28
2462	1196	1179	17
2463	1183	1176	7
2464	1179	1195	-16
2465	1197	1181	16
2466	1182	1169	13
2467	1186	1187	-1
2468	1184	1155	29
2469	1179	1183	-4
2470	1174	1177	-3
2471	1186	1186	0
2472	1162	1181	-19
2473	1196	1192	4
2474	1188	1176	12
2475	1188	1174	14
2476	1209	1183	26
2477	1212	1165	47
2478	1207	1169	38
2479	1167	1162	5
2480	1162	1175	-13
2481	1207	1168	39
2482	1217	1170	47
2483	1205	1179	26
2484	1207	1157	50
2485	1211	1159	52
2486	1192	1176	16
2487	1192	1153	39
2488	1196	1181	15
2489	1205	1211	-6
2490	1189	1194	-5
2491	1197	1201	-4
2492	1198	1204	-6
2493	1188	1167	21
2494	1197	1161	36
2495	1197	1186	11
2496	1170	1175	-5
2497	1191	1177	14
2498	1203	1185	18
2499	1191	1172	19
2500	1193	1155	38
2501	1218	1163	55
2502	1208	1170	38
2503	1210	1177	33
2504	1201	1171	30
2505	1189	1170	19
2506	1185	1189	-4
2507	1192	1181	11
2508	1198	1183	15
2509	1196	1180	16
2510	1192	1182	10
2511	1211	1193	18
2512	1195	1188	7
2513	1197	1185	12
2514	1176	1193	-17
2515	1175	1190	-15
2516	1197	1193	4
2517	1205	1186	19
2518	1205	1180	25
2519	1210	1173	37
2520	1204	1200	4
2521	1204	1182	22
2522	1218	1174	44
2523	1218	1185	33
2524	1179	1179	0
2525	1187	1176	11
2526	1198	1168	30
2527	1198	1192	6
2528	1199	1177	22
2529	1178	1166	12
2530	1196	1178	18
2531	1209	1181	28
2532	1199	1183	16
2533	1184	1177	7
2534	1181	1183	-2
2535	1196	1193	3
2536	1188	1187	1
2537	1194	1167	27
2538	1197	1157	40
2539	1235	1152	83
2540	1222	1191	31
2541	1220	1196	24
2542	1218	1189	29
2543	1204	1163	41
2544	1198	1185	13
2545	1209	1209	0
2546	1206	1196	10
2547	1213	1198	15
2548	1234	1193	41
2549	1218	1182	36
2550	1212	1170	42
2551	1228	1179	49
2552	1192	1181	11
2553	1207	1203	4
2554	1200	1172	28
2555	1202	1169	33
2556	1209	1175	34
2557	1196	1159	37
2558	1181	1179	2
2559	1199	1213	-14
2560	1190	1190	0
2561	1197	1182	15
2562	1177	1194	-17
2563	1205	1185	20
2564	1214	1169	45
2565	1221	1171	50
2566	1205	1172	33
2567	1201	1164	37
2568	1199	1159	40
2569	1193	1161	32
2570	1197	1163	34
2571	1213	1175	38
2572	1186	1201	-15
2573	1205	1177	28
2574	1200	1167	33
2575	1193	1184	9
2576	1203	1181	22
2577	1203	1185	18
2578	1193	1173	20
2579	1189	1205	-16
2580	1174	1203	-29
2581	1193	1178	15
2582	1207	1164	43
2583	1217	1163	54
2584	1207	1169	38
2585	1202	1164	38
2586	1191	1169	22
2587	1192	1179	13
2588	1211	1193	18
2589	1210	1176	34
2590	1188	1180	8
2591	1197	1170	27
2592	1217	1179	38
2593	1231	1175	56
2594	1203	1170	33
2595	1200	1182	18
2596	1208	1177	31
2597	1211	1197	14
2598	1193	1195	-2
2599	1201	1193	8
2600	1206	1191	15
2601	1224	1170	54
2602	1228	1155	73
2603	1212	1196	16
2604	1205	1210	-5
2605	1216	1206	10
2606	1196	1187	9
2607	1208	1183	25
2608	1208	1188	20
2609	1210	1190	20
2610	1193	1179	14
2611	1198	1180	18
2612	1194	1181	13
2613	1206	1193	13
2614	1215	1189	26
2615	1209	1187	22
2616	1212	1189	23
2617	1225	1181	44
2618	1204	1185	19
2619	1184	1183	1
2620	1190	1150	40
2621	1194	1157	37
2622	1188	1178	10
2623	1219	1171	48
2624	1228	1187	41
2625	1212	1202	10
2626	1174	1207	-33
2627	1176	1193	-17
2628	1205	1173	32
2629	1188	1187	1
2630	1184	1174	10
2631	1203	1176	27
2632	1210	1166	44
2633	1184	1167	17
2634	1163	1190	-27
2635	1196	1193	3
2636	1177	1203	-26
2637	1188	1193	-5
2638	1212	1201	11
2639	1225	1195	30
2640	1226	1164	62
2641	1216	1161	55
2642	1195	1162	33
2643	1198	1171	27
2644	1187	1183	4
2645	1203	1200	3
2646	1207	1206	1
2647	1211	1195	16
2648	1182	1195	-13
2649	1185	1192	-7
2650	1214	1180	34
2651	1201	1163	38
2652	1162	1165	-3
2653	1175	1160	15
2654	1199	1153	46
2655	1213	1180	33
2656	1200	1199	1
2657	1209	1179	30
2658	1214	1176	38
2659	1215	1188	27
2660	1194	1179	15
2661	1201	1185	16
2662	1199	1165	34
2663	1201	1170	31
2664	1214	1177	37
2665	1209	1188	21
2666	1189	1180	9
2667	1209	1145	64
2668	1198	1170	28
2669	1199	1194	5
2670	1211	1163	48
2671	1199	1157	42
2672	1201	1172	29
2673	1214	1180	34
2674	1203	1179	24
2675	1199	1172	27
2676	1175	1186	-11
2677	1184	1175	9
2678	1205	1167	38
2679	1212	1168	44
2680	1184	1184	0
2681	1192	1182	10
2682	1200	1177	23
2683	1183	1184	-1
2684	1207	1185	22
2685	1205	1187	18
2686	1180	1192	-12
2687	1186	1196	-10
2688	1197	1181	16
2689	1213	1166	47
2690	1218	1163	55
2691	1197	1172	25
2692	1181	1178	3
2693	1189	1190	-1
2694	1211	1160	51
2695	1217	1151	66
2696	1191	1178	13
2697	1217	1175	42
2698	1214	1199	15
2699	1196	1194	2
2700	1194	1184	10
2701	1206	1177	29
2702	1211	1180	31
2703	1198	1189	9
2704	1188	1166	22
2705	1193	1150	43
2706	1202	1152	50
2707	1219	1171	48
2708	1196	1171	25
2709	1209	1175	34
2710	1209	1165	44
2711	1197	1168	29
2712	1188	1164	24
2713	1202	1195	7
2714	1228	1190	38
2715	1225	1182	43
2716	1201	1163	38
2717	1197	1163	34
2718	1170	1151	19
2719	1206	1193	13
2720	1200	1184	16
2721	1177	1175	2
2722	1198	1171	27
2723	1203	1171	32
2724	1187	1175	12
2725	1185	1177	8
2726	1197	1197	0
2727	1208	1155	53
2728	1191	1160	31
2729	1181	1175	6
2730	1205	1183	22
2731	1215	1187	28
2732	1203	1178	25
2733	1186	1177	9
2734	1170	1195	-25
2735	1176	1182	-6
2736	1177	1173	4
2737	1198	1167	31
2738	1211	1158	53
2739	1210	1163	47
2740	1181	1174	7
2741	1177	1178	-1
2742	1196	1176	20
2743	1201	1157	44
2744	1213	1161	52
2745	1216	1172	44
2746	1201	1169	32
2747	1190	1183	7
2748	1215	1185	30
2749	1209	1185	24
2750	1175	1177	-2
2751	1200	1175	25
2752	1210	1174	36
2753	1190	1184	6
2754	1195	1180	15
2755	1216	1165	51
2756	1182	1157	25
2757	1174	1187	-13
2758	1176	1183	-7
2759	1184	1171	13
2760	1191	1158	33
2761	1204	1182	22
2762	1209	1176	33
2763	1205	1169	36
2764	1201	1165	36
2765	1200	1172	28
2766	1180	1186	-6
2767	1204	1190	14
2768	1210	1176	34
2769	1194	1186	8
2770	1202	1194	8
2771	1225	1168	57
2772	1220	1176	44
2773	1206	1177	29
2774	1203	1178	25
2775	1203	1209	-6
2776	1193	1195	-2
2777	1197	1191	6
2778	1190	1163	27
2779	1201	1173	28
2780	1211	1178	33
2781	1202	1173	29
2782	1202	1163	39
2783	1227	1161	66
2784	1196	1188	8
2785	1206	1197	9
2786	1209	1193	16
2787	1195	1192	3
2788	1192	1191	1
2789	1206	1191	15
2790	1217	1180	37
2791	1221	1183	38
2792	1217	1193	24
2793	1197	1149	48
2794	1193	1174	19
2795	1202	1207	-5
2796	1179	1203	-24
2797	1190	1182	8
2798	1191	1173	18
2799	1204	1183	21
2800	1199	1207	-8
2801	1191	1190	1
2802	1189	1163	26
2803	1196	1163	33
2804	1186	1186	0
2805	1186	1191	-5
2806	1196	1169	27
2807	1186	1168	18
2808	1175	1162	13
2809	1210	1163	47
2810	1193	1167	26
2811	1199	1163	36
2812	1212	1174	38
2813	1196	1171	25
2814	1193	1176	17
2815	1209	1182	27
2816	1196	1189	7
2817	1202	1185	17
2818	1218	1176	42
2819	1203	1156	47
2820	1193	1176	17
2821	1198	1201	-3
2822	1187	1187	0
2823	1194	1180	14
2824	1214	1176	38
2825	1203	1161	42
2826	1219	1175	44
2827	1192	1198	-6
2828	1182	1172	10
2829	1218	1150	68
2830	1200	1146	54
2831	1185	1163	22
2832	1211	1189	22
2833	1234	1187	47
2834	1182	1177	5
2835	1173	1188	-15
2836	1188	1185	3
2837	1197	1187	10
2838	1214	1205	9
2839	1210	1165	45
2840	1203	1166	37
2841	1209	1181	28
2842	1192	1182	10
2843	1185	1187	-2
2844	1202	1167	35
2845	1199	1182	17
2846	1205	1207	-2
2847	1218	1201	17
2848	1198	1191	7
2849	1201	1181	20
2850	1189	1160	29
2851	1199	1169	30
2852	1197	1166	31
2853	1213	1159	54
2854	1193	1172	21
2855	1187	1187	0
2856	1186	1186	0
2857	1200	1177	23
2858	1192	1194	-2
2859	1207	1203	4
2860	1191	1199	-8
2861	1180	1193	-13
2862	1186	1182	4
2863	1204	1168	36
2864	1193	1178	15
2865	1188	1171	17
2866	1203	1188	15
2867	1216	1188	28
2868	1197	1181	16
2869	1207	1172	35
2870	1210	1176	34
2871	1223	1173	50
2872	1210	1192	18
2873	1204	1207	-3
2874	1215	1196	19
2875	1213	1193	20
2876	1202	1208	-6
2877	1204	1198	6
2878	1191	1205	-14
2879	1210	1186	24
2880	1200	1186	14
2881	1196	1190	6
2882	1206	1167	39
2883	1207	1195	12
2884	1180	1198	-18
2885	1178	1179	-1
2886	1191	1196	-5
2887	1217	1179	38
2888	1196	1170	26
2889	1204	1186	18
2890	1217	1185	32
2891	1181	1188	-7
2892	1163	1189	-26
2893	1171	1203	-32
2894	1185	1205	-20
2895	1217	1185	32
2896	1205	1189	16
2897	1197	1199	-2
2898	1186	1194	-8
2899	1192	1193	-1
2900	1197	1183	14
2901	1196	1183	13
2902	1184	1162	22
2903	1190	1174	16
2904	1196	1167	29
2905	1224	1154	70
2906	1220	1174	46
2907	1204	1181	23
2908	1203	1182	21
2909	1187	1165	22
2910	1179	1182	-3
2911	1188	1191	-3
2912	1199	1173	26
2913	1209	1168	41
2914	1208	1160	48
2915	1202	1185	17
2916	1190	1202	-12
2917	1197	1206	-9
2918	1183	1194	-11
2919	1209	1183	26
2920	1210	1168	42
2921	1206	1156	50
2922	1192	1175	17
2923	1197	1202	-5
2924	1203	1210	-7
2925	1214	1185	29
2926	1182	1173	9
2927	1189	1200	-11
2928	1190	1195	-5
2929	1209	1182	27
2930	1213	1196	17
2931	1213	1193	20
2932	1197	1168	29
2933	1206	1157	49
2934	1210	1178	32
2935	1200	1193	7
2936	1195	1191	4
2937	1197	1198	-1
2938	1180	1194	-14
2939	1196	1169	27
2940	1197	1175	22
2941	1198	1208	-10
2942	1189	1209	-20
2943	1203	1190	13
2944	1186	1211	-25
2945	1194	1198	-4
2946	1198	1184	14
2947	1199	1204	-5
2948	1177	1198	-21
2949	1209	1175	34
2950	1213	1171	42
2951	1212	1164	48
2952	1203	1188	15
2953	1212	1190	22
2954	1204	1187	17
2955	1228	1200	28
2956	1216	1194	22
2957	1216	1187	29
2958	1218	1187	31
2959	1209	1169	40
2960	1190	1166	24
2961	1207	1206	1
2962	1202	1195	7
2963	1211	1180	31
2964	1199	1191	8
2965	1209	1171	38
2966	1220	1195	25
2967	1215	1203	12
2968	1188	1165	23
2969	1216	1168	48
2970	1191	1172	19
2971	1206	1180	26
2972	1206	1192	14
2973	1220	1166	54
2974	1198	1157	41
2975	1207	1180	27
2976	1208	1166	42
2977	1187	1191	-4
2978	1175	1194	-19
2979	1193	1189	4
2980	1183	1194	-11
2981	1205	1169	36
2982	1218	1173	45
2983	1206	1191	15
2984	1200	1212	-12
2985	1209	1192	17
2986	1200	1159	41
2987	1223	1167	56
2988	1222	1179	43
2989	1199	1164	35
2990	1187	1159	28
2991	1196	1165	31
2992	1204	1171	33
2993	1193	1171	22
2994	1184	1177	7
2995	1186	1186	0
2996	1199	1196	3
2997	1217	1189	28
2998	1204	1191	13
2999	1207	1182	25
3000	1186	1171	15
3001	1185	1166	19
3002	1188	1188	0
3003	1218	1180	38
3004	1213	1170	43
3005	1200	1200	0
3006	1200	1195	5
3007	1201	1169	32
3008	1205	1182	23
3009	1208	1207	1
3010	1206	1194	12
3011	1213	1168	45
3012	1202	1173	29
3013	1201	1188	13
3014	1205	1177	28
3015	1202	1188	14
3016	1205	1185	20
3017	1212	1180	32
3018	1196	1171	25
3019	1206	1191	15
3020	1219	1201	18
3021	1220	1193	27
3022	1222	1189	33
3023	1226	1171	55
3024	1205	1178	27
3025	1209	1175	34
3026	1212	1172	40
3027	1222	1172	50
3028	1209	1192	17
3029	1193	1184	9
3030	1199	1165	34
3031	1211	1158	53
3032	1205	1169	36
3033	1206	1156	50
3034	1190	1168	22
3035	1188	1200	-12
3036	1205	1211	-6
3037	1204	1186	18
3038	1205	1168	37
3039	1218	1166	52
3040	1209	1177	32
3041	1200	1201	-1
3042	1180	1183	-3
3043	1199	1173	26
3044	1221	1172	49
3045	1224	1172	52
3046	1211	1153	58
3047	1190	1174	16
3048	1191	1185	6
3049	1201	1171	30
3050	1192	1157	35
3051	1194	1151	43
3052	1205	1170	35
3053	1214	1169	45
3054	1219	1158	61
3055	1208	1172	36
3056	1221	1165	56
3057	1198	1180	18
3058	1171	1187	-16
3059	1196	1184	12
3060	1193	1187	6
3061	1196	1166	30
3062	1198	1163	35
3063	1191	1183	8
3064	1185	1185	0
3065	1188	1188	0
3066	1195	1187	8
3067	1197	1186	11
3068	1196	1169	27
3069	1193	1173	20
3070	1201	1166	35
3071	1222	1183	39
3072	1232	1180	52
3073	1238	1160	78
3074	1206	1147	59
3075	1188	1170	18
3076	1207	1168	39
3077	1194	1163	31
3078	1184	1166	18
3079	1189	1169	20
3080	1177	1190	-13
3081	1178	1193	-15
3082	1181	1195	-14
3083	1207	1206	1
3084	1199	1191	8
3085	1183	1183	0
3086	1183	1189	-6
3087	1183	1191	-8
3088	1175	1203	-28
3089	1187	1190	-3
3090	1181	1177	4
3091	1178	1165	13
3092	1185	1173	12
3093	1183	1182	1
3094	1173	1191	-18
3095	1175	1204	-29
3096	1194	1198	-4
3097	1213	1193	20
3098	1191	1186	5
3099	1198	1176	22
3100	1213	1189	24
3101	1214	1192	22
3102	1197	1184	13
3103	1196	1183	13
3104	1194	1194	0
3105	1177	1188	-11
3106	1183	1178	5
3107	1180	1192	-12
3108	1205	1191	14
3109	1207	1199	8
3110	1208	1181	27
3111	1206	1165	41
3112	1196	1170	26
3113	1187	1181	6
3114	1181	1169	12
3115	1189	1168	21
3116	1184	1179	5
3117	1211	1195	16
3118	1203	1185	18
3119	1201	1182	19
3120	1205	1173	32
3121	1183	1192	-9
3122	1204	1193	11
3123	1217	1168	49
3124	1198	1160	38
3125	1184	1167	17
3126	1187	1184	3
3127	1204	1181	23
3128	1205	1183	22
3129	1196	1177	19
3130	1187	1182	5
3131	1198	1198	0
3132	1187	1179	8
3133	1201	1189	12
3134	1212	1199	13
3135	1217	1187	30
3136	1185	1190	-5
3137	1189	1195	-6
3138	1205	1185	20
3139	1208	1175	33
3140	1189	1201	-12
3141	1188	1190	-2
3142	1210	1178	32
3143	1213	1186	27
3144	1190	1180	10
3145	1189	1173	16
3146	1197	1181	16
3147	1214	1164	50
3148	1217	1163	54
3149	1189	1179	10
3150	1186	1174	12
3151	1221	1192	29
3152	1191	1191	0
3153	1188	1174	14
3154	1178	1166	12
3155	1196	1181	15
3156	1209	1189	20
3157	1204	1171	33
3158	1196	1172	24
3159	1179	1180	-1
3160	1176	1175	1
3161	1202	1180	22
3162	1217	1178	39
3163	1203	1177	26
3164	1194	1179	15
3165	1208	1191	17
3166	1191	1179	12
3167	1178	1170	8
3168	1194	1168	26
3169	1199	1160	39
3170	1203	1189	14
3171	1201	1197	4
3172	1184	1170	14
3173	1200	1186	14
3174	1207	1186	21
3175	1209	1204	5
3176	1198	1190	8
3177	1204	1178	26
3178	1185	1168	17
3179	1174	1177	-3
3180	1172	1183	-11
3181	1205	1181	24
3182	1193	1177	16
3183	1196	1186	10
3184	1191	1194	-3
3185	1188	1182	6
3186	1212	1175	37
3187	1197	1172	25
3188	1198	1156	42
3189	1210	1176	34
3190	1193	1178	15
3191	1216	1172	44
3192	1209	1171	38
3193	1219	1169	50
3194	1208	1178	30
3195	1205	1197	8
3196	1213	1193	20
3197	1215	1173	42
3198	1203	1176	27
3199	1224	1198	26
3200	1223	1185	38
3201	1224	1186	38
3202	1198	1173	25
3203	1201	1172	29
3204	1199	1178	21
3205	1188	1178	10
3206	1195	1179	16
3207	1204	1186	18
3208	1205	1169	36
3209	1184	1186	-2
3210	1201	1211	-10
3211	1225	1200	25
3212	1219	1183	36
3213	1219	1186	33
3214	1189	1198	-9
3215	1177	1195	-18
3216	1174	1171	3
3217	1187	1165	22
3218	1191	1173	18
3219	1210	1204	6
3220	1185	1175	10
3221	1208	1172	36
3222	1195	1158	37
3223	1181	1169	12
3224	1184	1170	14
3225	1200	1167	33
3226	1208	1174	34
3227	1209	1181	28
3228	1194	1191	3
3229	1201	1187	14
3230	1192	1190	2
3231	1190	1190	0
3232	1179	1177	2
3233	1178	1160	18
3234	1177	1183	-6
3235	1183	1173	10
3236	1199	1176	23
3237	1219	1177	42
3238	1233	1193	40
3239	1224	1184	40
3240	1208	1151	57
3241	1196	1170	26
3242	1195	1170	25
3243	1204	1169	35
3244	1218	1173	45
3245	1209	1182	27
3246	1210	1185	25
3247	1206	1168	38
3248	1199	1172	27
3249	1205	1177	28
3250	1219	1182	37
3251	1234	1181	53
3252	1214	1185	29
3253	1214	1207	7
3254	1196	1191	5
3255	1175	1176	-1
3256	1182	1170	12
3257	1209	1170	39
3258	1203	1167	36
3259	1204	1180	24
3260	1212	1189	23
3261	1212	1186	26
3262	1197	1178	19
3263	1205	1189	16
3264	1220	1189	31
3265	1217	1184	33
3266	1202	1158	44
3267	1197	1180	17
3268	1177	1176	1
3269	1189	1178	11
3270	1189	1162	27
3271	1205	1185	20
3272	1201	1203	-2
3273	1188	1194	-6
3274	1182	1200	-18
3275	1206	1196	10
3276	1218	1165	53
3277	1225	1188	37
3278	1218	1179	39
3279	1205	1178	27
3280	1180	1166	14
3281	1197	1147	50
3282	1216	1155	61
3283	1194	1155	39
3284	1191	1182	9
3285	1227	1179	48
3286	1226	1185	41
3287	1209	1200	9
3288	1202	1199	3
3289	1213	1201	12
3290	1193	1190	3
3291	1187	1182	5
3292	1191	1186	5
3293	1198	1182	16
3294	1198	1178	20
3295	1201	1181	20
3296	1202	1175	27
3297	1216	1175	41
3298	1207	1172	35
3299	1200	1181	19
3300	1213	1196	17
3301	1206	1182	24
3302	1200	1177	23
3303	1208	1185	23
3304	1209	1177	32
3305	1227	1170	57
3306	1195	1191	4
3307	1200	1190	10
3308	1180	1187	-7
3309	1168	1166	2
3310	1190	1165	25
3311	1210	1195	15
3312	1179	1177	2
3313	1199	1153	46
3314	1211	1176	35
3315	1216	1174	42
3316	1207	1175	32
3317	1204	1193	11
3318	1190	1203	-13
3319	1194	1202	-8
3320	1197	1192	5
3321	1207	1185	22
3322	1201	1170	31
3323	1194	1155	39
3324	1190	1153	37
3325	1201	1172	29
3326	1199	1174	25
3327	1199	1163	36
3328	1196	1175	21
3329	1212	1186	26
3330	1210	1196	14
3331	1213	1185	28
3332	1199	1181	18
3333	1203	1184	19
3334	1208	1184	24
3335	1212	1185	27
3336	1215	1183	32
3337	1201	1174	27
3338	1204	1172	32
3339	1183	1163	20
3340	1175	1179	-4
3341	1213	1181	32
3342	1197	1196	1
3343	1202	1188	14
3344	1199	1185	14
3345	1188	1183	5
3346	1219	1178	41
3347	1243	1170	73
3348	1207	1180	27
3349	1182	1188	-6
3350	1188	1182	6
3351	1204	1171	33
3352	1189	1180	9
3353	1176	1165	11
3354	1210	1164	46
3355	1237	1181	56
3356	1213	1165	48
3357	1160	1150	10
3358	1180	1167	13
3359	1221	1187	34
3360	1204	1203	1
3361	1211	1208	3
3362	1200	1204	-4
3363	1187	1183	4
3364	1196	1165	31
3365	1194	1181	13
3366	1192	1198	-6
3367	1187	1185	2
3368	1169	1188	-19
3369	1169	1190	-21
3370	1188	1178	10
3371	1218	1182	36
3372	1211	1163	48
3373	1210	1155	55
3374	1189	1174	15
3375	1167	1170	-3
3376	1179	1180	-1
3377	1209	1162	47
3378	1220	1155	65
3379	1202	1190	12
3380	1184	1192	-8
3381	1219	1167	52
3382	1220	1169	51
3383	1204	1183	21
3384	1195	1180	15
3385	1212	1180	32
3386	1211	1169	42
3387	1194	1188	6
3388	1178	1201	-23
3389	1213	1179	34
3390	1195	1158	37
3391	1189	1169	20
3392	1209	1177	32
3393	1204	1194	10
3394	1200	1179	21
3395	1194	1174	20
3396	1199	1177	22
3397	1213	1180	33
3398	1212	1184	28
3399	1200	1178	22
3400	1181	1175	6
3401	1196	1173	23
3402	1213	1190	23
3403	1218	1182	36
3404	1209	1195	14
3405	1204	1197	7
3406	1189	1197	-8
3407	1183	1179	4
3408	1194	1180	14
3409	1196	1186	10
3410	1192	1178	14
3411	1203	1187	16
3412	1188	1197	-9
3413	1199	1186	13
3414	1210	1165	45
3415	1210	1166	44
3416	1204	1188	16
3417	1206	1195	11
3418	1210	1208	2
3419	1220	1182	38
3420	1222	1164	58
3421	1238	1164	74
3422	1217	1179	38
3423	1199	1184	15
3424	1194	1182	12
3425	1204	1165	39
3426	1213	1167	46
3427	1197	1169	28
3428	1212	1161	51
3429	1188	1181	7
3430	1196	1192	4
3431	1221	1169	52
3432	1217	1165	52
3433	1206	1173	33
3434	1190	1178	12
3435	1196	1175	21
3436	1206	1179	27
3437	1221	1170	51
3438	1210	1144	66
3439	1206	1162	44
3440	1200	1155	45
3441	1214	1164	50
3442	1198	1181	17
3443	1196	1188	8
3444	1192	1173	19
3445	1199	1154	45
3446	1199	1172	27
3447	1206	1164	42
3448	1199	1163	36
3449	1196	1189	7
3450	1206	1187	19
3451	1211	1164	47
3452	1208	1141	67
3453	1201	1157	44
3454	1200	1174	26
3455	1216	1175	41
3456	1213	1190	23
3457	1225	1196	29
3458	1186	1181	5
3459	1164	1180	-16
3460	1182	1183	-1
3461	1220	1172	48
3462	1225	1168	57
3463	1220	1173	47
3464	1194	1169	25
3465	1195	1185	10
3466	1204	1186	18
3467	1210	1166	44
3468	1175	1151	24
3469	1221	1190	31
3470	1213	1196	17
3471	1206	1178	28
3472	1193	1158	35
3473	1196	1156	40
3474	1193	1175	18
3475	1206	1184	22
3476	1189	1185	4
3477	1197	1170	27
3478	1191	1185	6
3479	1203	1192	11
3480	1205	1182	23
3481	1211	1202	9
3482	1208	1212	-4
3483	1243	1180	63
3484	1238	1164	74
3485	1223	1173	50
3486	1211	1177	34
3487	1217	1182	35
3488	1199	1197	2
3489	1196	1189	7
3490	1215	1176	39
3491	1209	1168	41
3492	1183	1180	3
3493	1181	1177	4
3494	1191	1180	11
3495	1207	1162	45
3496	1208	1158	50
3497	1233	1175	58
3498	1237	1182	55
3499	1229	1194	35
3500	1211	1194	17
3501	1227	1164	63
3502	1220	1157	63
3503	1203	1178	25
3504	1183	1183	0
3505	1178	1172	6
3506	1187	1182	5
3507	1207	1173	34
3508	1207	1154	53
3509	1183	1182	1
3510	1187	1200	-13
3511	1225	1203	22
3512	1211	1173	38
3513	1210	1180	30
3514	1205	1189	16
3515	1202	1167	35
3516	1194	1155	39
3517	1205	1178	27
3518	1215	1189	26
3519	1223	1170	53
3520	1189	1152	37
3521	1191	1159	32
3522	1206	1176	30
3523	1216	1181	35
3524	1203	1195	8
3525	1190	1178	12
3526	1201	1152	49
3527	1201	1170	31
3528	1190	1198	-8
3529	1201	1184	17
3530	1203	1171	32
3531	1212	1197	15
3532	1222	1206	16
3533	1216	1195	21
3534	1203	1185	18
3535	1215	1177	38
3536	1209	1180	29
3537	1195	1173	22
3538	1209	1173	36
3539	1218	1178	40
3540	1216	1183	33
3541	1224	1186	38
3542	1197	1166	31
3543	1183	1187	-4
3544	1194	1185	9
3545	1213	1165	48
3546	1213	1176	37
3547	1214	1186	28
3548	1202	1177	25
3549	1203	1184	19
3550	1208	1174	34
3551	1197	1171	26
3552	1226	1193	33
3553	1203	1206	-3
3554	1192	1194	-2
3555	1222	1188	34
3556	1228	1199	29
3557	1216	1185	31
3558	1204	1187	17
3559	1206	1166	40
3560	1195	1173	22
3561	1195	1181	14
3562	1210	1182	28
3563	1198	1196	2
3564	1195	1192	3
3565	1211	1187	24
3566	1212	1195	17
3567	1225	1199	26
3568	1205	1180	25
3569	1190	1159	31
3570	1207	1182	25
3571	1226	1201	25
3572	1211	1175	36
3573	1226	1175	51
3574	1237	1185	52
3575	1213	1177	36
3576	1180	1185	-5
3577	1200	1193	7
3578	1201	1176	25
3579	1193	1191	2
3580	1207	1188	19
3581	1222	1172	50
3582	1216	1189	27
3583	1201	1208	-7
3584	1186	1185	1
3585	1221	1183	38
3586	1224	1194	30
3587	1204	1172	32
3588	1193	1158	35
3589	1203	1186	17
3590	1198	1196	2
3591	1191	1209	-18
3592	1187	1194	-7
3593	1214	1172	42
3594	1227	1183	44
3595	1215	1196	19
3596	1185	1192	-7
3597	1187	1195	-8
3598	1163	1203	-40
3599	1196	1196	0
3600	1203	1201	2
3601	1190	1210	-20
3602	1182	1173	9
3603	1192	1175	17
3604	1195	1186	9
3605	1203	1197	6
3606	1186	1206	-20
3607	1197	1164	33
3608	1206	1167	39
3609	1226	1187	39
3610	1215	1177	38
3611	1197	1177	20
3612	1186	1180	6
3613	1202	1179	23
3614	1215	1214	1
3615	1209	1180	29
3616	1200	1161	39
3617	1217	1170	47
3618	1214	1191	23
3619	1232	1193	39
3620	1212	1187	25
3621	1210	1179	31
3622	1206	1167	39
3623	1214	1158	56
3624	1215	1156	59
3625	1213	1176	37
3626	1199	1187	12
3627	1197	1173	24
3628	1201	1173	28
3629	1216	1190	26
3630	1206	1180	26
3631	1214	1143	71
3632	1219	1163	56
3633	1212	1184	28
3634	1200	1168	32
3635	1190	1176	14
3636	1193	1183	10
3637	1211	1187	24
3638	1224	1195	29
3639	1228	1187	41
3640	1213	1180	33
3641	1215	1189	26
3642	1201	1166	35
3643	1207	1167	40
3644	1183	1165	18
3645	1187	1166	21
3646	1204	1173	31
3647	1220	1177	43
3648	1209	1168	41
