index	original	background	difference
-----------------------------------------------------
1	1692	1149	543
2	1720	1119	601
3	1703	1137	566
4	1687	1150	537
5	1703	1143	560
6	1685	1165	520
7	1716	1156	560
8	1706	1157	549
9	1717	1154	563
10	1746	1146	600
11	1751	1163	588
12	1736	1154	582
13	1725	1148	577
14	1741	1139	602
15	1753	1165	588
16	1756	1170	586
17	1755	1135	620
18	1767	1146	621
19	1716	1165	551
20	1733	1175	558
21	1761	1162	599
22	1762	1143	619
23	1776	1168	608
24	1755	1169	586
25	1760	1157	603
26	1743	1154	589
27	1737	1160	577
28	1754	1177	577
29	1758	1158	600
30	1745	1147	598
31	1733	1165	568
32	1759	1170	589
33	1751	1173	578
34	1758	1165	593
35	1777	1169	608
36	1744	1175	569
37	1753	1170	583
38	1785	1170	615
39	1761	1161	600
40	1761	1176	585
41	1782	1169	613
42	1783	1179	604
43	1755	1186	569
44	1775	1185	590
45	1749	1183	566
46	1753	1161	592
47	1777	1151	626
48	1786	1167	619
49	1767	1167	600
50	1778	1149	629
51	1770	1154	616
52	1788	1163	625
53	1773	1163	610
54	1768	1152	616
55	1773	1158	615
56	1806	1173	633
57	1840	1168	672
58	1820	1163	657
59	1785	1184	601
60	1804	1184	620
61	1785	1175	610
62	1776	1181	595
63	1778	1191	587
64	1781	1188	593
65	1767	1184	583
66	1799	1173	626
67	1781	1170	611
68	1796	1158	638
69	1813	1153	660
70	1782	1153	629
71	1786	1169	617
72	1806	1191	615
73	1786	1172	614
74	1803	1184	619
75	1806	1197	609
76	1778	1202	576
77	1767	1173	594
78	1788	1178	610
79	1803	1192	611
80	1825	1202	623
81	1807	1180	627
82	1787	1181	606
83	1812	1176	636
84	1823	1164	659
85	1826	1166	660
86	1794	1191	603
87	1792	1187	605
88	1819	1163	656
89	1798	1199	599
90	1801	1184	617
91	1801	1180	621
92	1816	1194	622
93	1795	1171	624
94	1803	1160	643
95	1788	1172	616
96	1803	1157	646
97	1840	1180	660
98	1828	1172	656
99	1804	1162	642
100	1794	1176	618
101	1791	1177	614
102	1818	1176	642
103	1837	1199	638
104	1832	1187	645
105	1838	1187	651
106	1828	1182	646
107	1831	1181	650
108	1813	1182	631
109	1828	1197	631
110	1835	1191	644
111	1806	1207	599
112	1828	1212	616
113	1790	1188	602
114	1799	1192	607
115	1789	1188	601
116	1761	1161	600
117	1742	1165	577
118	1770	1172	598
119	1752	1172	580
120	1745	1168	577
121	1764	1184	580
122	1748	1178	570
123	1765	1173	592
124	1775	1195	580
125	1765	1183	582
126	1795	1172	623
127	1810	1202	608
128	1833	1184	649
129	1836	1174	662
130	1812	1175	637
131	1789	1170	619
132	1828	1177	651
133	1811	1168	643
134	1813	1167	646
135	1839	1179	660
136	1822	1176	646
137	1820	1177	643
138	1804	1180	624
139	1818	1170	648
140	1834	1160	674
141	1814	1165	649
142	1807	1170	637
143	1806	1183	623
144	1815	1194	621
145	1827	1183	644
146	1825	1178	647
147	1820	1177	643
148	1833	1206	627
149	1834	1190	644
150	1814	1174	640
151	1842	1180	662
152	1855	1190	665
153	1864	1178	686
154	1834	1173	661
155	1828	1170	658
156	1857	1166	691
157	1857	1192	665
158	1863	1195	668
159	1852	1178	674
160	1857	1170	687
161	1866	1172	694
162	1874	1185	689
163	1881	1195	686
164	1869	1173	696
165	1888	1182	706
166	1891	1176	715
167	1895	1193	702
168	1896	1183	713
169	1884	1163	721
170	1898	1178	720
171	1903	1171	732
172	1900	1167	733
173	1877	1181	696
174	1897	1200	697
175	1917	1201	716
176	1888	1196	692
177	1883	1185	698
178	1864	1183	681
179	1878	1186	692
180	1916	1183	733
181	1933	1182	751
182	1933	1182	751
183	1892	1190	702
184	1888	1176	712
185	1886	1164	722
186	1895	1196	699
187	1912	1209	703
188	1917	1182	735
189	1894	1155	739
190	1877	1178	699
191	1906	1182	724
192	1908	1155	753
193	1921	1165	756
194	1912	1172	740
195	1909	1181	728
196	1940	1165	775
197	1964	1171	793
198	1936	1178	758
199	1906	1165	741
200	1918	1177	741
201	1921	1192	729
202	1950	1162	788
203	1931	1170	761
204	1929	1192	737
205	1936	1186	750
206	1926	1194	732
207	1929	1169	760
208	1959	1174	785
209	1931	1178	753
210	1946	1163	783
211	1975	1150	825
212	1948	1191	757
213	1969	1199	770
214	1970	1186	784
215	1951	1171	780
216	1954	1180	774
217	1979	1161	818
218	1961	1159	802
219	1969	1183	786
220	1974	1172	802
221	1991	1166	825
222	1989	1168	821
223	2006	1170	836
224	1977	1185	792
225	1961	1174	787
226	1974	1166	808
227	1982	1155	827
228	1975	1190	785
229	2015	1171	844
230	2047	1155	892
231	2024	1173	851
232	2019	1175	844
233	2016	1173	843
234	2022	1175	847
235	2012	1172	840
236	2005	1179	826
237	2026	1182	844
238	2028	1189	839
239	2029	1187	842
240	2024	1178	846
241	2024	1182	842
242	2026	1190	836
243	2021	1197	824
244	2049	1165	884
245	2024	1169	855
246	2063	1161	902
247	2072	1175	897
248	2025	1178	847
249	2059	1147	912
250	2060	1141	919
251	2070	1160	910
252	2082	1199	883
253	2062	1207	855
254	2053	1199	854
255	2069	1183	886
256	2076	1174	902
257	2087	1187	900
258	2091	1189	902
259	2088	1177	911
260	2086	1175	911
261	2042	1168	874
262	2061	1177	884
263	2057	1187	870
264	2083	1177	906
265	2064	1175	889
266	2091	1173	918
267	2083	1171	912
268	2084	1177	907
269	2087	1164	923
270	2114	1187	927
271	2118	1188	930
272	2163	1182	981
273	2136	1177	959
274	2084	1181	903
275	2086	1194	892
276	2140	1184	956
277	2153	1190	963
278	2177	1179	998
279	2151	1175	976
280	2165	1183	982
281	2161	1194	967
282	2136	1197	939
283	2139	1181	958
284	2159	1186	973
285	2205	1189	1016
286	2182	1198	984
287	2142	1203	939
288	2163	1174	989
289	2139	1175	964
290	2188	1188	1000
291	2198	1178	1020
292	2167	1184	983
293	2175	1192	983
294	2190	1178	1012
295	2173	1184	989
296	2170	1188	982
297	2210	1193	1017
298	2189	1177	1012
299	2217	1159	1058
300	2208	1172	1036
301	2217	1188	1029
302	2212	1185	1027
303	2201	1185	1016
304	2219	1194	1025
305	2208	1169	1039
306	2213	1182	1031
307	2217	1175	1042
308	2189	1171	1018
309	2194	1163	1031
310	2203	1192	1011
311	2200	1190	1010
312	2251	1190	1061
313	2283	1184	1099
314	2234	1193	1041
315	2179	1188	991
316	2231	1198	1033
317	2268	1204	1064
318	2262	1189	1073
319	2253	1179	1074
320	2250	1187	1063
321	2231	1197	1034
322	2216	1178	1038
323	2258	1164	1094
324	2263	1157	1106
325	2266	1175	1091
326	2282	1166	1116
327	2247	1174	1073
328	2278	1192	1086
329	2267	1177	1090
330	2260	1187	1073
331	2292	1200	1092
332	2300	1180	1120
333	2317	1164	1153
334	2318	1172	1146
335	2323	1171	1152
336	2328	1181	1147
337	2329	1187	1142
338	2307	1179	1128
339	2309	1187	1122
340	2316	1190	1126
341	2285	1175	1110
342	2299	1185	1114
343	2334	1170	1164
344	2323	1162	1161
345	2361	1169	1192
346	2369	1156	1213
347	2377	1167	1210
348	2346	1181	1165
349	2325	1183	1142
350	2356	1175	1181
351	2356	1182	1174
352	2314	1177	1137
353	2321	1194	1127
354	2320	1195	1125
355	2329	1174	1155
356	2372	1161	1211
357	2365	1174	1191
358	2348	1196	1152
359	2321	1199	1122
360	2345	1190	1155
361	2339	1185	1154
362	2361	1179	1182
363	2381	1174	1207
364	2375	1184	1191
365	2366	1196	1170
366	2344	1203	1141
367	2346	1213	1133
368	2332	1189	1143
369	2353	1175	1178
370	2361	1185	1176
371	2337	1176	1161
372	2340	1176	1164
373	2354	1198	1156
374	2373	1215	1158
375	2360	1205	1155
376	2345	1195	1150
377	2345	1185	1160
378	2387	1179	1208
379	2363	1175	1188
380	2352	1163	1189
381	2372	1155	1217
382	2361	1168	1193
383	2322	1184	1138
384	2355	1181	1174
385	2373	1194	1179
386	2363	1220	1143
387	2361	1215	1146
388	2367	1194	1173
389	2357	1181	1176
390	2355	1183	1172
391	2378	1163	1215
392	2374	1170	1204
393	2378	1166	1212
394	2387	1165	1222
395	2385	1182	1203
396	2378	1181	1197
397	2393	1177	1216
398	2353	1198	1155
399	2364	1182	1182
400	2394	1175	1219
401	2358	1171	1187
402	2378	1180	1198
403	2360	1173	1187
404	2360	1177	1183
405	2381	1187	1194
406	2348	1193	1155
407	2385	1191	1194
408	2412	1176	1236
409	2386	1192	1194
410	2408	1190	1218
411	2450	1185	1265
412	2431	1175	1256
413	2398	1172	1226
414	2380	1182	1198
415	2373	1193	1180
416	2431	1192	1239
417	2448	1165	1283
418	2385	1163	1222
419	2368	1182	1186
420	2376	1183	1193
421	2396	1178	1218
422	2440	1194	1246
423	2453	1187	1266
424	2433	1190	1243
425	2418	1164	1254
426	2416	1182	1234
427	2385	1205	1180
428	2398	1192	1206
429	2399	1193	1206
430	2363	1187	1176
431	2366	1182	1184
432	2422	1160	1262
433	2404	1143	1261
434	2373	1169	1204
435	2345	1189	1156
436	2394	1162	1232
437	2385	1183	1202
438	2388	1188	1200
439	2394	1197	1197
440	2376	1175	1201
441	2388	1192	1196
442	2379	1170	1209
443	2335	1186	1149
444	2359	1201	1158
445	2397	1187	1210
446	2417	1180	1237
447	2409	1170	1239
448	2403	1162	1241
449	2363	1179	1184
450	2418	1191	1227
451	2383	1176	1207
452	2359	1172	1187
453	2381	1182	1199
454	2351	1182	1169
455	2372	1197	1175
456	2408	1196	1212
457	2355	1169	1186
458	2403	1183	1220
459	2433	1178	1255
460	2400	1171	1229
461	2373	1165	1208
462	2374	1163	1211
463	2392	1166	1226
464	2422	1170	1252
465	2401	1170	1231
466	2403	1181	1222
467	2412	1187	1225
468	2389	1154	1235
469	2387	1173	1214
470	2371	1188	1183
471	2365	1203	1162
472	2394	1180	1214
473	2419	1167	1252
474	2425	1184	1241
475	2390	1182	1208
476	2373	1170	1203
477	2415	1171	1244
478	2432	1192	1240
479	2439	1170	1269
480	2432	1178	1254
481	2422	1182	1240
482	2409	1170	1239
483	2413	1157	1256
484	2420	1179	1241
485	2378	1196	1182
486	2415	1189	1226
487	2433	1200	1233
488	2412	1218	1194
489	2419	1209	1210
490	2416	1181	1235
491	2431	1176	1255
492	2438	1196	1242
493	2461	1198	1263
494	2434	1195	1239
495	2411	1196	1215
496	2407	1188	1219
497	2399	1177	1222
498	2389	1188	1201
499	2438	1182	1256
500	2401	1177	1224
501	2396	1190	1206
502	2420	1177	1243
503	2401	1182	1219
504	2430	1193	1237
505	2438	1195	1243
506	2406	1175	1231
507	2409	1156	1253
508	2408	1175	1233
509	2378	1195	1183
510	2413	1182	1231
511	2419	1169	1250
512	2414	1187	1227
513	2401	1187	1214
514	2439	1185	1254
515	2406	1172	1234
516	2396	1197	1199
517	2414	1208	1206
518	2424	1170	1254
519	2426	1180	1246
520	2416	1198	1218
521	2446	1190	1256
522	2409	1166	1243
523	2398	1177	1221
524	2439	1176	1263
525	2422	1179	1243
526	2428	1221	1207
527	2436	1206	1230
528	2426	1197	1229
529	2428	1190	1238
530	2435	1190	1245
531	2451	1184	1267
532	2445	1186	1259
533	2445	1186	1259
534	2438	1172	1266
535	2486	1169	1317
536	2446	1166	1280
537	2417	1168	1249
538	2463	1176	1287
539	2458	1180	1278
540	2468	1186	1282
541	2502	1178	1324
542	2484	1198	1286
543	2489	1222	1267
544	2504	1217	1287
545	2468	1191	1277
546	2514	1183	1331
547	2519	1189	1330
548	2479	1201	1278
549	2481	1200	1281
550	2470	1204	1266
551	2506	1203	1303
552	2509	1200	1309
553	2500	1198	1302
554	2513	1198	1315
555	2524	1188	1336
556	2537	1184	1353
557	2524	1159	1365
558	2539	1163	1376
559	2525	1193	1332
560	2518	1181	1337
561	2553	1173	1380
562	2552	1167	1385
563	2521	1163	1358
564	2497	1166	1331
565	2543	1163	1380
566	2574	1162	1412
567	2559	1185	1374
568	2565	1186	1379
569	2561	1170	1391
570	2554	1185	1369
571	2538	1187	1351
572	2557	1174	1383
573	2554	1170	1384
574	2585	1170	1415
575	2595	1172	1423
576	2600	1171	1429
577	2586	1175	1411
578	2598	1185	1413
579	2620	1171	1449
580	2614	1158	1456
581	2587	1187	1400
582	2603	1201	1402
583	2624	1191	1433
584	2588	1175	1413
585	2599	1164	1435
586	2608	1183	1425
587	2611	1189	1422
588	2642	1173	1469
589	2626	1195	1431
590	2654	1196	1458
591	2646	1188	1458
592	2633	1164	1469
593	2637	1175	1462
594	2649	1194	1455
595	2653	1201	1452
596	2641	1200	1441
597	2643	1206	1437
598	2690	1204	1486
599	2662	1197	1465
600	2678	1170	1508
601	2679	1172	1507
602	2638	1171	1467
603	2636	1168	1468
604	2658	1173	1485
605	2721	1199	1522
606	2716	1198	1518
607	2683	1190	1493
608	2720	1173	1547
609	2718	1172	1546
610	2735	1179	1556
611	2737	1184	1553
612	2731	1177	1554
613	2729	1184	1545
614	2763	1201	1562
615	2764	1205	1559
616	2745	1208	1537
617	2726	1192	1534
618	2746	1171	1575
619	2713	1182	1531
620	2753	1178	1575
621	2784	1162	1622
622	2785	1157	1628
623	2777	1187	1590
624	2786	1194	1592
625	2792	1196	1596
626	2816	1192	1624
627	2797	1196	1601
628	2776	1191	1585
629	2771	1187	1584
630	2812	1176	1636
631	2802	1173	1629
632	2783	1201	1582
633	2764	1213	1551
634	2812	1190	1622
635	2842	1160	1682
636	2866	1165	1701
637	2835	1182	1653
638	2826	1188	1638
639	2838	1193	1645
640	2835	1202	1633
641	2819	1205	1614
642	2821	1191	1630
643	2825	1167	1658
644	2880	1174	1706
645	2879	1174	1705
646	2879	1181	1698
647	2892	1173	1719
648	2901	1167	1734
649	2908	1182	1726
650	2881	1176	1705
651	2881	1182	1699
652	2899	1197	1702
653	2910	1196	1714
654	2876	1178	1698
655	2870	1166	1704
656	2929	1180	1749
657	2930	1181	1749
658	2897	1179	1718
659	2882	1176	1706
660	2908	1171	1737
661	2923	1163	1760
662	2957	1162	1795
663	2995	1172	1823
664	2961	1202	1759
665	2944	1204	1740
666	2921	1186	1735
667	2911	1162	1749
668	2931	1157	1774
669	2954	1182	1772
670	2995	1188	1807
671	2974	1179	1795
672	2981	1175	1806
673	2978	1176	1802
674	2996	1189	1807
675	2982	1173	1809
676	2949	1180	1769
677	2953	1156	1797
678	2996	1161	1835
679	3010	1169	1841
680	3024	1167	1857
681	2965	1185	1780
682	2983	1184	1799
683	3020	1197	1823
684	3020	1188	1832
685	3034	1163	1871
686	3035	1159	1876
687	3016	1190	1826
688	3039	1183	1856
689	3072	1173	1899
690	3060	1173	1887
691	3041	1184	1857
692	2989	1186	1803
693	3021	1170	1851
694	3067	1162	1905
695	3106	1192	1914
696	3075	1206	1869
697	3066	1203	1863
698	3088	1203	1885
699	3084	1204	1880
700	3077	1193	1884
701	3078	1188	1890
702	3090	1191	1899
703	3082	1174	1908
704	3093	1153	1940
705	3093	1160	1933
706	3102	1162	1940
707	3085	1159	1926
708	3118	1176	1942
709	3149	1178	1971
710	3137	1182	1955
711	3109	1181	1928
712	3115	1177	1938
713	3128	1183	1945
714	3170	1172	1998
715	3157	1165	1992
716	3146	1182	1964
717	3149	1185	1964
718	3136	1168	1968
719	3136	1206	1930
720	3124	1195	1929
721	3156	1199	1957
722	3114	1196	1918
723	3081	1184	1897
724	3164	1174	1990
725	3187	1179	2008
726	3178	1190	1988
727	3143	1189	1954
728	3158	1161	1997
729	3171	1180	1991
730	3154	1185	1969
731	3119	1188	1931
732	3137	1191	1946
733	3153	1185	1968
734	3138	1181	1957
735	3138	1176	1962
736	3133	1187	1946
737	3160	1184	1976
738	3203	1213	1990
739	3182	1206	1976
740	3134	1173	1961
741	3154	1152	2002
742	3144	1174	1970
743	3151	1183	1968
744	3161	1195	1966
745	3128	1186	1942
746	3196	1188	2008
747	3174	1188	1986
748	3155	1169	1986
749	3164	1182	1982
750	3186	1184	2002
751	3196	1179	2017
752	3159	1192	1967
753	3159	1191	1968
754	3165	1185	1980
755	3132	1172	1960
756	3151	1177	1974
757	3178	1194	1984
758	3177	1177	2000
759	3147	1184	1963
760	3202	1195	2007
761	3169	1162	2007
762	3155	1196	1959
763	3125	1205	1920
764	3158	1202	1956
765	3166	1177	1989
766	3207	1163	2044
767	3231	1162	2069
768	3146	1177	1969
769	3109	1177	1932
770	3124	1201	1923
771	3169	1175	1994
772	3184	1169	2015
773	3192	1158	2034
774	3199	1171	2028
775	3185	1192	1993
776	3205	1193	2012
777	3187	1191	1996
778	3193	1190	2003
779	3213	1169	2044
780	3183	1196	1987
781	3229	1197	2032
782	3217	1191	2026
783	3232	1213	2019
784	3201	1200	2001
785	3207	1174	2033
786	3180	1181	1999
787	3197	1172	2025
788	3217	1182	2035
789	3182	1196	1986
790	3149	1167	1982
791	3197	1163	2034
792	3176	1160	2016
793	3195	1198	1997
794	3204	1194	2010
795	3201	1171	2030
796	3217	1196	2021
797	3203	1190	2013
798	3194	1166	2028
799	3212	1173	2039
800	3143	1167	1976
801	3122	1156	1966
802	3131	1168	1963
803	3154	1175	1979
804	3179	1180	1999
805	3153	1176	1977
806	3121	1190	1931
807	3147	1205	1942
808	3181	1198	1983
809	3202	1199	2003
810	3202	1193	2009
811	3159	1200	1959
812	3202	1196	2006
813	3206	1188	2018
814	3164	1186	1978
815	3124	1171	1953
816	3141	1158	1983
817	3148	1170	1978
818	3088	1168	1920
819	3131	1171	1960
820	3203	1174	2029
821	3155	1161	1994
822	3194	1178	2016
823	3190	1182	2008
824	3115	1194	1921
825	3159	1186	1973
826	3133	1173	1960
827	3142	1170	1972
828	3214	1201	2013
829	3147	1193	1954
830	3116	1195	1921
831	3115	1194	1921
832	3125	1184	1941
833	3142	1182	1960
834	3127	1191	1936
835	3140	1185	1955
836	3156	1177	1979
837	3147	1187	1960
838	3130	1165	1965
839	3115	1162	1953
840	3162	1199	1963
841	3142	1196	1946
842	3109	1178	1931
843	3129	1184	1945
844	3122	1186	1936
845	3111	1173	1938
846	3104	1202	1902
847	3101	1211	1890
848	3063	1176	1887
849	3089	1178	1911
850	3141	1175	1966
851	3107	1162	1945
852	3128	1167	1961
853	3105	1162	1943
854	3109	1151	1958
855	3134	1164	1970
856	3142	1172	1970
857	3156	1169	1987
858	3091	1174	1917
859	3093	1184	1909
860	3099	1164	1935
861	3104	1172	1932
862	3127	1170	1957
863	3090	1152	1938
864	3142	1175	1967
865	3137	1188	1949
866	3144	1190	1954
867	3118	1171	1947
868	3093	1166	1927
869	3053	1155	1898
870	3053	1172	1881
871	3050	1179	1871
872	3072	1167	1905
873	3054	1179	1875
874	3102	1189	1913
875	3087	1207	1880
876	3091	1207	1884
877	3068	1167	1901
878	3069	1184	1885
879	3091	1206	1885
880	3093	1165	1928
881	3115	1155	1960
882	3123	1176	1947
883	3087	1178	1909
884	3092	1180	1912
885	3036	1183	1853
886	3032	1210	1822
887	3091	1194	1897
888	3113	1177	1936
889	3099	1180	1919
890	3068	1172	1896
891	3072	1152	1920
892	3081	1155	1926
893	3059	1161	1898
894	3123	1165	1958
895	3158	1173	1985
896	3145	1178	1967
897	3140	1192	1948
898	3130	1180	1950
899	3154	1179	1975
900	3141	1172	1969
901	3112	1174	1938
902	3084	1169	1915
903	3104	1167	1937
904	3096	1176	1920
905	3065	1192	1873
906	3087	1184	1903
907	3100	1186	1914
908	3060	1189	1871
909	3100	1170	1930
910	3066	1177	1889
911	3089	1191	1898
912	3112	1191	1921
913	3092	1207	1885
914	3093	1186	1907
915	3113	1155	1958
916	3099	1164	1935
917	3137	1177	1960
918	3120	1192	1928
919	3146	1171	1975
920	3128	1166	1962
921	3105	1157	1948
922	3111	1164	1947
923	3119	1193	1926
924	3072	1183	1889
925	3138	1182	1956
926	3154	1171	1983
927	3106	1169	1937
928	3112	1180	1932
929	3120	1186	1934
930	3169	1174	1995
931	3147	1192	1955
932	3104	1193	1911
933	3106	1187	1919
934	3137	1181	1956
935	3125	1198	1927
936	3063	1188	1875
937	3107	1169	1938
938	3129	1164	1965
939	3113	1161	1952
940	3144	1170	1974
941	3140	1183	1957
942	3105	1168	1937
943	3122	1165	1957
944	3178	1175	2003
945	3168	1174	1994
946	3145	1174	1971
947	3136	1173	1963
948	3137	1173	1964
949	3173	1180	1993
950	3156	1176	1980
951	3139	1172	1967
952	3179	1170	2009
953	3167	1163	2004
954	3132	1161	1971
955	3165	1187	1978
956	3200	1178	2022
957	3153	1176	1977
958	3109	1193	1916
959	3110	1184	1926
960	3151	1180	1971
961	3173	1181	1992
962	3192	1170	2022
963	3209	1156	2053
964	3216	1153	2063
965	3192	1181	2011
966	3164	1177	1987
967	3182	1177	2005
968	3224	1154	2070
969	3242	1185	2057
970	3228	1161	2067
971	3219	1172	2047
972	3240	1192	2048
973	3226	1209	2017
974	3165	1202	1963
975	3187	1181	2006
976	3206	1158	2048
977	3224	1167	2057
978	3233	1185	2048
979	3224	1195	2029
980	3214	1169	2045
981	3194	1194	2000
982	3225	1185	2040
983	3252	1177	2075
984	3250	1185	2065
985	3240	1185	2055
986	3237	1173	2064
987	3208	1172	2036
988	3217	1184	2033
989	3242	1198	2044
990	3263	1166	2097
991	3289	1162	2127
992	3313	1177	2136
993	3276	1171	2105
994	3280	1172	2108
995	3306	1194	2112
996	3284	1196	2088
997	3270	1174	2096
998	3242	1160	2082
999	3252	1169	2083
1000	3287	1207	2080
1001	3268	1172	2096
1002	3220	1160	2060
1003	3245	1192	2053
1004	3281	1180	2101
1005	3293	1163	2130
1006	3290	1161	2129
1007	3285	1182	2103
1008	3317	1186	2131
1009	3305	1160	2145
1010	3274	1145	2129
1011	3300	1171	2129
1012	3297	1172	2125
1013	3331	1196	2135
1014	3359	1198	2161
1015	3321	1196	2125
1016	3346	1174	2172
1017	3313	1170	2143
1018	3311	1183	2128
1019	3365	1192	2173
1020	3352	1186	2166
1021	3361	1173	2188
1022	3395	1173	2222
1023	3395	1147	2248
1024	3385	1158	2227
1025	3373	1175	2198
1026	3347	1160	2187
1027	3353	1173	2180
1028	3354	1190	2164
1029	3409	1176	2233
1030	3441	1178	2263
1031	3442	1157	2285
1032	3430	1152	2278
1033	3437	1188	2249
1034	3444	1202	2242
1035	3420	1196	2224
1036	3405	1177	2228
1037	3433	1191	2242
1038	3460	1168	2292
1039	3442	1169	2273
1040	3423	1167	2256
1041	3453	1166	2287
1042	3507	1150	2357
1043	3504	1181	2323
1044	3472	1209	2263
1045	3458	1191	2267
1046	3448	1185	2263
1047	3476	1172	2304
1048	3482	1183	2299
1049	3450	1174	2276
1050	3497	1136	2361
1051	3504	1159	2345
1052	3485	1172	2313
1053	3482	1182	2300
1054	3497	1185	2312
1055	3587	1186	2401
1056	3599	1198	2401
1057	3543	1172	2371
1058	3545	1166	2379
1059	3551	1177	2374
1060	3585	1172	2413
1061	3568	1164	2404
1062	3561	1167	2394
1063	3599	1164	2435
1064	3638	1146	2492
1065	3609	1162	2447
1066	3575	1167	2408
1067	3567	1168	2399
1068	3571	1160	2411
1069	3583	1169	2414
1070	3582	1188	2394
1071	3591	1200	2391
1072	3543	1204	2339
1073	3524	1186	2338
1074	3587	1162	2425
1075	3597	1174	2423
1076	3627	1155	2472
1077	3623	1166	2457
1078	3580	1179	2401
1079	3562	1185	2377
1080	3582	1176	2406
1081	3613	1198	2415
1082	3642	1203	2439
1083	3649	1190	2459
1084	3624	1183	2441
1085	3637	1192	2445
1086	3627	1177	2450
1087	3600	1179	2421
1088	3631	1194	2437
1089	3624	1175	2449
1090	3655	1151	2504
1091	3656	1169	2487
1092	3713	1186	2527
1093	3713	1165	2548
1094	3676	1148	2528
1095	3702	1166	2536
1096	3703	1172	2531
1097	3671	1170	2501
1098	3695	1180	2515
1099	3711	1187	2524
1100	3705	1169	2536
1101	3714	1179	2535
1102	3718	1169	2549
1103	3722	1170	2552
1104	3797	1180	2617
1105	3780	1194	2586
1106	3758	1178	2580
1107	3779	1147	2632
1108	3795	1158	2637
1109	3715	1158	2557
1110	3707	1166	2541
1111	3736	1175	2561
1112	3745	1167	2578
1113	3748	1158	2590
1114	3783	1162	2621
1115	3745	1172	2573
1116	3735	1170	2565
1117	3684	1176	2508
1118	3720	1198	2522
1119	3744	1188	2556
1120	3755	1161	2594
1121	3713	1177	2536
1122	3740	1182	2558
1123	3781	1167	2614
1124	3773	1169	2604
1125	3764	1178	2586
1126	3779	1164	2615
1127	3788	1173	2615
1128	3774	1196	2578
1129	3747	1211	2536
1130	3759	1207	2552
1131	3787	1204	2583
1132	3805	1201	2604
1133	3803	1188	2615
1134	3845	1173	2672
1135	3857	1200	2657
1136	3831	1194	2637
1137	3835	1177	2658
1138	3812	1190	2622
1139	3784	1192	2592
1140	3800	1178	2622
1141	3779	1185	2594
1142	3840	1189	2651
1143	3895	1182	2713
1144	3878	1202	2676
1145	3847	1204	2643
1146	3864	1175	2689
1147	3898	1162	2736
1148	3865	1167	2698
1149	3800	1156	2644
1150	3845	1168	2677
1151	3858	1162	2696
1152	3841	1170	2671
1153	3831	1168	2663
1154	3877	1146	2731
1155	3869	1179	2690
1156	3847	1178	2669
1157	3865	1167	2698
1158	3881	1177	2704
1159	3877	1172	2705
1160	3833	1158	2675
1161	3898	1184	2714
1162	3954	1197	2757
1163	3962	1182	2780
1164	3905	1193	2712
1165	3901	1198	2703
1166	3913	1194	2719
1167	3958	1168	2790
1168	3977	1167	2810
1169	3916	1192	2724
1170	3903	1188	2715
1171	3914	1172	2742
1172	3942	1174	2768
1173	3927	1172	2755
1174	3917	1171	2746
1175	3917	1159	2758
1176	3924	1163	2761
1177	3896	1164	2732
1178	3936	1181	2755
1179	3933	1190	2743
1180	3915	1199	2716
1181	3938	1184	2754
1182	3935	1178	2757
1183	3900	1194	2706
1184	3955	1200	2755
1185	3965	1188	2777
1186	3940	1164	2776
1187	3893	1182	2711
1188	3902	1168	2734
1189	3890	1166	2724
1190	3914	1199	2715
1191	3948	1195	2753
1192	3931	1187	2744
1193	3937	1180	2757
1194	3933	1194	2739
1195	3917	1180	2737
1196	3941	1171	2770
1197	3959	1174	2785
1198	3932	1166	2766
1199	3905	1185	2720
1200	3854	1201	2653
1201	3913	1177	2736
1202	3914	1175	2739
1203	3954	1188	2766
1204	3960	1196	2764
1205	3982	1185	2797
1206	4040	1194	2846
1207	3999	1177	2822
1208	3964	1178	2786
1209	3938	1194	2744
1210	3952	1193	2759
1211	3953	1175	2778
1212	3981	1175	2806
1213	3970	1170	2800
1214	3956	1154	2802
1215	3960	1181	2779
1216	3941	1175	2766
1217	3966	1175	2791
1218	3917	1148	2769
1219	3938	1172	2766
1220	3925	1188	2737
1221	3968	1189	2779
1222	3929	1199	2730
1223	3880	1167	2713
1224	3879	1181	2698
1225	3900	1184	2716
1226	3967	1174	2793
1227	3930	1195	2735
1228	3921	1193	2728
1229	3935	1174	2761
1230	3895	1190	2705
1231	3887	1184	2703
1232	3919	1179	2740
1233	3978	1189	2789
1234	3938	1201	2737
1235	3913	1198	2715
1236	3873	1188	2685
1237	3863	1172	2691
1238	3878	1179	2699
1239	3911	1197	2714
1240	3932	1173	2759
1241	3942	1191	2751
1242	3928	1186	2742
1243	3928	1168	2760
1244	3928	1185	2743
1245	3907	1160	2747
1246	3921	1162	2759
1247	3876	1180	2696
1248	3882	1173	2709
1249	3943	1186	2757
1250	3898	1196	2702
1251	3899	1170	2729
1252	3907	1165	2742
1253	3834	1165	2669
1254	3822	1164	2658
1255	3876	1165	2711
1256	3890	1195	2695
1257	3921	1189	2732
1258	3887	1173	2714
1259	3897	1162	2735
1260	3874	1176	2698
1261	3828	1183	2645
1262	3826	1180	2646
1263	3862	1189	2673
1264	3861	1177	2684
1265	3866	1166	2700
1266	3901	1175	2726
1267	3898	1159	2739
1268	3858	1163	2695
1269	3836	1167	2669
1270	3842	1178	2664
1271	3865	1198	2667
1272	3841	1175	2666
1273	3814	1170	2644
1274	3820	1190	2630
1275	3836	1189	2647
1276	3900	1196	2704
1277	3889	1177	2712
1278	3861	1191	2670
1279	3833	1200	2633
1280	3816	1187	2629
1281	3845	1182	2663
1282	3859	1186	2673
1283	3857	1155	2702
1284	3845	1174	2671
1285	3798	1177	2621
1286	3822	1177	2645
1287	3823	1186	2637
1288	3813	1187	2626
1289	3840	1179	2661
1290	3841	1169	2672
1291	3789	1174	2615
1292	3792	1157	2635
1293	3740	1152	2588
1294	3775	1180	2595
1295	3812	1189	2623
1296	3775	1188	2587
1297	3806	1146	2660
1298	3785	1170	2615
1299	3787	1182	2605
1300	3771	1158	2613
1301	3734	1159	2575
1302	3756	1182	2574
1303	3760	1194	2566
1304	3734	1194	2540
1305	3733	1189	2544
1306	3762	1177	2585
1307	3781	1183	2598
1308	3779	1180	2599
1309	3767	1183	2584
1310	3795	1183	2612
1311	3789	1191	2598
1312	3764	1207	2557
1313	3759	1189	2570
1314	3773	1166	2607
1315	3777	1181	2596
1316	3718	1177	2541
1317	3692	1178	2514
1318	3695	1175	2520
1319	3675	1180	2495
1320	3666	1172	2494
1321	3693	1182	2511
1322	3675	1188	2487
1323	3675	1181	2494
1324	3668	1200	2468
1325	3652	1183	2469
1326	3732	1177	2555
1327	3707	1191	2516
1328	3624	1176	2448
1329	3632	1180	2452
1330	3660	1182	2478
1331	3686	1174	2512
1332	3690	1178	2512
1333	3631	1181	2450
1334	3633	1159	2474
1335	3644	1175	2469
1336	3627	1183	2444
1337	3607	1196	2411
1338	3630	1191	2439
1339	3605	1180	2425
1340	3633	1181	2452
1341	3633	1187	2446
1342	3591	1180	2411
1343	3532	1183	2349
1344	3536	1178	2358
1345	3538	1169	2369
1346	3632	1165	2467
1347	3644	1179	2465
1348	3575	1179	2396
1349	3592	1167	2425
1350	3615	1171	2444
1351	3576	1183	2393
1352	3588	1195	2393
1353	3563	1184	2379
1354	3581	1174	2407
1355	3606	1174	2432
1356	3570	1190	2380
1357	3522	1189	2333
1358	3539	1180	2359
1359	3536	1181	2355
1360	3566	1183	2383
1361	3581	1189	2392
1362	3559	1191	2368
1363	3506	1183	2323
1364	3526	1195	2331
1365	3590	1196	2394
1366	3588	1188	2400
1367	3586	1201	2385
1368	3580	1195	2385
1369	3564	1183	2381
1370	3562	1195	2367
1371	3524	1205	2319
1372	3510	1208	2302
1373	3461	1201	2260
1374	3495	1196	2299
1375	3499	1162	2337
1376	3461	1172	2289
1377	3441	1192	2249
1378	3446	1174	2272
1379	3457	1149	2308
1380	3466	1168	2298
1381	3423	1180	2243
1382	3457	1200	2257
1383	3439	1178	2261
1384	3393	1173	2220
1385	3413	1187	2226
1386	3414	1162	2252
1387	3405	1140	2265
1388	3433	1140	2293
1389	3474	1189	2285
1390	3461	1197	2264
1391	3460	1187	2273
1392	3428	1184	2244
1393	3357	1170	2187
1394	3378	1178	2200
1395	3413	1174	2239
1396	3390	1148	2242
1397	3399	1152	2247
1398	3389	1182	2207
1399	3355	1186	2169
1400	3349	1208	2141
1401	3381	1220	2161
1402	3378	1211	2167
1403	3370	1196	2174
1404	3430	1192	2238
1405	3378	1190	2188
1406	3320	1185	2135
1407	3338	1193	2145
1408	3359	1178	2181
1409	3351	1176	2175
1410	3302	1193	2109
1411	3260	1187	2073
1412	3266	1156	2110
1413	3294	1171	2123
1414	3329	1193	2136
1415	3278	1176	2102
1416	3275	1170	2105
1417	3326	1182	2144
1418	3321	1182	2139
1419	3309	1193	2116
1420	3274	1194	2080
1421	3239	1190	2049
1422	3241	1195	2046
1423	3293	1173	2120
1424	3279	1180	2099
1425	3222	1179	2043
1426	3237	1192	2045
1427	3266	1194	2072
1428	3258	1170	2088
1429	3188	1191	1997
1430	3215	1180	2035
1431	3220	1172	2048
1432	3212	1180	2032
1433	3239	1167	2072
1434	3263	1180	2083
1435	3225	1196	2029
1436	3232	1197	2035
1437	3199	1212	1987
1438	3250	1190	2060
1439	3252	1185	2067
1440	3200	1183	2017
1441	3171	1165	2006
1442	3185	1161	2024
1443	3168	1159	2009
1444	3171	1184	1987
1445	3171	1202	1969
1446	3203	1180	2023
1447	3173	1197	1976
1448	3210	1185	2025
1449	3196	1188	2008
1450	3169	1190	1979
1451	3146	1180	1966
1452	3185	1181	2004
1453	3132	1168	1964
1454	3102	1186	1916
1455	3094	1189	1905
1456	3095	1184	1911
1457	3153	1170	1983
1458	3129	1170	1959
1459	3122	1179	1943
1460	3105	1173	1932
1461	3076	1178	1898
1462	3096	1173	1923
1463	3098	1176	1922
1464	3087	1193	1894
1465	3096	1193	1903
1466	3080	1170	1910
1467	3072	1156	1916
1468	3059	1153	1906
1469	3055	1198	1857
1470	2991	1196	1795
1471	3018	1186	1832
1472	3086	1185	1901
1473	3089	1191	1898
1474	3092	1185	1907
1475	3039	1197	1842
1476	3025	1170	1855
1477	3026	1179	1847
1478	3047	1198	1849
1479	3032	1179	1853
1480	3036	1165	1871
1481	3026	1171	1855
1482	3021	1169	1852
1483	3008	1179	1829
1484	3029	1199	1830
1485	3041	1190	1851
1486	3014	1180	1834
1487	3017	1198	1819
1488	2994	1199	1795
1489	3013	1184	1829
1490	2988	1185	1803
1491	2998	1181	1817
1492	2959	1183	1776
1493	2959	1177	1782
1494	2991	1195	1796
1495	2981	1191	1790
1496	2961	1169	1792
1497	2961	1163	1798
1498	2940	1173	1767
1499	2950	1170	1780
1500	2929	1157	1772
1501	2952	1158	1794
1502	2969	1184	1785
1503	2973	1172	1801
1504	2950	1159	1791
1505	2939	1177	1762
1506	2946	1182	1764
1507	2920	1170	1750
1508	2918	1169	1749
1509	2900	1172	1728
1510	2936	1186	1750
1511	2962	1191	1771
1512	2927	1197	1730
1513	2891	1201	1690
1514	2852	1186	1666
1515	2875	1166	1709
1516	2875	1178	1697
1517	2908	1182	1726
1518	2931	1170	1761
1519	2886	1197	1689
1520	2881	1188	1693
1521	2865	1193	1672
1522	2885	1179	1706
1523	2852	1173	1679
1524	2819	1173	1646
1525	2843	1147	1696
1526	2796	1155	1641
1527	2827	1170	1657
1528	2853	1194	1659
1529	2809	1180	1629
1530	2803	1184	1619
1531	2829	1184	1645
1532	2849	1172	1677
1533	2867	1191	1676
1534	2882	1194	1688
1535	2854	1167	1687
1536	2820	1164	1656
1537	2806	1167	1639
1538	2818	1183	1635
1539	2797	1175	1622
1540	2777	1168	1609
1541	2773	1166	1607
1542	2797	1172	1625
1543	2824	1180	1644
1544	2796	1167	1629
1545	2777	1159	1618
1546	2753	1178	1575
1547	2731	1176	1555
1548	2718	1170	1548
1549	2707	1171	1536
1550	2728	1179	1549
1551	2759	1169	1590
1552	2773	1171	1602
1553	2730	1196	1534
1554	2736	1197	1539
1555	2705	1183	1522
1556	2706	1194	1512
1557	2716	1199	1517
1558	2695	1198	1497
1559	2701	1187	1514
1560	2750	1185	1565
1561	2730	1181	1549
1562	2655	1165	1490
1563	2669	1162	1507
1564	2710	1163	1547
1565	2732	1176	1556
1566	2700	1179	1521
1567	2675	1190	1485
1568	2702	1211	1491
1569	2713	1202	1511
1570	2715	1176	1539
1571	2679	1159	1520
1572	2686	1157	1529
1573	2661	1164	1497
1574	2703	1170	1533
1575	2671	1169	1502
1576	2652	1191	1461
1577	2688	1194	1494
1578	2736	1184	1552
1579	2683	1173	1510
1580	2649	1192	1457
1581	2659	1199	1460
1582	2647	1202	1445
1583	2622	1176	1446
1584	2695	1175	1520
1585	2671	1174	1497
1586	2619	1183	1436
1587	2611	1197	1414
1588	2628	1174	1454
1589	2636	1169	1467
1590	2617	1183	1434
1591	2636	1175	1461
1592	2678	1186	1492
1593	2636	1173	1463
1594	2621	1177	1444
1595	2623	1196	1427
1596	2611	1167	1444
1597	2576	1159	1417
1598	2575	1176	1399
1599	2592	1179	1413
1600	2619	1187	1432
1601	2622	1177	1445
1602	2613	1166	1447
1603	2592	1181	1411
1604	2597	1195	1402
1605	2585	1188	1397
1606	2531	1173	1358
1607	2551	1178	1373
1608	2565	1173	1392
1609	2568	1193	1375
1610	2588	1184	1404
1611	2578	1172	1406
1612	2559	1176	1383
1613	2539	1165	1374
1614	2555	1165	1390
1615	2556	1172	1384
1616	2525	1159	1366
1617	2545	1154	1391
1618	2604	1163	1441
1619	2576	1159	1417
1620	2542	1170	1372
1621	2509	1180	1329
1622	2522	1162	1360
1623	2488	1177	1311
1624	2478	1200	1278
1625	2505	1193	1312
1626	2484	1171	1313
1627	2490	1175	1315
1628	2464	1183	1281
1629	2463	1201	1262
1630	2460	1204	1256
1631	2476	1193	1283
1632	2526	1204	1322
1633	2497	1199	1298
1634	2493	1187	1306
1635	2484	1188	1296
1636	2474	1188	1286
1637	2472	1170	1302
1638	2490	1183	1307
1639	2500	1172	1328
1640	2472	1186	1286
1641	2479	1191	1288
1642	2463	1180	1283
1643	2431	1172	1259
1644	2453	1174	1279
1645	2446	1173	1273
1646	2447	1185	1262
1647	2479	1184	1295
1648	2440	1170	1270
1649	2456	1157	1299
1650	2454	1163	1291
1651	2444	1187	1257
1652	2401	1183	1218
1653	2390	1171	1219
1654	2445	1179	1266
1655	2438	1179	1259
1656	2422	1180	1242
1657	2428	1176	1252
1658	2407	1185	1222
1659	2398	1190	1208
1660	2383	1178	1205
1661	2401	1186	1215
1662	2418	1173	1245
1663	2440	1197	1243
1664	2433	1207	1226
1665	2420	1197	1223
1666	2429	1160	1269
1667	2417	1171	1246
1668	2344	1181	1163
1669	2394	1167	1227
1670	2431	1165	1266
1671	2420	1173	1247
1672	2433	1168	1265
1673	2437	1190	1247
1674	2391	1181	1210
1675	2404	1156	1248
1676	2382	1186	1196
1677	2349	1181	1168
1678	2362	1166	1196
1679	2388	1166	1222
1680	2365	1171	1194
1681	2389	1183	1206
1682	2372	1172	1200
1683	2378	1172	1206
1684	2388	1161	1227
1685	2374	1178	1196
1686	2382	1199	1183
1687	2380	1177	1203
1688	2361	1171	1190
1689	2333	1154	1179
1690	2342	1152	1190
1691	2373	1178	1195
1692	2389	1189	1200
1693	2389	1177	1212
1694	2348	1177	1171
1695	2350	1202	1148
1696	2378	1189	1189
1697	2385	1189	1196
1698	2377	1176	1201
1699	2336	1175	1161
1700	2305	1186	1119
1701	2308	1180	1128
1702	2324	1173	1151
1703	2327	1198	1129
1704	2348	1177	1171
1705	2327	1175	1152
1706	2325	1176	1149
1707	2299	1159	1140
1708	2273	1181	1092
1709	2297	1193	1104
1710	2289	1185	1104
1711	2278	1172	1106
1712	2276	1174	1102
1713	2265	1181	1084
1714	2253	1179	1074
1715	2254	1196	1058
1716	2293	1195	1098
1717	2237	1168	1069
1718	2252	1166	1086
1719	2290	1218	1072
1720	2286	1191	1095
1721	2274	1167	1107
1722	2261	1157	1104
1723	2244	1162	1082
1724	2268	1160	1108
1725	2261	1159	1102
1726	2259	1144	1115
1727	2255	1149	1106
1728	2252	1179	1073
1729	2253	1172	1081
1730	2240	1188	1052
1731	2205	1176	1029
1732	2229	1155	1074
1733	2250	1159	1091
1734	2218	1187	1031
1735	2184	1177	1007
1736	2200	1161	1039
1737	2231	1176	1055
1738	2243	1189	1054
1739	2193	1180	1013
1740	2156	1181	975
1741	2165	1176	989
1742	2206	1177	1029
1743	2210	1180	1030
1744	2192	1176	1016
1745	2181	1178	1003
1746	2209	1175	1034
1747	2190	1153	1037
1748	2189	1155	1034
1749	2175	1182	993
1750	2142	1167	975
1751	2158	1163	995
1752	2186	1186	1000
1753	2170	1200	970
1754	2186	1176	1010
1755	2158	1154	1004
1756	2121	1176	945
1757	2140	1172	968
1758	2138	1160	978
1759	2121	1181	940
1760	2120	1197	923
1761	2134	1197	937
1762	2140	1156	984
1763	2110	1154	956
1764	2106	1164	942
1765	2119	1160	959
1766	2097	1171	926
1767	2115	1173	942
1768	2135	1181	954
1769	2106	1191	915
1770	2088	1173	915
1771	2110	1168	942
1772	2104	1150	954
1773	2117	1159	958
1774	2111	1179	932
1775	2122	1183	939
1776	2099	1190	909
1777	2093	1170	923
1778	2079	1175	904
1779	2060	1184	876
1780	2066	1186	880
1781	2085	1194	891
1782	2073	1184	889
1783	2073	1186	887
1784	2056	1188	868
1785	2046	1177	869
1786	2055	1179	876
1787	2029	1176	853
1788	2067	1189	878
1789	2043	1185	858
1790	2052	1170	882
1791	2060	1156	904
1792	2041	1177	864
1793	2054	1178	876
1794	2066	1185	881
1795	2046	1190	856
1796	2026	1187	839
1797	2013	1204	809
1798	2025	1184	841
1799	2006	1189	817
1800	2023	1180	843
1801	2031	1187	844
1802	2032	1191	841
1803	2022	1173	849
1804	2011	1166	845
1805	1981	1168	813
1806	1998	1175	823
1807	1992	1157	835
1808	1996	1170	826
1809	2013	1172	841
1810	1971	1170	801
1811	2001	1172	829
1812	2000	1179	821
1813	1966	1172	794
1814	1963	1171	792
1815	1944	1169	775
1816	1991	1199	792
1817	1986	1209	777
1818	1947	1186	761
1819	1940	1179	761
1820	1958	1201	757
1821	1967	1211	756
1822	1943	1202	741
1823	1907	1167	740
1824	1910	1177	733
1825	1912	1188	724
1826	1917	1188	729
1827	1919	1177	742
1828	1875	1170	705
1829	1898	1185	713
1830	1896	1183	713
1831	1887	1180	707
1832	1886	1180	706
1833	1875	1180	695
1834	1875	1192	683
1835	1856	1185	671
1836	1876	1162	714
1837	1854	1176	678
1838	1840	1193	647
1839	1842	1190	652
1840	1856	1193	663
1841	1848	1185	663
1842	1866	1174	692
1843	1856	1166	690
1844	1884	1174	710
1845	1855	1175	680
1846	1841	1169	672
1847	1826	1176	650
1848	1816	1162	654
1849	1834	1176	658
1850	1859	1198	661
1851	1840	1178	662
1852	1851	1170	681
1853	1852	1167	685
1854	1809	1179	630
1855	1792	1178	614
1856	1808	1164	644
1857	1856	1155	701
1858	1853	1162	691
1859	1824	1172	652
1860	1799	1171	628
1861	1788	1174	614
1862	1801	1176	625
1863	1824	1192	632
1864	1801	1193	608
1865	1788	1179	609
1866	1817	1183	634
1867	1796	1196	600
1868	1789	1185	604
1869	1792	1165	627
1870	1775	1174	601
1871	1744	1177	567
1872	1764	1180	584
1873	1774	1163	611
1874	1762	1163	599
1875	1744	1169	575
1876	1732	1150	582
1877	1744	1163	581
1878	1754	1177	577
1879	1716	1162	554
1880	1700	1171	529
1881	1713	1159	554
1882	1720	1165	555
1883	1712	1186	526
1884	1679	1176	503
1885	1662	1185	477
1886	1672	1185	487
1887	1647	1179	468
1888	1674	1185	489
1889	1657	1176	481
1890	1638	1177	461
1891	1654	1186	468
1892	1662	1180	482
1893	1652	1178	474
1894	1634	1171	463
1895	1633	1171	462
1896	1607	1182	425
1897	1624	1193	431
1898	1616	1185	431
1899	1603	1167	436
1900	1626	1173	453
1901	1602	1185	417
1902	1572	1190	382
1903	1595	1159	436
1904	1586	1159	427
1905	1586	1178	408
1906	1580	1176	404
1907	1570	1177	393
1908	1563	1178	385
1909	1582	1168	414
1910	1569	1159	410
1911	1557	1173	384
1912	1573	1181	392
1913	1560	1180	380
1914	1579	1184	395
1915	1569	1169	400
1916	1583	1174	409
1917	1557	1176	381
1918	1539	1177	362
1919	1589	1177	412
1920	1603	1159	444
1921	1588	1151	437
1922	1587	1179	408
1923	1600	1176	424
1924	1592	1153	439
1925	1590	1152	438
1926	1582	1163	419
1927	1553	1163	390
1928	1585	1175	410
1929	1585	1172	413
1930	1592	1176	416
1931	1583	1182	401
1932	1554	1169	385
1933	1541	1177	364
1934	1566	1179	387
1935	1575	1164	411
1936	1576	1161	415
1937	1555	1164	391
1938	1580	1179	401
1939	1560	1170	390
1940	1577	1151	426
1941	1573	1168	405
1942	1565	1162	403
1943	1527	1158	369
1944	1542	1173	369
1945	1551	1183	368
1946	1547	1175	372
1947	1553	1176	377
1948	1542	1176	366
1949	1546	1165	381
1950	1553	1160	393
1951	1544	1177	367
1952	1564	1182	382
1953	1535	1178	357
1954	1515	1178	337
1955	1525	1171	354
1956	1531	1165	366
1957	1540	1163	377
1958	1508	1167	341
1959	1513	1165	348
1960	1511	1147	364
1961	1484	1159	325
1962	1495	1172	323
1963	1517	1152	365
1964	1515	1171	344
1965	1502	1202	300
1966	1516	1187	329
1967	1495	1180	315
1968	1457	1171	286
1969	1488	1181	307
1970	1493	1177	316
1971	1482	1191	291
1972	1522	1182	340
1973	1498	1186	312
1974	1488	1180	308
1975	1489	1167	322
1976	1486	1180	306
1977	1470	1192	278
1978	1475	1196	279
1979	1476	1197	279
1980	1472	1175	297
1981	1463	1163	300
1982	1473	1193	280
1983	1474	1186	288
1984	1472	1172	300
1985	1463	1183	280
1986	1451	1173	278
1987	1443	1160	283
1988	1441	1171	270
1989	1430	1170	260
1990	1444	1184	260
1991	1431	1174	257
1992	1462	1166	296
1993	1465	1181	284
1994	1445	1170	275
1995	1452	1173	279
1996	1445	1175	270
1997	1402	1179	223
1998	1403	1200	203
1999	1431	1199	232
2000	1429	1180	249
2001	1414	1170	244
2002	1434	1162	272
2003	1417	1177	240
2004	1418	1178	240
2005	1420	1146	274
2006	1425	1161	264
2007	1426	1174	252
2008	1418	1186	232
2009	1410	1186	224
2010	1398	1190	208
2011	1429	1175	254
2012	1434	1164	270
2013	1394	1186	208
2014	1414	1178	236
2015	1404	1171	233
2016	1379	1189	190
2017	1385	1193	192
2018	1404	1167	237
2019	1395	1159	236
2020	1385	1176	209
2021	1394	1177	217
2022	1401	1165	236
2023	1387	1167	220
2024	1381	1195	186
2025	1393	1184	209
2026	1377	1161	216
2027	1364	1179	185
2028	1389	1180	209
2029	1373	1182	191
2030	1391	1186	205
2031	1385	1181	204
2032	1377	1166	211
2033	1374	1180	194
2034	1365	1187	178
2035	1354	1168	186
2036	1336	1172	164
2037	1362	1176	186
2038	1392	1172	220
2039	1368	1170	198
2040	1368	1180	188
2041	1363	1182	181
2042	1380	1166	214
2043	1353	1166	187
2044	1357	1167	190
2045	1338	1169	169
2046	1347	1186	161
2047	1331	1185	146
2048	1364	1192	172
2049	1397	1178	219
2050	1377	1166	211
2051	1368	1170	198
2052	1352	1170	182
2053	1345	1182	163
2054	1337	1164	173
2055	1341	1179	162
2056	1319	1182	137
2057	1324	1179	145
2058	1337	1152	185
2059	1345	1164	181
2060	1360	1174	186
2061	1326	1174	152
2062	1326	1193	133
2063	1331	1211	120
2064	1345	1193	152
2065	1346	1185	161
2066	1339	1178	161
2067	1325	1167	158
2068	1325	1190	135
2069	1321	1174	147
2070	1322	1190	132
2071	1331	1215	116
2072	1318	1194	124
2073	1327	1189	138
2074	1343	1179	164
2075	1309	1193	116
2076	1310	1195	115
2077	1335	1189	146
2078	1321	1170	151
2079	1322	1151	171
2080	1319	1153	166
2081	1308	1185	123
2082	1303	1188	115
2083	1288	1176	112
2084	1315	1187	128
2085	1299	1186	113
2086	1302	1177	125
2087	1309	1183	126
2088	1322	1191	131
2089	1320	1169	151
2090	1293	1182	111
2091	1290	1196	94
2092	1316	1202	114
2093	1308	1188	120
2094	1310	1190	120
2095	1286	1212	74
2096	1277	1194	83
2097	1281	1168	113
2098	1304	1162	142
2099	1284	1180	104
2100	1286	1189	97
2101	1288	1188	100
2102	1272	1179	93
2103	1288	1183	105
2104	1306	1189	117
2105	1294	1174	120
2106	1276	1171	105
2107	1289	1186	103
2108	1303	1176	127
2109	1293	1185	108
2110	1280	1189	91
2111	1248	1156	92
2112	1270	1158	112
2113	1271	1175	96
2114	1277	1177	100
2115	1300	1177	123
2116	1297	1172	125
2117	1282	1167	115
2118	1264	1187	77
2119	1267	1175	92
2120	1279	1167	112
2121	1262	1183	79
2122	1274	1188	86
2123	1287	1190	97
2124	1284	1195	89
2125	1279	1197	82
2126	1273	1187	86
2127	1276	1196	80
2128	1258	1199	59
2129	1249	1201	48
2130	1255	1191	64
2131	1256	1191	65
2132	1260	1168	92
2133	1261	1185	76
2134	1278	1185	93
2135	1285	1197	88
2136	1292	1185	107
2137	1278	1173	105
2138	1264	1168	96
2139	1276	1185	91
2140	1277	1178	99
2141	1265	1181	84
2142	1255	1182	73
2143	1266	1174	92
2144	1272	1191	81
2145	1269	1187	82
2146	1249	1172	77
2147	1238	1163	75
2148	1265	1159	106
2149	1269	1172	97
2150	1270	1182	88
2151	1274	1198	76
2152	1260	1169	91
2153	1252	1151	101
2154	1262	1177	85
2155	1264	1183	81
2156	1263	1198	65
2157	1276	1190	86
2158	1257	1181	76
2159	1223	1194	29
2160	1247	1196	51
2161	1277	1209	68
2162	1260	1207	53
2163	1253	1179	74
2164	1268	1189	79
2165	1241	1175	66
2166	1245	1184	61
2167	1223	1168	55
2168	1231	1156	75
2169	1246	1184	62
2170	1233	1196	37
2171	1240	1182	58
2172	1246	1196	50
2173	1205	1206	-1
2174	1214	1187	27
2175	1243	1178	65
2176	1235	1188	47
2177	1219	1172	47
2178	1225	1163	62
2179	1227	1179	48
2180	1244	1177	67
2181	1256	1202	54
2182	1231	1184	47
2183	1215	1181	34
2184	1234	1218	16
2185	1207	1199	8
2186	1203	1162	41
2187	1228	1161	67
2188	1246	1161	85
2189	1241	1151	90
2190	1240	1177	63
2191	1239	1200	39
2192	1249	1182	67
2193	1237	1192	45
2194	1215	1202	13
2195	1216	1198	18
2196	1242	1189	53
2197	1238	1178	60
2198	1220	1157	63
2199	1231	1147	84
2200	1253	1177	76
2201	1238	1176	62
2202	1223	1195	28
2203	1214	1192	22
2204	1237	1190	47
2205	1243	1171	72
2206	1243	1187	56
2207	1220	1173	47
2208	1233	1171	62
2209	1259	1193	66
2210	1265	1182	83
2211	1239	1168	71
2212	1224	1171	53
2213	1224	1188	36
2214	1227	1167	60
2215	1231	1167	64
2216	1235	1164	71
2217	1216	1160	56
2218	1206	1177	29
2219	1234	1217	17
2220	1244	1180	64
2221	1248	1164	84
2222	1242	1170	72
2223	1237	1188	49
2224	1247	1164	83
2225	1241	1163	78
2226	1220	1188	32
2227	1224	1195	29
2228	1243	1197	46
2229	1235	1173	62
2230	1216	1174	42
2231	1222	1162	60
2232	1224	1156	68
2233	1215	1149	66
2234	1238	1184	54
2235	1229	1185	44
2236	1235	1186	49
2237	1227	1187	40
2238	1235	1186	49
2239	1215	1183	32
2240	1217	1188	29
2241	1239	1177	62
2242	1246	1184	62
2243	1223	1171	52
2244	1225	1164	61
2245	1237	1172	65
2246	1208	1165	43
2247	1212	1173	39
2248	1223	1171	52
2249	1214	1188	26
2250	1214	1177	37
2251	1216	1185	31
2252	1250	1183	67
2253	1252	1156	96
2254	1256	1180	76
2255	1263	1195	68
2256	1240	1159	81
2257	1230	1157	73
2258	1223	1177	46
2259	1221	1174	47
2260	1235	1171	64
2261	1229	1164	65
2262	1234	1158	76
2263	1230	1157	73
2264	1233	1170	63
2265	1232	1177	55
2266	1225	1179	46
2267	1218	1168	50
2268	1239	1164	75
2269	1229	1188	41
2270	1214	1179	35
2271	1226	1172	54
2272	1242	1176	66
2273	1252	1181	71
2274	1243	1183	60
2275	1250	1162	88
2276	1256	1164	92
2277	1265	1189	76
2278	1251	1167	84
2279	1245	1150	95
2280	1241	1187	54
2281	1231	1167	64
2282	1228	1174	54
2283	1232	1179	53
2284	1248	1186	62
2285	1237	1185	52
2286	1232	1178	54
2287	1236	1183	53
2288	1236	1184	52
2289	1230	1175	55
2290	1236	1161	75
2291	1259	1181	78
2292	1252	1190	62
2293	1207	1188	19
2294	1217	1171	46
2295	1228	1165	63
2296	1222	1178	44
2297	1227	1161	66
2298	1240	1178	62
2299	1219	1183	36
2300	1223	1165	58
2301	1238	1184	54
2302	1226	1190	36
2303	1213	1167	46
2304	1229	1171	58
2305	1218	1198	20
2306	1220	1209	11
2307	1223	1200	23
2308	1244	1203	41
2309	1224	1181	43
2310	1238	1189	49
2311	1231	1200	31
2312	1244	1198	46
2313	1266	1204	62
2314	1246	1185	61
2315	1227	1186	41
2316	1236	1169	67
2317	1229	1175	54
2318	1221	1164	57
2319	1216	1140	76
2320	1234	1160	74
2321	1233	1187	46
2322	1222	1178	44
2323	1210	1180	30
2324	1230	1186	44
2325	1238	1180	58
2326	1219	1186	33
2327	1214	1174	40
2328	1231	1177	54
2329	1247	1190	57
2330	1249	1186	63
2331	1249	1178	71
2332	1232	1184	48
2333	1226	1157	69
2334	1232	1180	52
2335	1229	1189	40
2336	1233	1166	67
2337	1233	1174	59
2338	1220	1181	39
2339	1213	1180	33
2340	1229	1186	43
2341	1227	1162	65
2342	1230	1184	46
2343	1209	1185	24
2344	1224	1175	49
2345	1248	1167	81
2346	1253	1177	76
2347	1237	1185	52
2348	1236	1184	52
2349	1227	1182	45
2350	1224	1178	46
2351	1229	1161	68
2352	1247	1175	72
2353	1242	1178	64
2354	1228	1155	73
2355	1224	1153	71
2356	1235	1150	85
2357	1258	1179	79
2358	1246	1192	54
2359	1219	1169	50
2360	1227	1179	48
2361	1230	1162	68
2362	1225	1169	56
2363	1219	1166	53
2364	1224	1168	56
2365	1203	1173	30
2366	1205	1168	37
2367	1211	1185	26
2368	1231	1187	44
2369	1229	1168	61
2370	1222	1185	37
2371	1219	1181	38
2372	1241	1183	58
2373	1238	1190	48
2374	1233	1198	35
2375	1226	1205	21
2376	1232	1186	46
2377	1238	1173	65
2378	1240	1164	76
2379	1232	1172	60
2380	1224	1169	55
2381	1231	1161	70
2382	1213	1194	19
2383	1211	1209	2
2384	1227	1203	24
2385	1205	1193	12
2386	1220	1186	34
2387	1244	1171	73
2388	1242	1189	53
2389	1221	1213	8
2390	1227	1180	47
2391	1241	1179	62
2392	1230	1195	35
2393	1223	1202	21
2394	1252	1206	46
2395	1222	1185	37
2396	1224	1196	28
2397	1237	1193	44
2398	1222	1191	31
2399	1206	1179	27
2400	1229	1177	52
2401	1221	1175	46
2402	1209	1192	17
2403	1211	1185	26
2404	1204	1176	28
2405	1195	1176	19
2406	1215	1165	50
2407	1233	1165	68
2408	1247	1177	70
2409	1226	1169	57
2410	1229	1172	57
2411	1223	1204	19
2412	1241	1200	41
2413	1246	1172	74
2414	1219	1165	54
2415	1222	1181	41
2416	1242	1176	66
2417	1233	1169	64
2418	1234	1181	53
2419	1220	1192	28
2420	1228	1210	18
2421	1239	1182	57
2422	1238	1186	52
2423	1245	1188	57
2424	1249	1187	62
2425	1239	1193	46
2426	1234	1172	62
2427	1217	1161	56
2428	1234	1172	62
2429	1225	1217	8
2430	1233	1200	33
2431	1224	1178	46
2432	1217	1197	20
2433	1233	1195	38
2434	1242	1192	50
2435	1235	1191	44
2436	1225	1175	50
2437	1228	1161	67
2438	1231	1176	55
2439	1243	1192	51
2440	1252	1162	90
2441	1242	1166	76
2442	1235	1171	64
2443	1233	1194	39
2444	1237	1194	43
2445	1207	1184	23
2446	1205	1179	26
2447	1218	1157	61
2448	1207	1164	43
2449	1225	1180	45
2450	1225	1170	55
2451	1227	1183	44
2452	1237	1181	56
2453	1232	1187	45
2454	1236	1178	58
2455	1234	1184	50
2456	1241	1201	40
2457	1215	1204	11
2458	1217	1180	37
2459	1219	1171	48
2460	1207	1180	27
2461	1226	1186	40
2462	1229	1179	50
2463	1228	1176	52
2464	1252	1195	57
2465	1224	1181	43
2466	1206	1169	37
2467	1227	1187	40
2468	1192	1155	37
2469	1210	1183	27
2470	1218	1177	41
2471	1222	1186	36
2472	1233	1181	52
2473	1232	1192	40
2474	1228	1176	52
2475	1228	1174	54
2476	1227	1183	44
2477	1212	1165	47
2478	1237	1169	68
2479	1247	1162	85
2480	1238	1175	63
2481	1237	1168	69
2482	1228	1170	58
2483	1216	1179	37
2484	1224	1157	67
2485	1217	1159	58
2486	1235	1176	59
2487	1213	1153	60
2488	1220	1181	39
2489	1225	1211	14
2490	1236	1194	42
2491	1218	1201	17
2492	1218	1204	14
2493	1245	1167	78
2494	1237	1161	76
2495	1221	1186	35
2496	1236	1175	61
2497	1232	1177	55
2498	1219	1185	34
2499	1224	1172	52
2500	1221	1155	66
2501	1208	1163	45
2502	1218	1170	48
2503	1214	1177	37
2504	1222	1171	51
2505	1227	1170	57
2506	1214	1189	25
2507	1205	1181	24
2508	1240	1183	57
2509	1232	1180	52
2510	1202	1182	20
2511	1227	1193	34
2512	1229	1188	41
2513	1232	1185	47
2514	1246	1193	53
2515	1205	1190	15
2516	1208	1193	15
2517	1222	1186	36
2518	1208	1180	28
2519	1202	1173	29
2520	1242	1200	42
2521	1247	1182	65
2522	1239	1174	65
2523	1221	1185	36
2524	1204	1179	25
2525	1217	1176	41
2526	1224	1168	56
2527	1243	1192	51
2528	1238	1177	61
2529	1207	1166	41
2530	1212	1178	34
2531	1232	1181	51
2532	1249	1183	66
2533	1242	1177	65
2534	1207	1183	24
2535	1209	1193	16
2536	1224	1187	37
2537	1245	1167	78
2538	1257	1157	100
2539	1216	1152	64
2540	1223	1191	32
2541	1231	1196	35
2542	1244	1189	55
2543	1226	1163	63
2544	1215	1185	30
2545	1214	1209	5
2546	1227	1196	31
2547	1240	1198	42
2548	1239	1193	46
2549	1227	1182	45
2550	1237	1170	67
2551	1242	1179	63
2552	1238	1181	57
2553	1224	1203	21
2554	1233	1172	61
2555	1247	1169	78
2556	1222	1175	47
2557	1229	1159	70
2558	1208	1179	29
2559	1201	1213	-12
2560	1245	1190	55
2561	1225	1182	43
2562	1229	1194	35
2563	1228	1185	43
2564	1222	1169	53
2565	1217	1171	46
2566	1207	1172	35
2567	1210	1164	46
2568	1228	1159	69
2569	1234	1161	73
2570	1254	1163	91
2571	1262	1175	87
2572	1236	1201	35
2573	1223	1177	46
2574	1237	1167	70
2575	1228	1184	44
2576	1224	1181	43
2577	1254	1185	69
2578	1248	1173	75
2579	1230	1205	25
2580	1235	1203	32
2581	1244	1178	66
2582	1229	1164	65
2583	1219	1163	56
2584	1219	1169	50
2585	1227	1164	63
2586	1231	1169	62
2587	1209	1179	30
2588	1200	1193	7
2589	1237	1176	61
2590	1240	1180	60
2591	1244	1170	74
2592	1256	1179	77
2593	1223	1175	48
2594	1242	1170	72
2595	1246	1182	64
2596	1228	1177	51
2597	1218	1197	21
2598	1234	1195	39
2599	1233	1193	40
2600	1245	1191	54
2601	1244	1170	74
2602	1230	1155	75
2603	1218	1196	22
2604	1205	1210	-5
2605	1238	1206	32
2606	1267	1187	80
2607	1246	1183	63
2608	1251	1188	63
2609	1241	1190	51
2610	1218	1179	39
2611	1217	1180	37
2612	1239	1181	58
2613	1232	1193	39
2614	1235	1189	46
2615	1222	1187	35
2616	1213	1189	24
2617	1206	1181	25
2618	1240	1185	55
2619	1235	1183	52
2620	1237	1150	87
2621	1244	1157	87
2622	1228	1178	50
2623	1203	1171	32
2624	1203	1187	16
2625	1225	1202	23
2626	1239	1207	32
2627	1227	1193	34
2628	1211	1173	38
2629	1205	1187	18
2630	1214	1174	40
2631	1228	1176	52
2632	1236	1166	70
2633	1231	1167	64
2634	1221	1190	31
2635	1198	1193	5
2636	1214	1203	11
2637	1245	1193	52
2638	1237	1201	36
2639	1233	1195	38
2640	1240	1164	76
2641	1246	1161	85
2642	1261	1162	99
2643	1244	1171	73
2644	1244	1183	61
2645	1218	1200	18
2646	1220	1206	14
2647	1232	1195	37
2648	1243	1195	48
2649	1216	1192	24
2650	1225	1180	45
2651	1236	1163	73
2652	1260	1165	95
2653	1246	1160	86
2654	1228	1153	75
2655	1210	1180	30
2656	1224	1199	25
2657	1249	1179	70
2658	1256	1176	80
2659	1230	1188	42
2660	1232	1179	53
2661	1212	1185	27
2662	1218	1165	53
2663	1229	1170	59
2664	1228	1177	51
2665	1222	1188	34
2666	1238	1180	58
2667	1260	1145	115
2668	1241	1170	71
2669	1247	1194	53
2670	1252	1163	89
2671	1230	1157	73
2672	1260	1172	88
2673	1259	1180	79
2674	1233	1179	54
2675	1225	1172	53
2676	1212	1186	26
2677	1220	1175	45
2678	1226	1167	59
2679	1222	1168	54
2680	1233	1184	49
2681	1233	1182	51
2682	1241	1177	64
2683	1243	1184	59
2684	1218	1185	33
2685	1226	1187	39
2686	1252	1192	60
2687	1237	1196	41
2688	1223	1181	42
2689	1213	1166	47
2690	1218	1163	55
2691	1221	1172	49
2692	1240	1178	62
2693	1231	1190	41
2694	1224	1160	64
2695	1234	1151	83
2696	1253	1178	75
2697	1223	1175	48
2698	1219	1199	20
2699	1246	1194	52
2700	1247	1184	63
2701	1219	1177	42
2702	1219	1180	39
2703	1227	1189	38
2704	1244	1166	78
2705	1239	1150	89
2706	1234	1152	82
2707	1236	1171	65
2708	1253	1171	82
2709	1238	1175	63
2710	1240	1165	75
2711	1230	1168	62
2712	1214	1164	50
2713	1210	1195	15
2714	1226	1190	36
2715	1231	1182	49
2716	1253	1163	90
2717	1246	1163	83
2718	1225	1151	74
2719	1269	1193	76
2720	1244	1184	60
2721	1222	1175	47
2722	1230	1171	59
2723	1225	1171	54
2724	1232	1175	57
2725	1230	1177	53
2726	1217	1197	20
2727	1203	1155	48
2728	1217	1160	57
2729	1219	1175	44
2730	1236	1183	53
2731	1233	1187	46
2732	1230	1178	52
2733	1250	1177	73
2734	1256	1195	61
2735	1233	1182	51
2736	1242	1173	69
2737	1251	1167	84
2738	1245	1158	87
2739	1235	1163	72
2740	1248	1174	74
2741	1246	1178	68
2742	1220	1176	44
2743	1217	1157	60
2744	1237	1161	76
2745	1235	1172	63
2746	1245	1169	76
2747	1231	1183	48
2748	1220	1185	35
2749	1214	1185	29
2750	1215	1177	38
2751	1204	1175	29
2752	1217	1174	43
2753	1227	1184	43
2754	1212	1180	32
2755	1216	1165	51
2756	1235	1157	78
2757	1255	1187	68
2758	1256	1183	73
2759	1218	1171	47
2760	1201	1158	43
2761	1193	1182	11
2762	1210	1176	34
2763	1228	1169	59
2764	1244	1165	79
2765	1234	1172	62
2766	1221	1186	35
2767	1237	1190	47
2768	1243	1176	67
2769	1216	1186	30
2770	1234	1194	40
2771	1234	1168	66
2772	1223	1176	47
2773	1213	1177	36
2774	1220	1178	42
2775	1219	1209	10
2776	1238	1195	43
2777	1239	1191	48
2778	1245	1163	82
2779	1251	1173	78
2780	1239	1178	61
2781	1254	1173	81
2782	1226	1163	63
2783	1208	1161	47
2784	1240	1188	52
2785	1241	1197	44
2786	1224	1193	31
2787	1219	1192	27
2788	1236	1191	45
2789	1230	1191	39
2790	1248	1180	68
2791	1225	1183	42
2792	1215	1193	22
2793	1218	1149	69
2794	1222	1174	48
2795	1201	1207	-6
2796	1237	1203	34
2797	1227	1182	45
2798	1228	1173	55
2799	1222	1183	39
2800	1215	1207	8
2801	1230	1190	40
2802	1259	1163	96
2803	1218	1163	55
2804	1225	1186	39
2805	1233	1191	42
2806	1208	1169	39
2807	1184	1168	16
2808	1195	1162	33
2809	1203	1163	40
2810	1215	1167	48
2811	1217	1163	54
2812	1219	1174	45
2813	1227	1171	56
2814	1220	1176	44
2815	1232	1182	50
2816	1245	1189	56
2817	1244	1185	59
2818	1264	1176	88
2819	1261	1156	105
2820	1243	1176	67
2821	1223	1201	22
2822	1232	1187	45
2823	1213	1180	33
2824	1212	1176	36
2825	1215	1161	54
2826	1220	1175	45
2827	1227	1198	29
2828	1246	1172	74
2829	1221	1150	71
2830	1232	1146	86
2831	1233	1163	70
2832	1221	1189	32
2833	1221	1187	34
2834	1236	1177	59
2835	1217	1188	29
2836	1209	1185	24
2837	1219	1187	32
2838	1242	1205	37
2839	1227	1165	62
2840	1230	1166	64
2841	1248	1181	67
2842	1237	1182	55
2843	1198	1187	11
2844	1229	1167	62
2845	1229	1182	47
2846	1232	1207	25
2847	1212	1201	11
2848	1217	1191	26
2849	1230	1181	49
2850	1219	1160	59
2851	1203	1169	34
2852	1229	1166	63
2853	1248	1159	89
2854	1245	1172	73
2855	1216	1187	29
2856	1226	1186	40
2857	1233	1177	56
2858	1223	1194	29
2859	1207	1203	4
2860	1209	1199	10
2861	1228	1193	35
2862	1220	1182	38
2863	1199	1168	31
2864	1207	1178	29
2865	1208	1171	37
2866	1232	1188	44
2867	1227	1188	39
2868	1232	1181	51
2869	1245	1172	73
2870	1235	1176	59
2871	1226	1173	53
2872	1229	1192	37
2873	1239	1207	32
2874	1235	1196	39
2875	1217	1193	24
2876	1235	1208	27
2877	1224	1198	26
2878	1208	1205	3
2879	1198	1186	12
2880	1222	1186	36
2881	1221	1190	31
2882	1217	1167	50
2883	1205	1195	10
2884	1226	1198	28
2885	1219	1179	40
2886	1217	1196	21
2887	1219	1179	40
2888	1215	1170	45
2889	1215	1186	29
2890	1225	1185	40
2891	1231	1188	43
2892	1215	1189	26
2893	1207	1203	4
2894	1221	1205	16
2895	1219	1185	34
2896	1220	1189	31
2897	1238	1199	39
2898	1251	1194	57
2899	1250	1193	57
2900	1225	1183	42
2901	1216	1183	33
2902	1253	1162	91
2903	1242	1174	68
2904	1230	1167	63
2905	1216	1154	62
2906	1208	1174	34
2907	1207	1181	26
2908	1218	1182	36
2909	1235	1165	70
2910	1231	1182	49
2911	1220	1191	29
2912	1218	1173	45
2913	1233	1168	65
2914	1248	1160	88
2915	1225	1185	40
2916	1231	1202	29
2917	1233	1206	27
2918	1227	1194	33
2919	1244	1183	61
2920	1233	1168	65
2921	1216	1156	60
2922	1249	1175	74
2923	1235	1202	33
2924	1234	1210	24
2925	1229	1185	44
2926	1227	1173	54
2927	1235	1200	35
2928	1232	1195	37
2929	1221	1182	39
2930	1222	1196	26
2931	1209	1193	16
2932	1223	1168	55
2933	1217	1157	60
2934	1212	1178	34
2935	1212	1193	19
2936	1215	1191	24
2937	1210	1198	12
2938	1233	1194	39
2939	1231	1169	62
2940	1229	1175	54
2941	1228	1208	20
2942	1237	1209	28
2943	1202	1190	12
2944	1227	1211	16
2945	1227	1198	29
2946	1220	1184	36
2947	1233	1204	29
2948	1221	1198	23
2949	1209	1175	34
2950	1219	1171	48
2951	1239	1164	75
2952	1238	1188	50
2953	1232	1190	42
2954	1230	1187	43
2955	1222	1200	22
2956	1243	1194	49
2957	1245	1187	58
2958	1221	1187	34
2959	1218	1169	49
2960	1233	1166	67
2961	1240	1206	34
2962	1217	1195	22
2963	1226	1180	46
2964	1247	1191	56
2965	1245	1171	74
2966	1231	1195	36
2967	1229	1203	26
2968	1222	1165	57
2969	1234	1168	66
2970	1227	1172	55
2971	1234	1180	54
2972	1231	1192	39
2973	1244	1166	78
2974	1226	1157	69
2975	1227	1180	47
2976	1250	1166	84
2977	1256	1191	65
2978	1246	1194	52
2979	1225	1189	36
2980	1234	1194	40
2981	1245	1169	76
2982	1227	1173	54
2983	1231	1191	40
2984	1232	1212	20
2985	1225	1192	33
2986	1246	1159	87
2987	1218	1167	51
2988	1234	1179	55
2989	1246	1164	82
2990	1248	1159	89
2991	1243	1165	78
2992	1257	1171	86
2993	1230	1171	59
2994	1219	1177	42
2995	1245	1186	59
2996	1245	1196	49
2997	1233	1189	44
2998	1219	1191	28
2999	1228	1182	46
3000	1240	1171	69
3001	1217	1166	51
3002	1226	1188	38
3003	1228	1180	48
3004	1247	1170	77
3005	1224	1200	24
3006	1214	1195	19
3007	1202	1169	33
3008	1212	1182	30
3009	1227	1207	20
3010	1236	1194	42
3011	1247	1168	79
3012	1261	1173	88
3013	1232	1188	44
3014	1217	1177	40
3015	1223	1188	35
3016	1237	1185	52
3017	1231	1180	51
3018	1224	1171	53
3019	1215	1191	24
3020	1211	1201	10
3021	1208	1193	15
3022	1229	1189	40
3023	1244	1171	73
3024	1238	1178	60
3025	1207	1175	32
3026	1226	1172	54
3027	1257	1172	85
3028	1242	1192	50
3029	1233	1184	49
3030	1227	1165	62
3031	1222	1158	64
3032	1246	1169	77
3033	1235	1156	79
3034	1206	1168	38
3035	1206	1200	6
3036	1221	1211	10
3037	1218	1186	32
3038	1233	1168	65
3039	1217	1166	51
3040	1225	1177	48
3041	1219	1201	18
3042	1214	1183	31
3043	1215	1173	42
3044	1234	1172	62
3045	1222	1172	50
3046	1236	1153	83
3047	1245	1174	71
3048	1220	1185	35
3049	1231	1171	60
3050	1227	1157	70
3051	1223	1151	72
3052	1233	1170	63
3053	1212	1169	43
3054	1223	1158	65
3055	1243	1172	71
3056	1251	1165	86
3057	1260	1180	80
3058	1259	1187	72
3059	1224	1184	40
3060	1219	1187	32
3061	1239	1166	73
3062	1259	1163	96
3063	1255	1183	72
3064	1239	1185	54
3065	1225	1188	37
3066	1234	1187	47
3067	1202	1186	16
3068	1235	1169	66
3069	1248	1173	75
3070	1206	1166	40
3071	1196	1183	13
3072	1228	1180	48
3073	1225	1160	65
3074	1215	1147	68
3075	1222	1170	52
3076	1232	1168	64
3077	1237	1163	74
3078	1244	1166	78
3079	1224	1169	55
3080	1219	1190	29
3081	1220	1193	27
3082	1230	1195	35
3083	1221	1206	15
3084	1233	1191	42
3085	1219	1183	36
3086	1223	1189	34
3087	1229	1191	38
3088	1226	1203	23
3089	1217	1190	27
3090	1234	1177	57
3091	1218	1165	53
3092	1203	1173	30
3093	1231	1182	49
3094	1264	1191	73
3095	1255	1204	51
3096	1226	1198	28
3097	1233	1193	40
3098	1233	1186	47
3099	1214	1176	38
3100	1233	1189	44
3101	1225	1192	33
3102	1233	1184	49
3103	1232	1183	49
3104	1217	1194	23
3105	1225	1188	37
3106	1243	1178	65
3107	1233	1192	41
3108	1226	1191	35
3109	1217	1199	18
3110	1220	1181	39
3111	1228	1165	63
3112	1223	1170	53
3113	1228	1181	47
3114	1239	1169	70
3115	1224	1168	56
3116	1237	1179	58
3117	1221	1195	26
3118	1236	1185	51
3119	1225	1182	43
3120	1225	1173	52
3121	1232	1192	40
3122	1219	1193	26
3123	1201	1168	33
3124	1221	1160	61
3125	1222	1167	55
3126	1216	1184	32
3127	1221	1181	40
3128	1254	1183	71
3129	1251	1177	74
3130	1230	1182	48
3131	1241	1198	43
3132	1240	1179	61
3133	1241	1189	52
3134	1239	1199	40
3135	1237	1187	50
3136	1219	1190	29
3137	1217	1195	22
3138	1219	1185	34
3139	1230	1175	55
3140	1215	1201	14
3141	1215	1190	25
3142	1231	1178	53
3143	1217	1186	31
3144	1238	1180	58
3145	1249	1173	76
3146	1228	1181	47
3147	1238	1164	74
3148	1234	1163	71
3149	1224	1179	45
3150	1232	1174	58
3151	1235	1192	43
3152	1217	1191	26
3153	1236	1174	62
3154	1251	1166	85
3155	1242	1181	61
3156	1251	1189	62
3157	1237	1171	66
3158	1232	1172	60
3159	1214	1180	34
3160	1210	1175	35
3161	1241	1180	61
3162	1248	1178	70
3163	1218	1177	41
3164	1232	1179	53
3165	1243	1191	52
3166	1257	1179	78
3167	1236	1170	66
3168	1234	1168	66
3169	1248	1160	88
3170	1247	1189	58
3171	1237	1197	40
3172	1227	1170	57
3173	1216	1186	30
3174	1224	1186	38
3175	1235	1204	31
3176	1237	1190	47
3177	1234	1178	56
3178	1226	1168	58
3179	1215	1177	38
3180	1222	1183	39
3181	1217	1181	36
3182	1217	1177	40
3183	1218	1186	32
3184	1216	1194	22
3185	1231	1182	49
3186	1240	1175	65
3187	1230	1172	58
3188	1242	1156	86
3189	1230	1176	54
3190	1213	1178	35
3191	1227	1172	55
3192	1231	1171	60
3193	1217	1169	48
3194	1230	1178	52
3195	1221	1197	24
3196	1207	1193	14
3197	1227	1173	54
3198	1230	1176	54
3199	1231	1198	33
3200	1234	1185	49
3201	1209	1186	23
3202	1200	1173	27
3203	1209	1172	37
3204	1227	1178	49
3205	1225	1178	47
3206	1223	1179	44
3207	1218	1186	32
3208	1228	1169	59
3209	1236	1186	50
3210	1232	1211	21
3211	1230	1200	30
3212	1239	1183	56
3213	1217	1186	31
3214	1239	1198	41
3215	1235	1195	40
3216	1225	1171	54
3217	1212	1165	47
3218	1194	1173	21
3219	1225	1204	21
3220	1236	1175	61
3221	1235	1172	63
3222	1232	1158	74
3223	1205	1169	36
3224	1227	1170	57
3225	1226	1167	59
3226	1219	1174	45
3227	1238	1181	57
3228	1227	1191	36
3229	1212	1187	25
3230	1226	1190	36
3231	1230	1190	40
3232	1215	1177	38
3233	1234	1160	74
3234	1238	1183	55
3235	1221	1173	48
3236	1209	1176	33
3237	1203	1177	26
3238	1225	1193	32
3239	1238	1184	54
3240	1231	1151	80
3241	1223	1170	53
3242	1226	1170	56
3243	1236	1169	67
3244	1230	1173	57
3245	1238	1182	56
3246	1230	1185	45
3247	1247	1168	79
3248	1224	1172	52
3249	1218	1177	41
3250	1223	1182	41
3251	1223	1181	42
3252	1232	1185	47
3253	1242	1207	35
3254	1232	1191	41
3255	1211	1176	35
3256	1217	1170	47
3257	1219	1170	49
3258	1227	1167	60
3259	1244	1180	64
3260	1237	1189	48
3261	1245	1186	59
3262	1258	1178	80
3263	1239	1189	50
3264	1214	1189	25
3265	1194	1184	10
3266	1220	1158	62
3267	1243	1180	63
3268	1235	1176	59
3269	1220	1178	42
3270	1227	1162	65
3271	1230	1185	45
3272	1229	1203	26
3273	1224	1194	30
3274	1209	1200	9
3275	1213	1196	17
3276	1230	1165	65
3277	1235	1188	47
3278	1232	1179	53
3279	1226	1178	48
3280	1217	1166	51
3281	1222	1147	75
3282	1226	1155	71
3283	1222	1155	67
3284	1238	1182	56
3285	1236	1179	57
3286	1214	1185	29
3287	1219	1200	19
3288	1221	1199	22
3289	1222	1201	21
3290	1250	1190	60
3291	1236	1182	54
3292	1223	1186	37
3293	1224	1182	42
3294	1233	1178	55
3295	1214	1181	33
3296	1227	1175	52
3297	1229	1175	54
3298	1241	1172	69
3299	1244	1181	63
3300	1244	1196	48
3301	1236	1182	54
3302	1228	1177	51
3303	1228	1185	43
3304	1233	1177	56
3305	1220	1170	50
3306	1225	1191	34
3307	1252	1190	62
3308	1237	1187	50
3309	1200	1166	34
3310	1245	1165	80
3311	1251	1195	56
3312	1244	1177	67
3313	1237	1153	84
3314	1240	1176	64
3315	1234	1174	60
3316	1225	1175	50
3317	1232	1193	39
3318	1215	1203	12
3319	1211	1202	9
3320	1220	1192	28
3321	1237	1185	52
3322	1241	1170	71
3323	1235	1155	80
3324	1240	1153	87
3325	1222	1172	50
3326	1238	1174	64
3327	1247	1163	84
3328	1245	1175	70
3329	1227	1186	41
3330	1212	1196	16
3331	1185	1185	0
3332	1219	1181	38
3333	1249	1184	65
3334	1254	1184	70
3335	1242	1185	57
3336	1234	1183	51
3337	1223	1174	49
3338	1213	1172	41
3339	1237	1163	74
3340	1251	1179	72
3341	1228	1181	47
3342	1246	1196	50
3343	1258	1188	70
3344	1228	1185	43
3345	1244	1183	61
3346	1238	1178	60
3347	1233	1170	63
3348	1249	1180	69
3349	1258	1188	70
3350	1229	1182	47
3351	1222	1171	51
3352	1224	1180	44
3353	1231	1165	66
3354	1221	1164	57
3355	1223	1181	42
3356	1243	1165	78
3357	1259	1150	109
3358	1239	1167	72
3359	1225	1187	38
3360	1234	1203	31
3361	1231	1208	23
3362	1236	1204	32
3363	1234	1183	51
3364	1229	1165	64
3365	1228	1181	47
3366	1247	1198	49
3367	1213	1185	28
3368	1232	1188	44
3369	1251	1190	61
3370	1238	1178	60
3371	1237	1182	55
3372	1229	1163	66
3373	1206	1155	51
3374	1230	1174	56
3375	1236	1170	66
3376	1226	1180	46
3377	1226	1162	64
3378	1247	1155	92
3379	1243	1190	53
3380	1237	1192	45
3381	1231	1167	64
3382	1234	1169	65
3383	1237	1183	54
3384	1240	1180	60
3385	1230	1180	50
3386	1240	1169	71
3387	1236	1188	48
3388	1225	1201	24
3389	1242	1179	63
3390	1236	1158	78
3391	1226	1169	57
3392	1222	1177	45
3393	1229	1194	35
3394	1233	1179	54
3395	1244	1174	70
3396	1234	1177	57
3397	1230	1180	50
3398	1241	1184	57
3399	1228	1178	50
3400	1251	1175	76
3401	1248	1173	75
3402	1229	1190	39
3403	1229	1182	47
3404	1239	1195	44
3405	1242	1197	45
3406	1242	1197	45
3407	1245	1179	66
3408	1236	1180	56
3409	1231	1186	45
3410	1220	1178	42
3411	1212	1187	25
3412	1225	1197	28
3413	1231	1186	45
3414	1217	1165	52
3415	1218	1166	52
3416	1233	1188	45
3417	1230	1195	35
3418	1222	1208	14
3419	1219	1182	37
3420	1222	1164	58
3421	1222	1164	58
3422	1229	1179	50
3423	1232	1184	48
3424	1243	1182	61
3425	1236	1165	71
3426	1232	1167	65
3427	1205	1169	36
3428	1213	1161	52
3429	1220	1181	39
3430	1233	1192	41
3431	1221	1169	52
3432	1231	1165	66
3433	1226	1173	53
3434	1230	1178	52
3435	1225	1175	50
3436	1207	1179	28
3437	1209	1170	39
3438	1210	1144	66
3439	1224	1162	62
3440	1250	1155	95
3441	1254	1164	90
3442	1248	1181	67
3443	1244	1188	56
3444	1237	1173	64
3445	1238	1154	84
3446	1243	1172	71
3447	1235	1164	71
3448	1208	1163	45
3449	1199	1189	10
3450	1208	1187	21
3451	1226	1164	62
3452	1244	1141	103
3453	1221	1157	64
3454	1237	1174	63
3455	1244	1175	69
3456	1229	1190	39
3457	1242	1196	46
3458	1240	1181	59
3459	1237	1180	57
3460	1237	1183	54
3461	1223	1172	51
3462	1241	1168	73
3463	1236	1173	63
3464	1242	1169	73
3465	1229	1185	44
3466	1239	1186	53
3467	1237	1166	71
3468	1212	1151	61
3469	1221	1190	31
3470	1215	1196	19
3471	1228	1178	50
3472	1233	1158	75
3473	1242	1156	86
3474	1229	1175	54
3475	1232	1184	48
3476	1244	1185	59
3477	1237	1170	67
3478	1235	1185	50
3479	1221	1192	29
3480	1227	1182	45
3481	1200	1202	-2
3482	1213	1212	1
3483	1229	1180	49
3484	1236	1164	72
3485	1236	1173	63
3486	1229	1177	52
3487	1213	1182	31
3488	1218	1197	21
3489	1230	1189	41
3490	1238	1176	62
3491	1227	1168	59
3492	1218	1180	38
3493	1228	1177	51
3494	1234	1180	54
3495	1221	1162	59
3496	1236	1158	78
3497	1250	1175	75
3498	1263	1182	81
3499	1242	1194	48
3500	1223	1194	29
3501	1222	1164	58
3502	1218	1157	61
3503	1233	1178	55
3504	1264	1183	81
3505	1253	1172	81
3506	1250	1182	68
3507	1235	1173	62
3508	1235	1154	81
3509	1229	1182	47
3510	1232	1200	32
3511	1226	1203	23
3512	1227	1173	54
3513	1222	1180	42
3514	1231	1189	42
3515	1239	1167	72
3516	1242	1155	87
3517	1235	1178	57
3518	1227	1189	38
3519	1206	1170	36
3520	1216	1152	64
3521	1233	1159	74
3522	1234	1176	58
3523	1246	1181	65
3524	1236	1195	41
3525	1222	1178	44
3526	1231	1152	79
3527	1221	1170	51
3528	1230	1198	32
3529	1209	1184	25
3530	1213	1171	42
3531	1225	1197	28
3532	1228	1206	22
3533	1235	1195	40
3534	1238	1185	53
3535	1233	1177	56
3536	1225	1180	45
3537	1216	1173	43
3538	1228	1173	55
3539	1238	1178	60
3540	1233	1183	50
3541	1231	1186	45
3542	1219	1166	53
3543	1224	1187	37
3544	1228	1185	43
3545	1223	1165	58
3546	1235	1176	59
3547	1224	1186	38
3548	1227	1177	50
3549	1224	1184	40
3550	1228	1174	54
3551	1226	1171	55
3552	1229	1193	36
3553	1232	1206	26
3554	1246	1194	52
3555	1233	1188	45
3556	1217	1199	18
3557	1207	1185	22
3558	1223	1187	36
3559	1244	1166	78
3560	1254	1173	81
3561	1255	1181	74
3562	1242	1182	60
3563	1215	1196	19
3564	1217	1192	25
3565	1234	1187	47
3566	1238	1195	43
3567	1228	1199	29
3568	1248	1180	68
3569	1250	1159	91
3570	1227	1182	45
3571	1221	1201	20
3572	1238	1175	63
3573	1233	1175	58
3574	1250	1185	65
3575	1250	1177	73
3576	1240	1185	55
3577	1229	1193	36
3578	1233	1176	57
3579	1225	1191	34
3580	1244	1188	56
3581	1248	1172	76
3582	1227	1189	38
3583	1225	1208	17
3584	1244	1185	59
3585	1229	1183	46
3586	1215	1194	21
3587	1221	1172	49
3588	1238	1158	80
3589	1228	1186	42
3590	1248	1196	52
3591	1254	1209	45
3592	1234	1194	40
3593	1222	1172	50
3594	1242	1183	59
3595	1234	1196	38
3596	1231	1192	39
3597	1256	1195	61
3598	1233	1203	30
3599	1235	1196	39
3600	1245	1201	44
3601	1237	1210	27
3602	1261	1173	88
3603	1255	1175	80
3604	1234	1186	48
3605	1221	1197	24
3606	1228	1206	22
3607	1221	1164	57
3608	1225	1167	58
3609	1233	1187	46
3610	1234	1177	57
3611	1243	1177	66
3612	1226	1180	46
3613	1235	1179	56
3614	1241	1214	27
3615	1241	1180	61
3616	1228	1161	67
3617	1214	1170	44
3618	1219	1191	28
3619	1230	1193	37
3620	1231	1187	44
3621	1239	1179	60
3622	1258	1167	91
3623	1264	1158	106
3624	1251	1156	95
3625	1239	1176	63
3626	1231	1187	44
3627	1227	1173	54
3628	1252	1173	79
3629	1256	1190	66
3630	1259	1180	79
3631	1226	1143	83
3632	1236	1163	73
3633	1230	1184	46
3634	1229	1168	61
3635	1225	1176	49
3636	1220	1183	37
3637	1216	1187	29
3638	1239	1195	44
3639	1242	1187	55
3640	1232	1180	52
3641	1220	1189	31
3642	1220	1166	54
3643	1207	1167	40
3644	1233	1165	68
3645	1220	1166	54
3646	1239	1173	66
3647	1243	1177	66
3648	1220	1168	52
