index	original	background	difference
-----------------------------------------------------
1	2166	1197	969
2	2163	1199	964
3	2148	1213	935
4	2145	1206	939
5	2180	1188	992
6	2173	1191	982
7	2136	1205	931
8	2179	1216	963
9	2153	1211	942
10	2149	1202	947
11	2198	1211	987
12	2176	1211	965
13	2166	1208	958
14	2189	1212	977
15	2188	1204	984
16	2194	1205	989
17	2162	1210	952
18	2163	1222	941
19	2196	1232	964
20	2155	1229	926
21	2178	1211	967
22	2178	1213	965
23	2159	1220	939
24	2172	1223	949
25	2191	1218	973
26	2225	1227	998
27	2209	1222	987
28	2194	1218	976
29	2207	1218	989
30	2198	1225	973
31	2238	1225	1013
32	2230	1221	1009
33	2217	1218	999
34	2209	1219	990
35	2224	1228	996
36	2235	1227	1008
37	2208	1230	978
38	2245	1233	1012
39	2261	1230	1031
40	2230	1226	1004
41	2239	1216	1023
42	2222	1217	1005
43	2205	1216	989
44	2216	1225	991
45	2212	1228	984
46	2233	1224	1009
47	2246	1223	1023
48	2288	1229	1059
49	2269	1234	1035
50	2244	1233	1011
51	2262	1232	1030
52	2244	1232	1012
53	2244	1232	1012
54	2273	1226	1047
55	2255	1218	1037
56	2221	1221	1000
57	2260	1224	1036
58	2306	1232	1074
59	2263	1229	1034
60	2251	1219	1032
61	2274	1223	1051
62	2255	1235	1020
63	2240	1245	995
64	2256	1235	1021
65	2265	1235	1030
66	2250	1227	1023
67	2303	1227	1076
68	2266	1226	1040
69	2266	1220	1046
70	2281	1235	1046
71	2286	1229	1057
72	2305	1230	1075
73	2320	1237	1083
74	2309	1237	1072
75	2309	1235	1074
76	2288	1229	1059
77	2299	1231	1068
78	2322	1239	1083
79	2292	1242	1050
80	2288	1241	1047
81	2290	1240	1050
82	2333	1236	1097
83	2285	1234	1051
84	2296	1232	1064
85	2293	1232	1061
86	2272	1232	1040
87	2287	1234	1053
88	2318	1235	1083
89	2279	1235	1044
90	2274	1238	1036
91	2286	1242	1044
92	2288	1244	1044
93	2303	1246	1057
94	2289	1234	1055
95	2300	1240	1060
96	2295	1246	1049
97	2315	1244	1071
98	2337	1236	1101
99	2334	1242	1092
100	2362	1243	1119
101	2356	1241	1115
102	2367	1244	1123
103	2382	1233	1149
104	2369	1232	1137
105	2308	1229	1079
106	2275	1232	1043
107	2249	1242	1007
108	2248	1239	1009
109	2228	1232	996
110	2189	1236	953
111	2160	1237	923
112	2178	1234	944
113	2212	1231	981
114	2264	1226	1038
115	2228	1232	996
116	2230	1234	996
117	2237	1237	1000
118	2260	1243	1017
119	2342	1245	1097
120	2307	1238	1069
121	2264	1246	1018
122	2280	1240	1040
123	2295	1234	1061
124	2335	1241	1094
125	2361	1241	1120
126	2344	1250	1094
127	2381	1248	1133
128	2358	1237	1121
129	2351	1240	1111
130	2379	1247	1132
131	2371	1247	1124
132	2351	1244	1107
133	2397	1237	1160
134	2380	1235	1145
135	2404	1237	1167
136	2416	1240	1176
137	2409	1239	1170
138	2374	1242	1132
139	2377	1244	1133
140	2398	1237	1161
141	2381	1231	1150
142	2403	1235	1168
143	2403	1241	1162
144	2411	1235	1176
145	2405	1243	1162
146	2405	1244	1161
147	2392	1246	1146
148	2421	1245	1176
149	2424	1245	1179
150	2405	1250	1155
151	2448	1247	1201
152	2465	1239	1226
153	2429	1240	1189
154	2445	1234	1211
155	2452	1239	1213
156	2482	1231	1251
157	2461	1236	1225
158	2441	1224	1217
159	2472	1233	1239
160	2459	1237	1222
161	2436	1239	1197
162	2478	1242	1236
163	2494	1238	1256
164	2454	1244	1210
165	2486	1241	1245
166	2519	1229	1290
167	2511	1238	1273
168	2507	1241	1266
169	2523	1235	1288
170	2554	1236	1318
171	2558	1239	1319
172	2535	1245	1290
173	2520	1245	1275
174	2550	1245	1305
175	2513	1244	1269
176	2489	1237	1252
177	2546	1235	1311
178	2559	1243	1316
179	2549	1246	1303
180	2575	1249	1326
181	2561	1242	1319
182	2558	1237	1321
183	2556	1237	1319
184	2537	1240	1297
185	2571	1243	1328
186	2566	1243	1323
187	2574	1243	1331
188	2532	1235	1297
189	2585	1238	1347
190	2593	1240	1353
191	2571	1244	1327
192	2586	1242	1344
193	2584	1244	1340
194	2574	1241	1333
195	2535	1239	1296
196	2585	1244	1341
197	2621	1236	1385
198	2611	1236	1375
199	2613	1233	1380
200	2631	1237	1394
201	2612	1235	1377
202	2625	1234	1391
203	2605	1239	1366
204	2608	1234	1374
205	2626	1239	1387
206	2621	1238	1383
207	2608	1242	1366
208	2625	1243	1382
209	2635	1249	1386
210	2636	1254	1382
211	2643	1246	1397
212	2640	1243	1397
213	2651	1241	1410
214	2617	1238	1379
215	2614	1237	1377
216	2627	1237	1390
217	2663	1235	1428
218	2614	1225	1389
219	2662	1253	1409
220	2686	1250	1436
221	2716	1257	1459
222	2697	1252	1445
223	2650	1248	1402
224	2655	1242	1413
225	2634	1241	1393
226	2613	1241	1372
227	2681	1244	1437
228	2703	1241	1462
229	2688	1247	1441
230	2677	1240	1437
231	2668	1234	1434
232	2681	1241	1440
233	2717	1241	1476
234	2702	1245	1457
235	2683	1243	1440
236	2708	1245	1463
237	2734	1243	1491
238	2742	1234	1508
239	2739	1237	1502
240	2737	1238	1499
241	2738	1236	1502
242	2720	1242	1478
243	2724	1248	1476
244	2738	1247	1491
245	2732	1236	1496
246	2777	1236	1541
247	2751	1239	1512
248	2728	1235	1493
249	2712	1237	1475
250	2761	1245	1516
251	2751	1241	1510
252	2732	1239	1493
253	2771	1246	1525
254	2764	1248	1516
255	2796	1247	1549
256	2783	1238	1545
257	2809	1245	1564
258	2849	1248	1601
259	2833	1236	1597
260	2825	1242	1583
261	2799	1242	1557
262	2782	1240	1542
263	2832	1243	1589
264	2860	1239	1621
265	2803	1242	1561
266	2823	1246	1577
267	2828	1247	1581
268	2840	1239	1601
269	2862	1246	1616
270	2822	1246	1576
271	2798	1248	1550
272	2849	1247	1602
273	2831	1240	1591
274	2847	1246	1601
275	2870	1243	1627
276	2837	1237	1600
277	2823	1234	1589
278	2843	1229	1614
279	2841	1235	1606
280	2858	1240	1618
281	2862	1246	1616
282	2858	1253	1605
283	2862	1249	1613
284	2869	1242	1627
285	2860	1243	1617
286	2902	1243	1659
287	2889	1242	1647
288	2880	1246	1634
289	2889	1256	1633
290	2884	1253	1631
291	2937	1246	1691
292	2947	1236	1711
293	2917	1239	1678
294	2922	1239	1683
295	2946	1245	1701
296	2915	1256	1659
297	2893	1239	1654
298	2879	1245	1634
299	2888	1240	1648
300	2868	1237	1631
301	2930	1254	1676
302	2937	1245	1692
303	2910	1241	1669
304	2935	1234	1701
305	2987	1239	1748
306	2992	1239	1753
307	2976	1234	1742
308	2961	1235	1726
309	2925	1243	1682
310	2964	1247	1717
311	3006	1243	1763
312	3008	1241	1767
313	2996	1240	1756
314	2975	1239	1736
315	2971	1239	1732
316	2966	1235	1731
317	2927	1240	1687
318	2972	1244	1728
319	2987	1232	1755
320	2978	1236	1742
321	2927	1240	1687
322	2966	1242	1724
323	2990	1244	1746
324	2984	1241	1743
325	3004	1246	1758
326	2991	1259	1732
327	3023	1256	1767
328	3029	1250	1779
329	3051	1247	1804
330	3036	1248	1788
331	3022	1244	1778
332	2993	1251	1742
333	2990	1248	1742
334	2987	1243	1744
335	2987	1248	1739
336	3002	1243	1759
337	2991	1242	1749
338	3021	1238	1783
339	2991	1236	1755
340	3026	1238	1788
341	3023	1244	1779
342	3029	1240	1789
343	3066	1239	1827
344	3049	1240	1809
345	3039	1243	1796
346	3024	1244	1780
347	3037	1239	1798
348	3042	1239	1803
349	3065	1243	1822
350	3080	1244	1836
351	3009	1241	1768
352	3000	1232	1768
353	3008	1226	1782
354	3026	1230	1796
355	3020	1233	1787
356	3015	1241	1774
357	3053	1241	1812
358	3049	1234	1815
359	3026	1242	1784
360	3040	1239	1801
361	3098	1226	1872
362	3158	1234	1924
363	3117	1241	1876
364	3088	1233	1855
365	3045	1234	1811
366	3070	1237	1833
367	3063	1244	1819
368	3047	1232	1815
369	3063	1234	1829
370	3057	1244	1813
371	3049	1235	1814
372	3080	1240	1840
373	3072	1245	1827
374	3074	1241	1833
375	3090	1235	1855
376	3123	1238	1885
377	3122	1239	1883
378	3116	1246	1870
379	3121	1247	1874
380	3111	1239	1872
381	3080	1233	1847
382	3040	1221	1819
383	3037	1228	1809
384	3099	1239	1860
385	3121	1247	1874
386	3101	1253	1848
387	3097	1249	1848
388	3068	1235	1833
389	3128	1238	1890
390	3109	1229	1880
391	3080	1229	1851
392	3099	1240	1859
393	3135	1244	1891
394	3133	1247	1886
395	3101	1248	1853
396	3108	1239	1869
397	3109	1242	1867
398	3079	1237	1842
399	3045	1233	1812
400	3101	1234	1867
401	3115	1235	1880
402	3097	1233	1864
403	3128	1242	1886
404	3110	1238	1872
405	3129	1236	1893
406	3113	1239	1874
407	3094	1236	1858
408	3077	1234	1843
409	3097	1240	1857
410	3120	1242	1878
411	3152	1240	1912
412	3179	1240	1939
413	3128	1242	1886
414	3127	1241	1886
415	3093	1243	1850
416	3069	1242	1827
417	3137	1250	1887
418	3149	1246	1903
419	3141	1242	1899
420	3146	1243	1903
421	3143	1244	1899
422	3139	1246	1893
423	3152	1241	1911
424	3206	1240	1966
425	3191	1237	1954
426	3170	1246	1924
427	3096	1247	1849
428	3121	1238	1883
429	3130	1227	1903
430	3187	1238	1949
431	3153	1247	1906
432	3126	1245	1881
433	3158	1241	1917
434	3116	1240	1876
435	3114	1239	1875
436	3140	1242	1898
437	3161	1247	1914
438	3160	1247	1913
439	3114	1237	1877
440	3126	1240	1886
441	3123	1238	1885
442	3188	1238	1950
443	3156	1239	1917
444	3144	1239	1905
445	3160	1237	1923
446	3161	1238	1923
447	3138	1256	1882
448	3155	1242	1913
449	3116	1239	1877
450	3124	1238	1886
451	3165	1235	1930
452	3161	1234	1927
453	3172	1238	1934
454	3196	1233	1963
455	3208	1239	1969
456	3206	1240	1966
457	3204	1241	1963
458	3199	1241	1958
459	3158	1242	1916
460	3130	1241	1889
461	3157	1231	1926
462	3195	1235	1960
463	3191	1232	1959
464	3166	1238	1928
465	3140	1239	1901
466	3169	1232	1937
467	3209	1234	1975
468	3172	1223	1949
469	3194	1241	1953
470	3187	1228	1959
471	3177	1231	1946
472	3147	1236	1911
473	3159	1238	1921
474	3220	1236	1984
475	3201	1243	1958
476	3199	1234	1965
477	3213	1231	1982
478	3258	1240	2018
479	3241	1238	2003
480	3224	1238	1986
481	3217	1233	1984
482	3165	1237	1928
483	3211	1248	1963
484	3254	1247	2007
485	3277	1234	2043
486	3225	1244	1981
487	3213	1248	1965
488	3181	1249	1932
489	3142	1249	1893
490	3198	1241	1957
491	3249	1238	2011
492	3265	1235	2030
493	3249	1236	2013
494	3273	1238	2035
495	3297	1244	2053
496	3290	1240	2050
497	3252	1235	2017
498	3242	1238	2004
499	3213	1234	1979
500	3275	1231	2044
501	3297	1231	2066
502	3238	1234	2004
503	3205	1235	1970
504	3233	1241	1992
505	3213	1232	1981
506	3181	1231	1950
507	3216	1240	1976
508	3287	1240	2047
509	3284	1237	2047
510	3246	1236	2010
511	3242	1240	2002
512	3253	1243	2010
513	3243	1236	2007
514	3310	1241	2069
515	3316	1241	2075
516	3305	1239	2066
517	3358	1244	2114
518	3333	1239	2094
519	3298	1234	2064
520	3321	1237	2084
521	3344	1242	2102
522	3340	1246	2094
523	3408	1237	2171
524	3401	1237	2164
525	3409	1244	2165
526	3408	1245	2163
527	3354	1249	2105
528	3367	1244	2123
529	3377	1241	2136
530	3353	1240	2113
531	3349	1240	2109
532	3358	1238	2120
533	3392	1236	2156
534	3436	1239	2197
535	3348	1245	2103
536	3361	1256	2105
537	3401	1247	2154
538	3436	1238	2198
539	3453	1244	2209
540	3422	1246	2176
541	3436	1242	2194
542	3416	1244	2172
543	3385	1248	2137
544	3431	1249	2182
545	3463	1252	2211
546	3455	1240	2215
547	3469	1244	2225
548	3489	1238	2251
549	3499	1235	2264
550	3463	1234	2229
551	3440	1239	2201
552	3493	1239	2254
553	3504	1233	2271
554	3491	1234	2257
555	3509	1227	2282
556	3515	1231	2284
557	3506	1234	2272
558	3528	1238	2290
559	3518	1246	2272
560	3525	1238	2287
561	3497	1236	2261
562	3511	1233	2278
563	3532	1233	2299
564	3541	1238	2303
565	3566	1234	2332
566	3548	1236	2312
567	3530	1240	2290
568	3501	1234	2267
569	3549	1234	2315
570	3590	1237	2353
571	3630	1244	2386
572	3647	1241	2406
573	3564	1241	2323
574	3606	1242	2364
575	3627	1240	2387
576	3655	1236	2419
577	3674	1236	2438
578	3662	1228	2434
579	3634	1226	2408
580	3656	1235	2421
581	3675	1246	2429
582	3643	1242	2401
583	3634	1241	2393
584	3667	1239	2428
585	3725	1239	2486
586	3677	1236	2441
587	3682	1233	2449
588	3660	1236	2424
589	3644	1241	2403
590	3671	1240	2431
591	3704	1226	2478
592	3691	1230	2461
593	3682	1241	2441
594	3687	1232	2455
595	3715	1239	2476
596	3779	1247	2532
597	3737	1240	2497
598	3761	1233	2528
599	3778	1227	2551
600	3782	1241	2541
601	3804	1245	2559
602	3775	1237	2538
603	3762	1240	2522
604	3784	1241	2543
605	3782	1243	2539
606	3811	1247	2564
607	3864	1233	2631
608	3797	1232	2565
609	3793	1234	2559
610	3833	1235	2598
611	3859	1243	2616
612	3802	1240	2562
613	3839	1244	2595
614	3849	1245	2604
615	3813	1241	2572
616	3815	1233	2582
617	3792	1234	2558
618	3737	1249	2488
619	3770	1259	2511
620	3846	1253	2593
621	3893	1245	2648
622	3849	1237	2612
623	3849	1233	2616
624	3864	1238	2626
625	3909	1245	2664
626	3904	1248	2656
627	3908	1255	2653
628	3874	1249	2625
629	3861	1243	2618
630	3914	1250	2664
631	3913	1246	2667
632	3908	1237	2671
633	3939	1247	2692
634	3929	1250	2679
635	3880	1251	2629
636	3884	1249	2635
637	3923	1235	2688
638	3945	1250	2695
639	4040	1256	2784
640	4046	1242	2804
641	3997	1239	2758
642	3989	1244	2745
643	4032	1245	2787
644	4016	1244	2772
645	4005	1245	2760
646	3996	1244	2752
647	4005	1239	2766
648	4033	1242	2791
649	4048	1239	2809
650	4006	1237	2769
651	3971	1239	2732
652	3994	1237	2757
653	3985	1242	2743
654	3998	1234	2764
655	4018	1236	2782
656	3997	1237	2760
657	4077	1227	2850
658	4094	1228	2866
659	4020	1239	2781
660	4000	1235	2765
661	4058	1233	2825
662	4080	1234	2846
663	4042	1240	2802
664	4064	1233	2831
665	4081	1239	2842
666	4129	1232	2897
667	4057	1231	2826
668	4085	1235	2850
669	4121	1231	2890
670	4132	1240	2892
671	4145	1248	2897
672	4132	1242	2890
673	4097	1244	2853
674	4121	1239	2882
675	4132	1226	2906
676	4094	1224	2870
677	4117	1232	2885
678	4119	1229	2890
679	4105	1224	2881
680	4159	1237	2922
681	4145	1250	2895
682	4118	1245	2873
683	4101	1237	2864
684	4114	1236	2878
685	4156	1245	2911
686	4187	1251	2936
687	4190	1245	2945
688	4181	1246	2935
689	4161	1245	2916
690	4186	1239	2947
691	4156	1234	2922
692	4165	1244	2921
693	4167	1239	2928
694	4184	1242	2942
695	4231	1250	2981
696	4201	1243	2958
697	4142	1243	2899
698	4124	1234	2890
699	4181	1238	2943
700	4212	1243	2969
701	4179	1242	2937
702	4188	1253	2935
703	4232	1249	2983
704	4263	1240	3023
705	4220	1237	2983
706	4179	1240	2939
707	4243	1243	3000
708	4253	1238	3015
709	4246	1242	3004
710	4238	1240	2998
711	4250	1245	3005
712	4314	1253	3061
713	4274	1248	3026
714	4243	1241	3002
715	4294	1239	3055
716	4277	1245	3032
717	4210	1238	2972
718	4185	1215	2970
719	4211	1250	2961
720	4258	1239	3019
721	4225	1234	2991
722	4227	1239	2988
723	4226	1242	2984
724	4254	1239	3015
725	4287	1237	3050
726	4291	1245	3046
727	4298	1248	3050
728	4291	1242	3049
729	4303	1237	3066
730	4281	1247	3034
731	4257	1249	3008
732	4265	1244	3021
733	4270	1240	3030
734	4277	1237	3040
735	4250	1237	3013
736	4308	1234	3074
737	4306	1232	3074
738	4254	1240	3014
739	4252	1240	3012
740	4307	1240	3067
741	4292	1233	3059
742	4333	1239	3094
743	4269	1242	3027
744	4227	1234	2993
745	4243	1232	3011
746	4266	1235	3031
747	4258	1244	3014
748	4269	1239	3030
749	4319	1231	3088
750	4356	1230	3126
751	4325	1223	3102
752	4269	1220	3049
753	4274	1229	3045
754	4339	1236	3103
755	4314	1231	3083
756	4283	1238	3045
757	4268	1240	3028
758	4227	1236	2991
759	4245	1233	3012
760	4273	1227	3046
761	4269	1233	3036
762	4258	1247	3011
763	4269	1237	3032
764	4309	1233	3076
765	4302	1239	3063
766	4271	1242	3029
767	4284	1236	3048
768	4259	1239	3020
769	4207	1236	2971
770	4215	1241	2974
771	4249	1239	3010
772	4257	1240	3017
773	4262	1232	3030
774	4263	1239	3024
775	4261	1237	3024
776	4223	1231	2992
777	4236	1238	2998
778	4286	1246	3040
779	4301	1242	3059
780	4306	1234	3072
781	4318	1232	3086
782	4280	1241	3039
783	4297	1242	3055
784	4305	1233	3072
785	4300	1238	3062
786	4279	1238	3041
787	4281	1237	3044
788	4221	1239	2982
789	4234	1234	3000
790	4258	1230	3028
791	4265	1234	3031
792	4273	1249	3024
793	4259	1248	3011
794	4283	1244	3039
795	4277	1240	3037
796	4206	1240	2966
797	4249	1240	3009
798	4318	1235	3083
799	4321	1238	3083
800	4274	1233	3041
801	4290	1237	3053
802	4320	1236	3084
803	4328	1238	3090
804	4319	1238	3081
805	4269	1240	3029
806	4297	1238	3059
807	4300	1226	3074
808	4286	1232	3054
809	4271	1233	3038
810	4271	1228	3043
811	4265	1233	3032
812	4262	1236	3026
813	4275	1240	3035
814	4262	1243	3019
815	4260	1250	3010
816	4224	1242	2982
817	4247	1237	3010
818	4123	1232	2891
819	4244	1238	3006
820	4316	1243	3073
821	4317	1249	3068
822	4279	1243	3036
823	4257	1245	3012
824	4218	1243	2975
825	4196	1249	2947
826	4171	1251	2920
827	4209	1244	2965
828	4185	1243	2942
829	4159	1245	2914
830	4225	1240	2985
831	4230	1237	2993
832	4258	1237	3021
833	4254	1237	3017
834	4219	1241	2978
835	4215	1252	2963
836	4186	1247	2939
837	4161	1234	2927
838	4165	1234	2931
839	4196	1241	2955
840	4219	1241	2978
841	4212	1238	2974
842	4169	1241	2928
843	4198	1239	2959
844	4235	1236	2999
845	4212	1230	2982
846	4191	1240	2951
847	4199	1237	2962
848	4185	1240	2945
849	4218	1237	2981
850	4239	1244	2995
851	4249	1234	3015
852	4202	1236	2966
853	4243	1245	2998
854	4180	1240	2940
855	4189	1238	2951
856	4246	1238	3008
857	4232	1240	2992
858	4218	1242	2976
859	4194	1233	2961
860	4160	1237	2923
861	4179	1244	2935
862	4202	1239	2963
863	4222	1234	2988
864	4223	1237	2986
865	4203	1239	2964
866	4205	1227	2978
867	4240	1235	3005
868	4229	1236	2993
869	4225	1237	2988
870	4195	1244	2951
871	4180	1241	2939
872	4181	1239	2942
873	4175	1233	2942
874	4207	1232	2975
875	4237	1243	2994
876	4262	1246	3016
877	4256	1235	3021
878	4224	1238	2986
879	4188	1246	2942
880	4250	1249	3001
881	4256	1256	3000
882	4272	1244	3028
883	4263	1243	3020
884	4192	1238	2954
885	4229	1238	2991
886	4239	1244	2995
887	4203	1253	2950
888	4205	1256	2949
889	4228	1243	2985
890	4238	1243	2995
891	4238	1242	2996
892	4234	1237	2997
893	4197	1235	2962
894	4275	1235	3040
895	4236	1245	2991
896	4248	1240	3008
897	4269	1237	3032
898	4272	1239	3033
899	4199	1237	2962
900	4212	1232	2980
901	4265	1233	3032
902	4268	1238	3030
903	4268	1235	3033
904	4229	1226	3003
905	4193	1234	2959
906	4209	1241	2968
907	4197	1239	2958
908	4182	1232	2950
909	4246	1237	3009
910	4238	1245	2993
911	4258	1245	3013
912	4271	1237	3034
913	4231	1240	2991
914	4248	1238	3010
915	4254	1238	3016
916	4267	1243	3024
917	4285	1244	3041
918	4350	1240	3110
919	4349	1236	3113
920	4328	1233	3095
921	4341	1243	3098
922	4346	1235	3111
923	4326	1221	3105
924	4294	1237	3057
925	4302	1242	3060
926	4302	1237	3065
927	4317	1245	3072
928	4319	1243	3076
929	4287	1231	3056
930	4286	1234	3052
931	4320	1247	3073
932	4338	1250	3088
933	4295	1246	3049
934	4350	1234	3116
935	4358	1236	3122
936	4324	1245	3079
937	4339	1244	3095
938	4350	1244	3106
939	4357	1246	3111
940	4335	1250	3085
941	4296	1245	3051
942	4344	1248	3096
943	4361	1250	3111
944	4353	1241	3112
945	4363	1240	3123
946	4427	1236	3191
947	4409	1227	3182
948	4400	1233	3167
949	4399	1237	3162
950	4361	1236	3125
951	4389	1245	3144
952	4460	1242	3218
953	4426	1243	3183
954	4402	1243	3159
955	4448	1231	3217
956	4448	1240	3208
957	4407	1244	3163
958	4429	1243	3186
959	4460	1240	3220
960	4422	1244	3178
961	4406	1253	3153
962	4427	1249	3178
963	4453	1247	3206
964	4395	1244	3151
965	4470	1234	3236
966	4459	1235	3224
967	4453	1235	3218
968	4462	1231	3231
969	4479	1251	3228
970	4466	1237	3229
971	4442	1231	3211
972	4520	1241	3279
973	4510	1251	3259
974	4495	1252	3243
975	4546	1240	3306
976	4565	1239	3326
977	4481	1246	3235
978	4498	1245	3253
979	4532	1236	3296
980	4517	1232	3285
981	4560	1238	3322
982	4566	1232	3334
983	4568	1251	3317
984	4602	1250	3352
985	4627	1242	3385
986	4612	1246	3366
987	4599	1250	3349
988	4597	1244	3353
989	4572	1244	3328
990	4620	1250	3370
991	4623	1244	3379
992	4671	1238	3433
993	4679	1235	3444
994	4650	1238	3412
995	4623	1238	3385
996	4590	1238	3352
997	4564	1234	3330
998	4589	1232	3357
999	4604	1238	3366
1000	4627	1246	3381
1001	4639	1252	3387
1002	4663	1239	3424
1003	4711	1238	3473
1004	4662	1245	3417
1005	4646	1235	3411
1006	4693	1237	3456
1007	4749	1250	3499
1008	4704	1245	3459
1009	4703	1243	3460
1010	4711	1242	3469
1011	4722	1239	3483
1012	4755	1249	3506
1013	4750	1248	3502
1014	4716	1241	3475
1015	4732	1233	3499
1016	4798	1233	3565
1017	4740	1239	3501
1018	4663	1244	3419
1019	4773	1245	3528
1020	4758	1242	3516
1021	4805	1244	3561
1022	4813	1245	3568
1023	4866	1237	3629
1024	4773	1244	3529
1025	4730	1242	3488
1026	4750	1238	3512
1027	4811	1236	3575
1028	4863	1239	3624
1029	4850	1238	3612
1030	4850	1243	3607
1031	4863	1238	3625
1032	4831	1240	3591
1033	4886	1240	3646
1034	4894	1236	3658
1035	4891	1238	3653
1036	4878	1240	3638
1037	4861	1240	3621
1038	4890	1236	3654
1039	4938	1235	3703
1040	4923	1239	3684
1041	4902	1246	3656
1042	4918	1243	3675
1043	4890	1239	3651
1044	4875	1232	3643
1045	4880	1240	3640
1046	4959	1237	3722
1047	4990	1238	3752
1048	4958	1242	3716
1049	4985	1238	3747
1050	5025	1231	3794
1051	4985	1240	3745
1052	4940	1244	3696
1053	4931	1239	3692
1054	5014	1242	3772
1055	5030	1238	3792
1056	5018	1239	3779
1057	5021	1243	3778
1058	5035	1237	3798
1059	5010	1236	3774
1060	4992	1240	3752
1061	4993	1241	3752
1062	5065	1249	3816
1063	5048	1245	3803
1064	5064	1242	3822
1065	5052	1246	3806
1066	5067	1242	3825
1067	5135	1231	3904
1068	5100	1232	3868
1069	5018	1242	3776
1070	5052	1238	3814
1071	5077	1243	3834
1072	5087	1241	3846
1073	5055	1235	3820
1074	5053	1234	3819
1075	5149	1242	3907
1076	5166	1243	3923
1077	5133	1239	3894
1078	5135	1235	3900
1079	5142	1237	3905
1080	5166	1244	3922
1081	5154	1246	3908
1082	5150	1241	3909
1083	5178	1237	3941
1084	5211	1243	3968
1085	5177	1243	3934
1086	5169	1238	3931
1087	5109	1242	3867
1088	5144	1239	3905
1089	5141	1242	3899
1090	5190	1239	3951
1091	5161	1234	3927
1092	5192	1235	3957
1093	5229	1229	4000
1094	5180	1229	3951
1095	5170	1232	3938
1096	5227	1237	3990
1097	5166	1247	3919
1098	5162	1243	3919
1099	5221	1247	3974
1100	5246	1233	4013
1101	5189	1228	3961
1102	5192	1233	3959
1103	5233	1234	3999
1104	5228	1228	4000
1105	5279	1234	4045
1106	5247	1229	4018
1107	5261	1230	4031
1108	5315	1239	4076
1109	5327	1250	4077
1110	5279	1241	4038
1111	5315	1243	4072
1112	5289	1240	4049
1113	5280	1232	4048
1114	5273	1239	4034
1115	5304	1240	4064
1116	5334	1245	4089
1117	5320	1240	4080
1118	5277	1250	4027
1119	5233	1250	3983
1120	5309	1237	4072
1121	5278	1244	4034
1122	5297	1243	4054
1123	5301	1250	4051
1124	5268	1243	4025
1125	5318	1243	4075
1126	5327	1253	4074
1127	5331	1245	4086
1128	5338	1242	4096
1129	5314	1240	4074
1130	5305	1234	4071
1131	5326	1240	4086
1132	5387	1247	4140
1133	5417	1241	4176
1134	5318	1232	4086
1135	5242	1231	4011
1136	5295	1243	4052
1137	5291	1247	4044
1138	5352	1242	4110
1139	5350	1241	4109
1140	5354	1240	4114
1141	5369	1249	4120
1142	5367	1243	4124
1143	5371	1235	4136
1144	5395	1238	4157
1145	5367	1242	4125
1146	5355	1245	4110
1147	5389	1246	4143
1148	5397	1238	4159
1149	5447	1236	4211
1150	5391	1244	4147
1151	5369	1241	4128
1152	5320	1241	4079
1153	5292	1243	4049
1154	5330	1252	4078
1155	5324	1234	4090
1156	5380	1242	4138
1157	5426	1249	4177
1158	5375	1244	4131
1159	5385	1246	4139
1160	5412	1230	4182
1161	5374	1233	4141
1162	5355	1239	4116
1163	5353	1229	4124
1164	5328	1225	4103
1165	5416	1243	4173
1166	5407	1248	4159
1167	5321	1246	4075
1168	5368	1247	4121
1169	5391	1251	4140
1170	5403	1242	4161
1171	5425	1242	4183
1172	5452	1251	4201
1173	5432	1242	4190
1174	5503	1235	4268
1175	5482	1241	4241
1176	5433	1238	4195
1177	5406	1238	4168
1178	5462	1234	4228
1179	5410	1240	4170
1180	5385	1248	4137
1181	5368	1247	4121
1182	5418	1246	4172
1183	5414	1252	4162
1184	5370	1247	4123
1185	5424	1241	4183
1186	5472	1237	4235
1187	5403	1241	4162
1188	5388	1247	4141
1189	5335	1247	4088
1190	5327	1238	4089
1191	5426	1239	4187
1192	5404	1230	4174
1193	5390	1231	4159
1194	5354	1234	4120
1195	5315	1243	4072
1196	5343	1246	4097
1197	5390	1245	4145
1198	5372	1247	4125
1199	5398	1246	4152
1200	5414	1244	4170
1201	5329	1239	4090
1202	5357	1237	4120
1203	5402	1235	4167
1204	5371	1240	4131
1205	5351	1246	4105
1206	5387	1240	4147
1207	5397	1233	4164
1208	5348	1235	4113
1209	5278	1236	4042
1210	5275	1230	4045
1211	5379	1234	4145
1212	5368	1236	4132
1213	5367	1234	4133
1214	5322	1241	4081
1215	5343	1251	4092
1216	5404	1239	4165
1217	5321	1235	4086
1218	5330	1217	4113
1219	5279	1247	4032
1220	5262	1244	4018
1221	5354	1241	4113
1222	5373	1234	4139
1223	5335	1240	4095
1224	5282	1242	4040
1225	5254	1238	4016
1226	5313	1231	4082
1227	5262	1233	4029
1228	5259	1230	4029
1229	5257	1239	4018
1230	5260	1236	4024
1231	5246	1236	4010
1232	5259	1237	4022
1233	5253	1248	4005
1234	5232	1240	3992
1235	5279	1243	4036
1236	5229	1241	3988
1237	5183	1236	3947
1238	5244	1243	4001
1239	5269	1241	4028
1240	5185	1240	3945
1241	5220	1242	3978
1242	5257	1232	4025
1243	5212	1225	3987
1244	5306	1237	4069
1245	5258	1244	4014
1246	5195	1243	3952
1247	5217	1238	3979
1248	5184	1234	3950
1249	5192	1239	3953
1250	5178	1239	3939
1251	5153	1238	3915
1252	5247	1238	4009
1253	5294	1230	4064
1254	5158	1234	3924
1255	5109	1240	3869
1256	5176	1245	3931
1257	5158	1250	3908
1258	5081	1237	3844
1259	5178	1241	3937
1260	5111	1237	3874
1261	5109	1235	3874
1262	5174	1239	3935
1263	5170	1237	3933
1264	5084	1247	3837
1265	5073	1234	3839
1266	5110	1236	3874
1267	5119	1249	3870
1268	5103	1247	3856
1269	5113	1246	3867
1270	5107	1240	3867
1271	5127	1254	3873
1272	5141	1256	3885
1273	5073	1246	3827
1274	5044	1235	3809
1275	5125	1240	3885
1276	5148	1252	3896
1277	5082	1249	3833
1278	5097	1241	3856
1279	5082	1246	3836
1280	5061	1242	3819
1281	5016	1233	3783
1282	5017	1230	3787
1283	5020	1245	3775
1284	5003	1244	3759
1285	5019	1236	3783
1286	5012	1238	3774
1287	5047	1245	3802
1288	5043	1245	3798
1289	5037	1236	3801
1290	5028	1239	3789
1291	5026	1242	3784
1292	5048	1241	3807
1293	5033	1247	3786
1294	4971	1237	3734
1295	4983	1238	3745
1296	5003	1234	3769
1297	5006	1239	3767
1298	4987	1234	3753
1299	4965	1228	3737
1300	4952	1227	3725
1301	4976	1239	3737
1302	4945	1238	3707
1303	4865	1233	3632
1304	4851	1238	3613
1305	4892	1241	3651
1306	4934	1234	3700
1307	4890	1236	3654
1308	4905	1248	3657
1309	4844	1246	3598
1310	4861	1253	3608
1311	4869	1256	3613
1312	4891	1246	3645
1313	4903	1237	3666
1314	4900	1241	3659
1315	4884	1223	3661
1316	4831	1231	3600
1317	4787	1245	3542
1318	4816	1241	3575
1319	4786	1239	3547
1320	4787	1240	3547
1321	4772	1241	3531
1322	4746	1240	3506
1323	4756	1249	3507
1324	4750	1251	3499
1325	4773	1239	3534
1326	4791	1243	3548
1327	4764	1254	3510
1328	4745	1239	3506
1329	4717	1240	3477
1330	4716	1245	3471
1331	4730	1241	3489
1332	4691	1248	3443
1333	4688	1240	3448
1334	4642	1242	3400
1335	4673	1247	3426
1336	4679	1243	3436
1337	4676	1227	3449
1338	4628	1233	3395
1339	4653	1240	3413
1340	4653	1235	3418
1341	4654	1234	3420
1342	4632	1232	3400
1343	4628	1232	3396
1344	4621	1236	3385
1345	4566	1228	3338
1346	4550	1229	3321
1347	4607	1249	3358
1348	4572	1252	3320
1349	4587	1243	3344
1350	4557	1243	3314
1351	4585	1226	3359
1352	4592	1228	3364
1353	4589	1222	3367
1354	4548	1221	3327
1355	4525	1233	3292
1356	4514	1237	3277
1357	4489	1238	3251
1358	4484	1237	3247
1359	4473	1242	3231
1360	4478	1244	3234
1361	4482	1246	3236
1362	4516	1243	3273
1363	4522	1236	3286
1364	4464	1240	3224
1365	4448	1247	3201
1366	4431	1239	3192
1367	4404	1235	3169
1368	4401	1246	3155
1369	4442	1241	3201
1370	4459	1226	3233
1371	4422	1238	3184
1372	4335	1244	3091
1373	4332	1242	3090
1374	4361	1242	3119
1375	4323	1232	3091
1376	4324	1237	3087
1377	4365	1244	3121
1378	4348	1237	3111
1379	4331	1241	3090
1380	4345	1242	3103
1381	4284	1238	3046
1382	4222	1237	2985
1383	4228	1248	2980
1384	4297	1252	3045
1385	4264	1244	3020
1386	4297	1230	3067
1387	4231	1223	3008
1388	4177	1236	2941
1389	4193	1247	2946
1390	4194	1246	2948
1391	4185	1236	2949
1392	4222	1233	2989
1393	4204	1239	2965
1394	4091	1241	2850
1395	4072	1239	2833
1396	4124	1238	2886
1397	4175	1233	2942
1398	4076	1235	2841
1399	4066	1235	2831
1400	4059	1240	2819
1401	4052	1238	2814
1402	4072	1238	2834
1403	4057	1237	2820
1404	4037	1237	2800
1405	3992	1235	2757
1406	3974	1235	2739
1407	4036	1234	2802
1408	4054	1234	2820
1409	3979	1242	2737
1410	3984	1243	2741
1411	3985	1240	2745
1412	3902	1245	2657
1413	3935	1246	2689
1414	3917	1240	2677
1415	3894	1244	2650
1416	3937	1243	2694
1417	3933	1237	2696
1418	3894	1233	2661
1419	3920	1244	2676
1420	3924	1241	2683
1421	3896	1233	2663
1422	3854	1243	2611
1423	3900	1249	2651
1424	3879	1252	2627
1425	3836	1244	2592
1426	3889	1242	2647
1427	3881	1240	2641
1428	3827	1247	2580
1429	3834	1246	2588
1430	3839	1239	2600
1431	3826	1236	2590
1432	3751	1239	2512
1433	3756	1242	2514
1434	3759	1246	2513
1435	3719	1245	2474
1436	3745	1240	2505
1437	3783	1237	2546
1438	3710	1243	2467
1439	3679	1242	2437
1440	3669	1246	2423
1441	3670	1248	2422
1442	3657	1242	2415
1443	3619	1230	2389
1444	3644	1228	2416
1445	3664	1237	2427
1446	3654	1236	2418
1447	3656	1238	2418
1448	3600	1239	2361
1449	3608	1236	2372
1450	3634	1225	2409
1451	3587	1242	2345
1452	3579	1242	2337
1453	3551	1237	2314
1454	3561	1242	2319
1455	3561	1237	2324
1456	3537	1239	2298
1457	3555	1246	2309
1458	3554	1241	2313
1459	3561	1240	2321
1460	3531	1246	2285
1461	3519	1248	2271
1462	3529	1241	2288
1463	3537	1236	2301
1464	3497	1236	2261
1465	3483	1244	2239
1466	3512	1236	2276
1467	3509	1228	2281
1468	3494	1224	2270
1469	3498	1257	2241
1470	3486	1243	2243
1471	3471	1237	2234
1472	3426	1240	2186
1473	3432	1231	2201
1474	3412	1235	2177
1475	3420	1243	2177
1476	3442	1241	2201
1477	3439	1241	2198
1478	3412	1242	2170
1479	3385	1242	2143
1480	3417	1243	2174
1481	3404	1245	2159
1482	3350	1242	2108
1483	3353	1234	2119
1484	3383	1231	2152
1485	3409	1234	2175
1486	3328	1235	2093
1487	3279	1237	2042
1488	3314	1243	2071
1489	3304	1235	2069
1490	3335	1241	2094
1491	3321	1246	2075
1492	3281	1245	2036
1493	3290	1248	2042
1494	3284	1238	2046
1495	3256	1234	2022
1496	3260	1231	2029
1497	3259	1235	2024
1498	3265	1243	2022
1499	3256	1242	2014
1500	3248	1236	2012
1501	3250	1228	2022
1502	3245	1237	2008
1503	3243	1247	1996
1504	3227	1251	1976
1505	3185	1239	1946
1506	3191	1244	1947
1507	3231	1241	1990
1508	3202	1237	1965
1509	3204	1239	1965
1510	3184	1246	1938
1511	3197	1239	1958
1512	3195	1238	1957
1513	3175	1240	1935
1514	3120	1232	1888
1515	3119	1237	1882
1516	3168	1244	1924
1517	3183	1243	1940
1518	3200	1240	1960
1519	3160	1250	1910
1520	3090	1244	1846
1521	3087	1235	1852
1522	3098	1243	1855
1523	3120	1245	1875
1524	3100	1252	1848
1525	3062	1242	1820
1526	3066	1233	1833
1527	3088	1237	1851
1528	3124	1246	1878
1529	3100	1247	1853
1530	3078	1242	1836
1531	3054	1245	1809
1532	3042	1236	1806
1533	3080	1238	1842
1534	3095	1236	1859
1535	3057	1236	1821
1536	3047	1225	1822
1537	3050	1231	1819
1538	3044	1243	1801
1539	3051	1240	1811
1540	3109	1231	1878
1541	3072	1236	1836
1542	3021	1244	1777
1543	3014	1238	1776
1544	3022	1239	1783
1545	3042	1237	1805
1546	3043	1225	1818
1547	3007	1231	1776
1548	2991	1239	1752
1549	3006	1244	1762
1550	2992	1259	1733
1551	2969	1251	1718
1552	2949	1246	1703
1553	2957	1249	1708
1554	2952	1245	1707
1555	2950	1236	1714
1556	2944	1245	1699
1557	2947	1247	1700
1558	2976	1252	1724
1559	2924	1239	1685
1560	2937	1233	1704
1561	2937	1232	1705
1562	2929	1236	1693
1563	2913	1251	1662
1564	2918	1245	1673
1565	2888	1246	1642
1566	2855	1248	1607
1567	2905	1248	1657
1568	2904	1244	1660
1569	2891	1237	1654
1570	2870	1235	1635
1571	2859	1240	1619
1572	2829	1239	1590
1573	2827	1239	1588
1574	2872	1248	1624
1575	2867	1242	1625
1576	2876	1241	1635
1577	2855	1231	1624
1578	2864	1228	1636
1579	2875	1234	1641
1580	2910	1239	1671
1581	2885	1243	1642
1582	2854	1239	1615
1583	2866	1234	1632
1584	2872	1235	1637
1585	2870	1243	1627
1586	2845	1245	1600
1587	2854	1239	1615
1588	2850	1228	1622
1589	2861	1239	1622
1590	2804	1239	1565
1591	2812	1240	1572
1592	2809	1240	1569
1593	2758	1241	1517
1594	2808	1237	1571
1595	2836	1228	1608
1596	2795	1238	1557
1597	2817	1245	1572
1598	2805	1234	1571
1599	2778	1240	1538
1600	2768	1237	1531
1601	2757	1243	1514
1602	2768	1234	1534
1603	2764	1239	1525
1604	2798	1238	1560
1605	2781	1229	1552
1606	2786	1230	1556
1607	2761	1231	1530
1608	2728	1244	1484
1609	2746	1244	1502
1610	2741	1241	1500
1611	2741	1239	1502
1612	2737	1244	1493
1613	2727	1245	1482
1614	2734	1250	1484
1615	2736	1244	1492
1616	2732	1234	1498
1617	2745	1241	1504
1618	2690	1248	1442
1619	2663	1235	1428
1620	2693	1242	1451
1621	2687	1244	1443
1622	2675	1243	1432
1623	2682	1243	1439
1624	2678	1230	1448
1625	2682	1234	1448
1626	2689	1236	1453
1627	2683	1241	1442
1628	2628	1237	1391
1629	2624	1233	1391
1630	2638	1229	1409
1631	2691	1234	1457
1632	2716	1234	1482
1633	2689	1237	1452
1634	2641	1233	1408
1635	2634	1239	1395
1636	2627	1241	1386
1637	2600	1248	1352
1638	2643	1244	1399
1639	2614	1233	1381
1640	2642	1245	1397
1641	2641	1246	1395
1642	2673	1246	1427
1643	2662	1243	1419
1644	2598	1228	1370
1645	2608	1234	1374
1646	2624	1234	1390
1647	2601	1231	1370
1648	2594	1236	1358
1649	2645	1240	1405
1650	2610	1245	1365
1651	2567	1245	1322
1652	2617	1229	1388
1653	2616	1253	1363
1654	2561	1246	1315
1655	2569	1244	1325
1656	2583	1243	1340
1657	2605	1246	1359
1658	2599	1248	1351
1659	2592	1251	1341
1660	2562	1238	1324
1661	2586	1239	1347
1662	2582	1240	1342
1663	2584	1237	1347
1664	2596	1248	1348
1665	2554	1253	1301
1666	2594	1261	1333
1667	2582	1249	1333
1668	2607	1236	1371
1669	2577	1240	1337
1670	2584	1239	1345
1671	2623	1239	1384
1672	2591	1237	1354
1673	2549	1243	1306
1674	2576	1232	1344
1675	2583	1235	1348
1676	2568	1237	1331
1677	2559	1243	1316
1678	2498	1240	1258
1679	2488	1232	1256
1680	2551	1243	1308
1681	2582	1237	1345
1682	2576	1236	1340
1683	2556	1243	1313
1684	2526	1244	1282
1685	2505	1249	1256
1686	2525	1252	1273
1687	2561	1242	1319
1688	2564	1236	1328
1689	2560	1233	1327
1690	2527	1234	1293
1691	2530	1245	1285
1692	2541	1247	1294
1693	2512	1240	1272
1694	2487	1237	1250
1695	2487	1235	1252
1696	2502	1235	1267
1697	2478	1241	1237
1698	2471	1244	1227
1699	2450	1243	1207
1700	2460	1236	1224
1701	2477	1238	1239
1702	2473	1240	1233
1703	2465	1239	1226
1704	2448	1240	1208
1705	2471	1238	1233
1706	2428	1245	1183
1707	2416	1237	1179
1708	2435	1235	1200
1709	2463	1238	1225
1710	2452	1232	1220
1711	2390	1241	1149
1712	2406	1245	1161
1713	2450	1233	1217
1714	2422	1232	1190
1715	2419	1236	1183
1716	2399	1232	1167
1717	2433	1234	1199
1718	2420	1225	1195
1719	2406	1254	1152
1720	2400	1235	1165
1721	2419	1236	1183
1722	2447	1245	1202
1723	2478	1253	1225
1724	2436	1246	1190
1725	2439	1239	1200
1726	2418	1235	1183
1727	2423	1234	1189
1728	2409	1240	1169
1729	2376	1251	1125
1730	2382	1238	1144
1731	2399	1239	1160
1732	2383	1240	1143
1733	2367	1239	1128
1734	2377	1239	1138
1735	2385	1239	1146
1736	2364	1232	1132
1737	2349	1241	1108
1738	2361	1242	1119
1739	2316	1233	1083
1740	2319	1237	1082
1741	2345	1241	1104
1742	2381	1243	1138
1743	2354	1233	1121
1744	2336	1234	1102
1745	2346	1241	1105
1746	2314	1238	1076
1747	2313	1226	1087
1748	2324	1226	1098
1749	2326	1236	1090
1750	2310	1237	1073
1751	2310	1233	1077
1752	2305	1241	1064
1753	2292	1250	1042
1754	2260	1244	1016
1755	2295	1224	1071
1756	2307	1222	1085
1757	2305	1233	1072
1758	2295	1246	1049
1759	2273	1242	1031
1760	2273	1251	1022
1761	2311	1250	1061
1762	2282	1237	1045
1763	2275	1244	1031
1764	2286	1248	1038
1765	2260	1245	1015
1766	2234	1241	993
1767	2291	1236	1055
1768	2301	1238	1063
1769	2272	1238	1034
1770	2265	1237	1028
1771	2247	1239	1008
1772	2261	1245	1016
1773	2260	1241	1019
1774	2240	1257	983
1775	2226	1248	978
1776	2255	1237	1018
1777	2240	1238	1002
1778	2230	1236	994
1779	2252	1250	1002
1780	2256	1244	1012
1781	2238	1236	1002
1782	2231	1244	987
1783	2209	1231	978
1784	2191	1228	963
1785	2199	1240	959
1786	2209	1242	967
1787	2191	1243	948
1788	2170	1246	924
1789	2189	1240	949
1790	2183	1242	941
1791	2192	1241	951
1792	2226	1245	981
1793	2195	1240	955
1794	2177	1238	939
1795	2163	1237	926
1796	2160	1238	922
1797	2181	1239	942
1798	2178	1238	940
1799	2128	1238	890
1800	2118	1237	881
1801	2134	1236	898
1802	2124	1234	890
1803	2124	1241	883
1804	2124	1240	884
1805	2122	1234	888
1806	2108	1245	863
1807	2126	1248	878
1808	2112	1246	866
1809	2098	1243	855
1810	2122	1243	879
1811	2102	1238	864
1812	2096	1233	863
1813	2109	1236	873
1814	2103	1240	863
1815	2110	1236	874
1816	2104	1239	865
1817	2057	1245	812
1818	2052	1241	811
1819	2063	1242	821
1820	2064	1239	825
1821	2085	1239	846
1822	2065	1243	822
1823	2055	1242	813
1824	2028	1231	797
1825	2036	1232	804
1826	2057	1236	821
1827	2042	1239	803
1828	2043	1244	799
1829	2057	1240	817
1830	2031	1231	800
1831	2041	1231	810
1832	2045	1240	805
1833	2014	1240	774
1834	2010	1237	773
1835	2012	1228	784
1836	1972	1231	741
1837	1982	1242	740
1838	1985	1244	741
1839	1970	1229	741
1840	1971	1237	734
1841	1982	1251	731
1842	1990	1247	743
1843	2006	1241	765
1844	2032	1239	793
1845	2006	1244	762
1846	1960	1238	722
1847	1977	1237	740
1848	1974	1235	739
1849	1984	1240	744
1850	2000	1235	765
1851	1976	1224	752
1852	1960	1235	725
1853	1891	1248	643
1854	1926	1244	682
1855	1952	1238	714
1856	1943	1239	704
1857	1949	1240	709
1858	1928	1235	693
1859	1941	1233	708
1860	1934	1244	690
1861	1935	1232	703
1862	1919	1238	681
1863	1903	1239	664
1864	1908	1230	678
1865	1928	1235	693
1866	1877	1239	638
1867	1889	1247	642
1868	1922	1240	682
1869	1920	1237	683
1870	1895	1238	657
1871	1897	1237	660
1872	1875	1235	640
1873	1870	1240	630
1874	1850	1244	606
1875	1865	1250	615
1876	1874	1238	636
1877	1864	1240	624
1878	1849	1239	610
1879	1834	1244	590
1880	1826	1245	581
1881	1833	1243	590
1882	1833	1241	592
1883	1852	1239	613
1884	1827	1236	591
1885	1791	1233	558
1886	1794	1237	557
1887	1791	1240	551
1888	1771	1247	524
1889	1761	1234	527
1890	1725	1237	488
1891	1721	1249	472
1892	1726	1247	479
1893	1721	1237	484
1894	1735	1234	501
1895	1762	1240	522
1896	1729	1231	498
1897	1707	1239	468
1898	1718	1242	476
1899	1697	1231	466
1900	1677	1242	435
1901	1675	1249	426
1902	1695	1241	454
1903	1660	1247	413
1904	1651	1243	408
1905	1671	1243	428
1906	1669	1238	431
1907	1673	1234	439
1908	1675	1240	435
1909	1669	1243	426
1910	1677	1246	431
1911	1679	1237	442
1912	1689	1235	454
1913	1685	1234	451
1914	1669	1238	431
1915	1690	1230	460
1916	1663	1240	423
1917	1697	1243	454
1918	1701	1248	453
1919	1655	1242	413
1920	1683	1238	445
1921	1686	1243	443
1922	1670	1242	428
1923	1702	1242	460
1924	1706	1236	470
1925	1687	1242	445
1926	1654	1252	402
1927	1678	1251	427
1928	1680	1247	433
1929	1685	1240	445
1930	1707	1246	461
1931	1673	1244	429
1932	1676	1238	438
1933	1681	1241	440
1934	1677	1237	440
1935	1674	1248	426
1936	1664	1249	415
1937	1645	1238	407
1938	1646	1244	402
1939	1645	1247	398
1940	1638	1245	393
1941	1664	1241	423
1942	1658	1231	427
1943	1671	1232	439
1944	1670	1243	427
1945	1664	1235	429
1946	1668	1224	444
1947	1664	1236	428
1948	1633	1229	404
1949	1631	1231	400
1950	1639	1244	395
1951	1649	1241	408
1952	1621	1225	396
1953	1616	1239	377
1954	1623	1243	380
1955	1632	1237	395
1956	1625	1236	389
1957	1601	1240	361
1958	1593	1234	359
1959	1598	1239	359
1960	1583	1248	335
1961	1581	1246	335
1962	1607	1236	371
1963	1598	1232	366
1964	1601	1232	369
1965	1592	1238	354
1966	1571	1241	330
1967	1607	1230	377
1968	1567	1220	347
1969	1571	1246	325
1970	1560	1224	336
1971	1574	1225	349
1972	1581	1233	348
1973	1571	1235	336
1974	1558	1234	324
1975	1532	1246	286
1976	1539	1246	293
1977	1545	1239	306
1978	1560	1239	321
1979	1587	1237	350
1980	1557	1237	320
1981	1528	1243	285
1982	1528	1246	282
1983	1518	1240	278
1984	1544	1235	309
1985	1560	1232	328
1986	1531	1235	296
1987	1553	1238	315
1988	1547	1242	305
1989	1534	1234	300
1990	1530	1240	290
1991	1507	1241	266
1992	1501	1238	263
1993	1513	1231	282
1994	1515	1233	282
1995	1524	1242	282
1996	1501	1238	263
1997	1481	1232	249
1998	1494	1240	254
1999	1491	1243	248
2000	1486	1243	243
2001	1495	1248	247
2002	1479	1242	237
2003	1475	1239	236
2004	1488	1240	248
2005	1487	1243	244
2006	1466	1252	214
2007	1493	1249	244
2008	1472	1235	237
2009	1481	1239	242
2010	1484	1248	236
2011	1476	1243	233
2012	1448	1249	199
2013	1448	1248	200
2014	1465	1239	226
2015	1463	1238	225
2016	1453	1233	220
2017	1441	1238	203
2018	1452	1235	217
2019	1476	1232	244
2020	1453	1240	213
2021	1427	1236	191
2022	1443	1245	198
2023	1453	1241	212
2024	1448	1227	221
2025	1465	1233	232
2026	1456	1252	204
2027	1441	1244	197
2028	1422	1249	173
2029	1413	1247	166
2030	1447	1235	212
2031	1451	1239	212
2032	1425	1250	175
2033	1420	1251	169
2034	1419	1242	177
2035	1417	1233	184
2036	1423	1241	182
2037	1412	1247	165
2038	1417	1240	177
2039	1398	1243	155
2040	1388	1236	152
2041	1396	1232	164
2042	1413	1234	179
2043	1415	1241	174
2044	1408	1247	161
2045	1394	1244	150
2046	1397	1234	163
2047	1383	1238	145
2048	1377	1241	136
2049	1361	1238	123
2050	1377	1248	129
2051	1396	1240	156
2052	1382	1239	143
2053	1390	1247	143
2054	1381	1240	141
2055	1377	1233	144
2056	1391	1238	153
2057	1377	1238	139
2058	1379	1238	141
2059	1400	1245	155
2060	1397	1250	147
2061	1342	1242	100
2062	1359	1251	108
2063	1399	1255	144
2064	1385	1255	130
2065	1366	1252	114
2066	1347	1247	100
2067	1358	1247	111
2068	1379	1249	130
2069	1370	1251	119
2070	1361	1242	119
2071	1352	1233	119
2072	1374	1238	136
2073	1351	1249	102
2074	1360	1242	118
2075	1363	1238	125
2076	1341	1250	91
2077	1342	1249	93
2078	1350	1236	114
2079	1358	1242	116
2080	1356	1247	109
2081	1341	1235	106
2082	1337	1224	113
2083	1329	1237	92
2084	1334	1249	85
2085	1333	1244	89
2086	1336	1243	93
2087	1335	1237	98
2088	1345	1235	110
2089	1370	1242	128
2090	1368	1253	115
2091	1366	1246	120
2092	1361	1235	126
2093	1351	1243	108
2094	1329	1244	85
2095	1323	1231	92
2096	1328	1235	93
2097	1342	1245	97
2098	1360	1244	116
2099	1356	1243	113
2100	1345	1237	108
2101	1335	1236	99
2102	1323	1240	83
2103	1336	1240	96
2104	1331	1242	89
2105	1324	1247	77
2106	1339	1239	100
2107	1351	1238	113
2108	1358	1234	124
2109	1339	1236	103
2110	1322	1244	78
2111	1311	1245	66
2112	1316	1239	77
2113	1329	1232	97
2114	1301	1236	65
2115	1285	1238	47
2116	1301	1246	55
2117	1320	1239	81
2118	1321	1222	99
2119	1323	1229	94
2120	1300	1238	62
2121	1317	1244	73
2122	1324	1249	75
2123	1288	1247	41
2124	1315	1243	72
2125	1321	1241	80
2126	1326	1235	91
2127	1337	1241	96
2128	1327	1251	76
2129	1334	1249	85
2130	1335	1246	89
2131	1312	1239	73
2132	1291	1230	61
2133	1301	1232	69
2134	1300	1233	67
2135	1308	1245	63
2136	1303	1251	52
2137	1294	1241	53
2138	1288	1238	50
2139	1311	1235	76
2140	1297	1236	61
2141	1290	1233	57
2142	1300	1250	50
2143	1300	1247	53
2144	1282	1242	40
2145	1300	1242	58
2146	1298	1237	61
2147	1289	1242	47
2148	1294	1232	62
2149	1284	1229	55
2150	1293	1241	52
2151	1277	1244	33
2152	1289	1242	47
2153	1289	1242	47
2154	1295	1242	53
2155	1312	1236	76
2156	1312	1231	81
2157	1298	1241	57
2158	1293	1235	58
2159	1289	1235	54
2160	1273	1240	33
2161	1266	1241	25
2162	1285	1234	51
2163	1285	1238	47
2164	1294	1242	52
2165	1299	1246	53
2166	1300	1245	55
2167	1296	1241	55
2168	1285	1241	44
2169	1301	1234	67
2170	1285	1234	51
2171	1277	1250	27
2172	1270	1243	27
2173	1274	1234	40
2174	1277	1236	41
2175	1276	1230	46
2176	1297	1235	62
2177	1294	1234	60
2178	1296	1235	61
2179	1298	1234	64
2180	1290	1240	50
2181	1285	1240	45
2182	1283	1247	36
2183	1262	1238	24
2184	1242	1243	-1
2185	1248	1241	7
2186	1272	1230	42
2187	1289	1236	53
2188	1283	1243	40
2189	1269	1239	30
2190	1275	1237	38
2191	1289	1233	56
2192	1296	1233	63
2193	1295	1241	54
2194	1271	1247	24
2195	1267	1244	23
2196	1270	1240	30
2197	1270	1243	27
2198	1258	1244	14
2199	1262	1243	19
2200	1277	1238	39
2201	1286	1238	48
2202	1294	1244	50
2203	1291	1233	58
2204	1286	1230	56
2205	1271	1241	30
2206	1259	1243	16
2207	1243	1248	-5
2208	1266	1245	21
2209	1281	1236	45
2210	1274	1240	34
2211	1274	1233	41
2212	1274	1228	46
2213	1252	1234	18
2214	1261	1228	33
2215	1271	1241	30
2216	1257	1250	7
2217	1245	1244	1
2218	1243	1225	18
2219	1288	1252	36
2220	1279	1246	33
2221	1283	1243	40
2222	1272	1245	27
2223	1254	1243	11
2224	1253	1245	8
2225	1290	1237	53
2226	1289	1241	48
2227	1289	1244	45
2228	1284	1239	45
2229	1267	1240	27
2230	1256	1238	18
2231	1287	1237	50
2232	1285	1240	45
2233	1259	1242	17
2234	1245	1241	4
2235	1247	1235	12
2236	1255	1235	20
2237	1254	1240	14
2238	1254	1239	15
2239	1269	1239	30
2240	1261	1239	22
2241	1263	1234	29
2242	1265	1236	29
2243	1257	1239	18
2244	1262	1245	17
2245	1253	1243	10
2246	1258	1242	16
2247	1278	1245	33
2248	1299	1238	61
2249	1289	1235	54
2250	1283	1232	51
2251	1259	1229	30
2252	1233	1241	-8
2253	1251	1239	12
2254	1264	1237	27
2255	1273	1252	21
2256	1264	1245	19
2257	1269	1235	34
2258	1272	1241	31
2259	1254	1245	9
2260	1269	1239	30
2261	1255	1242	13
2262	1241	1250	-9
2263	1243	1241	2
2264	1266	1237	29
2265	1261	1239	22
2266	1288	1235	53
2267	1290	1237	53
2268	1272	1241	31
2269	1261	1245	16
2270	1273	1247	26
2271	1279	1242	37
2272	1259	1237	22
2273	1277	1239	38
2274	1278	1243	35
2275	1255	1244	11
2276	1255	1236	19
2277	1261	1233	28
2278	1250	1239	11
2279	1232	1246	-14
2280	1240	1246	-6
2281	1279	1246	33
2282	1274	1243	31
2283	1258	1237	21
2284	1266	1246	20
2285	1263	1243	20
2286	1280	1243	37
2287	1270	1243	27
2288	1257	1244	13
2289	1265	1248	17
2290	1249	1248	1
2291	1247	1245	2
2292	1277	1253	24
2293	1247	1249	-2
2294	1221	1244	-23
2295	1240	1251	-11
2296	1278	1246	32
2297	1274	1240	34
2298	1266	1237	29
2299	1282	1242	40
2300	1262	1252	10
2301	1271	1253	18
2302	1269	1245	24
2303	1259	1248	11
2304	1270	1245	25
2305	1289	1239	50
2306	1284	1237	47
2307	1281	1242	39
2308	1267	1240	27
2309	1258	1234	24
2310	1266	1242	24
2311	1257	1245	12
2312	1234	1237	-3
2313	1227	1231	-4
2314	1245	1247	-2
2315	1245	1249	-4
2316	1271	1234	37
2317	1278	1232	46
2318	1260	1236	24
2319	1261	1240	21
2320	1262	1241	21
2321	1271	1236	35
2322	1288	1232	56
2323	1270	1239	31
2324	1234	1237	-3
2325	1255	1244	11
2326	1267	1246	21
2327	1262	1241	21
2328	1268	1250	18
2329	1265	1253	12
2330	1274	1247	27
2331	1279	1241	38
2332	1259	1237	22
2333	1232	1233	-1
2334	1255	1242	13
2335	1255	1238	17
2336	1232	1240	-8
2337	1264	1240	24
2338	1294	1240	54
2339	1289	1245	44
2340	1260	1237	23
2341	1278	1238	40
2342	1264	1239	25
2343	1262	1235	27
2344	1257	1244	13
2345	1255	1244	11
2346	1259	1243	16
2347	1247	1237	10
2348	1236	1238	-2
2349	1231	1230	1
2350	1233	1232	1
2351	1259	1236	23
2352	1264	1240	24
2353	1254	1241	13
2354	1254	1242	12
2355	1258	1238	20
2356	1262	1240	22
2357	1267	1235	32
2358	1248	1233	15
2359	1258	1225	33
2360	1256	1237	19
2361	1264	1241	23
2362	1257	1236	21
2363	1257	1237	20
2364	1247	1247	0
2365	1233	1239	-6
2366	1229	1236	-7
2367	1233	1236	-3
2368	1236	1248	-12
2369	1257	1245	12
2370	1256	1236	20
2371	1250	1240	10
2372	1245	1239	6
2373	1265	1241	24
2374	1265	1240	25
2375	1254	1241	13
2376	1262	1240	22
2377	1262	1234	28
2378	1275	1246	29
2379	1283	1246	37
2380	1259	1250	9
2381	1249	1241	8
2382	1257	1238	19
2383	1237	1243	-6
2384	1250	1237	13
2385	1241	1235	6
2386	1253	1238	15
2387	1256	1238	18
2388	1244	1249	-5
2389	1238	1250	-12
2390	1268	1239	29
2391	1262	1230	32
2392	1231	1231	0
2393	1235	1239	-4
2394	1247	1241	6
2395	1253	1244	9
2396	1266	1238	28
2397	1273	1233	40
2398	1261	1232	29
2399	1277	1236	41
2400	1271	1230	41
2401	1256	1232	24
2402	1242	1241	1
2403	1248	1243	5
2404	1279	1247	32
2405	1261	1239	22
2406	1278	1238	40
2407	1283	1241	42
2408	1249	1238	11
2409	1242	1232	10
2410	1242	1232	10
2411	1245	1243	2
2412	1253	1244	9
2413	1236	1242	-6
2414	1273	1241	32
2415	1262	1239	23
2416	1261	1230	31
2417	1265	1245	20
2418	1267	1246	21
2419	1260	1245	15
2420	1252	1242	10
2421	1259	1239	20
2422	1259	1239	20
2423	1268	1236	32
2424	1272	1244	28
2425	1281	1248	33
2426	1269	1236	33
2427	1257	1239	18
2428	1261	1236	25
2429	1276	1235	41
2430	1250	1234	16
2431	1248	1235	13
2432	1283	1238	45
2433	1273	1235	38
2434	1263	1234	29
2435	1260	1240	20
2436	1244	1242	2
2437	1261	1248	13
2438	1270	1235	35
2439	1282	1233	49
2440	1273	1239	34
2441	1248	1239	9
2442	1251	1230	21
2443	1249	1228	21
2444	1252	1232	20
2445	1247	1235	12
2446	1246	1237	9
2447	1274	1246	28
2448	1286	1252	34
2449	1270	1235	35
2450	1259	1242	17
2451	1245	1240	5
2452	1240	1237	3
2453	1241	1236	5
2454	1256	1240	16
2455	1258	1243	15
2456	1249	1245	4
2457	1241	1248	-7
2458	1239	1251	-12
2459	1277	1247	30
2460	1266	1248	18
2461	1253	1248	5
2462	1283	1242	41
2463	1277	1239	38
2464	1262	1241	21
2465	1276	1245	31
2466	1273	1242	31
2467	1270	1238	32
2468	1250	1228	22
2469	1267	1253	14
2470	1262	1245	17
2471	1267	1252	15
2472	1274	1255	19
2473	1261	1253	8
2474	1265	1242	23
2475	1274	1238	36
2476	1281	1236	45
2477	1270	1232	38
2478	1260	1242	18
2479	1251	1250	1
2480	1241	1250	-9
2481	1257	1249	8
2482	1258	1243	15
2483	1250	1241	9
2484	1250	1233	17
2485	1247	1229	18
2486	1240	1241	-1
2487	1234	1239	-5
2488	1260	1231	29
2489	1280	1243	37
2490	1263	1241	22
2491	1259	1239	20
2492	1265	1239	26
2493	1244	1237	7
2494	1237	1245	-8
2495	1244	1244	0
2496	1253	1240	13
2497	1243	1239	4
2498	1250	1244	6
2499	1274	1245	29
2500	1268	1252	16
2501	1256	1241	15
2502	1259	1241	18
2503	1257	1240	17
2504	1242	1242	0
2505	1268	1242	26
2506	1254	1241	13
2507	1241	1233	8
2508	1266	1235	31
2509	1257	1240	17
2510	1266	1237	29
2511	1265	1246	19
2512	1239	1250	-11
2513	1237	1237	0
2514	1258	1230	28
2515	1258	1237	21
2516	1265	1242	23
2517	1258	1250	8
2518	1264	1247	17
2519	1261	1241	20
2520	1259	1236	23
2521	1239	1238	1
2522	1239	1243	-4
2523	1254	1235	19
2524	1270	1235	35
2525	1272	1246	26
2526	1257	1246	11
2527	1252	1240	12
2528	1268	1242	26
2529	1269	1240	29
2530	1263	1237	26
2531	1273	1239	34
2532	1261	1238	23
2533	1242	1232	10
2534	1253	1237	16
2535	1233	1254	-21
2536	1249	1241	8
2537	1248	1232	16
2538	1232	1239	-7
2539	1234	1240	-6
2540	1266	1246	20
2541	1255	1252	3
2542	1259	1250	9
2543	1254	1241	13
2544	1254	1235	19
2545	1245	1243	2
2546	1257	1252	5
2547	1254	1238	16
2548	1246	1235	11
2549	1256	1242	14
2550	1274	1239	35
2551	1255	1239	16
2552	1241	1240	1
2553	1241	1243	-2
2554	1252	1236	16
2555	1233	1241	-8
2556	1249	1244	5
2557	1256	1248	8
2558	1258	1238	20
2559	1239	1237	2
2560	1245	1236	9
2561	1274	1244	30
2562	1257	1243	14
2563	1251	1246	5
2564	1242	1253	-11
2565	1227	1246	-19
2566	1271	1241	30
2567	1284	1240	44
2568	1255	1236	19
2569	1254	1238	16
2570	1249	1240	9
2571	1236	1239	-3
2572	1246	1231	15
2573	1246	1230	16
2574	1261	1236	25
2575	1277	1246	31
2576	1269	1249	20
2577	1263	1245	18
2578	1273	1240	33
2579	1259	1233	26
2580	1266	1235	31
2581	1269	1238	31
2582	1275	1242	33
2583	1246	1243	3
2584	1253	1233	20
2585	1245	1238	7
2586	1240	1240	0
2587	1261	1227	34
2588	1265	1233	32
2589	1264	1242	22
2590	1269	1241	28
2591	1266	1235	31
2592	1242	1236	6
2593	1252	1242	10
2594	1257	1242	15
2595	1242	1242	0
2596	1235	1247	-12
2597	1261	1244	17
2598	1257	1245	12
2599	1234	1251	-17
2600	1259	1241	18
2601	1255	1238	17
2602	1234	1239	-5
2603	1252	1236	16
2604	1262	1226	36
2605	1252	1231	21
2606	1241	1235	6
2607	1250	1244	6
2608	1254	1250	4
2609	1236	1248	-12
2610	1229	1241	-12
2611	1252	1241	11
2612	1253	1241	12
2613	1263	1245	18
2614	1276	1237	39
2615	1260	1229	31
2616	1252	1224	28
2617	1266	1228	38
2618	1241	1226	15
2619	1243	1232	11
2620	1249	1242	7
2621	1219	1243	-24
2622	1206	1243	-37
2623	1235	1237	-2
2624	1262	1229	33
2625	1241	1233	8
2626	1243	1230	13
2627	1247	1239	8
2628	1233	1240	-7
2629	1249	1245	4
2630	1243	1249	-6
2631	1251	1243	8
2632	1248	1239	9
2633	1257	1242	15
2634	1260	1241	19
2635	1254	1230	24
2636	1269	1226	43
2637	1253	1231	22
2638	1234	1244	-10
2639	1229	1242	-13
2640	1253	1238	15
2641	1260	1233	27
2642	1250	1232	18
2643	1244	1226	18
2644	1250	1241	9
2645	1255	1239	16
2646	1253	1243	10
2647	1250	1242	8
2648	1272	1237	35
2649	1277	1236	41
2650	1272	1236	36
2651	1270	1240	30
2652	1276	1237	39
2653	1252	1243	9
2654	1239	1236	3
2655	1242	1238	4
2656	1251	1238	13
2657	1249	1235	14
2658	1267	1238	29
2659	1247	1240	7
2660	1239	1241	-2
2661	1243	1248	-5
2662	1234	1240	-6
2663	1220	1238	-18
2664	1234	1233	1
2665	1245	1230	15
2666	1231	1227	4
2667	1242	1235	7
2668	1259	1236	23
2669	1266	1230	36
2670	1263	1239	24
2671	1253	1241	12
2672	1245	1232	13
2673	1248	1237	11
2674	1259	1241	18
2675	1256	1243	13
2676	1268	1237	31
2677	1251	1231	20
2678	1243	1230	13
2679	1225	1242	-17
2680	1226	1241	-15
2681	1253	1246	7
2682	1257	1243	14
2683	1264	1230	34
2684	1272	1241	31
2685	1241	1237	4
2686	1247	1240	7
2687	1253	1250	3
2688	1267	1236	31
2689	1248	1232	16
2690	1254	1236	18
2691	1273	1228	45
2692	1268	1227	41
2693	1266	1237	29
2694	1275	1253	22
2695	1258	1251	7
2696	1250	1236	14
2697	1249	1237	12
2698	1250	1240	10
2699	1259	1242	17
2700	1247	1237	10
2701	1246	1225	21
2702	1241	1233	8
2703	1255	1250	5
2704	1246	1243	3
2705	1249	1238	11
2706	1259	1245	14
2707	1229	1243	-14
2708	1238	1241	-3
2709	1235	1233	2
2710	1233	1239	-6
2711	1251	1252	-1
2712	1255	1244	11
2713	1264	1239	25
2714	1266	1238	28
2715	1256	1240	16
2716	1247	1240	7
2717	1232	1234	-2
2718	1228	1215	13
2719	1265	1241	24
2720	1270	1242	28
2721	1274	1243	31
2722	1252	1245	7
2723	1276	1241	35
2724	1265	1240	25
2725	1249	1241	8
2726	1268	1235	33
2727	1257	1229	28
2728	1249	1236	13
2729	1263	1238	25
2730	1259	1237	22
2731	1257	1237	20
2732	1235	1234	1
2733	1230	1246	-16
2734	1251	1241	10
2735	1277	1235	42
2736	1258	1233	25
2737	1260	1233	27
2738	1253	1237	16
2739	1248	1233	15
2740	1252	1231	21
2741	1248	1243	5
2742	1259	1234	25
2743	1249	1234	15
2744	1246	1244	2
2745	1247	1236	11
2746	1241	1243	-2
2747	1240	1247	-7
2748	1251	1241	10
2749	1237	1238	-1
2750	1222	1232	-10
2751	1247	1235	12
2752	1242	1233	9
2753	1234	1243	-9
2754	1248	1254	-6
2755	1242	1247	-5
2756	1250	1239	11
2757	1239	1235	4
2758	1229	1231	-2
2759	1248	1233	15
2760	1248	1234	14
2761	1223	1230	-7
2762	1229	1233	-4
2763	1254	1237	17
2764	1235	1227	8
2765	1248	1234	14
2766	1247	1245	2
2767	1252	1244	8
2768	1261	1240	21
2769	1235	1248	-13
2770	1227	1242	-15
2771	1242	1237	5
2772	1238	1245	-7
2773	1261	1239	22
2774	1267	1240	27
2775	1259	1237	22
2776	1241	1235	6
2777	1259	1230	29
2778	1273	1234	39
2779	1248	1237	11
2780	1231	1233	-2
2781	1231	1237	-6
2782	1255	1239	16
2783	1248	1241	7
2784	1245	1232	13
2785	1257	1236	21
2786	1260	1236	24
2787	1266	1238	28
2788	1240	1232	8
2789	1252	1236	16
2790	1260	1240	20
2791	1249	1246	3
2792	1235	1246	-11
2793	1238	1246	-8
2794	1245	1251	-6
2795	1256	1251	5
2796	1248	1235	13
2797	1255	1240	15
2798	1249	1244	5
2799	1249	1235	14
2800	1266	1240	26
2801	1260	1240	20
2802	1252	1235	17
2803	1260	1241	19
2804	1266	1234	32
2805	1267	1240	27
2806	1273	1250	23
2807	1268	1248	20
2808	1263	1239	24
2809	1261	1234	27
2810	1264	1250	14
2811	1265	1242	23
2812	1263	1233	30
2813	1247	1240	7
2814	1247	1242	5
2815	1256	1247	9
2816	1273	1247	26
2817	1266	1245	21
2818	1250	1239	11
2819	1263	1245	18
2820	1260	1245	15
2821	1236	1242	-6
2822	1242	1233	9
2823	1251	1227	24
2824	1259	1239	20
2825	1250	1243	7
2826	1235	1247	-12
2827	1235	1244	-9
2828	1242	1242	0
2829	1249	1241	8
2830	1236	1246	-10
2831	1231	1236	-5
2832	1234	1242	-8
2833	1226	1242	-16
2834	1222	1239	-17
2835	1236	1247	-11
2836	1248	1239	9
2837	1253	1242	11
2838	1256	1245	11
2839	1247	1248	-1
2840	1247	1242	5
2841	1259	1238	21
2842	1237	1234	3
2843	1239	1235	4
2844	1264	1236	28
2845	1244	1240	4
2846	1261	1245	16
2847	1259	1240	19
2848	1238	1232	6
2849	1245	1229	16
2850	1274	1243	31
2851	1292	1243	49
2852	1241	1244	-3
2853	1227	1244	-17
2854	1241	1235	6
2855	1233	1240	-7
2856	1249	1237	12
2857	1260	1234	26
2858	1256	1236	20
2859	1250	1236	14
2860	1258	1243	15
2861	1254	1259	-5
2862	1251	1238	13
2863	1280	1233	47
2864	1286	1239	47
2865	1258	1242	16
2866	1265	1244	21
2867	1249	1244	5
2868	1239	1245	-6
2869	1257	1239	18
2870	1267	1240	27
2871	1260	1237	23
2872	1263	1237	26
2873	1273	1245	28
2874	1252	1238	14
2875	1265	1237	28
2876	1254	1246	8
2877	1238	1242	-4
2878	1244	1241	3
2879	1260	1249	11
2880	1260	1243	17
2881	1264	1242	22
2882	1243	1250	-7
2883	1227	1254	-27
2884	1264	1247	17
2885	1268	1229	39
2886	1262	1233	29
2887	1253	1240	13
2888	1227	1241	-14
2889	1250	1237	13
2890	1253	1238	15
2891	1266	1233	33
2892	1289	1229	60
2893	1264	1237	27
2894	1259	1237	22
2895	1255	1232	23
2896	1257	1239	18
2897	1277	1236	41
2898	1274	1234	40
2899	1269	1237	32
2900	1257	1228	29
2901	1261	1235	26
2902	1268	1239	29
2903	1260	1244	16
2904	1255	1244	11
2905	1229	1249	-20
2906	1239	1250	-11
2907	1252	1238	14
2908	1225	1249	-24
2909	1256	1244	12
2910	1278	1239	39
2911	1261	1240	21
2912	1268	1241	27
2913	1241	1240	1
2914	1247	1245	2
2915	1258	1248	10
2916	1251	1245	6
2917	1250	1240	10
2918	1255	1238	17
2919	1242	1239	3
2920	1246	1243	3
2921	1261	1239	22
2922	1253	1242	11
2923	1252	1244	8
2924	1242	1240	2
2925	1248	1242	6
2926	1254	1244	10
2927	1256	1232	24
2928	1259	1232	27
2929	1265	1238	27
2930	1269	1247	22
2931	1282	1243	39
2932	1256	1233	23
2933	1229	1233	-4
2934	1236	1232	4
2935	1264	1230	34
2936	1255	1241	14
2937	1270	1240	30
2938	1275	1237	38
2939	1256	1239	17
2940	1259	1240	19
2941	1249	1245	4
2942	1247	1245	2
2943	1249	1244	5
2944	1238	1241	-3
2945	1263	1238	25
2946	1258	1244	14
2947	1254	1247	7
2948	1259	1243	16
2949	1261	1237	24
2950	1244	1239	5
2951	1261	1233	28
2952	1255	1230	25
2953	1238	1238	0
2954	1259	1241	18
2955	1277	1234	43
2956	1266	1232	34
2957	1261	1242	19
2958	1279	1243	36
2959	1254	1241	13
2960	1248	1246	2
2961	1234	1250	-16
2962	1242	1239	3
2963	1239	1247	-8
2964	1250	1254	-4
2965	1256	1241	15
2966	1259	1236	23
2967	1280	1233	47
2968	1255	1222	33
2969	1282	1251	31
2970	1275	1249	26
2971	1245	1257	-12
2972	1252	1251	1
2973	1282	1239	43
2974	1265	1233	32
2975	1249	1237	12
2976	1237	1243	-6
2977	1243	1241	2
2978	1262	1235	27
2979	1261	1242	19
2980	1252	1243	9
2981	1240	1243	-3
2982	1229	1240	-11
2983	1254	1244	10
2984	1251	1245	6
2985	1253	1239	14
2986	1251	1245	6
2987	1253	1247	6
2988	1259	1247	12
2989	1253	1248	5
2990	1264	1240	24
2991	1264	1234	30
2992	1247	1246	1
2993	1246	1242	4
2994	1264	1230	34
2995	1262	1231	31
2996	1258	1242	16
2997	1238	1251	-13
2998	1263	1252	11
2999	1274	1247	27
3000	1243	1244	-1
3001	1251	1240	11
3002	1253	1233	20
3003	1276	1248	28
3004	1264	1250	14
3005	1241	1243	-2
3006	1242	1250	-8
3007	1258	1245	13
3008	1242	1243	-1
3009	1253	1237	16
3010	1249	1241	8
3011	1260	1240	20
3012	1271	1236	35
3013	1257	1242	15
3014	1274	1242	32
3015	1256	1243	13
3016	1257	1228	29
3017	1257	1223	34
3018	1255	1235	20
3019	1252	1240	12
3020	1253	1236	17
3021	1264	1246	18
3022	1267	1244	23
3023	1272	1245	27
3024	1256	1250	6
3025	1277	1242	35
3026	1283	1246	37
3027	1264	1240	24
3028	1252	1236	16
3029	1259	1238	21
3030	1257	1238	19
3031	1263	1233	30
3032	1267	1230	37
3033	1255	1238	17
3034	1247	1236	11
3035	1249	1240	9
3036	1258	1239	19
3037	1261	1232	29
3038	1256	1229	27
3039	1256	1242	14
3040	1250	1238	12
3041	1253	1228	25
3042	1260	1236	24
3043	1260	1247	13
3044	1252	1239	13
3045	1262	1240	22
3046	1253	1241	12
3047	1238	1235	3
3048	1248	1228	20
3049	1253	1229	24
3050	1265	1235	30
3051	1270	1234	36
3052	1238	1237	1
3053	1236	1229	7
3054	1249	1232	17
3055	1253	1234	19
3056	1276	1239	37
3057	1270	1245	25
3058	1256	1247	9
3059	1254	1240	14
3060	1269	1250	19
3061	1263	1244	19
3062	1261	1238	23
3063	1238	1242	-4
3064	1261	1240	21
3065	1260	1235	25
3066	1224	1236	-12
3067	1234	1242	-8
3068	1243	1249	-6
3069	1270	1246	24
3070	1276	1234	42
3071	1268	1232	36
3072	1260	1228	32
3073	1260	1234	26
3074	1267	1237	30
3075	1260	1242	18
3076	1251	1241	10
3077	1250	1242	8
3078	1242	1239	3
3079	1248	1241	7
3080	1237	1235	2
3081	1249	1241	8
3082	1230	1236	-6
3083	1252	1236	16
3084	1268	1231	37
3085	1247	1231	16
3086	1235	1234	1
3087	1251	1244	7
3088	1260	1242	18
3089	1260	1242	18
3090	1259	1239	20
3091	1261	1237	24
3092	1262	1243	19
3093	1249	1238	11
3094	1263	1233	30
3095	1267	1233	34
3096	1250	1239	11
3097	1263	1245	18
3098	1266	1246	20
3099	1256	1248	8
3100	1266	1235	31
3101	1270	1236	34
3102	1264	1246	18
3103	1284	1246	38
3104	1259	1237	22
3105	1249	1241	8
3106	1255	1245	10
3107	1244	1242	2
3108	1255	1242	13
3109	1250	1248	2
3110	1237	1239	-2
3111	1238	1230	8
3112	1266	1235	31
3113	1260	1241	19
3114	1255	1239	16
3115	1257	1244	13
3116	1257	1249	8
3117	1264	1231	33
3118	1258	1227	31
3119	1252	1241	11
3120	1256	1243	13
3121	1247	1249	-2
3122	1249	1241	8
3123	1253	1235	18
3124	1274	1243	31
3125	1283	1246	37
3126	1269	1229	40
3127	1254	1226	28
3128	1261	1245	16
3129	1254	1250	4
3130	1258	1248	10
3131	1255	1245	10
3132	1253	1237	16
3133	1251	1240	11
3134	1232	1235	-3
3135	1259	1236	23
3136	1259	1239	20
3137	1243	1240	3
3138	1251	1241	10
3139	1270	1245	25
3140	1256	1231	25
3141	1235	1232	3
3142	1243	1246	-3
3143	1260	1233	27
3144	1262	1232	30
3145	1262	1247	15
3146	1267	1239	28
3147	1281	1239	42
3148	1252	1244	8
3149	1257	1241	16
3150	1257	1245	12
3151	1250	1241	9
3152	1264	1234	30
3153	1250	1241	9
3154	1246	1247	-1
3155	1251	1239	12
3156	1251	1235	16
3157	1262	1239	23
3158	1278	1233	45
3159	1286	1229	57
3160	1263	1235	28
3161	1250	1244	6
3162	1255	1250	5
3163	1263	1244	19
3164	1288	1234	54
3165	1289	1232	57
3166	1261	1243	18
3167	1259	1258	1
3168	1237	1255	-18
3169	1240	1246	-6
3170	1252	1239	13
3171	1260	1238	22
3172	1275	1238	37
3173	1266	1242	24
3174	1274	1233	41
3175	1262	1232	30
3176	1272	1236	36
3177	1267	1233	34
3178	1246	1244	2
3179	1263	1240	23
3180	1270	1242	28
3181	1248	1246	2
3182	1254	1242	12
3183	1253	1239	14
3184	1245	1236	9
3185	1272	1232	40
3186	1262	1231	31
3187	1239	1229	10
3188	1255	1225	30
3189	1259	1229	30
3190	1266	1242	24
3191	1267	1252	15
3192	1246	1243	3
3193	1261	1239	22
3194	1284	1229	55
3195	1267	1228	39
3196	1259	1228	31
3197	1252	1237	15
3198	1220	1251	-31
3199	1245	1235	10
3200	1257	1235	22
3201	1261	1251	10
3202	1246	1251	-5
3203	1242	1246	-4
3204	1259	1240	19
3205	1256	1246	10
3206	1259	1241	18
3207	1248	1243	5
3208	1262	1237	25
3209	1271	1229	42
3210	1247	1223	24
3211	1264	1222	42
3212	1260	1230	30
3213	1258	1228	30
3214	1272	1229	43
3215	1253	1236	17
3216	1270	1238	32
3217	1266	1242	24
3218	1218	1228	-10
3219	1245	1253	-8
3220	1253	1241	12
3221	1267	1230	37
3222	1270	1226	44
3223	1259	1234	25
3224	1272	1234	38
3225	1259	1241	18
3226	1256	1235	21
3227	1279	1228	51
3228	1268	1233	35
3229	1268	1240	28
3230	1274	1239	35
3231	1250	1232	18
3232	1236	1235	1
3233	1260	1240	20
3234	1244	1237	7
3235	1255	1231	24
3236	1248	1238	10
3237	1261	1240	21
3238	1283	1235	48
3239	1281	1242	39
3240	1284	1238	46
3241	1275	1238	37
3242	1262	1238	24
3243	1267	1236	31
3244	1264	1238	26
3245	1254	1236	18
3246	1271	1237	34
3247	1265	1247	18
3248	1247	1241	6
3249	1270	1240	30
3250	1264	1238	26
3251	1250	1228	22
3252	1250	1226	24
3253	1261	1227	34
3254	1254	1237	17
3255	1249	1238	11
3256	1260	1238	22
3257	1258	1244	14
3258	1279	1242	37
3259	1287	1242	45
3260	1267	1255	12
3261	1263	1251	12
3262	1271	1252	19
3263	1276	1242	34
3264	1279	1238	41
3265	1286	1240	46
3266	1281	1230	51
3267	1257	1232	25
3268	1245	1237	8
3269	1268	1235	33
3270	1279	1240	39
3271	1264	1241	23
3272	1239	1237	2
3273	1251	1231	20
3274	1275	1237	38
3275	1260	1231	29
3276	1256	1241	15
3277	1270	1241	29
3278	1252	1227	25
3279	1273	1230	43
3280	1273	1231	42
3281	1259	1238	21
3282	1263	1246	17
3283	1263	1242	21
3284	1243	1243	0
3285	1274	1237	37
3286	1281	1227	54
3287	1260	1238	22
3288	1256	1253	3
3289	1259	1245	14
3290	1243	1241	2
3291	1260	1245	15
3292	1262	1244	18
3293	1274	1241	33
3294	1261	1242	19
3295	1273	1247	26
3296	1269	1233	36
3297	1271	1239	32
3298	1276	1245	31
3299	1280	1238	42
3300	1284	1228	56
3301	1279	1231	48
3302	1274	1240	34
3303	1261	1236	25
3304	1243	1230	13
3305	1237	1234	3
3306	1247	1236	11
3307	1256	1230	26
3308	1258	1234	24
3309	1273	1234	39
3310	1247	1239	8
3311	1226	1244	-18
3312	1238	1244	-6
3313	1261	1232	29
3314	1266	1228	38
3315	1260	1241	19
3316	1242	1241	1
3317	1281	1230	51
3318	1290	1232	58
3319	1266	1241	25
3320	1264	1246	18
3321	1256	1238	18
3322	1257	1231	26
3323	1267	1234	33
3324	1264	1242	22
3325	1281	1238	43
3326	1273	1234	39
3327	1252	1234	18
3328	1256	1240	16
3329	1253	1244	9
3330	1240	1245	-5
3331	1247	1241	6
3332	1248	1238	10
3333	1254	1233	21
3334	1270	1223	47
3335	1260	1225	35
3336	1273	1238	35
3337	1252	1240	12
3338	1263	1238	25
3339	1266	1240	26
3340	1245	1231	14
3341	1263	1247	16
3342	1269	1247	22
3343	1254	1240	14
3344	1257	1245	12
3345	1257	1248	9
3346	1267	1246	21
3347	1268	1242	26
3348	1254	1239	15
3349	1254	1234	20
3350	1270	1238	32
3351	1258	1242	16
3352	1238	1231	7
3353	1250	1233	17
3354	1265	1237	28
3355	1286	1245	41
3356	1264	1248	16
3357	1270	1246	24
3358	1254	1239	15
3359	1248	1233	15
3360	1298	1236	62
3361	1282	1237	45
3362	1260	1236	24
3363	1259	1234	25
3364	1256	1235	21
3365	1254	1238	16
3366	1266	1247	19
3367	1262	1246	16
3368	1269	1246	23
3369	1277	1237	40
3370	1262	1233	29
3371	1270	1242	28
3372	1279	1246	33
3373	1286	1234	52
3374	1282	1239	43
3375	1250	1243	7
3376	1242	1242	0
3377	1244	1243	1
3378	1273	1244	29
3379	1262	1237	25
3380	1245	1237	8
3381	1251	1240	11
3382	1281	1235	46
3383	1268	1233	35
3384	1250	1239	11
3385	1283	1237	46
3386	1273	1239	34
3387	1263	1243	20
3388	1244	1244	0
3389	1271	1254	17
3390	1279	1251	28
3391	1247	1244	3
3392	1240	1231	9
3393	1247	1234	13
3394	1272	1238	34
3395	1271	1248	23
3396	1259	1242	17
3397	1244	1243	1
3398	1231	1243	-12
3399	1254	1242	12
3400	1255	1255	0
3401	1266	1254	12
3402	1263	1245	18
3403	1245	1248	-3
3404	1253	1243	10
3405	1266	1238	28
3406	1254	1238	16
3407	1256	1240	16
3408	1236	1245	-9
3409	1242	1238	4
3410	1240	1240	0
3411	1237	1246	-9
3412	1247	1248	-1
3413	1234	1244	-10
3414	1251	1243	8
3415	1255	1249	6
3416	1251	1238	13
3417	1251	1239	12
3418	1245	1249	-4
3419	1234	1248	-14
3420	1250	1236	14
3421	1249	1236	13
3422	1230	1247	-17
3423	1218	1252	-34
3424	1235	1240	-5
3425	1261	1236	25
3426	1266	1232	34
3427	1254	1242	12
3428	1230	1238	-8
3429	1243	1232	11
3430	1249	1243	6
3431	1278	1239	39
3432	1269	1231	38
3433	1262	1237	25
3434	1240	1241	-1
3435	1236	1243	-7
3436	1244	1239	5
3437	1228	1237	-9
3438	1260	1233	27
3439	1262	1232	30
3440	1254	1244	10
3441	1245	1250	-5
3442	1249	1247	2
3443	1261	1238	23
3444	1245	1232	13
3445	1249	1240	9
3446	1249	1240	9
3447	1246	1240	6
3448	1252	1240	12
3449	1258	1244	14
3450	1251	1241	10
3451	1259	1240	19
3452	1248	1242	6
3453	1249	1239	10
3454	1272	1248	24
3455	1274	1245	29
3456	1274	1239	35
3457	1286	1247	39
3458	1279	1250	29
3459	1264	1248	16
3460	1276	1244	32
3461	1261	1239	22
3462	1267	1241	26
3463	1265	1235	30
3464	1282	1237	45
3465	1260	1251	9
3466	1247	1252	-5
3467	1263	1243	20
3468	1247	1229	18
3469	1282	1243	39
3470	1252	1241	11
3471	1252	1253	-1
3472	1268	1235	33
3473	1244	1239	5
3474	1248	1251	-3
3475	1251	1246	5
3476	1245	1247	-2
3477	1273	1253	20
3478	1275	1250	25
3479	1259	1247	12
3480	1261	1250	11
3481	1257	1240	17
3482	1266	1238	28
3483	1263	1240	23
3484	1261	1236	25
3485	1262	1243	19
3486	1259	1240	19
3487	1282	1236	46
3488	1273	1236	37
3489	1283	1236	47
3490	1270	1240	30
3491	1256	1237	19
3492	1260	1241	19
3493	1258	1237	21
3494	1270	1235	35
3495	1263	1242	21
3496	1256	1245	11
3497	1259	1244	15
3498	1260	1232	28
3499	1253	1228	25
3500	1266	1234	32
3501	1266	1233	33
3502	1282	1241	41
3503	1268	1241	27
3504	1256	1241	15
3505	1243	1239	4
3506	1255	1242	13
3507	1254	1233	21
3508	1261	1238	23
3509	1258	1240	18
3510	1246	1236	10
3511	1264	1235	29
3512	1254	1226	28
3513	1254	1232	22
3514	1274	1233	41
3515	1281	1233	48
3516	1261	1238	23
3517	1261	1239	22
3518	1247	1240	7
3519	1248	1239	9
3520	1247	1232	15
3521	1260	1231	29
3522	1266	1225	41
3523	1285	1237	48
3524	1289	1237	52
3525	1285	1241	44
3526	1251	1248	3
3527	1244	1236	8
3528	1246	1242	4
3529	1257	1239	18
3530	1253	1255	-2
3531	1251	1242	9
3532	1253	1235	18
3533	1253	1233	20
3534	1258	1242	16
3535	1253	1246	7
3536	1260	1242	18
3537	1266	1242	24
3538	1260	1237	23
3539	1232	1232	0
3540	1246	1233	13
3541	1269	1235	34
3542	1279	1237	42
3543	1269	1240	29
3544	1264	1241	23
3545	1265	1228	37
3546	1246	1232	14
3547	1246	1235	11
3548	1279	1234	45
3549	1274	1236	38
3550	1255	1228	27
3551	1269	1248	21
3552	1278	1255	23
3553	1280	1245	35
3554	1268	1236	32
3555	1282	1230	52
3556	1286	1236	50
3557	1304	1244	60
3558	1265	1243	22
3559	1257	1228	29
3560	1273	1236	37
3561	1273	1252	21
3562	1259	1240	19
3563	1265	1235	30
3564	1267	1236	31
3565	1268	1234	34
3566	1273	1235	38
3567	1269	1233	36
3568	1258	1233	25
3569	1255	1241	14
3570	1246	1243	3
3571	1255	1248	7
3572	1255	1246	9
3573	1278	1246	32
3574	1293	1241	52
3575	1278	1241	37
3576	1271	1242	29
3577	1262	1240	22
3578	1263	1228	35
3579	1267	1234	33
3580	1269	1251	18
3581	1278	1247	31
3582	1262	1235	27
3583	1261	1239	22
3584	1268	1237	31
3585	1260	1237	23
3586	1262	1243	19
3587	1289	1247	42
3588	1282	1239	43
3589	1253	1246	7
3590	1248	1244	4
3591	1261	1240	21
3592	1280	1233	47
3593	1266	1231	35
3594	1253	1241	12
3595	1250	1242	8
3596	1234	1245	-11
3597	1241	1238	3
3598	1262	1244	18
3599	1277	1242	35
3600	1266	1239	27
3601	1260	1245	15
3602	1262	1245	17
3603	1230	1245	-15
3604	1234	1234	0
3605	1254	1234	20
3606	1256	1239	17
3607	1255	1237	18
3608	1266	1236	30
3609	1268	1232	36
3610	1268	1231	37
3611	1289	1236	53
3612	1271	1241	30
3613	1272	1245	27
3614	1285	1240	45
3615	1295	1242	53
3616	1261	1245	16
3617	1253	1244	9
3618	1265	1248	17
3619	1271	1239	32
3620	1252	1240	12
3621	1269	1238	31
3622	1265	1236	29
3623	1253	1232	21
3624	1265	1236	29
3625	1278	1235	43
3626	1250	1232	18
3627	1255	1233	22
3628	1268	1237	31
3629	1250	1247	3
3630	1258	1246	12
3631	1257	1239	18
3632	1253	1236	17
3633	1244	1237	7
3634	1271	1238	33
3635	1277	1235	42
3636	1263	1239	24
3637	1266	1238	28
3638	1240	1239	1
3639	1249	1234	15
3640	1276	1232	44
3641	1280	1246	34
3642	1262	1232	30
3643	1253	1235	18
3644	1257	1235	22
3645	1253	1239	14
3646	1288	1239	49
3647	1276	1235	41
3648	1265	1245	20
