index	original	background	difference
-----------------------------------------------------
1	4161	1182	2979
2	4299	1192	3107
3	4344	1207	3137
4	4361	1221	3140
5	4319	1228	3091
6	4326	1215	3111
7	4322	1221	3101
8	4261	1220	3041
9	4236	1216	3020
10	4275	1213	3062
11	4263	1222	3041
12	4288	1208	3080
13	4289	1211	3078
14	4217	1210	3007
15	4247	1220	3027
16	4283	1246	3037
17	4295	1227	3068
18	4302	1224	3078
19	4306	1226	3080
20	4302	1221	3081
21	4298	1226	3072
22	4353	1212	3141
23	4374	1225	3149
24	4307	1209	3098
25	4290	1219	3071
26	4315	1230	3085
27	4309	1245	3064
28	4308	1234	3074
29	4302	1214	3088
30	4316	1238	3078
31	4340	1250	3090
32	4365	1224	3141
33	4348	1227	3121
34	4298	1214	3084
35	4385	1209	3176
36	4386	1208	3178
37	4366	1236	3130
38	4428	1240	3188
39	4422	1228	3194
40	4418	1222	3196
41	4403	1211	3192
42	4343	1214	3129
43	4356	1254	3102
44	4376	1243	3133
45	4394	1230	3164
46	4386	1225	3161
47	4358	1209	3149
48	4425	1223	3202
49	4456	1265	3191
50	4427	1236	3191
51	4472	1222	3250
52	4433	1237	3196
53	4471	1244	3227
54	4401	1240	3161
55	4435	1234	3201
56	4488	1244	3244
57	4526	1268	3258
58	4537	1271	3266
59	4524	1247	3277
60	4476	1246	3230
61	4450	1258	3192
62	4418	1269	3149
63	4460	1252	3208
64	4523	1253	3270
65	4529	1240	3289
66	4549	1241	3308
67	4565	1247	3318
68	4477	1246	3231
69	4466	1241	3225
70	4476	1244	3232
71	4503	1244	3259
72	4561	1251	3310
73	4541	1234	3307
74	4504	1231	3273
75	4497	1229	3268
76	4504	1248	3256
77	4492	1247	3245
78	4494	1257	3237
79	4495	1252	3243
80	4532	1229	3303
81	4508	1229	3279
82	4514	1244	3270
83	4610	1232	3378
84	4555	1230	3325
85	4602	1283	3319
86	4579	1262	3317
87	4538	1240	3298
88	4523	1258	3265
89	4542	1245	3297
90	4539	1241	3298
91	4532	1238	3294
92	4545	1239	3306
93	4552	1267	3285
94	4546	1258	3288
95	4549	1256	3293
96	4606	1276	3330
97	4590	1272	3318
98	4519	1261	3258
99	4557	1264	3293
100	4558	1260	3298
101	4574	1244	3330
102	4628	1252	3376
103	4624	1242	3382
104	4605	1247	3358
105	4690	1256	3434
106	4618	1249	3369
107	4654	1252	3402
108	4699	1273	3426
109	4690	1255	3435
110	4708	1243	3465
111	4661	1250	3411
112	4638	1242	3396
113	4667	1226	3441
114	4679	1229	3450
115	4769	1242	3527
116	4779	1238	3541
117	4747	1259	3488
118	4688	1240	3448
119	4801	1240	3561
120	4856	1256	3600
121	4815	1249	3566
122	4839	1238	3601
123	4910	1249	3661
124	4921	1262	3659
125	4886	1232	3654
126	4895	1205	3690
127	4923	1237	3686
128	4990	1251	3739
129	5095	1238	3857
130	5120	1234	3886
131	5139	1236	3903
132	5129	1246	3883
133	5204	1261	3943
134	5214	1249	3965
135	5205	1262	3943
136	5239	1258	3981
137	5261	1245	4016
138	5375	1258	4117
139	5391	1263	4128
140	5387	1267	4120
141	5378	1246	4132
142	5443	1240	4203
143	5547	1256	4291
144	5456	1258	4198
145	5432	1249	4183
146	5500	1233	4267
147	5498	1238	4260
148	5470	1237	4233
149	5629	1256	4373
150	5729	1254	4475
151	5727	1240	4487
152	5731	1223	4508
153	5816	1234	4582
154	5787	1254	4533
155	5780	1255	4525
156	5766	1262	4504
157	5783	1273	4510
158	5760	1265	4495
159	5715	1259	4456
160	5642	1259	4383
161	5696	1262	4434
162	5733	1264	4469
163	5638	1254	4384
164	5597	1248	4349
165	5593	1265	4328
166	5599	1285	4314
167	5452	1279	4173
168	5429	1264	4165
169	5472	1260	4212
170	5434	1254	4180
171	5376	1247	4129
172	5303	1262	4041
173	5252	1253	3999
174	5319	1233	4086
175	5398	1229	4169
176	5371	1229	4142
177	5350	1244	4106
178	5266	1240	4026
179	5254	1239	4015
180	5166	1227	3939
181	5214	1224	3990
182	5178	1239	3939
183	5091	1249	3842
184	5129	1244	3885
185	5122	1241	3881
186	5091	1246	3845
187	5012	1241	3771
188	4967	1229	3738
189	4972	1232	3740
190	4940	1237	3703
191	4966	1244	3722
192	4940	1254	3686
193	4901	1255	3646
194	4792	1260	3532
195	4791	1287	3504
196	4735	1252	3483
197	4755	1230	3525
198	4756	1237	3519
199	4718	1245	3473
200	4675	1243	3432
201	4645	1240	3405
202	4648	1235	3413
203	4723	1235	3488
204	4700	1247	3453
205	4613	1262	3351
206	4620	1264	3356
207	4622	1248	3374
208	4591	1248	3343
209	4565	1264	3301
210	4554	1255	3299
211	4508	1255	3253
212	4526	1269	3257
213	4518	1272	3246
214	4482	1261	3221
215	4537	1242	3295
216	4569	1251	3318
217	4522	1252	3270
218	4441	1232	3209
219	4476	1274	3202
220	4495	1258	3237
221	4424	1243	3181
222	4395	1261	3134
223	4453	1237	3216
224	4370	1256	3114
225	4340	1271	3069
226	4411	1250	3161
227	4372	1256	3116
228	4334	1269	3065
229	4410	1258	3152
230	4412	1257	3155
231	4385	1259	3126
232	4324	1247	3077
233	4320	1249	3071
234	4353	1254	3099
235	4341	1250	3091
236	4348	1247	3101
237	4396	1249	3147
238	4361	1255	3106
239	4308	1248	3060
240	4290	1258	3032
241	4316	1268	3048
242	4325	1290	3035
243	4289	1271	3018
244	4247	1260	2987
245	4268	1250	3018
246	4270	1246	3024
247	4252	1265	2987
248	4272	1275	2997
249	4301	1256	3045
250	4268	1238	3030
251	4296	1250	3046
252	4273	1243	3030
253	4248	1240	3008
254	4225	1240	2985
255	4279	1255	3024
256	4263	1253	3010
257	4241	1250	2991
258	4249	1247	3002
259	4268	1244	3024
260	4261	1251	3010
261	4269	1254	3015
262	4213	1246	2967
263	4208	1257	2951
264	4203	1259	2944
265	4230	1263	2967
266	4271	1254	3017
267	4255	1261	2994
268	4263	1257	3006
269	4300	1236	3064
270	4265	1224	3041
271	4220	1268	2952
272	4242	1253	2989
273	4260	1225	3035
274	4233	1230	3003
275	4268	1249	3019
276	4272	1235	3037
277	4260	1234	3026
278	4285	1244	3041
279	4252	1250	3002
280	4239	1262	2977
281	4221	1265	2956
282	4229	1233	2996
283	4241	1232	3009
284	4293	1240	3053
285	4273	1243	3030
286	4235	1241	2994
287	4277	1234	3043
288	4290	1259	3031
289	4268	1248	3020
290	4269	1230	3039
291	4272	1234	3038
292	4272	1251	3021
293	4246	1264	2982
294	4277	1254	3023
295	4341	1239	3102
296	4324	1246	3078
297	4310	1255	3055
298	4249	1241	3008
299	4264	1247	3017
300	4272	1244	3028
301	4298	1235	3063
302	4334	1224	3110
303	4323	1224	3099
304	4303	1229	3074
305	4351	1246	3105
306	4349	1248	3101
307	4408	1253	3155
308	4428	1247	3181
309	4353	1244	3109
310	4300	1271	3029
311	4329	1248	3081
312	4401	1232	3169
313	4374	1244	3130
314	4373	1231	3142
315	4395	1241	3154
316	4424	1253	3171
317	4425	1261	3164
318	4391	1250	3141
319	4407	1248	3159
320	4382	1234	3148
321	4378	1254	3124
322	4353	1271	3082
323	4465	1256	3209
324	4487	1246	3241
325	4476	1247	3229
326	4505	1257	3248
327	4498	1254	3244
328	4445	1250	3195
329	4463	1234	3229
330	4454	1224	3230
331	4429	1229	3200
332	4393	1258	3135
333	4427	1250	3177
334	4445	1254	3191
335	4464	1245	3219
336	4443	1255	3188
337	4466	1266	3200
338	4426	1253	3173
339	4460	1253	3207
340	4430	1243	3187
341	4412	1248	3164
342	4415	1253	3162
343	4479	1259	3220
344	4470	1245	3225
345	4476	1245	3231
346	4504	1255	3249
347	4478	1250	3228
348	4451	1245	3206
349	4484	1235	3249
350	4492	1235	3257
351	4457	1256	3201
352	4450	1252	3198
353	4456	1245	3211
354	4446	1253	3193
355	4481	1249	3232
356	4453	1250	3203
357	4438	1236	3202
358	4455	1232	3223
359	4489	1252	3237
360	4482	1233	3249
361	4450	1238	3212
362	4415	1253	3162
363	4397	1247	3150
364	4451	1218	3233
365	4429	1228	3201
366	4407	1226	3181
367	4405	1234	3171
368	4412	1231	3181
369	4391	1240	3151
370	4385	1254	3131
371	4425	1236	3189
372	4389	1226	3163
373	4397	1233	3164
374	4394	1256	3138
375	4423	1228	3195
376	4386	1215	3171
377	4348	1225	3123
378	4412	1255	3157
379	4410	1250	3160
380	4388	1239	3149
381	4397	1249	3148
382	4337	1250	3087
383	4311	1255	3056
384	4367	1247	3120
385	4317	1234	3083
386	4352	1238	3114
387	4373	1241	3132
388	4379	1245	3134
389	4365	1256	3109
390	4323	1243	3080
391	4338	1245	3093
392	4312	1246	3066
393	4361	1228	3133
394	4303	1244	3059
395	4315	1231	3084
396	4351	1229	3122
397	4360	1243	3117
398	4301	1249	3052
399	4266	1267	2999
400	4253	1258	2995
401	4281	1236	3045
402	4271	1247	3024
403	4305	1252	3053
404	4232	1270	2962
405	4226	1270	2956
406	4228	1252	2976
407	4188	1249	2939
408	4155	1278	2877
409	4179	1255	2924
410	4145	1236	2909
411	4178	1236	2942
412	4190	1237	2953
413	4209	1228	2981
414	4228	1239	2989
415	4223	1264	2959
416	4141	1239	2902
417	4115	1245	2870
418	4087	1245	2842
419	4133	1239	2894
420	4173	1237	2936
421	4146	1261	2885
422	4147	1250	2897
423	4150	1251	2899
424	4120	1247	2873
425	4097	1262	2835
426	4086	1263	2823
427	4075	1234	2841
428	4041	1244	2797
429	4066	1256	2810
430	4057	1254	2803
431	4121	1245	2876
432	4128	1237	2891
433	4019	1216	2803
434	4053	1235	2818
435	4103	1266	2837
436	4083	1241	2842
437	4056	1225	2831
438	3992	1248	2744
439	4035	1253	2782
440	4079	1245	2834
441	4059	1248	2811
442	4065	1243	2822
443	4009	1268	2741
444	3954	1257	2697
445	4023	1250	2773
446	4046	1251	2795
447	4064	1239	2825
448	4003	1255	2748
449	3936	1255	2681
450	3924	1266	2658
451	3976	1255	2721
452	4017	1255	2762
453	3963	1253	2710
454	3923	1249	2674
455	3977	1262	2715
456	4009	1264	2745
457	4032	1237	2795
458	4068	1253	2815
459	4089	1273	2816
460	4050	1247	2803
461	3976	1236	2740
462	4018	1232	2786
463	4045	1212	2833
464	4029	1222	2807
465	4071	1249	2822
466	4077	1240	2837
467	3955	1224	2731
468	3939	1224	2715
469	4023	1264	2759
470	4034	1245	2789
471	4070	1264	2806
472	4027	1263	2764
473	3990	1266	2724
474	4036	1268	2768
475	4089	1249	2840
476	4071	1243	2828
477	4086	1240	2846
478	4031	1245	2786
479	4092	1245	2847
480	4097	1239	2858
481	4072	1240	2832
482	4052	1241	2811
483	4068	1240	2828
484	4072	1236	2836
485	4054	1254	2800
486	4027	1262	2765
487	4072	1251	2821
488	4102	1248	2854
489	4112	1242	2870
490	4091	1239	2852
491	4140	1250	2890
492	4127	1275	2852
493	4103	1286	2817
494	4134	1287	2847
495	4129	1254	2875
496	4175	1234	2941
497	4146	1245	2901
498	4144	1250	2894
499	4155	1232	2923
500	4150	1219	2931
501	4151	1242	2909
502	4115	1229	2886
503	4137	1229	2908
504	4122	1243	2879
505	4138	1243	2895
506	4103	1232	2871
507	4176	1244	2932
508	4189	1259	2930
509	4145	1253	2892
510	4112	1235	2877
511	4077	1245	2832
512	4145	1266	2879
513	4143	1247	2896
514	4163	1256	2907
515	4197	1262	2935
516	4159	1243	2916
517	4092	1244	2848
518	4109	1248	2861
519	4182	1244	2938
520	4125	1266	2859
521	4063	1255	2808
522	4083	1238	2845
523	4108	1251	2857
524	4110	1270	2840
525	4036	1245	2791
526	4078	1220	2858
527	4090	1243	2847
528	4133	1262	2871
529	4227	1253	2974
530	4165	1263	2902
531	4119	1283	2836
532	4115	1251	2864
533	4150	1261	2889
534	4133	1262	2871
535	4124	1250	2874
536	4145	1260	2885
537	4181	1258	2923
538	4186	1242	2944
539	4205	1248	2957
540	4221	1277	2944
541	4185	1266	2919
542	4181	1243	2938
543	4205	1269	2936
544	4213	1265	2948
545	4221	1240	2981
546	4230	1243	2987
547	4239	1262	2977
548	4238	1265	2973
549	4227	1248	2979
550	4234	1255	2979
551	4241	1257	2984
552	4262	1260	3002
553	4290	1244	3046
554	4249	1214	3035
555	4230	1243	2987
556	4198	1262	2936
557	4194	1248	2946
558	4281	1222	3059
559	4248	1220	3028
560	4209	1234	2975
561	4225	1230	2995
562	4161	1238	2923
563	4150	1252	2898
564	4129	1250	2879
565	4159	1241	2918
566	4127	1245	2882
567	4148	1244	2904
568	4213	1237	2976
569	4209	1234	2975
570	4145	1262	2883
571	4084	1269	2815
572	4041	1258	2783
573	4096	1261	2835
574	4114	1257	2857
575	4139	1269	2870
576	4048	1256	2792
577	4028	1233	2795
578	3999	1247	2752
579	4003	1245	2758
580	3981	1247	2734
581	3960	1235	2725
582	3961	1218	2743
583	3949	1253	2696
584	3972	1258	2714
585	3970	1255	2715
586	3937	1246	2691
587	3865	1262	2603
588	3900	1274	2626
589	3891	1251	2640
590	3866	1252	2614
591	3877	1262	2615
592	3850	1262	2588
593	3854	1233	2621
594	3853	1242	2611
595	3852	1243	2609
596	3863	1219	2644
597	3838	1224	2614
598	3850	1252	2598
599	3854	1240	2614
600	3902	1232	2670
601	3879	1250	2629
602	3873	1239	2634
603	3915	1231	2684
604	3895	1241	2654
605	3874	1231	2643
606	3852	1236	2616
607	3847	1251	2596
608	3876	1268	2608
609	3830	1263	2567
610	3771	1247	2524
611	3819	1245	2574
612	3852	1272	2580
613	3769	1275	2494
614	3727	1228	2499
615	3694	1221	2473
616	3717	1235	2482
617	3739	1268	2471
618	3802	1261	2541
619	3806	1230	2576
620	3799	1237	2562
621	3776	1226	2550
622	3761	1213	2548
623	3750	1248	2502
624	3752	1282	2470
625	3756	1268	2488
626	3726	1236	2490
627	3793	1250	2543
628	3774	1239	2535
629	3747	1241	2506
630	3789	1275	2514
631	3790	1242	2548
632	3732	1213	2519
633	3707	1245	2462
634	3756	1251	2505
635	3764	1239	2525
636	3686	1233	2453
637	3688	1235	2453
638	3722	1240	2482
639	3697	1240	2457
640	3705	1243	2462
641	3708	1254	2454
642	3716	1256	2460
643	3735	1245	2490
644	3736	1235	2501
645	3716	1229	2487
646	3739	1260	2479
647	3742	1270	2472
648	3723	1264	2459
649	3654	1258	2396
650	3756	1248	2508
651	3758	1263	2495
652	3699	1268	2431
653	3766	1286	2480
654	3743	1285	2458
655	3674	1249	2425
656	3694	1244	2450
657	3719	1245	2474
658	3692	1232	2460
659	3737	1229	2508
660	3751	1255	2496
661	3778	1269	2509
662	3738	1243	2495
663	3724	1257	2467
664	3700	1245	2455
665	3724	1244	2480
666	3677	1233	2444
667	3679	1236	2443
668	3763	1241	2522
669	3772	1258	2514
670	3753	1261	2492
671	3752	1264	2488
672	3701	1256	2445
673	3759	1241	2518
674	3796	1226	2570
675	3811	1249	2562
676	3852	1247	2605
677	3847	1260	2587
678	3800	1249	2551
679	3785	1251	2534
680	3811	1251	2560
681	3791	1234	2557
682	3842	1227	2615
683	3769	1255	2514
684	3756	1260	2496
685	3782	1257	2525
686	3778	1278	2500
687	3806	1276	2530
688	3786	1250	2536
689	3814	1256	2558
690	3790	1244	2546
691	3834	1244	2590
692	3818	1259	2559
693	3793	1247	2546
694	3793	1236	2557
695	3843	1228	2615
696	3838	1240	2598
697	3764	1260	2504
698	3805	1267	2538
699	3818	1246	2572
700	3834	1247	2587
701	3839	1254	2585
702	3806	1242	2564
703	3830	1236	2594
704	3804	1229	2575
705	3870	1265	2605
706	3855	1276	2579
707	3823	1256	2567
708	3821	1230	2591
709	3850	1230	2620
710	3846	1234	2612
711	3855	1271	2584
712	3866	1274	2592
713	3884	1263	2621
714	3846	1235	2611
715	3893	1225	2668
716	3868	1247	2621
717	3867	1247	2620
718	3903	1243	2660
719	3917	1270	2647
720	3853	1244	2609
721	3919	1227	2692
722	3921	1240	2681
723	3937	1240	2697
724	3900	1228	2672
725	3893	1237	2656
726	3944	1235	2709
727	3926	1239	2687
728	3896	1231	2665
729	3891	1256	2635
730	3881	1263	2618
731	3885	1245	2640
732	3924	1247	2677
733	3908	1253	2655
734	3917	1255	2662
735	3910	1252	2658
736	3905	1249	2656
737	3935	1249	2686
738	3919	1232	2687
739	3948	1251	2697
740	3970	1265	2705
741	3916	1262	2654
742	3910	1247	2663
743	3921	1239	2682
744	3894	1251	2643
745	3904	1260	2644
746	3917	1247	2670
747	3904	1235	2669
748	3901	1235	2666
749	3909	1239	2670
750	3922	1235	2687
751	3929	1247	2682
752	3929	1249	2680
753	3911	1246	2665
754	3890	1257	2633
755	3883	1272	2611
756	3923	1253	2670
757	3930	1252	2678
758	3875	1273	2602
759	3853	1269	2584
760	3837	1247	2590
761	3804	1261	2543
762	3845	1251	2594
763	3890	1268	2622
764	3854	1264	2590
765	3857	1253	2604
766	3810	1259	2551
767	3782	1268	2514
768	3810	1250	2560
769	3865	1247	2618
770	3851	1255	2596
771	3850	1255	2595
772	3871	1247	2624
773	3894	1253	2641
774	3881	1248	2633
775	3851	1236	2615
776	3843	1243	2600
777	3846	1212	2634
778	3883	1225	2658
779	3852	1247	2605
780	3825	1253	2572
781	3852	1239	2613
782	3866	1224	2642
783	3883	1227	2656
784	3856	1249	2607
785	3882	1235	2647
786	3926	1218	2708
787	3936	1240	2696
788	3901	1232	2669
789	3907	1225	2682
790	3865	1242	2623
791	3896	1269	2627
792	3889	1240	2649
793	3874	1215	2659
794	3876	1224	2652
795	3879	1242	2637
796	3865	1250	2615
797	3874	1263	2611
798	3894	1234	2660
799	3938	1247	2691
800	3912	1252	2660
801	3874	1245	2629
802	3854	1255	2599
803	3807	1243	2564
804	3836	1244	2592
805	3884	1234	2650
806	3850	1256	2594
807	3854	1260	2594
808	3893	1241	2652
809	3847	1251	2596
810	3830	1226	2604
811	3864	1218	2646
812	3813	1237	2576
813	3848	1255	2593
814	3870	1267	2603
815	3879	1258	2621
816	3943	1255	2688
817	3966	1253	2713
818	3832	1272	2560
819	3886	1260	2626
820	3960	1244	2716
821	4007	1241	2766
822	3994	1245	2749
823	4003	1255	2748
824	4018	1250	2768
825	3999	1244	2755
826	4033	1248	2785
827	4022	1232	2790
828	4034	1226	2808
829	4055	1249	2806
830	4061	1268	2793
831	4121	1247	2874
832	4139	1231	2908
833	4132	1227	2905
834	4134	1261	2873
835	4242	1254	2988
836	4294	1222	3072
837	4289	1240	3049
838	4266	1223	3043
839	4410	1235	3175
840	4435	1243	3192
841	4440	1245	3195
842	4484	1256	3228
843	4538	1274	3264
844	4617	1274	3343
845	4615	1268	3347
846	4609	1255	3354
847	4698	1245	3453
848	4742	1235	3507
849	4807	1257	3550
850	4872	1259	3613
851	4968	1262	3706
852	5021	1253	3768
853	5091	1267	3824
854	5096	1286	3810
855	5077	1268	3809
856	5124	1248	3876
857	5218	1262	3956
858	5272	1238	4034
859	5345	1230	4115
860	5417	1240	4177
861	5487	1242	4245
862	5542	1256	4286
863	5629	1247	4382
864	5812	1250	4562
865	5887	1256	4631
866	5872	1250	4622
867	5912	1248	4664
868	5974	1243	4731
869	6050	1239	4811
870	6050	1223	4827
871	6121	1245	4876
872	6160	1252	4908
873	6187	1237	4950
874	6276	1252	5024
875	6320	1242	5078
876	6317	1238	5079
877	6307	1241	5066
878	6457	1248	5209
879	6565	1230	5335
880	6596	1221	5375
881	6637	1222	5415
882	6644	1226	5418
883	6691	1230	5461
884	6708	1224	5484
885	6748	1225	5523
886	6790	1251	5539
887	6778	1262	5516
888	6850	1253	5597
889	6968	1260	5708
890	7088	1243	5845
891	7204	1252	5952
892	7193	1226	5967
893	7206	1251	5955
894	7231	1249	5982
895	7311	1243	6068
896	7388	1243	6145
897	7449	1241	6208
898	7523	1254	6269
899	7581	1233	6348
900	7624	1254	6370
901	7674	1263	6411
902	7784	1249	6535
903	7795	1262	6533
904	7755	1265	6490
905	7794	1273	6521
906	7897	1257	6640
907	7897	1252	6645
908	7910	1230	6680
909	7917	1234	6683
910	8003	1231	6772
911	8016	1246	6770
912	7967	1251	6716
913	8002	1236	6766
914	8155	1234	6921
915	8068	1242	6826
916	8130	1234	6896
917	8208	1235	6973
918	8246	1239	7007
919	8277	1245	7032
920	8373	1244	7129
921	8458	1232	7226
922	8608	1230	7378
923	8676	1249	7427
924	8756	1238	7518
925	8759	1247	7512
926	8718	1253	7465
927	8826	1260	7566
928	8914	1263	7651
929	9023	1271	7752
930	9071	1262	7809
931	9153	1235	7918
932	9126	1235	7891
933	9067	1250	7817
934	9021	1243	7778
935	8996	1246	7750
936	9066	1250	7816
937	9029	1245	7784
938	9097	1248	7849
939	9117	1241	7876
940	9001	1235	7766
941	9083	1249	7834
942	9067	1258	7809
943	9070	1260	7810
944	9077	1231	7846
945	9121	1235	7886
946	9250	1240	8010
947	9247	1241	8006
948	9346	1264	8082
949	9386	1274	8112
950	9392	1258	8134
951	9507	1240	8267
952	9600	1234	8366
953	9628	1245	8383
954	9707	1265	8442
955	9783	1255	8528
956	9809	1242	8567
957	9856	1237	8619
958	9941	1222	8719
959	10030	1234	8796
960	10101	1272	8829
961	10020	1257	8763
962	10093	1248	8845
963	10164	1245	8919
964	10086	1249	8837
965	10048	1250	8798
966	10090	1249	8841
967	10089	1257	8832
968	10011	1270	8741
969	9877	1287	8590
970	9817	1250	8567
971	9741	1231	8510
972	9689	1223	8466
973	9575	1242	8333
974	9445	1234	8211
975	9261	1229	8032
976	9137	1243	7894
977	9002	1256	7746
978	8907	1266	7641
979	8917	1253	7664
980	8828	1246	7582
981	8864	1265	7599
982	8701	1263	7438
983	8638	1267	7371
984	8620	1272	7348
985	8661	1249	7412
986	8659	1241	7418
987	8631	1228	7403
988	8606	1229	7377
989	8649	1258	7391
990	8604	1257	7347
991	8694	1273	7421
992	8712	1279	7433
993	8706	1283	7423
994	8672	1268	7404
995	8670	1265	7405
996	8643	1251	7392
997	8665	1245	7420
998	8577	1238	7339
999	8563	1256	7307
1000	8484	1258	7226
1001	8355	1266	7089
1002	8271	1250	7021
1003	8243	1249	6994
1004	8248	1266	6982
1005	8154	1275	6879
1006	8063	1272	6791
1007	8027	1251	6776
1008	8019	1233	6786
1009	8020	1246	6774
1010	7904	1258	6646
1011	7907	1242	6665
1012	7861	1224	6637
1013	7757	1247	6510
1014	7747	1236	6511
1015	7690	1233	6457
1016	7687	1252	6435
1017	7599	1250	6349
1018	7532	1256	6276
1019	7530	1247	6283
1020	7513	1235	6278
1021	7459	1252	6207
1022	7400	1244	6156
1023	7395	1249	6146
1024	7277	1256	6021
1025	7142	1253	5889
1026	7086	1217	5869
1027	7006	1233	5773
1028	6979	1248	5731
1029	6942	1243	5699
1030	6825	1241	5584
1031	6731	1222	5509
1032	6665	1229	5436
1033	6568	1252	5316
1034	6510	1238	5272
1035	6497	1231	5266
1036	6382	1258	5124
1037	6344	1261	5083
1038	6304	1233	5071
1039	6205	1246	4959
1040	6169	1267	4902
1041	6121	1245	4876
1042	6086	1225	4861
1043	6165	1233	4932
1044	6151	1219	4932
1045	6043	1213	4830
1046	6020	1239	4781
1047	6058	1246	4812
1048	6107	1257	4850
1049	6127	1244	4883
1050	6134	1233	4901
1051	6154	1239	4915
1052	6089	1253	4836
1053	6072	1227	4845
1054	6080	1218	4862
1055	6111	1244	4867
1056	6165	1234	4931
1057	6271	1237	5034
1058	6343	1258	5085
1059	6322	1254	5068
1060	6367	1267	5100
1061	6403	1261	5142
1062	6431	1252	5179
1063	6484	1264	5220
1064	6449	1261	5188
1065	6458	1256	5202
1066	6448	1269	5179
1067	6441	1271	5170
1068	6520	1246	5274
1069	6490	1232	5258
1070	6436	1264	5172
1071	6446	1253	5193
1072	6427	1259	5168
1073	6384	1269	5115
1074	6315	1229	5086
1075	6292	1221	5071
1076	6381	1262	5119
1077	6456	1259	5197
1078	6428	1264	5164
1079	6343	1261	5082
1080	6240	1255	4985
1081	6141	1273	4868
1082	6128	1262	4866
1083	6164	1244	4920
1084	6124	1225	4899
1085	6139	1226	4913
1086	6082	1246	4836
1087	5975	1251	4724
1088	5948	1255	4693
1089	5916	1266	4650
1090	5896	1269	4627
1091	5893	1248	4645
1092	5813	1234	4579
1093	5815	1229	4586
1094	5720	1244	4476
1095	5669	1259	4410
1096	5630	1234	4396
1097	5653	1239	4414
1098	5647	1235	4412
1099	5697	1238	4459
1100	5633	1236	4397
1101	5596	1254	4342
1102	5592	1237	4355
1103	5630	1232	4398
1104	5630	1230	4400
1105	5676	1258	4418
1106	5697	1262	4435
1107	5730	1241	4489
1108	5701	1244	4457
1109	5706	1242	4464
1110	5738	1245	4493
1111	5739	1253	4486
1112	5739	1239	4500
1113	5843	1275	4568
1114	5840	1276	4564
1115	5823	1251	4572
1116	5793	1248	4545
1117	5842	1250	4592
1118	5894	1247	4647
1119	5822	1257	4565
1120	5793	1240	4553
1121	5831	1215	4616
1122	5841	1246	4595
1123	5893	1265	4628
1124	5852	1251	4601
1125	5823	1253	4570
1126	5881	1272	4609
1127	5871	1250	4621
1128	5808	1249	4559
1129	5843	1250	4593
1130	5853	1250	4603
1131	5881	1237	4644
1132	5894	1224	4670
1133	5880	1238	4642
1134	5809	1264	4545
1135	5797	1259	4538
1136	5850	1250	4600
1137	5857	1255	4602
1138	5883	1253	4630
1139	5864	1257	4607
1140	5846	1248	4598
1141	5763	1256	4507
1142	5866	1265	4601
1143	5951	1235	4716
1144	5934	1232	4702
1145	5913	1244	4669
1146	5912	1244	4668
1147	5886	1254	4632
1148	5879	1267	4612
1149	5943	1272	4671
1150	5958	1278	4680
1151	5917	1273	4644
1152	5935	1249	4686
1153	5905	1241	4664
1154	5902	1260	4642
1155	5865	1250	4615
1156	5892	1241	4651
1157	5856	1225	4631
1158	5825	1222	4603
1159	5792	1243	4549
1160	5753	1246	4507
1161	5756	1260	4496
1162	5695	1269	4426
1163	5680	1259	4421
1164	5689	1238	4451
1165	5704	1225	4479
1166	5694	1233	4461
1167	5655	1238	4417
1168	5595	1242	4353
1169	5574	1265	4309
1170	5631	1244	4387
1171	5681	1262	4419
1172	5686	1244	4442
1173	5643	1232	4411
1174	5619	1236	4383
1175	5617	1243	4374
1176	5565	1257	4308
1177	5502	1256	4246
1178	5521	1249	4272
1179	5544	1253	4291
1180	5532	1263	4269
1181	5499	1263	4236
1182	5486	1257	4229
1183	5485	1252	4233
1184	5457	1259	4198
1185	5459	1245	4214
1186	5481	1241	4240
1187	5441	1239	4202
1188	5391	1250	4141
1189	5408	1239	4169
1190	5315	1237	4078
1191	5308	1223	4085
1192	5380	1225	4155
1193	5329	1256	4073
1194	5325	1265	4060
1195	5306	1236	4070
1196	5331	1244	4087
1197	5313	1268	4045
1198	5259	1278	3981
1199	5296	1275	4021
1200	5253	1262	3991
1201	5221	1245	3976
1202	5210	1237	3973
1203	5225	1256	3969
1204	5205	1257	3948
1205	5227	1254	3973
1206	5247	1248	3999
1207	5282	1249	4033
1208	5314	1254	4060
1209	5352	1210	4142
1210	5272	1209	4063
1211	5240	1224	4016
1212	5249	1232	4017
1213	5213	1262	3951
1214	5284	1249	4035
1215	5214	1237	3977
1216	5224	1227	3997
1217	5190	1236	3954
1218	5210	1231	3979
1219	5196	1257	3939
1220	5199	1237	3962
1221	5227	1256	3971
1222	5185	1252	3933
1223	5180	1241	3939
1224	5096	1254	3842
1225	5073	1251	3822
1226	5080	1247	3833
1227	5076	1237	3839
1228	5118	1226	3892
1229	5171	1221	3950
1230	5134	1245	3889
1231	5021	1262	3759
1232	5014	1245	3769
1233	5060	1247	3813
1234	5028	1245	3783
1235	5065	1235	3830
1236	5082	1256	3826
1237	5011	1245	3766
1238	5023	1223	3800
1239	4994	1221	3773
1240	4995	1247	3748
1241	5021	1252	3769
1242	4979	1252	3727
1243	5041	1254	3787
1244	5033	1242	3791
1245	4981	1244	3737
1246	4967	1237	3730
1247	4987	1235	3752
1248	4986	1241	3745
1249	4962	1252	3710
1250	4932	1261	3671
1251	4942	1235	3707
1252	4916	1255	3661
1253	4872	1266	3606
1254	4834	1240	3594
1255	4825	1244	3581
1256	4825	1265	3560
1257	4795	1253	3542
1258	4713	1240	3473
1259	4731	1241	3490
1260	4689	1259	3430
1261	4697	1266	3431
1262	4688	1247	3441
1263	4680	1239	3441
1264	4674	1248	3426
1265	4632	1240	3392
1266	4602	1256	3346
1267	4583	1266	3317
1268	4607	1243	3364
1269	4582	1235	3347
1270	4478	1236	3242
1271	4509	1241	3268
1272	4502	1253	3249
1273	4445	1251	3194
1274	4437	1262	3175
1275	4392	1258	3134
1276	4407	1259	3148
1277	4392	1267	3125
1278	4371	1249	3122
1279	4347	1246	3101
1280	4417	1241	3176
1281	4412	1250	3162
1282	4283	1248	3035
1283	4267	1261	3006
1284	4237	1265	2972
1285	4250	1256	2994
1286	4281	1258	3023
1287	4257	1273	2984
1288	4217	1268	2949
1289	4193	1242	2951
1290	4203	1247	2956
1291	4210	1244	2966
1292	4200	1230	2970
1293	4117	1232	2885
1294	4095	1226	2869
1295	4101	1240	2861
1296	4093	1240	2853
1297	4096	1250	2846
1298	4048	1266	2782
1299	4085	1268	2817
1300	4087	1283	2804
1301	3989	1259	2730
1302	4007	1252	2755
1303	4041	1250	2791
1304	3976	1221	2755
1305	3965	1247	2718
1306	3934	1274	2660
1307	3910	1279	2631
1308	3890	1259	2631
1309	3928	1241	2687
1310	3953	1225	2728
1311	3959	1245	2714
1312	3972	1260	2712
1313	3924	1259	2665
1314	3877	1257	2620
1315	3992	1253	2739
1316	4021	1233	2788
1317	4020	1237	2783
1318	3948	1227	2721
1319	3949	1244	2705
1320	4017	1253	2764
1321	4018	1262	2756
1322	4048	1241	2807
1323	4039	1244	2795
1324	4013	1257	2756
1325	4004	1242	2762
1326	3997	1244	2753
1327	4066	1249	2817
1328	4030	1242	2788
1329	4026	1251	2775
1330	3995	1245	2750
1331	4046	1236	2810
1332	3994	1258	2736
1333	3944	1266	2678
1334	3979	1267	2712
1335	3975	1265	2710
1336	3934	1242	2692
1337	3962	1253	2709
1338	3940	1235	2705
1339	3833	1228	2605
1340	3804	1232	2572
1341	3837	1241	2596
1342	3821	1245	2576
1343	3835	1242	2593
1344	3815	1253	2562
1345	3784	1261	2523
1346	3709	1260	2449
1347	3712	1243	2469
1348	3720	1244	2476
1349	3709	1263	2446
1350	3725	1245	2480
1351	3626	1234	2392
1352	3579	1260	2319
1353	3612	1263	2349
1354	3571	1240	2331
1355	3603	1246	2357
1356	3688	1263	2425
1357	3673	1269	2404
1358	3604	1256	2348
1359	3594	1249	2345
1360	3591	1237	2354
1361	3587	1220	2367
1362	3604	1242	2362
1363	3643	1255	2388
1364	3607	1253	2354
1365	3522	1252	2270
1366	3508	1241	2267
1367	3480	1256	2224
1368	3463	1284	2179
1369	3498	1268	2230
1370	3454	1247	2207
1371	3489	1264	2225
1372	3497	1268	2229
1373	3484	1249	2235
1374	3524	1246	2278
1375	3499	1262	2237
1376	3496	1255	2241
1377	3515	1241	2274
1378	3495	1244	2251
1379	3465	1240	2225
1380	3469	1231	2238
1381	3460	1247	2213
1382	3458	1241	2217
1383	3476	1252	2224
1384	3482	1264	2218
1385	3468	1257	2211
1386	3462	1259	2203
1387	3428	1236	2192
1388	3371	1242	2129
1389	3452	1260	2192
1390	3426	1237	2189
1391	3395	1233	2162
1392	3395	1255	2140
1393	3358	1258	2100
1394	3365	1245	2120
1395	3348	1250	2098
1396	3302	1227	2075
1397	3290	1224	2066
1398	3292	1236	2056
1399	3288	1237	2051
1400	3273	1226	2047
1401	3276	1221	2055
1402	3299	1238	2061
1403	3319	1251	2068
1404	3325	1255	2070
1405	3323	1240	2083
1406	3264	1242	2022
1407	3326	1248	2078
1408	3327	1234	2093
1409	3304	1258	2046
1410	3282	1263	2019
1411	3273	1252	2021
1412	3260	1232	2028
1413	3233	1225	2008
1414	3231	1238	1993
1415	3229	1244	1985
1416	3264	1237	2027
1417	3305	1247	2058
1418	3283	1235	2048
1419	3230	1219	2011
1420	3245	1223	2022
1421	3295	1238	2057
1422	3273	1253	2020
1423	3223	1245	1978
1424	3201	1246	1955
1425	3246	1242	2004
1426	3232	1227	2005
1427	3304	1242	2062
1428	3326	1235	2091
1429	3261	1269	1992
1430	3268	1272	1996
1431	3277	1258	2019
1432	3268	1249	2019
1433	3313	1270	2043
1434	3323	1257	2066
1435	3312	1247	2065
1436	3325	1224	2101
1437	3389	1229	2160
1438	3375	1239	2136
1439	3372	1231	2141
1440	3395	1232	2163
1441	3364	1238	2126
1442	3367	1261	2106
1443	3411	1296	2115
1444	3394	1267	2127
1445	3373	1253	2120
1446	3354	1250	2104
1447	3354	1241	2113
1448	3402	1241	2161
1449	3426	1259	2167
1450	3371	1266	2105
1451	3363	1267	2096
1452	3347	1258	2089
1453	3325	1260	2065
1454	3388	1250	2138
1455	3407	1260	2147
1456	3393	1262	2131
1457	3380	1249	2131
1458	3317	1245	2072
1459	3320	1272	2048
1460	3377	1269	2108
1461	3439	1246	2193
1462	3393	1245	2148
1463	3418	1250	2168
1464	3383	1249	2134
1465	3373	1241	2132
1466	3399	1241	2158
1467	3367	1247	2120
1468	3348	1231	2117
1469	3397	1264	2133
1470	3303	1249	2054
1471	3339	1243	2096
1472	3363	1254	2109
1473	3284	1212	2072
1474	3284	1223	2061
1475	3310	1252	2058
1476	3362	1257	2105
1477	3332	1266	2066
1478	3290	1258	2032
1479	3288	1254	2034
1480	3324	1262	2062
1481	3324	1245	2079
1482	3296	1244	2052
1483	3330	1253	2077
1484	3280	1229	2051
1485	3250	1228	2022
1486	3235	1244	1991
1487	3259	1256	2003
1488	3209	1236	1973
1489	3193	1238	1955
1490	3219	1232	1987
1491	3202	1260	1942
1492	3220	1265	1955
1493	3229	1278	1951
1494	3256	1272	1984
1495	3262	1256	2006
1496	3224	1232	1992
1497	3221	1234	1987
1498	3242	1264	1978
1499	3266	1231	2035
1500	3234	1226	2008
1501	3227	1235	1992
1502	3282	1233	2049
1503	3258	1248	2010
1504	3219	1257	1962
1505	3220	1234	1986
1506	3181	1244	1937
1507	3183	1251	1932
1508	3197	1261	1936
1509	3202	1250	1952
1510	3195	1251	1944
1511	3190	1249	1941
1512	3148	1236	1912
1513	3165	1226	1939
1514	3176	1253	1923
1515	3184	1244	1940
1516	3195	1246	1949
1517	3176	1263	1913
1518	3179	1245	1934
1519	3166	1241	1925
1520	3123	1251	1872
1521	3180	1249	1931
1522	3159	1238	1921
1523	3168	1235	1933
1524	3169	1250	1919
1525	3165	1245	1920
1526	3114	1236	1878
1527	3084	1254	1830
1528	3110	1260	1850
1529	3142	1256	1886
1530	3105	1262	1843
1531	3107	1250	1857
1532	3104	1250	1854
1533	3108	1256	1852
1534	3114	1226	1888
1535	3099	1229	1870
1536	3114	1233	1881
1537	3085	1248	1837
1538	3115	1238	1877
1539	3188	1235	1953
1540	3208	1256	1952
1541	3193	1241	1952
1542	3211	1243	1968
1543	3222	1258	1964
1544	3223	1264	1959
1545	3267	1243	2024
1546	3250	1249	2001
1547	3205	1264	1941
1548	3202	1240	1962
1549	3236	1227	2009
1550	3289	1229	2060
1551	3292	1254	2038
1552	3296	1254	2042
1553	3282	1243	2039
1554	3285	1230	2055
1555	3276	1237	2039
1556	3293	1237	2056
1557	3275	1239	2036
1558	3275	1245	2030
1559	3221	1266	1955
1560	3224	1254	1970
1561	3222	1229	1993
1562	3198	1225	1973
1563	3168	1248	1920
1564	3122	1264	1858
1565	3152	1264	1888
1566	3081	1235	1846
1567	3105	1248	1857
1568	3093	1267	1826
1569	3095	1280	1815
1570	3094	1262	1832
1571	3122	1257	1865
1572	3141	1259	1882
1573	3157	1234	1923
1574	3153	1232	1921
1575	3180	1251	1929
1576	3193	1263	1930
1577	3201	1248	1953
1578	3169	1250	1919
1579	3194	1256	1938
1580	3231	1252	1979
1581	3280	1240	2040
1582	3269	1240	2029
1583	3279	1242	2037
1584	3285	1251	2034
1585	3266	1256	2010
1586	3217	1253	1964
1587	3240	1241	1999
1588	3268	1264	2004
1589	3283	1260	2023
1590	3251	1266	1985
1591	3248	1252	1996
1592	3240	1247	1993
1593	3230	1251	1979
1594	3242	1233	2009
1595	3290	1248	2042
1596	3236	1247	1989
1597	3289	1251	2038
1598	3357	1239	2118
1599	3412	1237	2175
1600	3541	1242	2299
1601	3639	1246	2393
1602	3887	1242	2645
1603	4271	1238	3033
1604	4836	1227	3609
1605	5626	1239	4387
1606	6861	1223	5638
1607	8715	1216	7499
1608	10840	1241	9599
1609	13193	1245	11948
1610	15757	1249	14508
1611	18266	1248	17018
1612	20711	1246	19465
1613	22646	1258	21388
1614	23989	1256	22733
1615	24858	1239	23619
1616	25221	1211	24010
1617	25586	1226	24360
1618	25753	1235	24518
1619	25789	1236	24553
1620	25579	1237	24342
1621	25121	1246	23875
1622	24261	1239	23022
1623	23153	1234	21919
1624	21328	1233	20095
1625	19079	1248	17831
1626	16390	1237	15153
1627	13667	1242	12425
1628	11206	1243	9963
1629	9011	1242	7769
1630	7321	1244	6077
1631	6149	1263	4886
1632	5355	1272	4083
1633	4662	1265	3397
1634	4141	1251	2890
1635	3841	1252	2589
1636	3632	1268	2364
1637	3544	1241	2303
1638	3459	1253	2206
1639	3400	1226	2174
1640	3301	1239	2062
1641	3244	1259	1985
1642	3218	1260	1958
1643	3187	1239	1948
1644	3135	1247	1888
1645	3104	1258	1846
1646	3073	1252	1821
1647	3027	1267	1760
1648	2959	1247	1712
1649	2926	1220	1706
1650	2918	1229	1689
1651	2966	1240	1726
1652	2951	1249	1702
1653	2877	1240	1637
1654	2835	1237	1598
1655	2861	1258	1603
1656	2834	1270	1564
1657	2798	1257	1541
1658	2845	1246	1599
1659	2826	1241	1585
1660	2801	1252	1549
1661	2796	1252	1544
1662	2731	1248	1483
1663	2740	1245	1495
1664	2750	1251	1499
1665	2736	1264	1472
1666	2682	1255	1427
1667	2661	1239	1422
1668	2680	1257	1423
1669	2723	1255	1468
1670	2698	1241	1457
1671	2676	1249	1427
1672	2668	1262	1406
1673	2670	1255	1415
1674	2677	1242	1435
1675	2707	1236	1471
1676	2702	1239	1463
1677	2674	1251	1423
1678	2632	1276	1356
1679	2636	1252	1384
1680	2650	1244	1406
1681	2676	1242	1434
1682	2690	1248	1442
1683	2665	1263	1402
1684	2641	1246	1395
1685	2656	1276	1380
1686	2640	1291	1349
1687	2613	1275	1338
1688	2616	1285	1331
1689	2636	1285	1351
1690	2649	1271	1378
1691	2634	1257	1377
1692	2617	1277	1340
1693	2618	1288	1330
1694	2644	1281	1363
1695	2679	1254	1425
1696	2685	1259	1426
1697	2643	1266	1377
1698	2657	1260	1397
1699	2681	1251	1430
1700	2658	1255	1403
1701	2704	1259	1445
1702	2660	1260	1400
1703	2617	1264	1353
1704	2610	1266	1344
1705	2632	1260	1372
1706	2628	1254	1374
1707	2611	1243	1368
1708	2630	1236	1394
1709	2625	1245	1380
1710	2642	1230	1412
1711	2620	1229	1391
1712	2606	1228	1378
1713	2573	1238	1335
1714	2549	1254	1295
1715	2561	1245	1316
1716	2575	1231	1344
1717	2596	1273	1323
1718	2559	1251	1308
1719	2567	1256	1311
1720	2565	1249	1316
1721	2551	1260	1291
1722	2577	1262	1315
1723	2588	1251	1337
1724	2599	1248	1351
1725	2582	1246	1336
1726	2578	1233	1345
1727	2597	1253	1344
1728	2572	1269	1303
1729	2614	1267	1347
1730	2648	1243	1405
1731	2611	1232	1379
1732	2587	1263	1324
1733	2603	1260	1343
1734	2614	1249	1365
1735	2587	1267	1320
1736	2594	1269	1325
1737	2615	1259	1356
1738	2585	1246	1339
1739	2585	1223	1362
1740	2578	1223	1355
1741	2604	1231	1373
1742	2614	1240	1374
1743	2613	1233	1380
1744	2643	1250	1393
1745	2655	1265	1390
1746	2608	1248	1360
1747	2630	1260	1370
1748	2673	1272	1401
1749	2659	1263	1396
1750	2667	1256	1411
1751	2649	1259	1390
1752	2678	1265	1413
1753	2740	1270	1470
1754	2764	1265	1499
1755	2773	1262	1511
1756	2805	1276	1529
1757	2817	1281	1536
1758	2755	1262	1493
1759	2802	1247	1555
1760	2821	1246	1575
1761	2871	1237	1634
1762	2858	1242	1616
1763	2910	1261	1649
1764	2886	1263	1623
1765	2863	1239	1624
1766	2881	1246	1635
1767	2858	1246	1612
1768	2851	1246	1605
1769	2856	1245	1611
1770	2783	1257	1526
1771	2782	1253	1529
1772	2799	1251	1548
1773	2803	1257	1546
1774	2718	1255	1463
1775	2698	1226	1472
1776	2731	1232	1499
1777	2668	1273	1395
1778	2656	1263	1393
1779	2693	1266	1427
1780	2689	1246	1443
1781	2694	1252	1442
1782	2675	1245	1430
1783	2706	1234	1472
1784	2690	1247	1443
1785	2684	1254	1430
1786	2717	1252	1465
1787	2692	1240	1452
1788	2687	1248	1439
1789	2700	1253	1447
1790	2662	1258	1404
1791	2670	1285	1385
1792	2657	1295	1362
1793	2669	1259	1410
1794	2645	1235	1410
1795	2692	1226	1466
1796	2677	1239	1438
1797	2700	1236	1464
1798	2751	1249	1502
1799	2704	1231	1473
1800	2691	1249	1442
1801	2693	1250	1443
1802	2641	1249	1392
1803	2674	1242	1432
1804	2689	1232	1457
1805	2707	1253	1454
1806	2710	1249	1461
1807	2730	1239	1491
1808	2742	1228	1514
1809	2751	1240	1511
1810	2796	1233	1563
1811	2796	1237	1559
1812	2779	1238	1541
1813	2797	1247	1550
1814	2793	1255	1538
1815	2801	1240	1561
1816	2817	1243	1574
1817	2826	1262	1564
1818	2806	1249	1557
1819	2849	1253	1596
1820	2870	1253	1617
1821	2873	1248	1625
1822	2859	1243	1616
1823	2867	1245	1622
1824	2850	1253	1597
1825	2875	1255	1620
1826	2893	1249	1644
1827	2903	1248	1655
1828	2914	1230	1684
1829	2849	1240	1609
1830	2892	1253	1639
1831	2882	1252	1630
1832	2875	1251	1624
1833	2845	1237	1608
1834	2883	1237	1646
1835	2904	1257	1647
1836	2882	1254	1628
1837	2897	1238	1659
1838	2917	1255	1662
1839	2881	1255	1626
1840	2837	1233	1604
1841	2856	1220	1636
1842	2855	1251	1604
1843	2844	1256	1588
1844	2843	1246	1597
1845	2832	1250	1582
1846	2833	1233	1600
1847	2819	1219	1600
1848	2832	1243	1589
1849	2821	1251	1570
1850	2841	1250	1591
1851	2858	1238	1620
1852	2846	1252	1594
1853	2869	1262	1607
1854	2825	1272	1553
1855	2768	1247	1521
1856	2799	1248	1551
1857	2810	1241	1569
1858	2776	1236	1540
1859	2792	1233	1559
1860	2775	1222	1553
1861	2781	1234	1547
1862	2814	1254	1560
1863	2785	1251	1534
1864	2797	1232	1565
1865	2763	1225	1538
1866	2752	1229	1523
1867	2785	1245	1540
1868	2859	1238	1621
1869	2870	1238	1632
1870	2870	1244	1626
1871	2812	1250	1562
1872	2838	1247	1591
1873	2849	1253	1596
1874	2829	1246	1583
1875	2852	1251	1601
1876	2882	1263	1619
1877	2845	1259	1586
1878	2822	1246	1576
1879	2843	1238	1605
1880	2864	1233	1631
1881	2856	1224	1632
1882	2802	1243	1559
1883	2793	1244	1549
1884	2832	1228	1604
1885	2825	1220	1605
1886	2752	1221	1531
1887	2760	1242	1518
1888	2727	1249	1478
1889	2705	1261	1444
1890	2674	1246	1428
1891	2651	1250	1401
1892	2636	1261	1375
1893	2653	1255	1398
1894	2663	1256	1407
1895	2594	1261	1333
1896	2582	1245	1337
1897	2592	1241	1351
1898	2576	1239	1337
1899	2602	1261	1341
1900	2597	1252	1345
1901	2628	1237	1391
1902	2607	1258	1349
1903	2599	1247	1352
1904	2608	1228	1380
1905	2615	1238	1377
1906	2592	1244	1348
1907	2595	1244	1351
1908	2622	1257	1365
1909	2636	1269	1367
1910	2630	1263	1367
1911	2605	1229	1376
1912	2644	1241	1403
1913	2660	1238	1422
1914	2636	1226	1410
1915	2639	1236	1403
1916	2645	1249	1396
1917	2610	1244	1366
1918	2592	1261	1331
1919	2608	1248	1360
1920	2628	1249	1379
1921	2672	1255	1417
1922	2677	1270	1407
1923	2644	1260	1384
1924	2608	1255	1353
1925	2627	1256	1371
1926	2660	1242	1418
1927	2677	1244	1433
1928	2692	1252	1440
1929	2697	1251	1446
1930	2684	1236	1448
1931	2702	1218	1484
1932	2712	1246	1466
1933	2729	1259	1470
1934	2716	1279	1437
1935	2708	1266	1442
1936	2730	1241	1489
1937	2740	1254	1486
1938	2724	1233	1491
1939	2692	1236	1456
1940	2697	1254	1443
1941	2756	1254	1502
1942	2747	1231	1516
1943	2767	1227	1540
1944	2750	1250	1500
1945	2697	1254	1443
1946	2689	1228	1461
1947	2743	1253	1490
1948	2737	1246	1491
1949	2713	1244	1469
1950	2656	1265	1391
1951	2625	1252	1373
1952	2611	1236	1375
1953	2646	1232	1414
1954	2623	1258	1365
1955	2587	1260	1327
1956	2582	1268	1314
1957	2605	1272	1333
1958	2614	1247	1367
1959	2598	1235	1363
1960	2567	1235	1332
1961	2528	1250	1278
1962	2530	1258	1272
1963	2582	1231	1351
1964	2575	1237	1338
1965	2545	1234	1311
1966	2491	1240	1251
1967	2515	1244	1271
1968	2503	1237	1266
1969	2506	1255	1251
1970	2515	1240	1275
1971	2522	1258	1264
1972	2492	1267	1225
1973	2473	1240	1233
1974	2493	1237	1256
1975	2484	1269	1215
1976	2448	1259	1189
1977	2437	1247	1190
1978	2478	1228	1250
1979	2497	1237	1260
1980	2479	1227	1252
1981	2492	1233	1259
1982	2497	1232	1265
1983	2525	1229	1296
1984	2553	1237	1316
1985	2567	1262	1305
1986	2565	1256	1309
1987	2589	1237	1352
1988	2585	1236	1349
1989	2577	1223	1354
1990	2641	1236	1405
1991	2612	1253	1359
1992	2596	1239	1357
1993	2637	1239	1398
1994	2651	1268	1383
1995	2652	1263	1389
1996	2642	1232	1410
1997	2588	1240	1348
1998	2589	1249	1340
1999	2584	1270	1314
2000	2540	1264	1276
2001	2567	1258	1309
2002	2546	1236	1310
2003	2504	1250	1254
2004	2492	1255	1237
2005	2499	1249	1250
2006	2496	1268	1228
2007	2475	1260	1215
2008	2483	1254	1229
2009	2453	1256	1197
2010	2447	1257	1190
2011	2478	1273	1205
2012	2468	1278	1190
2013	2442	1267	1175
2014	2406	1247	1159
2015	2409	1244	1165
2016	2438	1246	1192
2017	2436	1243	1193
2018	2432	1234	1198
2019	2449	1246	1203
2020	2413	1248	1165
2021	2401	1232	1169
2022	2387	1233	1154
2023	2387	1258	1129
2024	2388	1267	1121
2025	2364	1271	1093
2026	2383	1263	1120
2027	2388	1257	1131
2028	2372	1256	1116
2029	2397	1241	1156
2030	2403	1234	1169
2031	2412	1227	1185
2032	2420	1243	1177
2033	2421	1230	1191
2034	2439	1242	1197
2035	2445	1238	1207
2036	2432	1251	1181
2037	2457	1260	1197
2038	2431	1242	1189
2039	2429	1244	1185
2040	2471	1247	1224
2041	2488	1240	1248
2042	2508	1234	1274
2043	2493	1216	1277
2044	2437	1207	1230
2045	2450	1211	1239
2046	2494	1224	1270
2047	2473	1261	1212
2048	2471	1247	1224
2049	2477	1240	1237
2050	2456	1226	1230
2051	2473	1225	1248
2052	2465	1244	1221
2053	2424	1237	1187
2054	2429	1257	1172
2055	2438	1257	1181
2056	2425	1237	1188
2057	2442	1235	1207
2058	2427	1239	1188
2059	2400	1262	1138
2060	2388	1241	1147
2061	2389	1245	1144
2062	2381	1266	1115
2063	2385	1266	1119
2064	2385	1235	1150
2065	2416	1246	1170
2066	2404	1244	1160
2067	2449	1249	1200
2068	2423	1263	1160
2069	2428	1251	1177
2070	2444	1242	1202
2071	2428	1245	1183
2072	2469	1236	1233
2073	2519	1242	1277
2074	2579	1264	1315
2075	2626	1243	1383
2076	2630	1248	1382
2077	2659	1232	1427
2078	2684	1211	1473
2079	2697	1236	1461
2080	2729	1263	1466
2081	2724	1253	1471
2082	2751	1245	1506
2083	2786	1247	1539
2084	2766	1252	1514
2085	2753	1262	1491
2086	2772	1266	1506
2087	2752	1261	1491
2088	2755	1257	1498
2089	2770	1238	1532
2090	2758	1259	1499
2091	2740	1252	1488
2092	2728	1224	1504
2093	2699	1238	1461
2094	2685	1227	1458
2095	2715	1238	1477
2096	2685	1248	1437
2097	2679	1238	1441
2098	2652	1245	1407
2099	2638	1249	1389
2100	2609	1247	1362
2101	2574	1255	1319
2102	2582	1251	1331
2103	2600	1255	1345
2104	2609	1263	1346
2105	2630	1243	1387
2106	2640	1257	1383
2107	2631	1247	1384
2108	2615	1217	1398
2109	2639	1230	1409
2110	2659	1248	1411
2111	2658	1251	1407
2112	2664	1235	1429
2113	2687	1235	1452
2114	2631	1252	1379
2115	2591	1245	1346
2116	2596	1245	1351
2117	2643	1249	1394
2118	2648	1247	1401
2119	2661	1238	1423
2120	2647	1269	1378
2121	2644	1291	1353
2122	2616	1266	1350
2123	2622	1261	1361
2124	2624	1261	1363
2125	2598	1255	1343
2126	2574	1260	1314
2127	2626	1268	1358
2128	2614	1262	1352
2129	2603	1243	1360
2130	2624	1245	1379
2131	2622	1255	1367
2132	2605	1262	1343
2133	2641	1269	1372
2134	2668	1247	1421
2135	2637	1244	1393
2136	2627	1273	1354
2137	2639	1257	1382
2138	2680	1252	1428
2139	2675	1235	1440
2140	2650	1257	1393
2141	2659	1249	1410
2142	2683	1221	1462
2143	2719	1254	1465
2144	2739	1237	1502
2145	2752	1222	1530
2146	2726	1245	1481
2147	2712	1237	1475
2148	2716	1217	1499
2149	2705	1235	1470
2150	2691	1260	1431
2151	2713	1261	1452
2152	2712	1247	1465
2153	2678	1249	1429
2154	2715	1252	1463
2155	2719	1244	1475
2156	2674	1252	1422
2157	2697	1252	1445
2158	2678	1247	1431
2159	2656	1253	1403
2160	2610	1269	1341
2161	2605	1258	1347
2162	2603	1258	1345
2163	2577	1265	1312
2164	2579	1257	1322
2165	2604	1246	1358
2166	2591	1278	1313
2167	2576	1262	1314
2168	2552	1251	1301
2169	2549	1242	1307
2170	2580	1232	1348
2171	2559	1254	1305
2172	2529	1272	1257
2173	2493	1268	1225
2174	2509	1263	1246
2175	2538	1222	1316
2176	2519	1233	1286
2177	2485	1266	1219
2178	2534	1259	1275
2179	2604	1252	1352
2180	2617	1241	1376
2181	2592	1219	1373
2182	2577	1232	1345
2183	2547	1255	1292
2184	2527	1256	1271
2185	2558	1258	1300
2186	2596	1249	1347
2187	2627	1251	1376
2188	2627	1244	1383
2189	2603	1240	1363
2190	2584	1259	1325
2191	2642	1232	1410
2192	2628	1237	1391
2193	2637	1271	1366
2194	2611	1239	1372
2195	2623	1239	1384
2196	2599	1258	1341
2197	2573	1261	1312
2198	2563	1237	1326
2199	2549	1245	1304
2200	2577	1266	1311
2201	2539	1249	1290
2202	2541	1241	1300
2203	2573	1248	1325
2204	2578	1258	1320
2205	2509	1231	1278
2206	2504	1233	1271
2207	2574	1260	1314
2208	2604	1255	1349
2209	2567	1258	1309
2210	2543	1259	1284
2211	2550	1242	1308
2212	2536	1253	1283
2213	2557	1252	1305
2214	2539	1235	1304
2215	2554	1237	1317
2216	2537	1206	1331
2217	2538	1206	1332
2218	2500	1229	1271
2219	2549	1275	1274
2220	2545	1248	1297
2221	2535	1246	1289
2222	2513	1250	1263
2223	2525	1242	1283
2224	2542	1223	1319
2225	2541	1204	1337
2226	2466	1237	1229
2227	2486	1242	1244
2228	2532	1235	1297
2229	2506	1230	1276
2230	2486	1233	1253
2231	2487	1252	1235
2232	2481	1246	1235
2233	2460	1249	1211
2234	2483	1245	1238
2235	2528	1263	1265
2236	2481	1269	1212
2237	2454	1267	1187
2238	2458	1258	1200
2239	2465	1256	1209
2240	2475	1251	1224
2241	2497	1240	1257
2242	2486	1244	1242
2243	2502	1240	1262
2244	2562	1236	1326
2245	2555	1228	1327
2246	2532	1221	1311
2247	2506	1245	1261
2248	2530	1246	1284
2249	2590	1249	1341
2250	2569	1240	1329
2251	2568	1244	1324
2252	2594	1239	1355
2253	2606	1248	1358
2254	2598	1267	1331
2255	2580	1244	1336
2256	2609	1232	1377
2257	2611	1244	1367
2258	2590	1264	1326
2259	2590	1256	1334
2260	2526	1237	1289
2261	2511	1261	1250
2262	2531	1261	1270
2263	2566	1239	1327
2264	2560	1246	1314
2265	2567	1241	1326
2266	2561	1256	1305
2267	2523	1244	1279
2268	2514	1242	1272
2269	2483	1247	1236
2270	2506	1251	1255
2271	2509	1254	1255
2272	2480	1256	1224
2273	2519	1258	1261
2274	2535	1257	1278
2275	2519	1247	1272
2276	2467	1207	1260
2277	2454	1213	1241
2278	2468	1236	1232
2279	2452	1222	1230
2280	2469	1224	1245
2281	2490	1242	1248
2282	2456	1246	1210
2283	2442	1249	1193
2284	2472	1257	1215
2285	2514	1248	1266
2286	2518	1241	1277
2287	2522	1251	1271
2288	2527	1252	1275
2289	2516	1246	1270
2290	2473	1249	1224
2291	2488	1257	1231
2292	2473	1258	1215
2293	2473	1245	1228
2294	2503	1239	1264
2295	2496	1254	1242
2296	2508	1247	1261
2297	2529	1237	1292
2298	2551	1261	1290
2299	2520	1268	1252
2300	2550	1258	1292
2301	2601	1262	1339
2302	2578	1248	1330
2303	2563	1241	1322
2304	2512	1232	1280
2305	2568	1249	1319
2306	2573	1249	1324
2307	2523	1254	1269
2308	2515	1246	1269
2309	2516	1235	1281
2310	2560	1228	1332
2311	2588	1239	1349
2312	2560	1235	1325
2313	2512	1243	1269
2314	2513	1241	1272
2315	2514	1265	1249
2316	2466	1256	1210
2317	2483	1248	1235
2318	2447	1253	1194
2319	2436	1244	1192
2320	2457	1234	1223
2321	2456	1239	1217
2322	2454	1229	1225
2323	2467	1230	1237
2324	2420	1232	1188
2325	2436	1234	1202
2326	2461	1235	1226
2327	2458	1233	1225
2328	2492	1246	1246
2329	2475	1257	1218
2330	2464	1234	1230
2331	2488	1237	1251
2332	2436	1257	1179
2333	2456	1260	1196
2334	2489	1252	1237
2335	2466	1259	1207
2336	2494	1247	1247
2337	2491	1224	1267
2338	2469	1227	1242
2339	2458	1250	1208
2340	2452	1256	1196
2341	2442	1244	1198
2342	2425	1215	1210
2343	2453	1251	1202
2344	2456	1257	1199
2345	2431	1231	1200
2346	2418	1242	1176
2347	2415	1232	1183
2348	2370	1224	1146
2349	2344	1268	1076
2350	2340	1273	1067
2351	2367	1242	1125
2352	2354	1243	1111
2353	2337	1260	1077
2354	2326	1257	1069
2355	2358	1268	1090
2356	2320	1254	1066
2357	2318	1259	1059
2358	2317	1258	1059
2359	2297	1239	1058
2360	2292	1239	1053
2361	2291	1243	1048
2362	2260	1235	1025
2363	2235	1228	1007
2364	2228	1244	984
2365	2251	1232	1019
2366	2256	1241	1015
2367	2251	1250	1001
2368	2264	1240	1024
2369	2236	1230	1006
2370	2213	1231	982
2371	2215	1254	961
2372	2183	1247	936
2373	2177	1246	931
2374	2134	1258	876
2375	2141	1249	892
2376	2158	1238	920
2377	2158	1235	923
2378	2184	1247	937
2379	2162	1233	929
2380	2125	1254	871
2381	2165	1253	912
2382	2159	1235	924
2383	2138	1253	885
2384	2132	1253	879
2385	2148	1229	919
2386	2146	1240	906
2387	2178	1262	916
2388	2181	1268	913
2389	2149	1241	908
2390	2112	1255	857
2391	2119	1259	860
2392	2083	1248	835
2393	2102	1241	861
2394	2058	1224	834
2395	2037	1229	808
2396	1996	1245	751
2397	1999	1248	751
2398	1980	1228	752
2399	1978	1225	753
2400	2000	1224	776
2401	2030	1231	799
2402	1985	1240	745
2403	1981	1220	761
2404	1955	1223	732
2405	1941	1236	705
2406	1952	1233	719
2407	1954	1231	723
2408	1943	1253	690
2409	1930	1267	663
2410	1911	1253	658
2411	1938	1233	705
2412	1900	1230	670
2413	1911	1251	660
2414	1915	1245	670
2415	1909	1246	663
2416	1867	1238	629
2417	1853	1247	606
2418	1853	1257	596
2419	1865	1234	631
2420	1839	1214	625
2421	1853	1241	612
2422	1861	1240	621
2423	1830	1252	578
2424	1804	1250	554
2425	1831	1254	577
2426	1828	1240	588
2427	1829	1241	588
2428	1841	1248	593
2429	1833	1259	574
2430	1786	1263	523
2431	1808	1257	551
2432	1849	1242	607
2433	1854	1253	601
2434	1805	1265	540
2435	1778	1257	521
2436	1764	1265	499
2437	1776	1259	517
2438	1786	1243	543
2439	1799	1246	553
2440	1788	1268	520
2441	1779	1253	526
2442	1757	1239	518
2443	1760	1246	514
2444	1779	1251	528
2445	1766	1266	500
2446	1738	1265	473
2447	1743	1270	473
2448	1725	1264	461
2449	1739	1251	488
2450	1711	1245	466
2451	1735	1245	490
2452	1732	1241	491
2453	1717	1248	469
2454	1754	1252	502
2455	1766	1261	505
2456	1721	1252	469
2457	1702	1261	441
2458	1677	1254	423
2459	1690	1253	437
2460	1719	1249	470
2461	1715	1260	455
2462	1671	1266	405
2463	1699	1271	428
2464	1729	1270	459
2465	1705	1272	433
2466	1666	1272	394
2467	1684	1267	417
2468	1669	1242	427
2469	1692	1274	418
2470	1704	1250	454
2471	1738	1247	491
2472	1696	1236	460
2473	1665	1229	436
2474	1672	1207	465
2475	1689	1231	458
2476	1698	1256	442
2477	1669	1264	405
2478	1680	1269	411
2479	1691	1270	421
2480	1663	1264	399
2481	1692	1241	451
2482	1659	1249	410
2483	1677	1243	434
2484	1667	1243	424
2485	1649	1241	408
2486	1626	1226	400
2487	1641	1238	403
2488	1633	1264	369
2489	1667	1263	404
2490	1644	1277	367
2491	1631	1282	349
2492	1644	1254	390
2493	1628	1256	372
2494	1618	1266	352
2495	1620	1265	355
2496	1628	1250	378
2497	1636	1242	394
2498	1600	1234	366
2499	1597	1258	339
2500	1609	1266	343
2501	1608	1262	346
2502	1570	1257	313
2503	1584	1261	323
2504	1598	1260	338
2505	1591	1255	336
2506	1546	1249	297
2507	1541	1253	288
2508	1572	1269	303
2509	1563	1282	281
2510	1582	1270	312
2511	1574	1255	319
2512	1551	1268	283
2513	1558	1259	299
2514	1540	1261	279
2515	1534	1268	266
2516	1522	1264	258
2517	1545	1240	305
2518	1539	1271	268
2519	1534	1276	258
2520	1544	1274	270
2521	1544	1260	284
2522	1556	1254	302
2523	1561	1249	312
2524	1541	1238	303
2525	1567	1238	329
2526	1555	1256	299
2527	1530	1263	267
2528	1522	1269	253
2529	1501	1257	244
2530	1518	1250	268
2531	1561	1261	300
2532	1558	1252	306
2533	1533	1229	304
2534	1521	1255	266
2535	1512	1259	253
2536	1521	1249	272
2537	1536	1236	300
2538	1521	1238	283
2539	1520	1244	276
2540	1534	1236	298
2541	1561	1237	324
2542	1561	1241	320
2543	1536	1254	282
2544	1514	1253	261
2545	1520	1253	267
2546	1506	1241	265
2547	1535	1254	281
2548	1557	1251	306
2549	1543	1265	278
2550	1532	1258	274
2551	1539	1226	313
2552	1521	1227	294
2553	1508	1265	243
2554	1517	1262	255
2555	1532	1267	265
2556	1519	1264	255
2557	1539	1256	283
2558	1536	1246	290
2559	1529	1267	262
2560	1521	1254	267
2561	1512	1241	271
2562	1505	1257	248
2563	1510	1241	269
2564	1519	1234	285
2565	1534	1245	289
2566	1559	1260	299
2567	1518	1259	259
2568	1482	1289	193
2569	1480	1281	199
2570	1481	1241	240
2571	1501	1253	248
2572	1481	1253	228
2573	1469	1265	204
2574	1449	1252	197
2575	1454	1235	219
2576	1470	1239	231
2577	1494	1238	256
2578	1482	1239	243
2579	1489	1254	235
2580	1484	1272	212
2581	1469	1255	214
2582	1447	1262	185
2583	1446	1259	187
2584	1463	1242	221
2585	1473	1241	232
2586	1467	1251	216
2587	1452	1241	211
2588	1452	1232	220
2589	1454	1246	208
2590	1456	1250	206
2591	1455	1252	203
2592	1452	1231	221
2593	1436	1239	197
2594	1420	1242	178
2595	1410	1234	176
2596	1416	1233	183
2597	1455	1255	200
2598	1443	1243	200
2599	1419	1255	164
2600	1403	1246	157
2601	1427	1229	198
2602	1414	1245	169
2603	1408	1242	166
2604	1421	1245	176
2605	1435	1242	193
2606	1420	1245	175
2607	1426	1255	171
2608	1425	1268	157
2609	1426	1255	171
2610	1388	1236	152
2611	1391	1246	145
2612	1401	1257	144
2613	1421	1238	183
2614	1405	1264	141
2615	1406	1260	146
2616	1387	1245	142
2617	1383	1231	152
2618	1397	1242	155
2619	1395	1250	145
2620	1407	1232	175
2621	1407	1218	189
2622	1408	1230	178
2623	1414	1229	185
2624	1417	1247	170
2625	1405	1251	154
2626	1402	1257	145
2627	1414	1255	159
2628	1422	1246	176
2629	1418	1234	184
2630	1379	1239	140
2631	1397	1239	158
2632	1396	1241	155
2633	1392	1257	135
2634	1374	1234	140
2635	1357	1239	118
2636	1339	1248	91
2637	1365	1236	129
2638	1374	1242	132
2639	1363	1232	131
2640	1363	1239	124
2641	1375	1261	114
2642	1347	1262	85
2643	1320	1251	69
2644	1345	1238	107
2645	1355	1232	123
2646	1359	1250	109
2647	1354	1253	101
2648	1329	1253	76
2649	1332	1239	93
2650	1347	1245	102
2651	1348	1260	88
2652	1372	1255	117
2653	1377	1223	154
2654	1351	1222	129
2655	1356	1235	121
2656	1346	1249	97
2657	1346	1242	104
2658	1347	1248	99
2659	1349	1255	94
2660	1310	1259	51
2661	1315	1266	49
2662	1337	1249	88
2663	1346	1261	85
2664	1320	1250	70
2665	1338	1231	107
2666	1324	1244	80
2667	1328	1264	64
2668	1348	1253	95
2669	1349	1258	91
2670	1343	1256	87
2671	1307	1261	46
2672	1302	1247	55
2673	1316	1254	62
2674	1347	1258	89
2675	1341	1262	79
2676	1335	1265	70
2677	1329	1228	101
2678	1312	1237	75
2679	1325	1244	81
2680	1318	1226	92
2681	1316	1241	75
2682	1317	1264	53
2683	1323	1252	71
2684	1313	1246	67
2685	1319	1250	69
2686	1301	1255	46
2687	1295	1250	45
2688	1294	1245	49
2689	1290	1250	40
2690	1287	1250	37
2691	1312	1253	59
2692	1286	1253	33
2693	1303	1263	40
2694	1295	1257	38
2695	1291	1249	42
2696	1281	1243	38
2697	1292	1228	64
2698	1289	1269	20
2699	1320	1273	47
2700	1321	1260	61
2701	1318	1253	65
2702	1285	1247	38
2703	1283	1239	44
2704	1279	1239	40
2705	1283	1267	16
2706	1273	1259	14
2707	1262	1235	27
2708	1288	1208	80
2709	1299	1223	76
2710	1279	1253	26
2711	1290	1250	40
2712	1273	1253	20
2713	1278	1242	36
2714	1274	1231	43
2715	1285	1231	54
2716	1266	1239	27
2717	1279	1259	20
2718	1272	1250	22
2719	1308	1256	52
2720	1275	1245	30
2721	1268	1266	2
2722	1260	1252	8
2723	1261	1259	2
2724	1282	1253	29
2725	1271	1239	32
2726	1286	1242	44
2727	1280	1220	60
2728	1297	1215	82
2729	1301	1243	58
2730	1271	1257	14
2731	1269	1239	30
2732	1276	1250	26
2733	1269	1268	1
2734	1292	1248	44
2735	1299	1245	54
2736	1273	1236	37
2737	1270	1250	20
2738	1254	1266	-12
2739	1277	1254	23
2740	1281	1255	26
2741	1281	1265	16
2742	1262	1239	23
2743	1253	1230	23
2744	1256	1237	19
2745	1269	1242	27
2746	1280	1231	49
2747	1286	1236	50
2748	1279	1229	50
2749	1269	1234	35
2750	1257	1256	1
2751	1269	1247	22
2752	1302	1253	49
2753	1294	1283	11
2754	1262	1268	-6
2755	1267	1246	21
2756	1278	1243	35
2757	1282	1234	48
2758	1248	1235	13
2759	1260	1251	9
2760	1267	1250	17
2761	1273	1265	8
2762	1258	1259	-1
2763	1262	1253	9
2764	1246	1230	16
2765	1261	1242	19
2766	1263	1248	15
2767	1283	1259	24
2768	1263	1256	7
2769	1263	1248	15
2770	1274	1250	24
2771	1258	1254	4
2772	1258	1276	-18
2773	1257	1268	-11
2774	1249	1251	-2
2775	1281	1253	28
2776	1249	1260	-11
2777	1236	1260	-24
2778	1249	1256	-7
2779	1237	1254	-17
2780	1237	1240	-3
2781	1255	1234	21
2782	1247	1245	2
2783	1255	1256	-1
2784	1268	1241	27
2785	1268	1238	30
2786	1248	1259	-11
2787	1267	1246	21
2788	1277	1248	29
2789	1277	1267	10
2790	1251	1293	-42
2791	1273	1267	6
2792	1254	1249	5
2793	1236	1252	-16
2794	1248	1240	8
2795	1267	1251	16
2796	1271	1268	3
2797	1267	1250	17
2798	1258	1231	27
2799	1263	1241	22
2800	1243	1239	4
2801	1252	1235	17
2802	1259	1235	24
2803	1271	1243	28
2804	1267	1242	25
2805	1259	1233	26
2806	1247	1249	-2
2807	1274	1237	37
2808	1291	1224	67
2809	1279	1266	13
2810	1256	1261	-5
2811	1257	1238	19
2812	1245	1245	0
2813	1259	1243	16
2814	1260	1246	14
2815	1251	1258	-7
2816	1241	1260	-19
2817	1224	1269	-45
2818	1235	1267	-32
2819	1264	1263	1
2820	1244	1249	-5
2821	1252	1238	14
2822	1278	1236	42
2823	1273	1270	3
2824	1237	1267	-30
2825	1248	1240	8
2826	1263	1246	17
2827	1274	1252	22
2828	1269	1249	20
2829	1270	1243	27
2830	1264	1244	20
2831	1267	1267	0
2832	1228	1284	-56
2833	1240	1256	-16
2834	1254	1246	8
2835	1257	1253	4
2836	1245	1261	-16
2837	1244	1252	-8
2838	1234	1239	-5
2839	1258	1259	-1
2840	1272	1260	12
2841	1276	1247	29
2842	1263	1250	13
2843	1245	1259	-14
2844	1240	1258	-18
2845	1273	1251	22
2846	1259	1250	9
2847	1252	1239	13
2848	1237	1261	-24
2849	1234	1272	-38
2850	1246	1251	-5
2851	1262	1238	24
2852	1251	1256	-5
2853	1245	1260	-15
2854	1247	1233	14
2855	1262	1226	36
2856	1247	1239	8
2857	1246	1236	10
2858	1232	1221	11
2859	1253	1238	15
2860	1268	1239	29
2861	1246	1232	14
2862	1234	1279	-45
2863	1250	1272	-22
2864	1263	1249	14
2865	1266	1265	1
2866	1275	1260	15
2867	1281	1250	31
2868	1269	1236	33
2869	1288	1238	50
2870	1281	1255	26
2871	1259	1267	-8
2872	1251	1263	-12
2873	1260	1252	8
2874	1250	1239	11
2875	1263	1245	18
2876	1259	1274	-15
2877	1268	1274	-6
2878	1242	1271	-29
2879	1254	1243	11
2880	1252	1230	22
2881	1260	1254	6
2882	1250	1245	5
2883	1252	1223	29
2884	1255	1242	13
2885	1250	1242	8
2886	1268	1248	20
2887	1278	1242	36
2888	1266	1235	31
2889	1257	1254	3
2890	1230	1260	-30
2891	1249	1250	-1
2892	1272	1245	27
2893	1255	1237	18
2894	1257	1243	14
2895	1250	1240	10
2896	1272	1231	41
2897	1258	1251	7
2898	1256	1252	4
2899	1247	1249	-2
2900	1235	1220	15
2901	1238	1236	2
2902	1263	1239	24
2903	1267	1227	40
2904	1247	1241	6
2905	1264	1245	19
2906	1269	1255	14
2907	1258	1257	1
2908	1234	1257	-23
2909	1233	1231	2
2910	1234	1245	-11
2911	1226	1259	-33
2912	1237	1264	-27
2913	1258	1257	1
2914	1249	1242	7
2915	1234	1259	-25
2916	1240	1257	-17
2917	1256	1242	14
2918	1271	1222	49
2919	1265	1229	36
2920	1265	1248	17
2921	1268	1249	19
2922	1270	1226	44
2923	1275	1245	30
2924	1254	1245	9
2925	1235	1236	-1
2926	1242	1247	-5
2927	1277	1254	23
2928	1280	1253	27
2929	1264	1245	19
2930	1256	1250	6
2931	1256	1253	3
2932	1231	1244	-13
2933	1253	1228	25
2934	1270	1257	13
2935	1263	1237	26
2936	1242	1211	31
2937	1235	1229	6
2938	1253	1245	8
2939	1264	1253	11
2940	1255	1235	20
2941	1256	1235	21
2942	1248	1245	3
2943	1254	1227	27
2944	1248	1235	13
2945	1244	1249	-5
2946	1232	1242	-10
2947	1242	1228	14
2948	1230	1222	8
2949	1243	1243	0
2950	1240	1234	6
2951	1251	1242	9
2952	1247	1249	-2
2953	1244	1258	-14
2954	1260	1253	7
2955	1257	1234	23
2956	1231	1222	9
2957	1249	1248	1
2958	1258	1249	9
2959	1251	1232	19
2960	1245	1253	-8
2961	1248	1255	-7
2962	1236	1248	-12
2963	1257	1273	-16
2964	1263	1270	-7
2965	1249	1265	-16
2966	1227	1249	-22
2967	1250	1250	0
2968	1232	1243	-11
2969	1243	1275	-32
2970	1228	1262	-34
2971	1249	1232	17
2972	1269	1219	50
2973	1266	1231	35
2974	1265	1240	25
2975	1256	1241	15
2976	1249	1254	-5
2977	1247	1252	-5
2978	1254	1265	-11
2979	1255	1253	2
2980	1237	1253	-16
2981	1239	1261	-22
2982	1253	1270	-17
2983	1274	1270	4
2984	1252	1243	9
2985	1252	1250	2
2986	1249	1235	14
2987	1250	1233	17
2988	1252	1245	7
2989	1259	1231	28
2990	1263	1230	33
2991	1255	1249	6
2992	1266	1255	11
2993	1254	1246	8
2994	1250	1246	4
2995	1255	1262	-7
2996	1255	1256	-1
2997	1256	1244	12
2998	1218	1254	-36
2999	1219	1260	-41
3000	1234	1271	-37
3001	1242	1254	-12
3002	1245	1265	-20
3003	1247	1279	-32
3004	1246	1261	-15
3005	1253	1237	16
3006	1253	1248	5
3007	1240	1247	-7
3008	1226	1230	-4
3009	1247	1252	-5
3010	1226	1262	-36
3011	1239	1259	-20
3012	1228	1262	-34
3013	1241	1234	7
3014	1220	1250	-30
3015	1243	1269	-26
3016	1259	1243	16
3017	1265	1264	1
3018	1249	1278	-29
3019	1228	1268	-40
3020	1230	1252	-22
3021	1254	1238	16
3022	1228	1245	-17
3023	1230	1243	-13
3024	1244	1244	0
3025	1248	1252	-4
3026	1235	1274	-39
3027	1228	1258	-30
3028	1248	1248	0
3029	1260	1258	2
3030	1258	1265	-7
3031	1269	1275	-6
3032	1267	1240	27
3033	1249	1233	16
3034	1226	1235	-9
3035	1251	1249	2
3036	1254	1263	-9
3037	1252	1230	22
3038	1229	1222	7
3039	1230	1252	-22
3040	1240	1264	-24
3041	1265	1272	-7
3042	1270	1267	3
3043	1256	1255	1
3044	1249	1246	3
3045	1245	1259	-14
3046	1250	1262	-12
3047	1260	1256	4
3048	1244	1254	-10
3049	1249	1259	-10
3050	1276	1275	1
3051	1269	1265	4
3052	1252	1257	-5
3053	1238	1269	-31
3054	1237	1258	-21
3055	1235	1254	-19
3056	1238	1265	-27
3057	1243	1259	-16
3058	1239	1215	24
3059	1276	1214	62
3060	1281	1243	38
3061	1275	1247	28
3062	1271	1243	28
3063	1239	1247	-8
3064	1243	1257	-14
3065	1278	1253	25
3066	1251	1255	-4
3067	1237	1236	1
3068	1239	1230	9
3069	1258	1223	35
3070	1256	1230	26
3071	1266	1261	5
3072	1268	1255	13
3073	1259	1236	23
3074	1248	1240	8
3075	1248	1248	0
3076	1272	1248	24
3077	1261	1262	-1
3078	1252	1243	9
3079	1262	1244	18
3080	1243	1250	-7
3081	1262	1228	34
3082	1266	1255	11
3083	1250	1285	-35
3084	1253	1255	-2
3085	1255	1232	23
3086	1244	1222	22
3087	1263	1238	25
3088	1264	1261	3
3089	1267	1260	7
3090	1255	1256	-1
3091	1283	1246	37
3092	1273	1231	42
3093	1265	1256	9
3094	1248	1247	1
3095	1240	1243	-3
3096	1237	1267	-30
3097	1249	1249	0
3098	1229	1257	-28
3099	1252	1255	-3
3100	1265	1229	36
3101	1275	1230	45
3102	1260	1255	5
3103	1274	1256	18
3104	1273	1243	30
3105	1262	1263	-1
3106	1256	1264	-8
3107	1273	1261	12
3108	1248	1272	-24
3109	1233	1250	-17
3110	1249	1246	3
3111	1269	1256	13
3112	1273	1277	-4
3113	1279	1275	4
3114	1279	1269	10
3115	1269	1246	23
3116	1281	1233	48
3117	1274	1256	18
3118	1253	1258	-5
3119	1246	1254	-8
3120	1247	1243	4
3121	1242	1245	-3
3122	1212	1257	-45
3123	1225	1269	-44
3124	1253	1287	-34
3125	1244	1290	-46
3126	1224	1252	-28
3127	1254	1234	20
3128	1264	1245	19
3129	1268	1252	16
3130	1243	1260	-17
3131	1244	1229	15
3132	1232	1245	-13
3133	1243	1283	-40
3134	1245	1264	-19
3135	1253	1247	6
3136	1249	1248	1
3137	1246	1260	-14
3138	1236	1231	5
3139	1234	1237	-3
3140	1248	1245	3
3141	1272	1260	12
3142	1245	1268	-23
3143	1244	1267	-23
3144	1259	1243	16
3145	1257	1245	12
3146	1243	1244	-1
3147	1241	1237	4
3148	1241	1249	-8
3149	1240	1249	-9
3150	1246	1249	-3
3151	1254	1258	-4
3152	1242	1243	-1
3153	1239	1240	-1
3154	1243	1276	-33
3155	1250	1262	-12
3156	1252	1230	22
3157	1250	1262	-12
3158	1251	1258	-7
3159	1245	1262	-17
3160	1267	1264	3
3161	1271	1233	38
3162	1248	1252	-4
3163	1245	1229	16
3164	1239	1225	14
3165	1241	1232	9
3166	1248	1248	0
3167	1251	1236	15
3168	1235	1249	-14
3169	1262	1250	12
3170	1251	1238	13
3171	1242	1246	-4
3172	1267	1251	16
3173	1283	1261	22
3174	1262	1239	23
3175	1258	1226	32
3176	1264	1239	25
3177	1268	1242	26
3178	1272	1244	28
3179	1256	1250	6
3180	1225	1263	-38
3181	1252	1278	-26
3182	1256	1270	-14
3183	1253	1236	17
3184	1248	1235	13
3185	1235	1263	-28
3186	1243	1264	-21
3187	1259	1261	-2
3188	1258	1256	2
3189	1252	1244	8
3190	1251	1256	-5
3191	1263	1236	27
3192	1235	1231	4
3193	1229	1239	-10
3194	1224	1254	-30
3195	1231	1263	-32
3196	1224	1273	-49
3197	1242	1249	-7
3198	1265	1238	27
3199	1267	1235	32
3200	1247	1228	19
3201	1254	1240	14
3202	1236	1262	-26
3203	1244	1255	-11
3204	1262	1255	7
3205	1267	1255	12
3206	1261	1249	12
3207	1254	1259	-5
3208	1247	1271	-24
3209	1252	1278	-26
3210	1241	1276	-35
3211	1252	1258	-6
3212	1244	1272	-28
3213	1238	1276	-38
3214	1241	1249	-8
3215	1259	1241	18
3216	1255	1240	15
3217	1252	1252	0
3218	1248	1240	8
3219	1255	1238	17
3220	1238	1220	18
3221	1246	1228	18
3222	1253	1248	5
3223	1251	1254	-3
3224	1255	1267	-12
3225	1248	1267	-19
3226	1252	1256	-4
3227	1250	1240	10
3228	1260	1229	31
3229	1245	1231	14
3230	1249	1249	0
3231	1272	1254	18
3232	1264	1253	11
3233	1254	1246	8
3234	1255	1230	25
3235	1273	1227	46
3236	1244	1258	-14
3237	1254	1267	-13
3238	1254	1246	8
3239	1260	1248	12
3240	1260	1242	18
3241	1264	1245	19
3242	1263	1253	10
3243	1288	1236	52
3244	1258	1257	1
3245	1254	1260	-6
3246	1261	1253	8
3247	1268	1242	26
3248	1252	1249	3
3249	1253	1248	5
3250	1239	1246	-7
3251	1249	1260	-11
3252	1258	1259	-1
3253	1241	1247	-6
3254	1239	1262	-23
3255	1241	1233	8
3256	1245	1224	21
3257	1256	1243	13
3258	1249	1237	12
3259	1250	1235	15
3260	1250	1231	19
3261	1250	1231	19
3262	1238	1256	-18
3263	1240	1262	-22
3264	1233	1261	-28
3265	1236	1251	-15
3266	1264	1264	0
3267	1267	1242	25
3268	1271	1242	29
3269	1255	1244	11
3270	1243	1236	7
3271	1245	1242	3
3272	1233	1239	-6
3273	1259	1236	23
3274	1263	1252	11
3275	1288	1248	40
3276	1287	1258	29
3277	1265	1242	23
3278	1246	1225	21
3279	1266	1246	20
3280	1234	1236	-2
3281	1249	1245	4
3282	1252	1267	-15
3283	1226	1244	-18
3284	1225	1254	-29
3285	1275	1249	26
3286	1254	1240	14
3287	1256	1256	0
3288	1268	1246	22
3289	1287	1242	45
3290	1260	1255	5
3291	1264	1253	11
3292	1267	1237	30
3293	1254	1231	23
3294	1249	1257	-8
3295	1246	1263	-17
3296	1262	1241	21
3297	1258	1252	6
3298	1258	1254	4
3299	1258	1263	-5
3300	1263	1267	-4
3301	1259	1243	16
3302	1241	1254	-13
3303	1244	1267	-23
3304	1269	1256	13
3305	1286	1262	24
3306	1263	1267	-4
3307	1269	1247	22
3308	1265	1248	17
3309	1265	1262	3
3310	1267	1274	-7
3311	1252	1251	1
3312	1264	1244	20
3313	1263	1261	2
3314	1266	1246	20
3315	1268	1234	34
3316	1257	1217	40
3317	1258	1250	8
3318	1263	1269	-6
3319	1275	1272	3
3320	1281	1271	10
3321	1265	1252	13
3322	1237	1258	-21
3323	1254	1257	-3
3324	1240	1258	-18
3325	1235	1281	-46
3326	1261	1282	-21
3327	1274	1250	24
3328	1259	1233	26
3329	1242	1256	-14
3330	1245	1260	-15
3331	1248	1262	-14
3332	1256	1243	13
3333	1268	1255	13
3334	1239	1250	-11
3335	1245	1232	13
3336	1247	1241	6
3337	1235	1231	4
3338	1240	1248	-8
3339	1257	1262	-5
3340	1260	1250	10
3341	1255	1251	4
3342	1245	1253	-8
3343	1227	1251	-24
3344	1226	1242	-16
3345	1250	1251	-1
3346	1249	1247	2
3347	1239	1237	2
3348	1237	1230	7
3349	1245	1243	2
3350	1267	1242	25
3351	1268	1243	25
3352	1275	1273	2
3353	1277	1271	6
3354	1266	1266	0
3355	1258	1256	2
3356	1237	1257	-20
3357	1250	1254	-4
3358	1259	1254	5
3359	1265	1250	15
3360	1258	1255	3
3361	1239	1252	-13
3362	1234	1243	-9
3363	1253	1255	-2
3364	1254	1247	7
3365	1243	1222	21
3366	1256	1239	17
3367	1265	1243	22
3368	1235	1252	-17
3369	1257	1251	6
3370	1266	1257	9
3371	1253	1261	-8
3372	1242	1216	26
3373	1247	1241	6
3374	1241	1268	-27
3375	1229	1246	-17
3376	1217	1222	-5
3377	1242	1241	1
3378	1272	1255	17
3379	1272	1246	26
3380	1250	1231	19
3381	1220	1237	-17
3382	1244	1252	-8
3383	1272	1249	23
3384	1268	1255	13
3385	1261	1246	15
3386	1259	1238	21
3387	1257	1248	9
3388	1241	1254	-13
3389	1256	1268	-12
3390	1254	1261	-7
3391	1254	1249	5
3392	1257	1238	19
3393	1254	1237	17
3394	1256	1223	33
3395	1250	1245	5
3396	1260	1273	-13
3397	1287	1274	13
3398	1270	1277	-7
3399	1250	1279	-29
3400	1262	1243	19
3401	1255	1246	9
3402	1250	1261	-11
3403	1260	1242	18
3404	1250	1247	3
3405	1257	1265	-8
3406	1241	1250	-9
3407	1251	1238	13
3408	1270	1252	18
3409	1279	1264	15
3410	1262	1259	3
3411	1250	1236	14
3412	1257	1246	11
3413	1251	1243	8
3414	1239	1229	10
3415	1245	1239	6
3416	1256	1249	7
3417	1261	1261	0
3418	1251	1260	-9
3419	1261	1261	0
3420	1246	1244	2
3421	1235	1242	-7
3422	1227	1265	-38
3423	1248	1252	-4
3424	1249	1239	10
3425	1237	1251	-14
3426	1217	1234	-17
3427	1231	1245	-14
3428	1258	1275	-17
3429	1262	1258	4
3430	1284	1253	31
3431	1277	1245	32
3432	1251	1248	3
3433	1243	1251	-8
3434	1242	1254	-12
3435	1254	1237	17
3436	1261	1254	7
3437	1260	1257	3
3438	1236	1278	-42
3439	1243	1273	-30
3440	1254	1266	-12
3441	1265	1270	-5
3442	1250	1242	8
3443	1263	1249	14
3444	1260	1248	12
3445	1258	1250	8
3446	1275	1239	36
3447	1283	1229	54
3448	1259	1252	7
3449	1246	1269	-23
3450	1238	1261	-23
3451	1272	1261	11
3452	1258	1249	9
3453	1251	1256	-5
3454	1250	1243	7
3455	1260	1236	24
3456	1243	1260	-17
3457	1255	1268	-13
3458	1244	1283	-39
3459	1226	1263	-37
3460	1249	1251	-2
3461	1261	1263	-2
3462	1254	1245	9
3463	1246	1267	-21
3464	1253	1274	-21
3465	1268	1280	-12
3466	1230	1261	-31
3467	1230	1256	-26
3468	1236	1243	-7
3469	1266	1264	2
3470	1225	1266	-41
3471	1228	1263	-35
3472	1251	1266	-15
3473	1266	1267	-1
3474	1266	1281	-15
3475	1263	1273	-10
3476	1240	1250	-10
3477	1248	1251	-3
3478	1256	1260	-4
3479	1261	1256	5
3480	1261	1263	-2
3481	1258	1286	-28
3482	1244	1278	-34
3483	1260	1267	-7
3484	1269	1254	15
3485	1274	1253	21
3486	1256	1273	-17
3487	1246	1246	0
3488	1236	1232	4
3489	1248	1259	-11
3490	1241	1248	-7
3491	1245	1259	-14
3492	1249	1261	-12
3493	1265	1257	8
3494	1277	1256	21
3495	1267	1253	14
3496	1258	1256	2
3497	1247	1252	-5
3498	1243	1246	-3
3499	1258	1251	7
3500	1273	1257	16
3501	1270	1258	12
3502	1257	1248	9
3503	1257	1259	-2
3504	1244	1248	-4
3505	1266	1217	49
3506	1280	1240	40
3507	1261	1260	1
3508	1267	1259	8
3509	1254	1263	-9
3510	1231	1254	-23
3511	1244	1249	-5
3512	1241	1237	4
3513	1253	1247	6
3514	1243	1243	0
3515	1252	1249	3
3516	1254	1258	-4
3517	1253	1250	3
3518	1244	1224	20
3519	1256	1218	38
3520	1251	1234	17
3521	1288	1222	66
3522	1279	1233	46
3523	1235	1231	4
3524	1240	1245	-5
3525	1246	1240	6
3526	1253	1228	25
3527	1258	1212	46
3528	1268	1217	51
3529	1272	1241	31
3530	1252	1275	-23
3531	1256	1244	12
3532	1280	1227	53
3533	1281	1239	42
3534	1285	1251	34
3535	1266	1258	8
3536	1235	1259	-24
3537	1247	1267	-20
3538	1271	1273	-2
3539	1276	1250	26
3540	1258	1253	5
3541	1265	1254	11
3542	1258	1249	9
3543	1262	1261	1
3544	1274	1249	25
3545	1279	1267	12
3546	1280	1241	39
3547	1278	1249	29
3548	1277	1260	17
3549	1277	1243	34
3550	1275	1252	23
3551	1269	1239	30
3552	1261	1219	42
3553	1262	1237	25
3554	1235	1259	-24
3555	1248	1249	-1
3556	1260	1227	33
3557	1260	1240	20
3558	1271	1256	15
3559	1268	1260	8
3560	1244	1266	-22
3561	1253	1251	2
3562	1229	1254	-25
3563	1257	1257	0
3564	1277	1249	28
3565	1283	1260	23
3566	1257	1264	-7
3567	1258	1258	0
3568	1263	1243	20
3569	1257	1221	36
3570	1245	1223	22
3571	1261	1220	41
3572	1255	1233	22
3573	1267	1257	10
3574	1260	1253	7
3575	1254	1252	2
3576	1269	1242	27
3577	1255	1244	11
3578	1260	1236	24
3579	1251	1262	-11
3580	1249	1244	5
3581	1251	1236	15
3582	1283	1253	30
3583	1267	1249	18
3584	1232	1251	-19
3585	1254	1251	3
3586	1242	1241	1
3587	1240	1224	16
3588	1258	1231	27
3589	1273	1256	17
3590	1267	1228	39
3591	1286	1214	72
3592	1271	1256	15
3593	1254	1259	-5
3594	1244	1237	7
3595	1241	1227	14
3596	1252	1217	35
3597	1277	1222	55
3598	1242	1239	3
3599	1249	1265	-16
3600	1274	1251	23
3601	1290	1249	41
3602	1271	1239	32
3603	1272	1230	42
3604	1277	1249	28
3605	1268	1267	1
3606	1248	1255	-7
3607	1271	1230	41
3608	1261	1238	23
3609	1249	1245	4
3610	1246	1248	-2
3611	1230	1252	-22
3612	1238	1230	8
3613	1245	1242	3
3614	1239	1238	1
3615	1250	1241	9
3616	1260	1241	19
3617	1276	1221	55
3618	1274	1232	42
3619	1247	1246	1
3620	1246	1225	21
3621	1245	1237	8
3622	1265	1238	27
3623	1277	1235	42
3624	1260	1249	11
3625	1250	1247	3
3626	1256	1239	17
3627	1258	1267	-9
3628	1253	1257	-4
3629	1247	1242	5
3630	1242	1242	0
3631	1267	1266	1
3632	1278	1245	33
3633	1268	1237	31
3634	1266	1244	22
3635	1277	1231	46
3636	1258	1233	25
3637	1268	1236	32
3638	1281	1244	37
3639	1280	1234	46
3640	1271	1216	55
3641	1268	1243	25
3642	1240	1250	-10
3643	1246	1272	-26
3644	1261	1257	4
3645	1267	1233	34
3646	1233	1226	7
3647	1261	1246	15
3648	1269	1234	35
