index	original	background	difference
-----------------------------------------------------
1	3203	1204	1999
2	3345	1211	2134
3	3377	1201	2176
4	3284	1194	2090
5	3299	1206	2093
6	3318	1225	2093
7	3299	1209	2090
8	3311	1220	2091
9	3354	1224	2130
10	3346	1227	2119
11	3330	1227	2103
12	3409	1233	2176
13	3438	1210	2228
14	3383	1208	2175
15	3316	1229	2087
16	3341	1221	2120
17	3414	1203	2211
18	3495	1208	2287
19	3553	1232	2321
20	3576	1245	2331
21	3484	1244	2240
22	3455	1254	2201
23	3503	1241	2262
24	3531	1243	2288
25	3551	1234	2317
26	3563	1226	2337
27	3553	1228	2325
28	3562	1257	2305
29	3545	1252	2293
30	3566	1249	2317
31	3629	1243	2386
32	3665	1232	2433
33	3617	1245	2372
34	3670	1248	2422
35	3646	1225	2421
36	3675	1249	2426
37	3679	1247	2432
38	3714	1231	2483
39	3721	1242	2479
40	3695	1218	2477
41	3711	1229	2482
42	3728	1227	2501
43	3702	1240	2462
44	3728	1250	2478
45	3697	1255	2442
46	3787	1236	2551
47	3803	1252	2551
48	3767	1269	2498
49	3768	1264	2504
50	3800	1258	2542
51	3807	1245	2562
52	3831	1237	2594
53	3803	1261	2542
54	3785	1276	2509
55	3787	1267	2520
56	3857	1241	2616
57	3869	1216	2653
58	3859	1230	2629
59	3880	1255	2625
60	3893	1251	2642
61	3951	1237	2714
62	3986	1242	2744
63	3961	1266	2695
64	3964	1261	2703
65	3981	1242	2739
66	3977	1249	2728
67	4015	1276	2739
68	4038	1265	2773
69	4025	1264	2761
70	4064	1245	2819
71	4124	1257	2867
72	4149	1261	2888
73	4194	1273	2921
74	4228	1277	2951
75	4216	1269	2947
76	4229	1274	2955
77	4243	1256	2987
78	4221	1238	2983
79	4223	1245	2978
80	4272	1249	3023
81	4273	1261	3012
82	4246	1259	2987
83	4225	1225	3000
84	4272	1226	3046
85	4293	1251	3042
86	4306	1273	3033
87	4289	1254	3035
88	4281	1256	3025
89	4292	1274	3018
90	4291	1261	3030
91	4309	1277	3032
92	4371	1282	3089
93	4476	1271	3205
94	4435	1267	3168
95	4379	1253	3126
96	4462	1231	3231
97	4463	1222	3241
98	4405	1251	3154
99	4424	1258	3166
100	4479	1260	3219
101	4460	1252	3208
102	4473	1265	3208
103	4500	1255	3245
104	4541	1251	3290
105	4494	1250	3244
106	4472	1240	3232
107	4535	1256	3279
108	4567	1264	3303
109	4540	1269	3271
110	4545	1247	3298
111	4562	1225	3337
112	4660	1251	3409
113	4699	1257	3442
114	4692	1271	3421
115	4727	1272	3455
116	4789	1264	3525
117	4752	1260	3492
118	4732	1250	3482
119	4745	1252	3493
120	4818	1246	3572
121	4777	1251	3526
122	4767	1236	3531
123	4793	1218	3575
124	4816	1236	3580
125	4820	1263	3557
126	4841	1256	3585
127	4893	1233	3660
128	4893	1251	3642
129	4869	1248	3621
130	4930	1244	3686
131	4963	1256	3707
132	5026	1287	3739
133	5029	1259	3770
134	5025	1252	3773
135	5048	1246	3802
136	5041	1247	3794
137	4946	1252	3694
138	5035	1270	3765
139	5104	1276	3828
140	5093	1249	3844
141	5166	1254	3912
142	5158	1246	3912
143	5158	1255	3903
144	5180	1246	3934
145	5165	1244	3921
146	5182	1278	3904
147	5128	1263	3865
148	5106	1259	3847
149	5062	1256	3806
150	5110	1251	3859
151	5124	1246	3878
152	5106	1253	3853
153	5080	1254	3826
154	5101	1282	3819
155	5087	1288	3799
156	5013	1266	3747
157	5075	1269	3806
158	5066	1250	3816
159	5110	1250	3860
160	5221	1248	3973
161	5208	1261	3947
162	5152	1253	3899
163	5168	1276	3892
164	5263	1281	3982
165	5183	1264	3919
166	5112	1259	3853
167	5070	1249	3821
168	5092	1251	3841
169	5036	1257	3779
170	5085	1240	3845
171	5159	1249	3910
172	5125	1269	3856
173	5112	1251	3861
174	5112	1252	3860
175	5064	1274	3790
176	5156	1294	3862
177	5139	1247	3892
178	5087	1218	3869
179	5027	1237	3790
180	5076	1270	3806
181	5092	1261	3831
182	5068	1238	3830
183	5084	1242	3842
184	5080	1246	3834
185	5119	1243	3876
186	5167	1231	3936
187	5097	1217	3880
188	5074	1257	3817
189	5045	1281	3764
190	5053	1264	3789
191	5049	1248	3801
192	5046	1254	3792
193	5062	1227	3835
194	5099	1250	3849
195	5113	1261	3852
196	5068	1259	3809
197	5109	1248	3861
198	5035	1269	3766
199	5019	1252	3767
200	5096	1240	3856
201	5125	1268	3857
202	5049	1271	3778
203	5018	1270	3748
204	5056	1265	3791
205	5045	1250	3795
206	5149	1260	3889
207	5133	1255	3878
208	5116	1252	3864
209	5138	1253	3885
210	5132	1243	3889
211	5117	1251	3866
212	5105	1264	3841
213	5142	1254	3888
214	5116	1245	3871
215	5132	1247	3885
216	5145	1246	3899
217	5169	1265	3904
218	5135	1274	3861
219	5112	1265	3847
220	5138	1251	3887
221	5176	1257	3919
222	5187	1245	3942
223	5121	1236	3885
224	5155	1242	3913
225	5057	1234	3823
226	5007	1238	3769
227	5048	1282	3766
228	5065	1270	3795
229	5152	1251	3901
230	5182	1266	3916
231	5143	1275	3868
232	5135	1277	3858
233	5108	1273	3835
234	5104	1262	3842
235	5101	1258	3843
236	5128	1255	3873
237	5177	1252	3925
238	5221	1254	3967
239	5258	1241	4017
240	5185	1246	3939
241	5195	1267	3928
242	5204	1255	3949
243	5189	1261	3928
244	5208	1251	3957
245	5198	1244	3954
246	5205	1259	3946
247	5278	1262	4016
248	5272	1247	4025
249	5284	1257	4027
250	5303	1280	4023
251	5260	1273	3987
252	5296	1275	4021
253	5316	1262	4054
254	5288	1274	4014
255	5248	1267	3981
256	5279	1260	4019
257	5359	1278	4081
258	5416	1281	4135
259	5442	1251	4191
260	5414	1244	4170
261	5465	1261	4204
262	5444	1256	4188
263	5396	1268	4128
264	5393	1274	4119
265	5380	1263	4117
266	5396	1239	4157
267	5437	1243	4194
268	5518	1279	4239
269	5412	1262	4150
270	5406	1256	4150
271	5428	1272	4156
272	5418	1248	4170
273	5418	1280	4138
274	5516	1261	4255
275	5512	1237	4275
276	5448	1247	4201
277	5498	1265	4233
278	5491	1274	4217
279	5493	1266	4227
280	5527	1259	4268
281	5530	1252	4278
282	5552	1256	4296
283	5514	1245	4269
284	5584	1259	4325
285	5610	1246	4364
286	5578	1270	4308
287	5566	1281	4285
288	5511	1276	4235
289	5544	1263	4281
290	5594	1255	4339
291	5555	1245	4310
292	5593	1242	4351
293	5545	1265	4280
294	5536	1254	4282
295	5528	1257	4271
296	5528	1260	4268
297	5535	1255	4280
298	5512	1271	4241
299	5502	1269	4233
300	5534	1269	4265
301	5526	1269	4257
302	5532	1255	4277
303	5483	1256	4227
304	5471	1270	4201
305	5527	1269	4258
306	5561	1248	4313
307	5552	1248	4304
308	5538	1260	4278
309	5536	1247	4289
310	5543	1253	4290
311	5614	1253	4361
312	5620	1235	4385
313	5647	1238	4409
314	5662	1265	4397
315	5636	1273	4363
316	5707	1281	4426
317	5678	1273	4405
318	5606	1269	4337
319	5628	1253	4375
320	5655	1237	4418
321	5693	1250	4443
322	5737	1262	4475
323	5713	1269	4444
324	5684	1255	4429
325	5713	1242	4471
326	5801	1246	4555
327	5867	1275	4592
328	5860	1263	4597
329	5823	1240	4583
330	5840	1263	4577
331	5860	1276	4584
332	5937	1264	4673
333	5858	1258	4600
334	5975	1261	4714
335	6017	1259	4758
336	5955	1269	4686
337	6050	1268	4782
338	6095	1252	4843
339	6015	1244	4771
340	6047	1247	4800
341	6106	1270	4836
342	6099	1252	4847
343	6080	1252	4828
344	6025	1263	4762
345	6089	1269	4820
346	6067	1261	4806
347	6145	1253	4892
348	6234	1248	4986
349	6249	1252	4997
350	6144	1255	4889
351	6079	1259	4820
352	6195	1270	4925
353	6166	1261	4905
354	6172	1266	4906
355	6155	1265	4890
356	6126	1260	4866
357	6170	1268	4902
358	6210	1272	4938
359	6297	1263	5034
360	6179	1280	4899
361	6100	1285	4815
362	6076	1256	4820
363	6058	1252	4806
364	6140	1271	4869
365	6245	1270	4975
366	6278	1260	5018
367	6271	1271	5000
368	6335	1268	5067
369	6331	1270	5061
370	6251	1276	4975
371	6272	1275	4997
372	6289	1270	5019
373	6368	1274	5094
374	6353	1263	5090
375	6383	1238	5145
376	6393	1241	5152
377	6485	1258	5227
378	6499	1258	5241
379	6457	1257	5200
380	6431	1261	5170
381	6444	1280	5164
382	6506	1282	5224
383	6496	1263	5233
384	6515	1266	5249
385	6571	1254	5317
386	6527	1245	5282
387	6557	1225	5332
388	6586	1243	5343
389	6588	1251	5337
390	6672	1247	5425
391	6742	1257	5485
392	6849	1261	5588
393	6914	1276	5638
394	6970	1264	5706
395	6848	1256	5592
396	6813	1275	5538
397	6914	1260	5654
398	6905	1259	5646
399	6934	1293	5641
400	6903	1269	5634
401	6930	1248	5682
402	7004	1246	5758
403	6988	1273	5715
404	6984	1249	5735
405	7058	1252	5806
406	7109	1248	5861
407	7091	1239	5852
408	7047	1241	5806
409	7068	1274	5794
410	7094	1274	5820
411	7135	1264	5871
412	7146	1257	5889
413	7157	1248	5909
414	7180	1248	5932
415	7229	1261	5968
416	7146	1262	5884
417	7141	1255	5886
418	7186	1251	5935
419	7202	1241	5961
420	7221	1250	5971
421	7203	1257	5946
422	7271	1246	6025
423	7333	1240	6093
424	7339	1255	6084
425	7314	1264	6050
426	7364	1254	6110
427	7342	1244	6098
428	7257	1250	6007
429	7266	1258	6008
430	7296	1278	6018
431	7266	1278	5988
432	7280	1269	6011
433	7393	1243	6150
434	7422	1245	6177
435	7418	1255	6163
436	7437	1265	6172
437	7374	1258	6116
438	7327	1254	6073
439	7299	1251	6048
440	7359	1240	6119
441	7414	1238	6176
442	7395	1234	6161
443	7373	1224	6149
444	7435	1250	6185
445	7459	1240	6219
446	7485	1229	6256
447	7429	1237	6192
448	7400	1247	6153
449	7461	1256	6205
450	7517	1256	6261
451	7440	1270	6170
452	7418	1271	6147
453	7427	1275	6152
454	7446	1254	6192
455	7458	1238	6220
456	7403	1257	6146
457	7433	1253	6180
458	7511	1248	6263
459	7426	1266	6160
460	7428	1273	6155
461	7529	1257	6272
462	7590	1261	6329
463	7472	1256	6216
464	7529	1245	6284
465	7624	1257	6367
466	7567	1243	6324
467	7566	1256	6310
468	7644	1235	6409
469	7678	1265	6413
470	7746	1265	6481
471	7614	1244	6370
472	7590	1246	6344
473	7656	1269	6387
474	7724	1268	6456
475	7769	1257	6512
476	7737	1262	6475
477	7833	1252	6581
478	7965	1247	6718
479	8023	1270	6753
480	8032	1255	6777
481	8035	1259	6776
482	8054	1250	6804
483	8076	1235	6841
484	8112	1233	6879
485	8322	1258	7064
486	8401	1264	7137
487	8437	1254	7183
488	8478	1244	7234
489	8579	1246	7333
490	8675	1252	7423
491	8691	1251	7440
492	8725	1262	7463
493	8732	1262	7470
494	8735	1259	7476
495	8611	1271	7340
496	8559	1252	7307
497	8657	1254	7403
498	8948	1246	7702
499	9472	1222	8250
500	9881	1244	8637
501	10074	1252	8822
502	9745	1238	8507
503	9345	1245	8100
504	9216	1274	7942
505	9022	1284	7738
506	8839	1255	7584
507	8767	1248	7519
508	8777	1258	7519
509	9150	1241	7909
510	9676	1231	8445
511	10267	1248	9019
512	10641	1255	9386
513	10517	1251	9266
514	10136	1266	8870
515	9597	1265	8332
516	9136	1262	7874
517	8816	1255	7561
518	8768	1261	7507
519	8641	1246	7395
520	8595	1247	7348
521	8698	1257	7441
522	9029	1253	7776
523	9181	1260	7921
524	9028	1260	7768
525	8937	1246	7691
526	8944	1247	7697
527	9014	1259	7755
528	9001	1257	7744
529	8878	1246	7632
530	8550	1264	7286
531	8459	1246	7213
532	8544	1245	7299
533	8612	1269	7343
534	8743	1290	7453
535	8635	1260	7375
536	8482	1257	7225
537	8341	1257	7084
538	8144	1261	6883
539	8072	1259	6813
540	8020	1231	6789
541	7943	1243	6700
542	7832	1257	6575
543	7752	1244	6508
544	7834	1245	6589
545	7765	1250	6515
546	7711	1231	6480
547	7893	1222	6671
548	7868	1250	6618
549	7780	1269	6511
550	7735	1253	6482
551	7724	1242	6482
552	7804	1261	6543
553	7953	1259	6694
554	7880	1259	6621
555	7842	1260	6582
556	7770	1251	6519
557	7749	1254	6495
558	7763	1251	6512
559	7790	1235	6555
560	7782	1225	6557
561	7739	1245	6494
562	7718	1259	6459
563	7688	1269	6419
564	7704	1253	6451
565	7751	1252	6499
566	7658	1265	6393
567	7617	1278	6339
568	7623	1251	6372
569	7638	1247	6391
570	7590	1245	6345
571	7610	1253	6357
572	7611	1262	6349
573	7651	1272	6379
574	7626	1280	6346
575	7521	1277	6244
576	7479	1273	6206
577	7463	1251	6212
578	7381	1237	6144
579	7411	1242	6169
580	7456	1257	6199
581	7372	1259	6113
582	7360	1236	6124
583	7399	1217	6182
584	7386	1220	6166
585	7340	1256	6084
586	7312	1266	6046
587	7282	1244	6038
588	7247	1256	5991
589	7261	1254	6007
590	7258	1252	6006
591	7174	1240	5934
592	7144	1258	5886
593	7173	1260	5913
594	7136	1243	5893
595	7129	1272	5857
596	7184	1273	5911
597	7129	1261	5868
598	7101	1258	5843
599	7137	1256	5881
600	7148	1241	5907
601	7113	1247	5866
602	7081	1253	5828
603	7055	1248	5807
604	7017	1236	5781
605	7052	1213	5839
606	7074	1252	5822
607	7041	1274	5767
608	7022	1246	5776
609	7033	1229	5804
610	6965	1245	5720
611	6992	1250	5742
612	6903	1241	5662
613	6931	1249	5682
614	6951	1253	5698
615	6955	1243	5712
616	6905	1252	5653
617	6914	1266	5648
618	6951	1263	5688
619	6930	1260	5670
620	6900	1250	5650
621	6884	1241	5643
622	6913	1220	5693
623	6921	1228	5693
624	6947	1251	5696
625	6946	1249	5697
626	6896	1239	5657
627	6852	1245	5607
628	6935	1266	5669
629	6996	1270	5726
630	6908	1287	5621
631	6854	1244	5610
632	6875	1239	5636
633	6862	1249	5613
634	6816	1265	5551
635	6784	1268	5516
636	6781	1258	5523
637	6870	1243	5627
638	6906	1265	5641
639	6886	1262	5624
640	6881	1264	5617
641	6859	1272	5587
642	6842	1239	5603
643	6764	1242	5522
644	6766	1237	5529
645	6821	1248	5573
646	6896	1253	5643
647	6900	1242	5658
648	6918	1227	5691
649	6902	1234	5668
650	6956	1242	5714
651	6869	1244	5625
652	6824	1261	5563
653	6846	1233	5613
654	6933	1229	5704
655	6928	1252	5676
656	6916	1249	5667
657	6884	1260	5624
658	6915	1271	5644
659	6959	1254	5705
660	7010	1244	5766
661	6886	1260	5626
662	6807	1237	5570
663	6904	1260	5644
664	6972	1260	5712
665	6951	1251	5700
666	6924	1258	5666
667	6878	1244	5634
668	6844	1236	5608
669	6869	1252	5617
670	6955	1245	5710
671	7049	1238	5811
672	7060	1268	5792
673	7001	1262	5739
674	7019	1272	5747
675	7068	1273	5795
676	7024	1253	5771
677	7081	1233	5848
678	7081	1224	5857
679	7027	1220	5807
680	7083	1261	5822
681	7106	1276	5830
682	7112	1242	5870
683	7145	1239	5906
684	7147	1230	5917
685	7158	1251	5907
686	7127	1260	5867
687	7132	1259	5873
688	7104	1241	5863
689	7173	1232	5941
690	7201	1251	5950
691	7156	1256	5900
692	7185	1238	5947
693	7155	1252	5903
694	7078	1270	5808
695	7162	1252	5910
696	7231	1237	5994
697	7248	1248	6000
698	7232	1255	5977
699	7188	1264	5924
700	7173	1266	5907
701	7220	1258	5962
702	7217	1249	5968
703	7158	1268	5890
704	7208	1257	5951
705	7241	1243	5998
706	7196	1220	5976
707	7305	1253	6052
708	7276	1279	5997
709	7348	1240	6108
710	7309	1230	6079
711	7229	1235	5994
712	7287	1234	6053
713	7262	1255	6007
714	7258	1272	5986
715	7214	1266	5948
716	7278	1270	6008
717	7306	1277	6029
718	7300	1260	6040
719	7339	1259	6080
720	7299	1248	6051
721	7270	1238	6032
722	7287	1240	6047
723	7321	1244	6077
724	7339	1249	6090
725	7379	1270	6109
726	7379	1266	6113
727	7263	1252	6011
728	7267	1253	6014
729	7214	1261	5953
730	7201	1256	5945
731	7227	1267	5960
732	7347	1288	6059
733	7448	1277	6171
734	7438	1249	6189
735	7310	1232	6078
736	7236	1254	5982
737	7232	1237	5995
738	7307	1238	6069
739	7313	1245	6068
740	7298	1264	6034
741	7216	1253	5963
742	7200	1248	5952
743	7198	1241	5957
744	7181	1243	5938
745	7169	1246	5923
746	7213	1238	5975
747	7250	1271	5979
748	7205	1246	5959
749	7145	1249	5896
750	7202	1248	5954
751	7130	1240	5890
752	7074	1245	5829
753	7102	1271	5831
754	7087	1279	5808
755	7128	1255	5873
756	7083	1216	5867
757	7025	1235	5790
758	7065	1247	5818
759	7056	1254	5802
760	7047	1278	5769
761	7022	1261	5761
762	7023	1246	5777
763	6972	1234	5738
764	7015	1245	5770
765	6980	1262	5718
766	7007	1244	5763
767	6989	1250	5739
768	6931	1254	5677
769	6869	1258	5611
770	6913	1254	5659
771	6930	1253	5677
772	6920	1260	5660
773	6850	1261	5589
774	6888	1248	5640
775	6901	1251	5650
776	6916	1232	5684
777	6905	1259	5646
778	6862	1257	5605
779	6843	1243	5600
780	6781	1270	5511
781	6780	1262	5518
782	6756	1250	5506
783	6789	1282	5507
784	6833	1281	5552
785	6777	1260	5517
786	6749	1230	5519
787	6697	1249	5448
788	6690	1238	5452
789	6689	1227	5462
790	6665	1230	5435
791	6621	1250	5371
792	6596	1251	5345
793	6600	1262	5338
794	6558	1263	5295
795	6538	1274	5264
796	6596	1260	5336
797	6636	1235	5401
798	6562	1250	5312
799	6544	1274	5270
800	6588	1259	5329
801	6541	1256	5285
802	6576	1263	5313
803	6639	1263	5376
804	6669	1281	5388
805	6667	1274	5393
806	6707	1255	5452
807	6578	1260	5318
808	6500	1265	5235
809	6527	1250	5277
810	6541	1222	5319
811	6507	1219	5288
812	6521	1229	5292
813	6590	1229	5361
814	6585	1239	5346
815	6613	1260	5353
816	6605	1275	5330
817	6606	1273	5333
818	6376	1265	5111
819	6419	1251	5168
820	6535	1255	5280
821	6605	1257	5348
822	6597	1243	5354
823	6463	1246	5217
824	6497	1261	5236
825	6529	1234	5295
826	6545	1235	5310
827	6655	1230	5425
828	6639	1256	5383
829	6592	1265	5327
830	6614	1271	5343
831	6606	1266	5340
832	6627	1261	5366
833	6637	1255	5382
834	6610	1265	5345
835	6631	1289	5342
836	6700	1252	5448
837	6693	1270	5423
838	6660	1259	5401
839	6671	1244	5427
840	6723	1231	5492
841	6766	1231	5535
842	6753	1245	5508
843	6704	1249	5455
844	6782	1263	5519
845	6725	1233	5492
846	6674	1233	5441
847	6654	1240	5414
848	6722	1234	5488
849	6803	1229	5574
850	6779	1236	5543
851	6784	1246	5538
852	6788	1269	5519
853	6803	1278	5525
854	6803	1264	5539
855	6853	1257	5596
856	6861	1259	5602
857	6841	1256	5585
858	6837	1261	5576
859	6855	1272	5583
860	6842	1258	5584
861	6825	1273	5552
862	6868	1281	5587
863	6943	1267	5676
864	6970	1252	5718
865	6971	1249	5722
866	6989	1255	5734
867	6977	1255	5722
868	7010	1248	5762
869	6995	1258	5737
870	6985	1266	5719
871	6871	1250	5621
872	6892	1245	5647
873	6970	1263	5707
874	6885	1264	5621
875	6895	1259	5636
876	6934	1256	5678
877	6965	1245	5720
878	6944	1242	5702
879	6952	1260	5692
880	6942	1273	5669
881	6967	1246	5721
882	7007	1245	5762
883	6951	1260	5691
884	7009	1237	5772
885	6957	1229	5728
886	6936	1243	5693
887	6941	1241	5700
888	6953	1239	5714
889	6973	1250	5723
890	6982	1262	5720
891	7086	1269	5817
892	7073	1262	5811
893	7083	1268	5815
894	7017	1263	5754
895	7069	1265	5804
896	7107	1257	5850
897	7136	1277	5859
898	7089	1262	5827
899	7085	1252	5833
900	7101	1263	5838
901	7056	1249	5807
902	7034	1250	5784
903	7052	1261	5791
904	7068	1248	5820
905	7103	1252	5851
906	7069	1264	5805
907	7075	1249	5826
908	7031	1247	5784
909	7003	1250	5753
910	7064	1247	5817
911	7026	1251	5775
912	7047	1251	5796
913	7036	1260	5776
914	7022	1258	5764
915	6991	1237	5754
916	7000	1248	5752
917	6987	1244	5743
918	6953	1257	5696
919	6920	1257	5663
920	6991	1271	5720
921	7038	1276	5762
922	7001	1251	5750
923	6978	1247	5731
924	6910	1256	5654
925	6889	1267	5622
926	6935	1254	5681
927	6863	1267	5596
928	6858	1269	5589
929	6913	1257	5656
930	6873	1245	5628
931	6835	1244	5591
932	6885	1252	5633
933	6868	1275	5593
934	6916	1264	5652
935	6813	1247	5566
936	6769	1255	5514
937	6839	1272	5567
938	6779	1262	5517
939	6722	1232	5490
940	6747	1242	5505
941	6784	1251	5533
942	6767	1275	5492
943	6783	1268	5515
944	6719	1263	5456
945	6692	1271	5421
946	6649	1284	5365
947	6618	1285	5333
948	6551	1276	5275
949	6543	1254	5289
950	6569	1243	5326
951	6601	1248	5353
952	6621	1265	5356
953	6578	1263	5315
954	6613	1247	5366
955	6594	1235	5359
956	6562	1245	5317
957	6545	1264	5281
958	6517	1257	5260
959	6497	1229	5268
960	6475	1245	5230
961	6504	1277	5227
962	6427	1261	5166
963	6387	1233	5154
964	6351	1246	5105
965	6361	1263	5098
966	6342	1243	5099
967	6410	1236	5174
968	6401	1251	5150
969	6407	1261	5146
970	6404	1260	5144
971	6363	1250	5113
972	6352	1253	5099
973	6293	1260	5033
974	6232	1221	5011
975	6327	1225	5102
976	6357	1277	5080
977	6291	1264	5027
978	6332	1255	5077
979	6362	1264	5098
980	6211	1247	4964
981	6272	1229	5043
982	6289	1262	5027
983	6280	1263	5017
984	6281	1255	5026
985	6176	1239	4937
986	6190	1248	4942
987	6187	1257	4930
988	6171	1248	4923
989	6136	1257	4879
990	6168	1266	4902
991	6241	1269	4972
992	6160	1263	4897
993	6161	1256	4905
994	6165	1258	4907
995	6116	1262	4854
996	6117	1268	4849
997	6135	1259	4876
998	6124	1243	4881
999	6036	1247	4789
1000	6049	1260	4789
1001	6047	1274	4773
1002	6068	1263	4805
1003	6107	1251	4856
1004	6146	1265	4881
1005	6029	1253	4776
1006	6033	1226	4807
1007	6075	1255	4820
1008	6057	1247	4810
1009	5919	1217	4702
1010	6024	1248	4776
1011	6100	1262	4838
1012	6115	1255	4860
1013	6099	1262	4837
1014	6093	1231	4862
1015	6084	1229	4855
1016	6031	1252	4779
1017	6011	1238	4773
1018	6034	1259	4775
1019	6041	1280	4761
1020	6074	1250	4824
1021	6035	1238	4797
1022	6046	1248	4798
1023	6097	1250	4847
1024	6106	1256	4850
1025	6089	1238	4851
1026	6116	1240	4876
1027	6121	1256	4865
1028	6054	1248	4806
1029	5991	1250	4741
1030	6016	1264	4752
1031	6093	1257	4836
1032	6121	1249	4872
1033	6078	1252	4826
1034	6031	1237	4794
1035	6050	1229	4821
1036	5995	1251	4744
1037	5964	1260	4704
1038	6044	1256	4788
1039	6026	1256	4770
1040	6116	1247	4869
1041	6114	1260	4854
1042	6079	1267	4812
1043	6161	1261	4900
1044	6184	1245	4939
1045	6055	1246	4809
1046	6046	1256	4790
1047	6102	1279	4823
1048	6114	1276	4838
1049	6174	1247	4927
1050	6257	1256	5001
1051	6217	1243	4974
1052	6200	1256	4944
1053	6222	1249	4973
1054	6171	1249	4922
1055	6236	1240	4996
1056	6295	1251	5044
1057	6245	1240	5005
1058	6249	1246	5003
1059	6313	1242	5071
1060	6336	1226	5110
1061	6345	1224	5121
1062	6370	1233	5137
1063	6279	1260	5019
1064	6305	1246	5059
1065	6333	1244	5089
1066	6353	1256	5097
1067	6390	1257	5133
1068	6335	1250	5085
1069	6317	1245	5072
1070	6348	1233	5115
1071	6331	1224	5107
1072	6303	1245	5058
1073	6297	1241	5056
1074	6341	1222	5119
1075	6353	1240	5113
1076	6347	1247	5100
1077	6444	1242	5202
1078	6438	1249	5189
1079	6367	1246	5121
1080	6366	1252	5114
1081	6373	1256	5117
1082	6350	1255	5095
1083	6429	1254	5175
1084	6535	1257	5278
1085	6482	1254	5228
1086	6478	1239	5239
1087	6484	1260	5224
1088	6426	1253	5173
1089	6450	1236	5214
1090	6406	1256	5150
1091	6474	1265	5209
1092	6581	1264	5317
1093	6518	1255	5263
1094	6532	1248	5284
1095	6529	1244	5285
1096	6463	1259	5204
1097	6386	1269	5117
1098	6371	1249	5122
1099	6412	1257	5155
1100	6423	1252	5171
1101	6531	1245	5286
1102	6571	1265	5306
1103	6434	1256	5178
1104	6465	1265	5200
1105	6461	1278	5183
1106	6394	1267	5127
1107	6420	1254	5166
1108	6426	1252	5174
1109	6418	1244	5174
1110	6456	1249	5207
1111	6525	1251	5274
1112	6455	1250	5205
1113	6405	1275	5130
1114	6509	1283	5226
1115	6517	1284	5233
1116	6503	1282	5221
1117	6468	1247	5221
1118	6477	1248	5229
1119	6592	1265	5327
1120	6602	1256	5346
1121	6544	1237	5307
1122	6525	1232	5293
1123	6511	1273	5238
1124	6518	1258	5260
1125	6527	1239	5288
1126	6576	1238	5338
1127	6593	1254	5339
1128	6528	1265	5263
1129	6532	1248	5284
1130	6640	1257	5383
1131	6629	1264	5365
1132	6552	1263	5289
1133	6533	1246	5287
1134	6573	1246	5327
1135	6566	1249	5317
1136	6592	1256	5336
1137	6595	1254	5341
1138	6563	1265	5298
1139	6571	1243	5328
1140	6507	1217	5290
1141	6487	1230	5257
1142	6491	1250	5241
1143	6526	1263	5263
1144	6510	1243	5267
1145	6455	1249	5206
1146	6530	1265	5265
1147	6576	1257	5319
1148	6508	1240	5268
1149	6521	1254	5267
1150	6520	1273	5247
1151	6470	1243	5227
1152	6512	1258	5254
1153	6454	1267	5187
1154	6447	1262	5185
1155	6501	1244	5257
1156	6555	1239	5316
1157	6613	1240	5373
1158	6526	1265	5261
1159	6513	1252	5261
1160	6563	1229	5334
1161	6577	1227	5350
1162	6635	1244	5391
1163	6695	1265	5430
1164	6736	1267	5469
1165	6579	1258	5321
1166	6525	1250	5275
1167	6592	1261	5331
1168	6705	1242	5463
1169	6825	1243	5582
1170	6907	1262	5645
1171	6911	1251	5660
1172	6875	1241	5634
1173	6908	1253	5655
1174	6983	1247	5736
1175	7027	1254	5773
1176	7024	1261	5763
1177	7087	1250	5837
1178	7146	1257	5889
1179	7211	1254	5957
1180	7308	1242	6066
1181	7376	1240	6136
1182	7409	1250	6159
1183	7398	1259	6139
1184	7464	1256	6208
1185	7641	1259	6382
1186	7721	1259	6462
1187	7809	1262	6547
1188	7921	1258	6663
1189	8054	1243	6811
1190	8135	1253	6882
1191	8215	1263	6952
1192	8304	1279	7025
1193	8374	1275	7099
1194	8436	1258	7178
1195	8660	1239	7421
1196	8770	1246	7524
1197	8790	1271	7519
1198	8999	1279	7720
1199	9061	1259	7802
1200	9016	1261	7755
1201	9133	1256	7877
1202	9378	1260	8118
1203	9528	1257	8271
1204	9610	1260	8350
1205	9805	1265	8540
1206	9977	1267	8710
1207	10064	1253	8811
1208	10167	1243	8924
1209	10255	1264	8991
1210	10418	1260	9158
1211	10441	1255	9186
1212	10432	1263	9169
1213	10582	1263	9319
1214	10603	1274	9329
1215	10578	1276	9302
1216	10744	1259	9485
1217	10928	1235	9693
1218	11158	1245	9913
1219	11305	1249	10056
1220	11421	1242	10179
1221	11398	1252	10146
1222	11331	1264	10067
1223	11346	1250	10096
1224	11455	1245	10210
1225	11628	1268	10360
1226	11803	1246	10557
1227	11966	1250	10716
1228	12017	1253	10764
1229	12121	1256	10865
1230	12305	1250	11055
1231	12365	1275	11090
1232	12318	1284	11034
1233	12404	1263	11141
1234	12515	1257	11258
1235	12719	1257	11462
1236	12911	1258	11653
1237	13129	1256	11873
1238	13418	1266	12152
1239	13613	1269	12344
1240	13493	1268	12225
1241	13412	1270	12142
1242	13361	1269	12092
1243	13439	1245	12194
1244	13711	1237	12474
1245	13849	1249	12600
1246	14010	1230	12780
1247	14123	1236	12887
1248	14028	1249	12779
1249	13950	1264	12686
1250	14055	1246	12809
1251	14201	1250	12951
1252	14210	1257	12953
1253	14278	1264	13014
1254	14281	1261	13020
1255	14192	1258	12934
1256	14361	1259	13102
1257	14466	1262	13204
1258	14618	1255	13363
1259	14702	1244	13458
1260	14935	1261	13674
1261	15237	1265	13972
1262	15414	1265	14149
1263	15499	1267	14232
1264	15579	1260	14319
1265	15723	1248	14475
1266	15969	1238	14731
1267	16181	1248	14933
1268	16293	1268	15025
1269	16169	1241	14928
1270	16033	1252	14781
1271	16092	1271	14821
1272	16212	1257	14955
1273	16262	1245	15017
1274	16478	1239	15239
1275	16879	1241	15638
1276	17087	1243	15844
1277	17045	1256	15789
1278	16724	1246	15478
1279	16497	1246	15251
1280	16360	1233	15127
1281	16356	1235	15121
1282	16458	1252	15206
1283	16555	1232	15323
1284	16684	1229	15455
1285	16753	1232	15521
1286	16638	1231	15407
1287	16500	1239	15261
1288	16585	1271	15314
1289	16909	1265	15644
1290	17108	1242	15866
1291	17392	1252	16140
1292	17601	1247	16354
1293	17692	1244	16448
1294	17735	1260	16475
1295	17718	1261	16457
1296	17811	1264	16547
1297	18245	1252	16993
1298	18905	1266	17639
1299	19276	1259	18017
1300	19258	1241	18017
1301	18885	1268	17617
1302	18583	1262	17321
1303	18378	1231	17147
1304	18568	1252	17316
1305	19143	1277	17866
1306	19552	1264	18288
1307	19385	1254	18131
1308	19051	1246	17805
1309	18552	1257	17295
1310	17852	1249	16603
1311	17448	1247	16201
1312	17374	1238	16136
1313	17444	1227	16217
1314	17568	1250	16318
1315	17297	1221	16076
1316	16932	1238	15694
1317	16774	1261	15513
1318	16444	1247	15197
1319	16211	1248	14963
1320	16130	1259	14871
1321	16085	1251	14834
1322	16129	1257	14872
1323	16065	1259	14806
1324	15905	1260	14645
1325	15904	1258	14646
1326	15908	1253	14655
1327	15947	1253	14694
1328	16167	1273	14894
1329	16403	1265	15138
1330	16728	1260	15468
1331	16861	1272	15589
1332	16588	1258	15330
1333	16254	1248	15006
1334	16094	1257	14837
1335	16082	1269	14813
1336	16434	1263	15171
1337	16595	1252	15343
1338	16288	1276	15012
1339	16044	1257	14787
1340	15863	1254	14609
1341	15684	1260	14424
1342	15533	1250	14283
1343	15628	1248	14380
1344	15653	1252	14401
1345	15583	1256	14327
1346	15201	1257	13944
1347	15030	1267	13763
1348	15062	1269	13793
1349	15045	1259	13786
1350	14893	1254	13639
1351	14745	1233	13512
1352	14854	1243	13611
1353	14982	1261	13721
1354	14950	1277	13673
1355	14744	1267	13477
1356	14586	1250	13336
1357	14418	1250	13168
1358	14257	1249	13008
1359	14232	1268	12964
1360	14260	1248	13012
1361	14174	1241	12933
1362	13920	1237	12683
1363	13608	1246	12362
1364	13326	1260	12066
1365	13284	1249	12035
1366	13348	1251	12097
1367	13292	1238	12054
1368	13042	1249	11793
1369	12849	1267	11582
1370	12607	1238	11369
1371	12351	1258	11093
1372	12125	1264	10861
1373	12035	1261	10774
1374	12003	1270	10733
1375	11868	1290	10578
1376	11846	1269	10577
1377	11774	1261	10513
1378	11893	1258	10635
1379	11702	1268	10434
1380	11364	1261	10103
1381	11243	1245	9998
1382	11083	1246	9837
1383	11116	1265	9851
1384	11320	1267	10053
1385	11298	1254	10044
1386	11284	1246	10038
1387	11181	1266	9915
1388	11092	1254	9838
1389	11149	1254	9895
1390	11183	1264	9919
1391	11218	1259	9959
1392	11366	1245	10121
1393	11533	1248	10285
1394	11631	1245	10386
1395	11867	1236	10631
1396	11949	1255	10694
1397	11824	1254	10570
1398	11732	1270	10462
1399	11741	1269	10472
1400	11983	1269	10714
1401	12194	1275	10919
1402	12256	1274	10982
1403	12206	1257	10949
1404	12158	1254	10904
1405	12010	1252	10758
1406	11785	1237	10548
1407	11696	1240	10456
1408	11740	1264	10476
1409	11866	1269	10597
1410	11998	1264	10734
1411	11912	1249	10663
1412	11873	1246	10627
1413	11861	1258	10603
1414	11825	1269	10556
1415	11679	1273	10406
1416	11521	1272	10249
1417	11474	1258	10216
1418	11510	1249	10261
1419	11482	1254	10228
1420	11409	1257	10152
1421	11400	1262	10138
1422	11250	1254	9996
1423	10985	1242	9743
1424	10870	1259	9611
1425	10854	1264	9590
1426	10882	1257	9625
1427	10876	1264	9612
1428	10848	1259	9589
1429	10725	1267	9458
1430	10683	1275	9408
1431	10537	1268	9269
1432	10480	1243	9237
1433	10378	1253	9125
1434	10345	1260	9085
1435	10320	1263	9057
1436	10166	1261	8905
1437	10136	1237	8899
1438	10150	1258	8892
1439	10098	1252	8846
1440	10163	1253	8910
1441	10260	1245	9015
1442	10280	1249	9031
1443	10295	1262	9033
1444	10365	1259	9106
1445	10359	1254	9105
1446	10405	1262	9143
1447	10576	1269	9307
1448	10580	1244	9336
1449	10491	1234	9257
1450	10545	1246	9299
1451	10530	1261	9269
1452	10548	1276	9272
1453	10632	1277	9355
1454	10745	1261	9484
1455	10801	1258	9543
1456	10841	1257	9584
1457	10696	1265	9431
1458	10460	1258	9202
1459	10461	1279	9182
1460	10589	1284	9305
1461	10542	1276	9266
1462	10592	1274	9318
1463	10591	1270	9321
1464	10617	1270	9347
1465	10622	1258	9364
1466	10586	1265	9321
1467	10559	1276	9283
1468	10407	1273	9134
1469	10292	1249	9043
1470	10329	1251	9078
1471	10406	1251	9155
1472	10507	1246	9261
1473	10666	1258	9408
1474	10568	1239	9329
1475	10452	1251	9201
1476	10396	1286	9110
1477	10300	1291	9009
1478	10268	1271	8997
1479	10484	1264	9220
1480	10653	1258	9395
1481	10563	1253	9310
1482	10469	1251	9218
1483	10424	1244	9180
1484	10414	1247	9167
1485	10524	1259	9265
1486	10698	1268	9430
1487	10829	1251	9578
1488	10766	1265	9501
1489	10689	1260	9429
1490	10572	1250	9322
1491	10445	1262	9183
1492	10458	1266	9192
1493	10417	1280	9137
1494	10458	1257	9201
1495	10347	1264	9083
1496	10181	1292	8889
1497	10031	1264	8767
1498	9957	1257	8700
1499	9884	1265	8619
1500	10057	1254	8803
1501	10105	1256	8849
1502	10082	1254	8828
1503	10117	1218	8899
1504	9941	1255	8686
1505	9726	1272	8454
1506	9689	1265	8424
1507	9752	1265	8487
1508	9890	1239	8651
1509	10037	1254	8783
1510	9994	1252	8742
1511	9815	1228	8587
1512	9771	1239	8532
1513	9738	1245	8493
1514	9725	1225	8500
1515	9859	1252	8607
1516	9820	1258	8562
1517	9662	1255	8407
1518	9716	1272	8444
1519	9598	1265	8333
1520	9529	1259	8270
1521	9598	1272	8326
1522	9539	1256	8283
1523	9462	1244	8218
1524	9365	1252	8113
1525	9252	1258	7994
1526	9300	1247	8053
1527	9341	1255	8086
1528	9271	1261	8010
1529	9211	1256	7955
1530	9227	1267	7960
1531	9178	1252	7926
1532	9129	1247	7882
1533	9107	1252	7855
1534	9059	1256	7803
1535	8984	1250	7734
1536	9022	1228	7794
1537	9078	1255	7823
1538	9053	1277	7776
1539	9081	1274	7807
1540	9058	1245	7813
1541	9157	1235	7922
1542	9231	1237	7994
1543	9251	1248	8003
1544	9258	1235	8023
1545	9228	1230	7998
1546	9158	1239	7919
1547	9203	1233	7970
1548	9249	1226	8023
1549	9287	1235	8052
1550	9342	1244	8098
1551	9259	1246	8013
1552	9173	1236	7937
1553	8999	1246	7753
1554	8924	1246	7678
1555	9076	1229	7847
1556	9141	1257	7884
1557	9094	1264	7830
1558	9087	1236	7851
1559	8918	1241	7677
1560	8852	1251	7601
1561	8773	1247	7526
1562	8818	1245	7573
1563	8933	1259	7674
1564	8955	1265	7690
1565	8906	1231	7675
1566	8837	1235	7602
1567	8773	1243	7530
1568	8712	1255	7457
1569	8705	1268	7437
1570	8720	1250	7470
1571	8698	1240	7458
1572	8773	1252	7521
1573	8791	1258	7533
1574	8901	1259	7642
1575	8743	1243	7500
1576	8702	1252	7450
1577	8783	1255	7528
1578	8849	1249	7600
1579	8781	1240	7541
1580	8741	1252	7489
1581	8756	1262	7494
1582	8681	1255	7426
1583	8616	1230	7386
1584	8619	1234	7385
1585	8596	1231	7365
1586	8566	1241	7325
1587	8500	1253	7247
1588	8580	1241	7339
1589	8576	1234	7342
1590	8567	1253	7314
1591	8450	1257	7193
1592	8430	1235	7195
1593	8383	1236	7147
1594	8285	1237	7048
1595	8247	1247	7000
1596	8200	1253	6947
1597	8092	1243	6849
1598	8124	1266	6858
1599	8160	1268	6892
1600	8083	1275	6808
1601	7974	1268	6706
1602	7907	1268	6639
1603	7807	1243	6564
1604	7866	1232	6634
1605	7909	1249	6660
1606	7761	1242	6519
1607	7645	1249	6396
1608	7546	1251	6295
1609	7522	1239	6283
1610	7631	1254	6377
1611	7603	1252	6351
1612	7637	1251	6386
1613	7556	1267	6289
1614	7470	1256	6214
1615	7509	1234	6275
1616	7426	1244	6182
1617	7404	1262	6142
1618	7377	1266	6111
1619	7318	1237	6081
1620	7254	1223	6031
1621	7238	1233	6005
1622	7215	1235	5980
1623	7188	1238	5950
1624	7173	1241	5932
1625	7108	1231	5877
1626	7135	1249	5886
1627	7156	1264	5892
1628	7092	1268	5824
1629	7096	1266	5830
1630	7111	1254	5857
1631	7072	1256	5816
1632	7052	1247	5805
1633	7056	1247	5809
1634	7010	1251	5759
1635	6969	1253	5716
1636	6811	1271	5540
1637	6682	1277	5405
1638	6587	1277	5310
1639	6531	1271	5260
1640	6536	1274	5262
1641	6553	1272	5281
1642	6494	1259	5235
1643	6524	1260	5264
1644	6583	1268	5315
1645	6614	1268	5346
1646	6606	1272	5334
1647	6677	1283	5394
1648	6675	1258	5417
1649	6698	1238	5460
1650	6737	1229	5508
1651	6710	1251	5459
1652	6719	1257	5462
1653	6740	1245	5495
1654	6797	1260	5537
1655	6853	1254	5599
1656	6922	1265	5657
1657	6874	1241	5633
1658	6871	1250	5621
1659	6857	1259	5598
1660	6810	1241	5569
1661	6844	1264	5580
1662	6818	1260	5558
1663	6702	1253	5449
1664	6703	1239	5464
1665	6691	1248	5443
1666	6610	1261	5349
1667	6647	1273	5374
1668	6684	1269	5415
1669	6687	1250	5437
1670	6538	1229	5309
1671	6461	1225	5236
1672	6487	1244	5243
1673	6441	1255	5186
1674	6409	1259	5150
1675	6374	1269	5105
1676	6297	1269	5028
1677	6248	1252	4996
1678	6281	1245	5036
1679	6111	1253	4858
1680	6121	1268	4853
1681	6130	1251	4879
1682	6028	1266	4762
1683	6006	1244	4762
1684	6043	1245	4798
1685	5969	1254	4715
1686	5928	1245	4683
1687	5898	1261	4637
1688	5938	1283	4655
1689	5876	1270	4606
1690	5869	1267	4602
1691	5940	1262	4678
1692	5899	1253	4646
1693	5813	1246	4567
1694	5762	1256	4506
1695	5729	1285	4444
1696	5751	1278	4473
1697	5821	1256	4565
1698	5743	1270	4473
1699	5717	1273	4444
1700	5760	1254	4506
1701	5699	1252	4447
1702	5558	1256	4302
1703	5554	1264	4290
1704	5527	1267	4260
1705	5543	1286	4257
1706	5549	1272	4277
1707	5565	1258	4307
1708	5571	1252	4319
1709	5564	1254	4310
1710	5608	1237	4371
1711	5635	1242	4393
1712	5664	1238	4426
1713	5675	1259	4416
1714	5621	1241	4380
1715	5572	1228	4344
1716	5596	1225	4371
1717	5554	1249	4305
1718	5488	1249	4239
1719	5473	1245	4228
1720	5465	1252	4213
1721	5351	1262	4089
1722	5353	1253	4100
1723	5350	1265	4085
1724	5315	1262	4053
1725	5252	1251	4001
1726	5250	1252	3998
1727	5225	1256	3969
1728	5244	1250	3994
1729	5201	1250	3951
1730	5173	1269	3904
1731	5167	1278	3889
1732	5237	1250	3987
1733	5247	1253	3994
1734	5203	1257	3946
1735	5110	1243	3867
1736	5070	1245	3825
1737	5041	1259	3782
1738	5036	1268	3768
1739	5090	1258	3832
1740	5070	1246	3824
1741	4996	1262	3734
1742	5012	1265	3747
1743	4945	1242	3703
1744	4969	1248	3721
1745	5044	1262	3782
1746	5012	1270	3742
1747	4905	1281	3624
1748	4858	1266	3592
1749	4854	1255	3599
1750	4905	1255	3650
1751	4941	1234	3707
1752	5007	1244	3763
1753	4955	1268	3687
1754	4952	1258	3694
1755	4929	1250	3679
1756	4906	1260	3646
1757	4825	1262	3563
1758	4865	1236	3629
1759	4918	1237	3681
1760	4957	1271	3686
1761	4964	1285	3679
1762	4961	1249	3712
1763	4941	1249	3692
1764	4992	1252	3740
1765	5052	1266	3786
1766	5039	1249	3790
1767	5079	1231	3848
1768	5133	1240	3893
1769	5196	1245	3951
1770	5212	1264	3948
1771	5233	1245	3988
1772	5242	1208	4034
1773	5308	1231	4077
1774	5208	1256	3952
1775	5194	1245	3949
1776	5180	1244	3936
1777	5185	1246	3939
1778	5189	1249	3940
1779	5198	1267	3931
1780	5188	1255	3933
1781	5132	1252	3880
1782	5099	1250	3849
1783	5072	1260	3812
1784	5126	1255	3871
1785	5143	1261	3882
1786	5131	1261	3870
1787	5112	1233	3879
1788	5128	1250	3878
1789	5166	1276	3890
1790	5211	1273	3938
1791	5250	1267	3983
1792	5254	1247	4007
1793	5234	1250	3984
1794	5183	1249	3934
1795	5190	1257	3933
1796	5217	1274	3943
1797	5246	1276	3970
1798	5214	1275	3939
1799	5150	1278	3872
1800	5141	1297	3844
1801	5084	1287	3797
1802	5052	1266	3786
1803	5116	1270	3846
1804	5101	1288	3813
1805	5077	1276	3801
1806	5123	1260	3863
1807	5093	1248	3845
1808	5066	1248	3818
1809	5143	1257	3886
1810	5128	1245	3883
1811	5105	1254	3851
1812	5115	1248	3867
1813	5095	1249	3846
1814	5052	1266	3786
1815	5084	1266	3818
1816	5092	1268	3824
1817	5046	1285	3761
1818	5022	1270	3752
1819	4990	1260	3730
1820	4946	1249	3697
1821	4924	1268	3656
1822	4928	1284	3644
1823	4896	1263	3633
1824	4893	1245	3648
1825	4957	1266	3691
1826	4970	1247	3723
1827	4977	1252	3725
1828	4995	1258	3737
1829	5036	1253	3783
1830	5043	1249	3794
1831	5036	1247	3789
1832	5036	1245	3791
1833	5020	1251	3769
1834	5055	1251	3804
1835	5092	1260	3832
1836	5106	1261	3845
1837	5124	1255	3869
1838	5099	1251	3848
1839	5048	1243	3805
1840	5004	1254	3750
1841	4948	1242	3706
1842	4952	1259	3693
1843	4983	1267	3716
1844	5022	1263	3759
1845	4962	1255	3707
1846	4897	1262	3635
1847	4944	1255	3689
1848	4959	1263	3696
1849	4989	1260	3729
1850	5000	1255	3745
1851	5011	1270	3741
1852	4963	1251	3712
1853	4951	1243	3708
1854	5016	1249	3767
1855	4957	1243	3714
1856	4893	1261	3632
1857	4972	1250	3722
1858	4976	1237	3739
1859	4914	1245	3669
1860	4930	1264	3666
1861	4936	1268	3668
1862	4947	1258	3689
1863	4953	1259	3694
1864	4964	1248	3716
1865	4874	1278	3596
1866	4909	1268	3641
1867	4926	1265	3661
1868	4935	1263	3672
1869	4880	1276	3604
1870	4908	1283	3625
1871	4967	1268	3699
1872	4995	1271	3724
1873	4971	1244	3727
1874	5042	1239	3803
1875	5110	1251	3859
1876	5151	1262	3889
1877	5194	1261	3933
1878	5202	1247	3955
1879	5226	1248	3978
1880	5227	1245	3982
1881	5252	1248	4004
1882	5227	1262	3965
1883	5233	1245	3988
1884	5216	1225	3991
1885	5170	1261	3909
1886	5164	1256	3908
1887	5093	1257	3836
1888	5036	1261	3775
1889	4946	1277	3669
1890	4921	1252	3669
1891	4869	1254	3615
1892	4794	1273	3521
1893	4732	1287	3445
1894	4726	1265	3461
1895	4700	1252	3448
1896	4645	1255	3390
1897	4548	1258	3290
1898	4468	1250	3218
1899	4515	1257	3258
1900	4472	1249	3223
1901	4513	1243	3270
1902	4551	1258	3293
1903	4543	1247	3296
1904	4575	1247	3328
1905	4639	1255	3384
1906	4617	1244	3373
1907	4700	1254	3446
1908	4755	1265	3490
1909	4765	1263	3502
1910	4853	1275	3578
1911	4872	1275	3597
1912	4926	1277	3649
1913	4967	1268	3699
1914	4883	1250	3633
1915	4857	1246	3611
1916	4849	1242	3607
1917	4964	1255	3709
1918	4997	1250	3747
1919	4921	1242	3679
1920	4946	1260	3686
1921	4966	1266	3700
1922	5048	1269	3779
1923	5148	1249	3899
1924	5107	1260	3847
1925	5076	1246	3830
1926	5149	1259	3890
1927	5199	1245	3954
1928	5288	1238	4050
1929	5380	1246	4134
1930	5371	1251	4120
1931	5274	1243	4031
1932	5294	1242	4052
1933	5403	1245	4158
1934	5601	1261	4340
1935	5874	1262	4612
1936	6078	1235	4843
1937	6158	1217	4941
1938	6596	1238	5358
1939	7892	1228	6664
1940	10499	1238	9261
1941	16072	1278	14794
1942	26606	1261	25345
1943	37097	1226	35871
1944	40112	1240	38872
1945	40783	1247	39536
1946	41112	1223	39889
1947	41475	1241	40234
1948	41701	1253	40448
1949	41962	1244	40718
1950	42084	1259	40825
1951	42243	1250	40993
1952	42359	1258	41101
1953	42531	1240	41291
1954	42629	1230	41399
1955	42750	1244	41506
1956	42775	1271	41504
1957	42868	1262	41606
1958	42923	1227	41696
1959	43021	1221	41800
1960	42618	1234	41384
1961	34244	1250	32994
1962	19097	1244	17853
1963	9748	1239	8509
1964	8187	1255	6932
1965	7404	1250	6154
1966	6911	1251	5660
1967	6297	1247	5050
1968	5719	1252	4467
1969	5425	1251	4174
1970	5279	1261	4018
1971	5205	1254	3951
1972	5223	1268	3955
1973	5148	1269	3879
1974	5070	1277	3793
1975	5015	1277	3738
1976	4911	1267	3644
1977	4789	1260	3529
1978	4686	1256	3430
1979	4524	1237	3287
1980	4526	1251	3275
1981	4586	1273	3313
1982	4589	1268	3321
1983	4519	1266	3253
1984	4432	1242	3190
1985	4353	1232	3121
1986	4398	1244	3154
1987	4354	1270	3084
1988	4300	1252	3048
1989	4300	1249	3051
1990	4279	1246	3033
1991	4260	1233	3027
1992	4294	1232	3062
1993	4295	1255	3040
1994	4266	1253	3013
1995	4252	1261	2991
1996	4199	1244	2955
1997	4149	1244	2905
1998	4119	1256	2863
1999	4083	1242	2841
2000	4116	1251	2865
2001	4071	1245	2826
2002	4023	1241	2782
2003	4063	1241	2822
2004	4124	1256	2868
2005	4153	1267	2886
2006	4140	1260	2880
2007	4074	1251	2823
2008	4090	1256	2834
2009	4109	1262	2847
2010	4031	1267	2764
2011	4030	1278	2752
2012	4036	1281	2755
2013	3947	1256	2691
2014	3961	1247	2714
2015	3966	1239	2727
2016	3965	1233	2732
2017	3978	1247	2731
2018	3959	1237	2722
2019	4012	1253	2759
2020	3993	1251	2742
2021	4029	1232	2797
2022	4020	1214	2806
2023	3985	1222	2763
2024	3977	1243	2734
2025	3995	1261	2734
2026	3988	1255	2733
2027	4026	1243	2783
2028	4062	1255	2807
2029	4146	1249	2897
2030	4154	1236	2918
2031	4085	1236	2849
2032	4006	1249	2757
2033	4033	1245	2788
2034	3978	1249	2729
2035	3908	1261	2647
2036	3903	1265	2638
2037	3901	1266	2635
2038	3853	1238	2615
2039	3806	1241	2565
2040	3780	1258	2522
2041	3724	1247	2477
2042	3710	1238	2472
2043	3713	1237	2476
2044	3721	1249	2472
2045	3727	1270	2457
2046	3740	1276	2464
2047	3809	1261	2548
2048	3865	1269	2596
2049	3843	1253	2590
2050	3873	1264	2609
2051	3841	1256	2585
2052	3825	1236	2589
2053	3848	1255	2593
2054	3831	1266	2565
2055	3822	1247	2575
2056	3790	1230	2560
2057	3763	1233	2530
2058	3716	1276	2440
2059	3752	1263	2489
2060	3788	1245	2543
2061	3847	1246	2601
2062	3872	1248	2624
2063	3853	1237	2616
2064	3856	1236	2620
2065	3893	1259	2634
2066	3854	1269	2585
2067	3811	1261	2550
2068	3817	1255	2562
2069	3808	1246	2562
2070	3841	1245	2596
2071	3869	1246	2623
2072	3907	1250	2657
2073	3869	1245	2624
2074	3886	1252	2634
2075	3861	1251	2610
2076	3855	1252	2603
2077	3834	1268	2566
2078	3738	1283	2455
2079	3690	1255	2435
2080	3735	1261	2474
2081	3793	1246	2547
2082	3807	1245	2562
2083	3932	1267	2665
2084	4142	1255	2887
2085	4371	1262	3109
2086	4479	1266	3213
2087	4518	1262	3256
2088	4437	1244	3193
2089	4345	1238	3107
2090	4278	1268	3010
2091	4318	1277	3041
2092	4489	1249	3240
2093	4523	1260	3263
2094	4535	1259	3276
2095	4387	1253	3134
2096	4276	1263	3013
2097	4090	1260	2830
2098	4024	1274	2750
2099	3992	1255	2737
2100	4012	1246	2766
2101	4008	1274	2734
2102	3888	1275	2613
2103	3891	1248	2643
2104	3949	1237	2712
2105	3948	1254	2694
2106	3990	1272	2718
2107	4051	1268	2783
2108	4094	1266	2828
2109	4007	1244	2763
2110	3950	1249	2701
2111	3941	1261	2680
2112	3904	1265	2639
2113	3901	1253	2648
2114	3879	1258	2621
2115	3833	1276	2557
2116	3851	1275	2576
2117	3927	1256	2671
2118	4003	1245	2758
2119	4049	1263	2786
2120	4061	1260	2801
2121	4049	1220	2829
2122	4040	1241	2799
2123	4047	1252	2795
2124	4042	1233	2809
2125	4075	1231	2844
2126	4031	1253	2778
2127	4015	1254	2761
2128	4078	1245	2833
2129	4068	1248	2820
2130	3996	1283	2713
2131	3999	1278	2721
2132	3972	1243	2729
2133	3921	1247	2674
2134	3880	1262	2618
2135	3858	1266	2592
2136	3865	1239	2626
2137	3966	1239	2727
2138	4151	1251	2900
2139	4309	1256	3053
2140	4476	1268	3208
2141	4553	1253	3300
2142	4503	1255	3248
2143	4388	1257	3131
2144	4259	1233	3026
2145	4201	1256	2945
2146	4250	1244	3006
2147	4286	1240	3046
2148	4281	1255	3026
2149	4299	1269	3030
2150	4254	1244	3010
2151	4204	1228	2976
2152	4201	1257	2944
2153	4243	1251	2992
2154	4357	1248	3109
2155	4517	1240	3277
2156	4566	1265	3301
2157	4650	1275	3375
2158	4726	1264	3462
2159	4639	1254	3385
2160	4541	1282	3259
2161	4502	1276	3226
2162	4396	1272	3124
2163	4347	1263	3084
2164	4350	1241	3109
2165	4331	1230	3101
2166	4318	1247	3071
2167	4306	1260	3046
2168	4212	1245	2967
2169	4169	1252	2917
2170	4101	1249	2852
2171	4144	1267	2877
2172	4351	1276	3075
2173	4526	1273	3253
2174	4633	1269	3364
2175	4593	1282	3311
2176	4511	1264	3247
2177	4424	1241	3183
2178	4336	1222	3114
2179	4277	1240	3037
2180	4310	1239	3071
2181	4264	1224	3040
2182	4192	1215	2977
2183	4163	1226	2937
2184	4111	1244	2867
2185	4047	1271	2776
2186	4124	1291	2833
2187	4136	1270	2866
2188	4163	1261	2902
2189	4176	1256	2920
2190	4270	1269	3001
2191	4440	1255	3185
2192	4516	1241	3275
2193	4500	1277	3223
2194	4563	1266	3297
2195	4573	1238	3335
2196	4466	1234	3232
2197	4474	1249	3225
2198	4518	1252	3266
2199	4613	1267	3346
2200	4708	1263	3445
2201	4784	1257	3527
2202	4787	1253	3534
2203	4810	1269	3541
2204	4839	1270	3569
2205	4858	1264	3594
2206	4947	1259	3688
2207	4966	1255	3711
2208	4941	1270	3671
2209	5037	1270	3767
2210	5048	1263	3785
2211	5038	1249	3789
2212	4921	1233	3688
2213	4810	1263	3547
2214	4804	1272	3532
2215	4689	1247	3442
2216	4559	1254	3305
2217	4485	1269	3216
2218	4415	1262	3153
2219	4490	1260	3230
2220	4438	1252	3186
2221	4421	1267	3154
2222	4485	1268	3217
2223	4438	1255	3183
2224	4454	1258	3196
2225	4561	1253	3308
2226	4647	1247	3400
2227	4657	1238	3419
2228	4665	1257	3408
2229	4632	1282	3350
2230	4470	1274	3196
2231	4281	1255	3026
2232	4169	1251	2918
2233	4158	1237	2921
2234	4159	1234	2925
2235	4243	1258	2985
2236	4297	1258	3039
2237	4204	1263	2941
2238	4209	1256	2953
2239	4218	1237	2981
2240	4190	1237	2953
2241	4192	1262	2930
2242	4198	1300	2898
2243	4229	1288	2941
2244	4326	1262	3064
2245	4387	1259	3128
2246	4410	1260	3150
2247	4376	1262	3114
2248	4268	1245	3023
2249	4236	1260	2976
2250	4200	1263	2937
2251	4117	1257	2860
2252	4076	1260	2816
2253	4096	1263	2833
2254	4124	1265	2859
2255	4109	1294	2815
2256	4085	1265	2820
2257	4130	1245	2885
2258	4175	1267	2908
2259	4251	1266	2985
2260	4366	1250	3116
2261	4382	1264	3118
2262	4436	1281	3155
2263	4495	1273	3222
2264	4495	1261	3234
2265	4399	1274	3125
2266	4280	1253	3027
2267	4272	1253	3019
2268	4183	1232	2951
2269	4055	1232	2823
2270	4095	1259	2836
2271	4100	1261	2839
2272	4043	1241	2802
2273	4064	1237	2827
2274	4107	1232	2875
2275	4053	1269	2784
2276	4039	1248	2791
2277	4050	1249	2801
2278	4172	1258	2914
2279	4336	1231	3105
2280	4361	1222	3139
2281	4307	1237	3070
2282	4185	1256	2929
2283	4084	1252	2832
2284	3973	1257	2716
2285	3883	1238	2645
2286	3888	1241	2647
2287	3822	1245	2577
2288	3790	1250	2540
2289	3681	1255	2426
2290	3605	1270	2335
2291	3595	1269	2326
2292	3606	1245	2361
2293	3644	1235	2409
2294	3782	1233	2549
2295	3945	1247	2698
2296	4018	1263	2755
2297	4027	1256	2771
2298	3997	1239	2758
2299	3976	1254	2722
2300	3973	1252	2721
2301	3870	1235	2635
2302	3743	1248	2495
2303	3642	1251	2391
2304	3573	1244	2329
2305	3501	1256	2245
2306	3478	1253	2225
2307	3445	1246	2199
2308	3459	1248	2211
2309	3461	1259	2202
2310	3617	1259	2358
2311	3796	1240	2556
2312	4061	1240	2821
2313	4338	1277	3061
2314	4509	1263	3246
2315	4517	1260	3257
2316	4355	1255	3100
2317	4255	1256	2999
2318	4151	1249	2902
2319	4008	1243	2765
2320	3937	1243	2694
2321	3893	1256	2637
2322	3744	1257	2487
2323	3645	1259	2386
2324	3648	1263	2385
2325	3651	1263	2388
2326	3681	1264	2417
2327	3728	1233	2495
2328	3660	1228	2432
2329	3631	1266	2365
2330	3649	1264	2385
2331	3663	1253	2410
2332	3679	1239	2440
2333	3697	1254	2443
2334	3642	1261	2381
2335	3585	1247	2338
2336	3585	1252	2333
2337	3591	1254	2337
2338	3594	1283	2311
2339	3611	1256	2355
2340	3590	1249	2341
2341	3547	1265	2282
2342	3512	1275	2237
2343	3429	1261	2168
2344	3412	1255	2157
2345	3407	1245	2162
2346	3463	1238	2225
2347	3470	1247	2223
2348	3548	1262	2286
2349	3575	1258	2317
2350	3512	1238	2274
2351	3425	1271	2154
2352	3375	1252	2123
2353	3378	1247	2131
2354	3373	1255	2118
2355	3375	1257	2118
2356	3478	1275	2203
2357	3545	1258	2287
2358	3597	1259	2338
2359	3575	1266	2309
2360	3536	1263	2273
2361	3587	1285	2302
2362	3600	1262	2338
2363	3625	1254	2371
2364	3633	1271	2362
2365	3684	1264	2420
2366	3732	1259	2473
2367	3676	1245	2431
2368	3612	1233	2379
2369	3551	1238	2313
2370	3444	1236	2208
2371	3436	1237	2199
2372	3495	1266	2229
2373	3500	1270	2230
2374	3497	1282	2215
2375	3493	1269	2224
2376	3453	1241	2212
2377	3423	1258	2165
2378	3447	1285	2162
2379	3453	1271	2182
2380	3475	1257	2218
2381	3564	1235	2329
2382	3598	1236	2362
2383	3558	1260	2298
2384	3513	1253	2260
2385	3434	1247	2187
2386	3416	1248	2168
2387	3323	1264	2059
2388	3294	1253	2041
2389	3303	1246	2057
2390	3347	1250	2097
2391	3355	1246	2109
2392	3374	1254	2120
2393	3391	1267	2124
2394	3389	1248	2141
2395	3443	1247	2196
2396	3543	1239	2304
2397	3603	1232	2371
2398	3667	1246	2421
2399	3727	1270	2457
2400	3904	1266	2638
2401	4029	1260	2769
2402	4100	1236	2864
2403	4137	1256	2881
2404	4206	1260	2946
2405	4266	1242	3024
2406	4225	1248	2977
2407	4187	1241	2946
2408	4226	1255	2971
2409	4181	1263	2918
2410	4104	1271	2833
2411	4052	1238	2814
2412	3950	1230	2720
2413	3858	1254	2604
2414	3821	1244	2577
2415	3847	1249	2598
2416	3821	1260	2561
2417	3856	1271	2585
2418	3862	1278	2584
2419	3785	1266	2519
2420	3731	1239	2492
2421	3730	1265	2465
2422	3732	1251	2481
2423	3759	1252	2507
2424	3728	1248	2480
2425	3692	1252	2440
2426	3669	1249	2420
2427	3648	1246	2402
2428	3648	1242	2406
2429	3686	1272	2414
2430	3685	1267	2418
2431	3701	1260	2441
2432	3736	1266	2470
2433	3774	1241	2533
2434	3774	1252	2522
2435	3806	1254	2552
2436	3883	1254	2629
2437	3939	1256	2683
2438	3964	1254	2710
2439	3953	1261	2692
2440	3888	1258	2630
2441	3786	1264	2522
2442	3697	1240	2457
2443	3700	1231	2469
2444	3713	1266	2447
2445	3707	1254	2453
2446	3683	1247	2436
2447	3697	1261	2436
2448	3714	1270	2444
2449	3723	1257	2466
2450	3639	1245	2394
2451	3600	1260	2340
2452	3611	1272	2339
2453	3639	1283	2356
2454	3635	1290	2345
2455	3721	1263	2458
2456	3789	1241	2548
2457	3790	1244	2546
2458	3796	1264	2532
2459	3804	1268	2536
2460	3854	1270	2584
2461	3879	1269	2610
2462	3928	1262	2666
2463	4006	1239	2767
2464	3987	1233	2754
2465	4024	1258	2766
2466	4014	1253	2761
2467	4032	1279	2753
2468	4065	1275	2790
2469	4075	1260	2815
2470	4033	1265	2768
2471	3990	1271	2719
2472	3994	1267	2727
2473	3979	1251	2728
2474	3993	1235	2758
2475	3930	1237	2693
2476	3888	1229	2659
2477	3875	1235	2640
2478	3871	1247	2624
2479	3937	1244	2693
2480	3945	1225	2720
2481	3970	1255	2715
2482	3964	1248	2716
2483	3931	1241	2690
2484	3899	1254	2645
2485	3835	1264	2571
2486	3784	1283	2501
2487	3728	1256	2472
2488	3723	1238	2485
2489	3608	1252	2356
2490	3590	1258	2332
2491	3620	1249	2371
2492	3590	1277	2313
2493	3592	1273	2319
2494	3632	1243	2389
2495	3615	1247	2368
2496	3622	1247	2375
2497	3636	1257	2379
2498	3579	1248	2331
2499	3618	1245	2373
2500	3642	1244	2398
2501	3681	1234	2447
2502	3696	1254	2442
2503	3712	1244	2468
2504	3781	1245	2536
2505	3780	1259	2521
2506	3848	1250	2598
2507	3847	1249	2598
2508	3805	1252	2553
2509	3780	1235	2545
2510	3778	1238	2540
2511	3723	1255	2468
2512	3714	1271	2443
2513	3753	1259	2494
2514	3749	1239	2510
2515	3813	1230	2583
2516	3840	1253	2587
2517	3868	1254	2614
2518	3838	1242	2596
2519	3809	1250	2559
2520	3766	1269	2497
2521	3714	1273	2441
2522	3716	1259	2457
2523	3695	1241	2454
2524	3634	1242	2392
2525	3617	1236	2381
2526	3621	1271	2350
2527	3589	1288	2301
2528	3567	1273	2294
2529	3695	1243	2452
2530	3752	1262	2490
2531	3665	1283	2382
2532	3698	1242	2456
2533	3747	1241	2506
2534	3697	1258	2439
2535	3747	1264	2483
2536	3733	1275	2458
2537	3706	1266	2440
2538	3724	1262	2462
2539	3684	1263	2421
2540	3609	1266	2343
2541	3625	1252	2373
2542	3699	1237	2462
2543	3678	1241	2437
2544	3593	1243	2350
2545	3602	1241	2361
2546	3602	1239	2363
2547	3578	1233	2345
2548	3511	1251	2260
2549	3535	1283	2252
2550	3564	1274	2290
2551	3576	1248	2328
2552	3561	1259	2302
2553	3560	1261	2299
2554	3595	1239	2356
2555	3593	1242	2351
2556	3579	1244	2335
2557	3671	1241	2430
2558	3698	1251	2447
2559	3658	1247	2411
2560	3613	1240	2373
2561	3593	1228	2365
2562	3584	1224	2360
2563	3589	1254	2335
2564	3552	1265	2287
2565	3530	1261	2269
2566	3592	1248	2344
2567	3604	1265	2339
2568	3675	1264	2411
2569	3741	1254	2487
2570	3761	1254	2507
2571	3787	1250	2537
2572	3823	1247	2576
2573	3825	1249	2576
2574	3834	1276	2558
2575	3853	1265	2588
2576	3860	1245	2615
2577	3878	1250	2628
2578	3865	1249	2616
2579	3803	1232	2571
2580	3739	1267	2472
2581	3790	1259	2531
2582	3797	1225	2572
2583	3758	1216	2542
2584	3708	1251	2457
2585	3661	1262	2399
2586	3643	1271	2372
2587	3528	1260	2268
2588	3568	1253	2315
2589	3611	1253	2358
2590	3564	1247	2317
2591	3552	1238	2314
2592	3579	1241	2338
2593	3581	1256	2325
2594	3536	1260	2276
2595	3527	1254	2273
2596	3660	1254	2406
2597	3654	1268	2386
2598	3640	1260	2380
2599	3625	1242	2383
2600	3622	1263	2359
2601	3623	1284	2339
2602	3638	1273	2365
2603	3636	1276	2360
2604	3610	1245	2365
2605	3587	1240	2347
2606	3554	1257	2297
2607	3593	1235	2358
2608	3624	1235	2389
2609	3561	1242	2319
2610	3626	1255	2371
2611	3678	1262	2416
2612	3681	1258	2423
2613	3685	1270	2415
2614	3627	1249	2378
2615	3669	1250	2419
2616	3686	1265	2421
2617	3579	1256	2323
2618	3550	1259	2291
2619	3598	1249	2349
2620	3650	1262	2388
2621	3737	1271	2466
2622	3804	1250	2554
2623	3852	1248	2604
2624	3843	1257	2586
2625	3771	1242	2529
2626	3780	1262	2518
2627	3715	1264	2451
2628	3750	1254	2496
2629	3754	1261	2493
2630	3712	1289	2423
2631	3668	1275	2393
2632	3641	1273	2368
2633	3609	1282	2327
2634	3571	1255	2316
2635	3532	1260	2272
2636	3497	1238	2259
2637	3457	1231	2226
2638	3422	1247	2175
2639	3445	1245	2200
2640	3514	1263	2251
2641	3532	1280	2252
2642	3488	1270	2218
2643	3479	1262	2217
2644	3452	1250	2202
2645	3465	1262	2203
2646	3493	1271	2222
2647	3486	1260	2226
2648	3500	1266	2234
2649	3574	1277	2297
2650	3626	1283	2343
2651	3590	1269	2321
2652	3650	1269	2381
2653	3729	1269	2460
2654	3773	1242	2531
2655	3805	1259	2546
2656	3750	1273	2477
2657	3682	1256	2426
2658	3625	1268	2357
2659	3548	1255	2293
2660	3515	1256	2259
2661	3444	1250	2194
2662	3419	1231	2188
2663	3480	1247	2233
2664	3486	1239	2247
2665	3439	1242	2197
2666	3462	1245	2217
2667	3482	1243	2239
2668	3497	1255	2242
2669	3464	1273	2191
2670	3433	1253	2180
2671	3404	1249	2155
2672	3422	1256	2166
2673	3403	1249	2154
2674	3390	1260	2130
2675	3343	1267	2076
2676	3331	1258	2073
2677	3363	1262	2101
2678	3401	1265	2136
2679	3386	1254	2132
2680	3369	1243	2126
2681	3450	1265	2185
2682	3401	1250	2151
2683	3331	1265	2066
2684	3249	1270	1979
2685	3179	1249	1930
2686	3162	1240	1922
2687	3100	1228	1872
2688	3083	1225	1858
2689	3040	1267	1773
2690	2976	1275	1701
2691	2976	1261	1715
2692	2986	1257	1729
2693	2992	1250	1742
2694	3040	1264	1776
2695	3104	1258	1846
2696	3082	1238	1844
2697	3088	1259	1829
2698	3150	1269	1881
2699	3174	1262	1912
2700	3221	1252	1969
2701	3182	1265	1917
2702	3170	1264	1906
2703	3136	1238	1898
2704	3105	1231	1874
2705	3115	1239	1876
2706	3063	1242	1821
2707	3042	1252	1790
2708	2976	1260	1716
2709	2956	1243	1713
2710	2974	1249	1725
2711	2944	1267	1677
2712	2902	1238	1664
2713	2915	1244	1671
2714	2881	1236	1645
2715	2865	1227	1638
2716	2843	1248	1595
2717	2787	1269	1518
2718	2717	1249	1468
2719	2686	1249	1437
2720	2681	1255	1426
2721	2702	1246	1456
2722	2720	1247	1473
2723	2721	1238	1483
2724	2720	1251	1469
2725	2716	1259	1457
2726	2717	1255	1462
2727	2693	1259	1434
2728	2711	1280	1431
2729	2668	1271	1397
2730	2661	1263	1398
2731	2686	1251	1435
2732	2661	1262	1399
2733	2679	1252	1427
2734	2631	1250	1381
2735	2602	1278	1324
2736	2632	1280	1352
2737	2589	1260	1329
2738	2550	1247	1303
2739	2561	1243	1318
2740	2560	1240	1320
2741	2546	1247	1299
2742	2572	1243	1329
2743	2514	1251	1263
2744	2475	1257	1218
2745	2485	1237	1248
2746	2454	1240	1214
2747	2460	1269	1191
2748	2475	1285	1190
2749	2483	1271	1212
2750	2462	1246	1216
2751	2448	1231	1217
2752	2441	1249	1192
2753	2447	1239	1208
2754	2446	1258	1188
2755	2428	1257	1171
2756	2406	1246	1160
2757	2369	1240	1129
2758	2355	1261	1094
2759	2337	1280	1057
2760	2347	1259	1088
2761	2356	1256	1100
2762	2369	1264	1105
2763	2382	1275	1107
2764	2411	1269	1142
2765	2383	1262	1121
2766	2332	1283	1049
2767	2310	1281	1029
2768	2325	1258	1067
2769	2291	1237	1054
2770	2339	1249	1090
2771	2359	1255	1104
2772	2350	1290	1060
2773	2339	1275	1064
2774	2336	1248	1088
2775	2358	1250	1108
2776	2363	1258	1105
2777	2306	1251	1055
2778	2295	1246	1049
2779	2251	1268	983
2780	2228	1262	966
2781	2202	1245	957
2782	2235	1250	985
2783	2198	1262	936
2784	2143	1236	907
2785	2145	1239	906
2786	2153	1249	904
2787	2206	1225	981
2788	2224	1225	999
2789	2240	1242	998
2790	2229	1246	983
2791	2208	1239	969
2792	2208	1244	964
2793	2189	1244	945
2794	2228	1246	982
2795	2222	1270	952
2796	2207	1264	943
2797	2188	1261	927
2798	2215	1267	948
2799	2214	1273	941
2800	2241	1261	980
2801	2246	1257	989
2802	2209	1253	956
2803	2216	1258	958
2804	2200	1267	933
2805	2195	1266	929
2806	2196	1255	941
2807	2137	1255	882
2808	2121	1277	844
2809	2091	1248	843
2810	2080	1233	847
2811	2077	1254	823
2812	2077	1251	826
2813	2093	1243	850
2814	2077	1266	811
2815	2065	1247	818
2816	2066	1250	816
2817	2091	1249	842
2818	2066	1254	812
2819	2055	1249	806
2820	2047	1230	817
2821	1996	1242	754
2822	1951	1277	674
2823	1994	1274	720
2824	1999	1256	743
2825	1955	1254	701
2826	1976	1250	726
2827	1963	1256	707
2828	1957	1253	704
2829	1977	1265	712
2830	2007	1261	746
2831	2012	1259	753
2832	2015	1266	749
2833	2040	1271	769
2834	2024	1260	764
2835	2018	1247	771
2836	2008	1249	759
2837	1942	1258	684
2838	1930	1260	670
2839	1944	1263	681
2840	1946	1277	669
2841	1924	1272	652
2842	1918	1270	648
2843	1945	1254	691
2844	1952	1244	708
2845	1921	1243	678
2846	1897	1245	652
2847	1910	1243	667
2848	1902	1267	635
2849	1876	1294	582
2850	1913	1260	653
2851	1923	1239	684
2852	1919	1222	697
2853	1889	1228	661
2854	1862	1251	611
2855	1878	1262	616
2856	1872	1250	622
2857	1875	1251	624
2858	1901	1235	666
2859	1906	1225	681
2860	1902	1263	639
2861	1926	1259	667
2862	1965	1246	719
2863	1983	1252	731
2864	1979	1272	707
2865	1903	1246	657
2866	1885	1221	664
2867	1881	1243	638
2868	1909	1246	663
2869	1939	1253	686
2870	1935	1256	679
2871	1955	1258	697
2872	1954	1252	702
2873	1924	1281	643
2874	1902	1265	637
2875	1870	1253	617
2876	1866	1254	612
2877	1868	1235	633
2878	1845	1226	619
2879	1835	1241	594
2880	1851	1260	591
2881	1801	1261	540
2882	1794	1259	535
2883	1791	1242	549
2884	1814	1245	569
2885	1809	1242	567
2886	1789	1244	545
2887	1804	1268	536
2888	1859	1260	599
2889	1839	1249	590
2890	1845	1264	581
2891	1828	1264	564
2892	1806	1246	560
2893	1777	1249	528
2894	1776	1259	517
2895	1750	1268	482
2896	1764	1270	494
2897	1763	1248	515
2898	1784	1245	539
2899	1806	1280	526
2900	1797	1271	526
2901	1751	1244	507
2902	1743	1249	494
2903	1749	1248	501
2904	1750	1264	486
2905	1735	1253	482
2906	1721	1247	474
2907	1693	1254	439
2908	1682	1255	427
2909	1674	1252	422
2910	1678	1239	439
2911	1634	1243	391
2912	1638	1252	386
2913	1660	1264	396
2914	1675	1261	414
2915	1646	1257	389
2916	1673	1276	397
2917	1651	1272	379
2918	1648	1265	383
2919	1652	1273	379
2920	1669	1257	412
2921	1690	1267	423
2922	1660	1254	406
2923	1622	1245	377
2924	1632	1259	373
2925	1600	1264	336
2926	1627	1262	365
2927	1657	1254	403
2928	1655	1241	414
2929	1648	1244	404
2930	1626	1244	382
2931	1597	1255	342
2932	1604	1259	345
2933	1616	1249	367
2934	1621	1235	386
2935	1647	1249	398
2936	1642	1275	367
2937	1637	1264	373
2938	1616	1244	372
2939	1625	1249	376
2940	1613	1268	345
2941	1588	1261	327
2942	1571	1230	341
2943	1574	1239	335
2944	1611	1243	368
2945	1582	1247	335
2946	1571	1248	323
2947	1559	1255	304
2948	1559	1236	323
2949	1559	1232	327
2950	1555	1252	303
2951	1539	1275	264
2952	1536	1264	272
2953	1514	1251	263
2954	1525	1268	257
2955	1534	1256	278
2956	1552	1242	310
2957	1537	1257	280
2958	1520	1245	275
2959	1501	1232	269
2960	1503	1244	259
2961	1520	1264	256
2962	1547	1253	294
2963	1520	1230	290
2964	1492	1249	243
2965	1528	1277	251
2966	1533	1254	279
2967	1537	1242	295
2968	1551	1261	290
2969	1522	1261	261
2970	1520	1274	246
2971	1499	1251	248
2972	1511	1238	273
2973	1519	1241	278
2974	1506	1260	246
2975	1506	1258	248
2976	1516	1247	269
2977	1519	1255	264
2978	1510	1261	249
2979	1470	1272	198
2980	1478	1284	194
2981	1492	1282	210
2982	1486	1262	224
2983	1485	1254	231
2984	1475	1231	244
2985	1476	1239	237
2986	1485	1277	208
2987	1468	1255	213
2988	1461	1259	202
2989	1470	1271	199
2990	1468	1268	200
2991	1451	1274	177
2992	1447	1250	197
2993	1448	1233	215
2994	1447	1261	186
2995	1421	1267	154
2996	1441	1262	179
2997	1451	1261	190
2998	1450	1269	181
2999	1408	1285	123
3000	1408	1258	150
3001	1429	1243	186
3002	1443	1264	179
3003	1432	1265	167
3004	1406	1270	136
3005	1387	1276	111
3006	1396	1253	143
3007	1410	1251	159
3008	1404	1260	144
3009	1405	1262	143
3010	1406	1262	144
3011	1376	1257	119
3012	1403	1246	157
3013	1402	1228	174
3014	1416	1231	185
3015	1412	1249	163
3016	1395	1271	124
3017	1400	1283	117
3018	1389	1269	120
3019	1391	1263	128
3020	1372	1252	120
3021	1362	1249	113
3022	1395	1249	146
3023	1388	1247	141
3024	1371	1254	117
3025	1381	1254	127
3026	1402	1251	151
3027	1361	1258	103
3028	1352	1255	97
3029	1367	1249	118
3030	1364	1254	110
3031	1338	1250	88
3032	1320	1261	59
3033	1321	1281	40
3034	1367	1250	117
3035	1353	1251	102
3036	1368	1262	106
3037	1359	1269	90
3038	1371	1252	119
3039	1369	1243	126
3040	1350	1229	121
3041	1339	1249	90
3042	1358	1243	115
3043	1372	1268	104
3044	1346	1254	92
3045	1339	1251	88
3046	1356	1256	100
3047	1341	1237	104
3048	1366	1239	127
3049	1361	1257	104
3050	1348	1274	74
3051	1346	1263	83
3052	1344	1274	70
3053	1347	1287	60
3054	1343	1281	62
3055	1338	1274	64
3056	1339	1270	69
3057	1329	1258	71
3058	1357	1250	107
3059	1343	1250	93
3060	1344	1257	87
3061	1344	1261	83
3062	1336	1263	73
3063	1357	1242	115
3064	1346	1254	92
3065	1326	1274	52
3066	1354	1284	70
3067	1351	1277	74
3068	1336	1253	83
3069	1334	1262	72
3070	1298	1249	49
3071	1306	1266	40
3072	1312	1245	67
3073	1281	1255	26
3074	1308	1269	39
3075	1313	1256	57
3076	1306	1247	59
3077	1310	1257	53
3078	1305	1251	54
3079	1300	1259	41
3080	1314	1267	47
3081	1317	1268	49
3082	1322	1259	63
3083	1335	1250	85
3084	1319	1261	58
3085	1297	1263	34
3086	1314	1277	37
3087	1309	1278	31
3088	1322	1259	63
3089	1314	1243	71
3090	1325	1264	61
3091	1319	1253	66
3092	1308	1245	63
3093	1313	1271	42
3094	1323	1276	47
3095	1308	1260	48
3096	1296	1256	40
3097	1298	1240	58
3098	1305	1234	71
3099	1300	1254	46
3100	1303	1260	43
3101	1309	1258	51
3102	1331	1255	76
3103	1328	1247	81
3104	1332	1249	83
3105	1306	1252	54
3106	1281	1253	28
3107	1282	1248	34
3108	1306	1258	48
3109	1303	1242	61
3110	1300	1231	69
3111	1309	1265	44
3112	1321	1286	35
3113	1301	1270	31
3114	1293	1280	13
3115	1300	1277	23
3116	1279	1274	5
3117	1269	1269	0
3118	1271	1261	10
3119	1282	1251	31
3120	1301	1235	66
3121	1303	1264	39
3122	1323	1282	41
3123	1306	1260	46
3124	1290	1257	33
3125	1294	1262	32
3126	1301	1253	48
3127	1276	1243	33
3128	1282	1261	21
3129	1274	1272	2
3130	1253	1258	-5
3131	1261	1254	7
3132	1273	1268	5
3133	1285	1260	25
3134	1291	1275	16
3135	1284	1267	17
3136	1288	1263	25
3137	1300	1280	20
3138	1299	1256	43
3139	1305	1234	71
3140	1284	1250	34
3141	1278	1263	15
3142	1272	1256	16
3143	1262	1277	-15
3144	1271	1279	-8
3145	1281	1264	17
3146	1284	1237	47
3147	1285	1243	42
3148	1258	1257	1
3149	1272	1261	11
3150	1293	1264	29
3151	1274	1272	2
3152	1263	1256	7
3153	1276	1252	24
3154	1295	1266	29
3155	1277	1257	20
3156	1284	1261	23
3157	1290	1278	12
3158	1274	1269	5
3159	1259	1258	1
3160	1267	1281	-14
3161	1277	1285	-8
3162	1281	1267	14
3163	1282	1264	18
3164	1283	1271	12
3165	1270	1283	-13
3166	1268	1268	0
3167	1275	1262	13
3168	1266	1248	18
3169	1260	1262	-2
3170	1263	1273	-10
3171	1266	1252	14
3172	1276	1230	46
3173	1256	1220	36
3174	1253	1241	12
3175	1250	1258	-8
3176	1269	1247	22
3177	1280	1253	27
3178	1270	1263	7
3179	1245	1241	4
3180	1248	1235	13
3181	1260	1255	5
3182	1295	1247	48
3183	1281	1253	28
3184	1273	1266	7
3185	1269	1247	22
3186	1299	1236	63
3187	1282	1241	41
3188	1266	1248	18
3189	1277	1258	19
3190	1279	1263	16
3191	1268	1242	26
3192	1268	1244	24
3193	1254	1257	-3
3194	1277	1250	27
3195	1277	1247	30
3196	1273	1266	7
3197	1263	1254	9
3198	1277	1241	36
3199	1269	1248	21
3200	1272	1256	16
3201	1273	1259	14
3202	1294	1266	28
3203	1300	1287	13
3204	1282	1275	7
3205	1295	1246	49
3206	1272	1256	16
3207	1248	1246	2
3208	1265	1232	33
3209	1261	1260	1
3210	1265	1254	11
3211	1267	1249	18
3212	1264	1270	-6
3213	1252	1274	-22
3214	1279	1242	37
3215	1267	1248	19
3216	1263	1261	2
3217	1259	1251	8
3218	1259	1269	-10
3219	1259	1254	5
3220	1262	1259	3
3221	1256	1263	-7
3222	1253	1240	13
3223	1266	1257	9
3224	1293	1266	27
3225	1285	1256	29
3226	1279	1258	21
3227	1262	1247	15
3228	1272	1261	11
3229	1272	1275	-3
3230	1264	1289	-25
3231	1276	1252	24
3232	1273	1216	57
3233	1224	1239	-15
3234	1266	1241	25
3235	1271	1244	27
3236	1272	1252	20
3237	1260	1251	9
3238	1259	1260	-1
3239	1244	1258	-14
3240	1271	1253	18
3241	1275	1265	10
3242	1269	1263	6
3243	1271	1268	3
3244	1279	1258	21
3245	1268	1253	15
3246	1271	1261	10
3247	1272	1230	42
3248	1276	1226	50
3249	1267	1248	19
3250	1271	1241	30
3251	1262	1238	24
3252	1279	1248	31
3253	1280	1262	18
3254	1281	1263	18
3255	1261	1263	-2
3256	1270	1258	12
3257	1252	1241	11
3258	1261	1236	25
3259	1274	1263	11
3260	1262	1254	8
3261	1256	1241	15
3262	1268	1253	15
3263	1264	1279	-15
3264	1259	1272	-13
3265	1258	1252	6
3266	1261	1247	14
3267	1271	1271	0
3268	1278	1258	20
3269	1262	1243	19
3270	1253	1253	0
3271	1258	1253	5
3272	1272	1254	18
3273	1266	1244	22
3274	1255	1227	28
3275	1241	1250	-9
3276	1248	1256	-8
3277	1257	1237	20
3278	1263	1259	4
3279	1258	1262	-4
3280	1281	1248	33
3281	1262	1245	17
3282	1267	1237	30
3283	1261	1228	33
3284	1259	1235	24
3285	1248	1252	-4
3286	1262	1245	17
3287	1238	1261	-23
3288	1253	1256	-3
3289	1278	1272	6
3290	1263	1271	-8
3291	1278	1243	35
3292	1273	1230	43
3293	1273	1245	28
3294	1292	1249	43
3295	1292	1251	41
3296	1280	1262	18
3297	1269	1254	15
3298	1284	1234	50
3299	1262	1236	26
3300	1270	1265	5
3301	1278	1269	9
3302	1263	1248	15
3303	1265	1251	14
3304	1289	1251	38
3305	1269	1256	13
3306	1260	1269	-9
3307	1256	1255	1
3308	1268	1265	3
3309	1256	1251	5
3310	1260	1241	19
3311	1262	1259	3
3312	1272	1266	6
3313	1252	1281	-29
3314	1237	1276	-39
3315	1258	1253	5
3316	1264	1254	10
3317	1252	1269	-17
3318	1257	1263	-6
3319	1252	1262	-10
3320	1258	1266	-8
3321	1252	1286	-34
3322	1277	1242	35
3323	1259	1246	13
3324	1243	1252	-9
3325	1242	1271	-29
3326	1252	1279	-27
3327	1275	1250	25
3328	1270	1238	32
3329	1261	1235	26
3330	1247	1241	6
3331	1237	1228	9
3332	1257	1239	18
3333	1273	1252	21
3334	1262	1253	9
3335	1257	1270	-13
3336	1277	1263	14
3337	1265	1276	-11
3338	1239	1270	-31
3339	1232	1269	-37
3340	1267	1277	-10
3341	1278	1263	15
3342	1262	1247	15
3343	1240	1263	-23
3344	1269	1248	21
3345	1250	1235	15
3346	1238	1251	-13
3347	1247	1247	0
3348	1262	1270	-8
3349	1249	1265	-16
3350	1283	1256	27
3351	1280	1248	32
3352	1264	1261	3
3353	1271	1268	3
3354	1281	1262	19
3355	1251	1274	-23
3356	1256	1266	-10
3357	1271	1264	7
3358	1261	1247	14
3359	1260	1231	29
3360	1247	1225	22
3361	1251	1225	26
3362	1265	1217	48
3363	1264	1250	14
3364	1277	1253	24
3365	1264	1257	7
3366	1271	1240	31
3367	1273	1244	29
3368	1297	1262	35
3369	1297	1275	22
3370	1256	1246	10
3371	1244	1259	-15
3372	1262	1274	-12
3373	1258	1280	-22
3374	1281	1271	10
3375	1268	1252	16
3376	1249	1247	2
3377	1249	1247	2
3378	1280	1249	31
3379	1268	1252	16
3380	1257	1250	7
3381	1265	1263	2
3382	1271	1266	5
3383	1271	1255	16
3384	1257	1258	-1
3385	1254	1254	0
3386	1268	1260	8
3387	1248	1271	-23
3388	1265	1240	25
3389	1272	1246	26
3390	1264	1239	25
3391	1270	1245	25
3392	1268	1254	14
3393	1255	1262	-7
3394	1285	1244	41
3395	1272	1247	25
3396	1282	1267	15
3397	1268	1268	0
3398	1254	1250	4
3399	1260	1229	31
3400	1258	1268	-10
3401	1261	1268	-7
3402	1280	1247	33
3403	1253	1243	10
3404	1252	1233	19
3405	1281	1240	41
3406	1285	1238	47
3407	1287	1257	30
3408	1295	1253	42
3409	1282	1255	27
3410	1281	1250	31
3411	1305	1254	51
3412	1305	1252	53
3413	1271	1241	30
3414	1293	1250	43
3415	1277	1268	9
3416	1277	1260	17
3417	1265	1286	-21
3418	1282	1268	14
3419	1282	1252	30
3420	1274	1252	22
3421	1277	1248	29
3422	1284	1271	13
3423	1281	1268	13
3424	1289	1250	39
3425	1289	1254	35
3426	1295	1267	28
3427	1281	1270	11
3428	1274	1267	7
3429	1276	1261	15
3430	1291	1263	28
3431	1280	1271	9
3432	1278	1268	10
3433	1280	1264	16
3434	1289	1243	46
3435	1262	1232	30
3436	1258	1232	26
3437	1259	1234	25
3438	1282	1235	47
3439	1282	1254	28
3440	1305	1249	56
3441	1282	1254	28
3442	1268	1258	10
3443	1287	1247	40
3444	1269	1257	12
3445	1274	1244	30
3446	1295	1224	71
3447	1262	1255	7
3448	1263	1270	-7
3449	1255	1269	-14
3450	1275	1246	29
3451	1261	1261	0
3452	1272	1249	23
3453	1246	1242	4
3454	1261	1243	18
3455	1269	1225	44
3456	1279	1220	59
3457	1271	1241	30
3458	1287	1245	42
3459	1281	1234	47
3460	1283	1241	42
3461	1284	1264	20
3462	1296	1261	35
3463	1270	1242	28
3464	1255	1240	15
3465	1279	1282	-3
3466	1274	1277	-3
3467	1284	1254	30
3468	1279	1267	12
3469	1296	1252	44
3470	1297	1238	59
3471	1281	1259	22
3472	1288	1250	38
3473	1286	1247	39
3474	1281	1260	21
3475	1244	1251	-7
3476	1258	1259	-1
3477	1285	1226	59
3478	1297	1227	70
3479	1284	1248	36
3480	1279	1237	42
3481	1249	1248	1
3482	1293	1258	35
3483	1285	1247	38
3484	1285	1253	32
3485	1294	1265	29
3486	1286	1268	18
3487	1268	1257	11
3488	1267	1250	17
3489	1269	1244	25
3490	1265	1238	27
3491	1266	1234	32
3492	1284	1263	21
3493	1256	1279	-23
3494	1260	1255	5
3495	1285	1247	38
3496	1280	1236	44
3497	1258	1224	34
3498	1244	1245	-1
3499	1243	1262	-19
3500	1258	1254	4
3501	1272	1231	41
3502	1284	1235	49
3503	1285	1274	11
3504	1290	1271	19
3505	1270	1264	6
3506	1270	1276	-6
3507	1264	1259	5
3508	1250	1247	3
3509	1254	1254	0
3510	1268	1248	20
3511	1262	1239	23
3512	1276	1236	40
3513	1276	1240	36
3514	1259	1248	11
3515	1247	1267	-20
3516	1262	1257	5
3517	1266	1258	8
3518	1279	1274	5
3519	1285	1274	11
3520	1258	1261	-3
3521	1273	1242	31
3522	1274	1249	25
3523	1253	1272	-19
3524	1259	1273	-14
3525	1265	1258	7
3526	1265	1243	22
3527	1253	1240	13
3528	1257	1249	8
3529	1263	1261	2
3530	1270	1234	36
3531	1264	1254	10
3532	1278	1256	22
3533	1276	1265	11
3534	1262	1267	-5
3535	1255	1267	-12
3536	1278	1245	33
3537	1274	1251	23
3538	1252	1264	-12
3539	1281	1254	27
3540	1299	1260	39
3541	1310	1240	70
3542	1299	1270	29
3543	1270	1277	-7
3544	1272	1247	25
3545	1288	1258	30
3546	1263	1239	24
3547	1286	1255	31
3548	1277	1253	24
3549	1274	1245	29
3550	1273	1271	2
3551	1276	1255	21
3552	1281	1255	26
3553	1270	1257	13
3554	1278	1238	40
3555	1279	1229	50
3556	1283	1249	34
3557	1269	1247	22
3558	1273	1242	31
3559	1259	1249	10
3560	1260	1250	10
3561	1269	1266	3
3562	1287	1262	25
3563	1292	1255	37
3564	1271	1247	24
3565	1259	1247	12
3566	1272	1266	6
3567	1281	1280	1
3568	1266	1261	5
3569	1257	1256	1
3570	1282	1263	19
3571	1271	1281	-10
3572	1263	1257	6
3573	1255	1257	-2
3574	1268	1267	1
3575	1276	1271	5
3576	1270	1272	-2
3577	1273	1270	3
3578	1259	1255	4
3579	1265	1268	-3
3580	1281	1270	11
3581	1268	1271	-3
3582	1264	1275	-11
3583	1258	1257	1
3584	1261	1244	17
3585	1290	1256	34
3586	1308	1255	53
3587	1284	1275	9
3588	1252	1282	-30
3589	1254	1244	10
3590	1281	1247	34
3591	1266	1253	13
3592	1270	1264	6
3593	1263	1254	9
3594	1277	1258	19
3595	1268	1267	1
3596	1293	1277	16
3597	1276	1280	-4
3598	1278	1251	27
3599	1275	1262	13
3600	1282	1270	12
3601	1293	1268	25
3602	1276	1261	15
3603	1257	1250	7
3604	1274	1259	15
3605	1260	1233	27
3606	1288	1247	41
3607	1291	1264	27
3608	1273	1258	15
3609	1253	1256	-3
3610	1266	1260	6
3611	1278	1277	1
3612	1280	1257	23
3613	1281	1251	30
3614	1268	1257	11
3615	1261	1249	12
3616	1276	1244	32
3617	1262	1250	12
3618	1267	1249	18
3619	1284	1263	21
3620	1290	1292	-2
3621	1266	1265	1
3622	1277	1258	19
3623	1256	1278	-22
3624	1243	1271	-28
3625	1276	1234	42
3626	1289	1233	56
3627	1273	1251	22
3628	1265	1249	16
3629	1254	1263	-9
3630	1281	1251	30
3631	1295	1260	35
3632	1249	1259	-10
3633	1245	1249	-4
3634	1265	1238	27
3635	1280	1257	23
3636	1288	1255	33
3637	1296	1272	24
3638	1315	1266	49
3639	1276	1265	11
3640	1270	1266	4
3641	1275	1242	33
3642	1281	1248	33
3643	1272	1251	21
3644	1264	1246	18
3645	1274	1261	13
3646	1279	1265	14
3647	1282	1279	3
3648	1274	1283	-9
