index	original	background	difference
-----------------------------------------------------
1	4141	1197	2944
2	4225	1199	3026
3	4299	1213	3086
4	4358	1206	3152
5	4271	1188	3083
6	4314	1191	3123
7	4359	1205	3154
8	4314	1216	3098
9	4326	1211	3115
10	4258	1202	3056
11	4322	1211	3111
12	4357	1211	3146
13	4341	1208	3133
14	4410	1212	3198
15	4420	1204	3216
16	4423	1205	3218
17	4380	1210	3170
18	4363	1222	3141
19	4386	1232	3154
20	4393	1229	3164
21	4418	1211	3207
22	4397	1213	3184
23	4416	1220	3196
24	4406	1223	3183
25	4488	1218	3270
26	4483	1227	3256
27	4410	1222	3188
28	4398	1218	3180
29	4442	1218	3224
30	4386	1225	3161
31	4394	1225	3169
32	4490	1221	3269
33	4463	1218	3245
34	4390	1219	3171
35	4428	1228	3200
36	4427	1227	3200
37	4440	1230	3210
38	4493	1233	3260
39	4453	1230	3223
40	4414	1226	3188
41	4437	1216	3221
42	4417	1217	3200
43	4404	1216	3188
44	4356	1225	3131
45	4427	1228	3199
46	4409	1224	3185
47	4414	1223	3191
48	4388	1229	3159
49	4352	1234	3118
50	4391	1233	3158
51	4364	1232	3132
52	4340	1232	3108
53	4308	1232	3076
54	4308	1226	3082
55	4295	1218	3077
56	4316	1221	3095
57	4314	1224	3090
58	4302	1232	3070
59	4316	1229	3087
60	4328	1219	3109
61	4314	1223	3091
62	4283	1235	3048
63	4263	1245	3018
64	4274	1235	3039
65	4260	1235	3025
66	4197	1227	2970
67	4196	1227	2969
68	4194	1226	2968
69	4186	1220	2966
70	4191	1235	2956
71	4252	1229	3023
72	4213	1230	2983
73	4171	1237	2934
74	4140	1237	2903
75	4162	1235	2927
76	4137	1229	2908
77	4138	1231	2907
78	4091	1239	2852
79	4108	1242	2866
80	4066	1241	2825
81	4103	1240	2863
82	4088	1236	2852
83	4071	1234	2837
84	4136	1232	2904
85	4111	1232	2879
86	4077	1232	2845
87	4070	1234	2836
88	4069	1235	2834
89	4116	1235	2881
90	4065	1238	2827
91	4028	1242	2786
92	4004	1244	2760
93	4016	1246	2770
94	4016	1234	2782
95	4042	1240	2802
96	4027	1246	2781
97	4059	1244	2815
98	4089	1236	2853
99	3990	1242	2748
100	3953	1243	2710
101	3962	1241	2721
102	4022	1244	2778
103	3961	1233	2728
104	3924	1232	2692
105	3947	1229	2718
106	3972	1232	2740
107	3992	1242	2750
108	3972	1239	2733
109	3981	1232	2749
110	3952	1236	2716
111	3990	1237	2753
112	3965	1234	2731
113	3964	1231	2733
114	3977	1226	2751
115	3981	1232	2749
116	3932	1234	2698
117	3930	1237	2693
118	3997	1243	2754
119	4021	1245	2776
120	4004	1238	2766
121	3986	1246	2740
122	3972	1240	2732
123	3952	1234	2718
124	3938	1241	2697
125	3922	1241	2681
126	3913	1250	2663
127	3892	1248	2644
128	3922	1237	2685
129	3945	1240	2705
130	3943	1247	2696
131	3993	1247	2746
132	4008	1244	2764
133	3940	1237	2703
134	3862	1235	2627
135	3871	1237	2634
136	3923	1240	2683
137	3905	1239	2666
138	3914	1242	2672
139	3878	1244	2634
140	3845	1237	2608
141	3864	1231	2633
142	3865	1235	2630
143	3861	1241	2620
144	3772	1235	2537
145	3792	1243	2549
146	3796	1244	2552
147	3783	1246	2537
148	3775	1245	2530
149	3730	1245	2485
150	3641	1250	2391
151	3693	1247	2446
152	3739	1239	2500
153	3745	1240	2505
154	3690	1234	2456
155	3720	1239	2481
156	3835	1231	2604
157	3788	1236	2552
158	3740	1224	2516
159	3773	1233	2540
160	3825	1237	2588
161	3719	1239	2480
162	3687	1242	2445
163	3763	1238	2525
164	3780	1244	2536
165	3867	1241	2626
166	3930	1229	2701
167	3979	1238	2741
168	3976	1241	2735
169	3938	1235	2703
170	3957	1236	2721
171	4016	1239	2777
172	4013	1245	2768
173	4008	1245	2763
174	4000	1245	2755
175	3959	1244	2715
176	3934	1237	2697
177	3972	1235	2737
178	4032	1243	2789
179	4010	1246	2764
180	3951	1249	2702
181	3942	1242	2700
182	4003	1237	2766
183	3995	1237	2758
184	3958	1240	2718
185	3940	1243	2697
186	3910	1243	2667
187	3957	1243	2714
188	3956	1235	2721
189	3951	1238	2713
190	3988	1240	2748
191	4031	1244	2787
192	4044	1242	2802
193	4029	1244	2785
194	3948	1241	2707
195	3970	1239	2731
196	3943	1244	2699
197	3936	1236	2700
198	3947	1236	2711
199	3981	1233	2748
200	4008	1237	2771
201	4011	1235	2776
202	4005	1234	2771
203	3922	1239	2683
204	3921	1234	2687
205	3938	1239	2699
206	3976	1238	2738
207	3977	1242	2735
208	3964	1243	2721
209	3964	1249	2715
210	4028	1254	2774
211	4008	1246	2762
212	3981	1243	2738
213	3941	1241	2700
214	3957	1238	2719
215	3950	1237	2713
216	3945	1237	2708
217	3947	1235	2712
218	3946	1225	2721
219	3977	1253	2724
220	4002	1250	2752
221	4011	1257	2754
222	3946	1252	2694
223	3952	1248	2704
224	4041	1242	2799
225	4008	1241	2767
226	3988	1241	2747
227	4018	1244	2774
228	4007	1241	2766
229	3978	1247	2731
230	3972	1240	2732
231	3985	1234	2751
232	4005	1241	2764
233	4031	1241	2790
234	4052	1245	2807
235	4041	1243	2798
236	4059	1245	2814
237	4035	1243	2792
238	4021	1234	2787
239	4009	1237	2772
240	4033	1238	2795
241	4023	1236	2787
242	4012	1242	2770
243	4031	1248	2783
244	4048	1247	2801
245	4099	1236	2863
246	4065	1236	2829
247	4042	1239	2803
248	4100	1235	2865
249	4183	1237	2946
250	4129	1245	2884
251	4100	1241	2859
252	4180	1239	2941
253	4197	1246	2951
254	4157	1248	2909
255	4130	1247	2883
256	4142	1238	2904
257	4203	1245	2958
258	4241	1248	2993
259	4180	1236	2944
260	4216	1242	2974
261	4214	1242	2972
262	4225	1240	2985
263	4242	1243	2999
264	4272	1239	3033
265	4265	1242	3023
266	4285	1246	3039
267	4339	1247	3092
268	4318	1239	3079
269	4274	1246	3028
270	4276	1246	3030
271	4324	1248	3076
272	4336	1247	3089
273	4320	1240	3080
274	4312	1246	3066
275	4372	1243	3129
276	4364	1237	3127
277	4367	1234	3133
278	4401	1229	3172
279	4431	1235	3196
280	4436	1240	3196
281	4432	1246	3186
282	4425	1253	3172
283	4473	1249	3224
284	4496	1242	3254
285	4491	1243	3248
286	4512	1243	3269
287	4487	1242	3245
288	4496	1246	3250
289	4516	1256	3260
290	4516	1253	3263
291	4482	1246	3236
292	4489	1236	3253
293	4543	1239	3304
294	4523	1239	3284
295	4523	1245	3278
296	4569	1256	3313
297	4588	1239	3349
298	4551	1245	3306
299	4537	1240	3297
300	4507	1237	3270
301	4542	1254	3288
302	4615	1245	3370
303	4609	1241	3368
304	4577	1234	3343
305	4633	1239	3394
306	4612	1239	3373
307	4581	1234	3347
308	4580	1235	3345
309	4545	1243	3302
310	4514	1247	3267
311	4532	1243	3289
312	4514	1241	3273
313	4515	1240	3275
314	4622	1239	3383
315	4615	1239	3376
316	4620	1235	3385
317	4513	1240	3273
318	4457	1244	3213
319	4550	1232	3318
320	4584	1236	3348
321	4558	1240	3318
322	4600	1242	3358
323	4606	1244	3362
324	4576	1241	3335
325	4573	1246	3327
326	4553	1259	3294
327	4525	1256	3269
328	4529	1250	3279
329	4541	1247	3294
330	4580	1248	3332
331	4614	1244	3370
332	4569	1251	3318
333	4628	1248	3380
334	4679	1243	3436
335	4665	1248	3417
336	4657	1243	3414
337	4698	1242	3456
338	4658	1238	3420
339	4654	1236	3418
340	4720	1238	3482
341	4752	1244	3508
342	4744	1240	3504
343	4783	1239	3544
344	4830	1240	3590
345	4836	1243	3593
346	4915	1244	3671
347	4932	1239	3693
348	4936	1239	3697
349	4973	1243	3730
350	4948	1244	3704
351	4946	1241	3705
352	4983	1232	3751
353	5054	1226	3828
354	5118	1230	3888
355	5121	1233	3888
356	5091	1241	3850
357	5103	1241	3862
358	5179	1234	3945
359	5193	1242	3951
360	5150	1239	3911
361	5186	1226	3960
362	5238	1234	4004
363	5299	1241	4058
364	5265	1233	4032
365	5263	1234	4029
366	5357	1237	4120
367	5288	1244	4044
368	5261	1232	4029
369	5296	1234	4062
370	5314	1244	4070
371	5283	1235	4048
372	5346	1240	4106
373	5370	1245	4125
374	5317	1241	4076
375	5324	1235	4089
376	5356	1238	4118
377	5382	1239	4143
378	5367	1246	4121
379	5407	1247	4160
380	5388	1239	4149
381	5395	1233	4162
382	5325	1221	4104
383	5328	1228	4100
384	5322	1239	4083
385	5288	1247	4041
386	5282	1253	4029
387	5222	1249	3973
388	5247	1235	4012
389	5237	1238	3999
390	5202	1229	3973
391	5177	1229	3948
392	5181	1240	3941
393	5048	1244	3804
394	4938	1247	3691
395	4947	1248	3699
396	4952	1239	3713
397	4913	1242	3671
398	4891	1237	3654
399	4908	1233	3675
400	4907	1234	3673
401	4843	1235	3608
402	4783	1233	3550
403	4753	1242	3511
404	4778	1238	3540
405	4677	1236	3441
406	4663	1239	3424
407	4685	1236	3449
408	4705	1234	3471
409	4689	1240	3449
410	4715	1242	3473
411	4689	1240	3449
412	4626	1240	3386
413	4559	1242	3317
414	4590	1241	3349
415	4626	1243	3383
416	4607	1242	3365
417	4627	1250	3377
418	4638	1246	3392
419	4593	1242	3351
420	4605	1243	3362
421	4578	1244	3334
422	4601	1246	3355
423	4615	1241	3374
424	4527	1240	3287
425	4499	1237	3262
426	4508	1246	3262
427	4557	1247	3310
428	4503	1238	3265
429	4454	1227	3227
430	4484	1238	3246
431	4484	1247	3237
432	4491	1245	3246
433	4475	1241	3234
434	4386	1240	3146
435	4424	1239	3185
436	4510	1242	3268
437	4459	1247	3212
438	4421	1247	3174
439	4429	1237	3192
440	4426	1240	3186
441	4415	1238	3177
442	4394	1238	3156
443	4347	1239	3108
444	4350	1239	3111
445	4379	1237	3142
446	4314	1238	3076
447	4372	1256	3116
448	4366	1242	3124
449	4367	1239	3128
450	4295	1238	3057
451	4273	1235	3038
452	4262	1234	3028
453	4285	1238	3047
454	4250	1233	3017
455	4262	1239	3023
456	4283	1240	3043
457	4238	1241	2997
458	4180	1241	2939
459	4215	1242	2973
460	4282	1241	3041
461	4243	1231	3012
462	4137	1235	2902
463	4111	1232	2879
464	4101	1238	2863
465	4133	1239	2894
466	4086	1232	2854
467	4134	1234	2900
468	4125	1223	2902
469	4179	1241	2938
470	4124	1228	2896
471	4115	1231	2884
472	4081	1236	2845
473	4088	1238	2850
474	4098	1236	2862
475	4037	1243	2794
476	4053	1234	2819
477	4114	1231	2883
478	4103	1240	2863
479	4033	1238	2795
480	3995	1238	2757
481	3999	1233	2766
482	4034	1237	2797
483	4026	1248	2778
484	3929	1247	2682
485	3941	1234	2707
486	3946	1244	2702
487	3961	1248	2713
488	3922	1249	2673
489	3981	1249	2732
490	3968	1241	2727
491	4001	1238	2763
492	4016	1235	2781
493	3906	1236	2670
494	3915	1238	2677
495	3951	1244	2707
496	3925	1240	2685
497	3953	1235	2718
498	3971	1238	2733
499	3974	1234	2740
500	3955	1231	2724
501	3903	1231	2672
502	3866	1234	2632
503	3915	1235	2680
504	3921	1241	2680
505	3873	1232	2641
506	3881	1231	2650
507	3894	1240	2654
508	3879	1240	2639
509	3873	1237	2636
510	3812	1236	2576
511	3829	1240	2589
512	3834	1243	2591
513	3901	1236	2665
514	3897	1241	2656
515	3875	1241	2634
516	3834	1239	2595
517	3853	1244	2609
518	3864	1239	2625
519	3909	1234	2675
520	3915	1237	2678
521	3866	1242	2624
522	3842	1246	2596
523	3864	1237	2627
524	3880	1237	2643
525	3852	1244	2608
526	3823	1245	2578
527	3847	1249	2598
528	3916	1244	2672
529	3905	1241	2664
530	3868	1240	2628
531	3893	1240	2653
532	3902	1238	2664
533	3918	1236	2682
534	3861	1239	2622
535	3826	1245	2581
536	3822	1256	2566
537	3878	1247	2631
538	3892	1238	2654
539	3812	1244	2568
540	3829	1246	2583
541	3860	1242	2618
542	3806	1244	2562
543	3816	1248	2568
544	3832	1249	2583
545	3823	1252	2571
546	3829	1240	2589
547	3850	1244	2606
548	3901	1238	2663
549	3920	1235	2685
550	3880	1234	2646
551	3899	1239	2660
552	3872	1239	2633
553	3877	1233	2644
554	3932	1234	2698
555	3941	1227	2714
556	3939	1231	2708
557	4046	1234	2812
558	4041	1238	2803
559	3977	1246	2731
560	4037	1238	2799
561	4090	1236	2854
562	4048	1233	2815
563	3973	1233	2740
564	3961	1238	2723
565	4017	1234	2783
566	4037	1236	2801
567	4077	1240	2837
568	4093	1234	2859
569	4094	1234	2860
570	4109	1237	2872
571	4103	1244	2859
572	4155	1241	2914
573	4131	1241	2890
574	4089	1242	2847
575	4122	1240	2882
576	4095	1236	2859
577	4088	1236	2852
578	4059	1228	2831
579	4039	1226	2813
580	4133	1235	2898
581	4133	1246	2887
582	4123	1242	2881
583	4104	1241	2863
584	4099	1239	2860
585	4114	1239	2875
586	4103	1236	2867
587	4111	1233	2878
588	4122	1236	2886
589	4110	1241	2869
590	4095	1240	2855
591	4077	1226	2851
592	4116	1230	2886
593	4119	1241	2878
594	4107	1232	2875
595	4069	1239	2830
596	4069	1247	2822
597	4123	1240	2883
598	4084	1233	2851
599	4038	1227	2811
600	4045	1241	2804
601	4073	1245	2828
602	4070	1237	2833
603	4055	1240	2815
604	4069	1241	2828
605	4095	1243	2852
606	4045	1247	2798
607	4031	1233	2798
608	4077	1232	2845
609	4051	1234	2817
610	4026	1235	2791
611	3996	1243	2753
612	4005	1240	2765
613	4030	1244	2786
614	3970	1245	2725
615	3914	1241	2673
616	3938	1233	2705
617	3974	1234	2740
618	3955	1249	2706
619	3971	1259	2712
620	3973	1253	2720
621	3958	1245	2713
622	3955	1237	2718
623	3985	1233	2752
624	4047	1238	2809
625	4017	1245	2772
626	3941	1248	2693
627	3942	1255	2687
628	3928	1249	2679
629	3970	1243	2727
630	3915	1250	2665
631	3889	1246	2643
632	3886	1237	2649
633	3909	1247	2662
634	3873	1250	2623
635	3872	1251	2621
636	3834	1249	2585
637	3805	1235	2570
638	3862	1250	2612
639	3861	1256	2605
640	3810	1242	2568
641	3793	1239	2554
642	3807	1244	2563
643	3795	1245	2550
644	3751	1244	2507
645	3777	1245	2532
646	3756	1244	2512
647	3784	1239	2545
648	3717	1242	2475
649	3707	1239	2468
650	3770	1237	2533
651	3818	1239	2579
652	3699	1237	2462
653	3718	1242	2476
654	3679	1234	2445
655	3654	1236	2418
656	3644	1237	2407
657	3708	1227	2481
658	3685	1228	2457
659	3701	1239	2462
660	3717	1235	2482
661	3669	1233	2436
662	3642	1234	2408
663	3686	1240	2446
664	3605	1233	2372
665	3588	1239	2349
666	3588	1232	2356
667	3601	1231	2370
668	3659	1235	2424
669	3660	1231	2429
670	3607	1240	2367
671	3617	1248	2369
672	3665	1242	2423
673	3618	1244	2374
674	3644	1239	2405
675	3603	1226	2377
676	3618	1224	2394
677	3620	1232	2388
678	3582	1229	2353
679	3604	1224	2380
680	3609	1237	2372
681	3618	1250	2368
682	3590	1245	2345
683	3580	1237	2343
684	3570	1236	2334
685	3633	1245	2388
686	3648	1251	2397
687	3626	1245	2381
688	3639	1246	2393
689	3635	1245	2390
690	3649	1239	2410
691	3660	1234	2426
692	3637	1244	2393
693	3611	1239	2372
694	3631	1242	2389
695	3645	1250	2395
696	3650	1243	2407
697	3668	1243	2425
698	3659	1234	2425
699	3652	1238	2414
700	3649	1243	2406
701	3632	1242	2390
702	3633	1253	2380
703	3715	1249	2466
704	3716	1240	2476
705	3645	1237	2408
706	3661	1240	2421
707	3674	1243	2431
708	3687	1238	2449
709	3622	1242	2380
710	3651	1240	2411
711	3675	1245	2430
712	3617	1253	2364
713	3652	1248	2404
714	3653	1241	2412
715	3679	1239	2440
716	3713	1245	2468
717	3702	1238	2464
718	3663	1215	2448
719	3738	1250	2488
720	3717	1239	2478
721	3739	1234	2505
722	3793	1239	2554
723	3745	1242	2503
724	3731	1239	2492
725	3702	1237	2465
726	3749	1245	2504
727	3721	1248	2473
728	3692	1242	2450
729	3753	1237	2516
730	3783	1247	2536
731	3780	1249	2531
732	3797	1244	2553
733	3804	1240	2564
734	3807	1237	2570
735	3827	1237	2590
736	3851	1234	2617
737	3838	1232	2606
738	3814	1240	2574
739	3836	1240	2596
740	3876	1240	2636
741	3883	1233	2650
742	3879	1239	2640
743	3892	1242	2650
744	3880	1234	2646
745	3873	1232	2641
746	3818	1235	2583
747	3830	1244	2586
748	3872	1239	2633
749	3888	1231	2657
750	3884	1230	2654
751	3884	1223	2661
752	3909	1220	2689
753	3953	1229	2724
754	3925	1236	2689
755	3903	1231	2672
756	3907	1238	2669
757	3879	1240	2639
758	3941	1236	2705
759	3965	1233	2732
760	3923	1227	2696
761	3889	1233	2656
762	3895	1247	2648
763	3954	1237	2717
764	3959	1233	2726
765	4010	1239	2771
766	3962	1242	2720
767	3909	1236	2673
768	3929	1239	2690
769	3941	1236	2705
770	3912	1241	2671
771	3935	1239	2696
772	3944	1240	2704
773	3964	1232	2732
774	3918	1239	2679
775	3976	1237	2739
776	4031	1231	2800
777	3967	1238	2729
778	3961	1246	2715
779	4003	1242	2761
780	3993	1234	2759
781	3987	1232	2755
782	3955	1241	2714
783	3933	1242	2691
784	3962	1233	2729
785	3937	1238	2699
786	3915	1238	2677
787	3929	1237	2692
788	3916	1239	2677
789	3910	1234	2676
790	3889	1230	2659
791	3916	1234	2682
792	3908	1249	2659
793	3840	1248	2592
794	3822	1244	2578
795	3826	1240	2586
796	3802	1240	2562
797	3755	1240	2515
798	3807	1235	2572
799	3827	1238	2589
800	3798	1233	2565
801	3744	1237	2507
802	3728	1236	2492
803	3797	1238	2559
804	3767	1238	2529
805	3782	1240	2542
806	3769	1238	2531
807	3758	1226	2532
808	3702	1232	2470
809	3706	1233	2473
810	3716	1228	2488
811	3734	1233	2501
812	3669	1236	2433
813	3626	1240	2386
814	3681	1243	2438
815	3713	1250	2463
816	3714	1242	2472
817	3706	1237	2469
818	3567	1232	2335
819	3633	1238	2395
820	3697	1243	2454
821	3669	1249	2420
822	3651	1243	2408
823	3616	1245	2371
824	3672	1243	2429
825	3670	1249	2421
826	3674	1251	2423
827	3613	1244	2369
828	3611	1243	2368
829	3620	1245	2375
830	3608	1240	2368
831	3612	1237	2375
832	3586	1237	2349
833	3608	1237	2371
834	3632	1241	2391
835	3556	1252	2304
836	3539	1247	2292
837	3597	1234	2363
838	3620	1234	2386
839	3608	1241	2367
840	3587	1241	2346
841	3554	1238	2316
842	3587	1241	2346
843	3575	1239	2336
844	3506	1236	2270
845	3507	1230	2277
846	3514	1240	2274
847	3474	1237	2237
848	3496	1240	2256
849	3524	1237	2287
850	3519	1244	2275
851	3476	1234	2242
852	3468	1236	2232
853	3504	1245	2259
854	3529	1240	2289
855	3480	1238	2242
856	3446	1238	2208
857	3475	1240	2235
858	3516	1242	2274
859	3489	1233	2256
860	3411	1237	2174
861	3406	1244	2162
862	3477	1239	2238
863	3498	1234	2264
864	3448	1237	2211
865	3427	1239	2188
866	3465	1227	2238
867	3482	1235	2247
868	3491	1236	2255
869	3493	1237	2256
870	3478	1244	2234
871	3491	1241	2250
872	3491	1239	2252
873	3447	1233	2214
874	3442	1232	2210
875	3481	1243	2238
876	3455	1246	2209
877	3402	1235	2167
878	3464	1238	2226
879	3483	1246	2237
880	3413	1249	2164
881	3415	1256	2159
882	3431	1244	2187
883	3431	1243	2188
884	3471	1238	2233
885	3423	1238	2185
886	3390	1244	2146
887	3398	1253	2145
888	3417	1256	2161
889	3450	1243	2207
890	3419	1243	2176
891	3441	1242	2199
892	3444	1237	2207
893	3437	1235	2202
894	3460	1235	2225
895	3472	1245	2227
896	3465	1240	2225
897	3464	1237	2227
898	3507	1239	2268
899	3512	1237	2275
900	3413	1232	2181
901	3394	1233	2161
902	3411	1238	2173
903	3471	1235	2236
904	3437	1226	2211
905	3428	1234	2194
906	3447	1241	2206
907	3436	1239	2197
908	3455	1232	2223
909	3449	1237	2212
910	3452	1245	2207
911	3466	1245	2221
912	3426	1237	2189
913	3463	1240	2223
914	3473	1238	2235
915	3481	1238	2243
916	3489	1243	2246
917	3550	1244	2306
918	3509	1240	2269
919	3459	1236	2223
920	3444	1233	2211
921	3461	1243	2218
922	3460	1235	2225
923	3489	1221	2268
924	3542	1237	2305
925	3568	1242	2326
926	3538	1237	2301
927	3525	1245	2280
928	3555	1243	2312
929	3559	1231	2328
930	3543	1234	2309
931	3585	1247	2338
932	3534	1250	2284
933	3533	1246	2287
934	3513	1234	2279
935	3559	1236	2323
936	3537	1245	2292
937	3599	1244	2355
938	3642	1244	2398
939	3683	1246	2437
940	3626	1250	2376
941	3603	1245	2358
942	3616	1248	2368
943	3665	1250	2415
944	3688	1241	2447
945	3624	1240	2384
946	3611	1236	2375
947	3632	1227	2405
948	3689	1233	2456
949	3674	1237	2437
950	3624	1236	2388
951	3620	1245	2375
952	3670	1242	2428
953	3659	1243	2416
954	3635	1243	2392
955	3630	1231	2399
956	3662	1240	2422
957	3690	1244	2446
958	3709	1243	2466
959	3668	1240	2428
960	3656	1244	2412
961	3665	1253	2412
962	3636	1249	2387
963	3708	1247	2461
964	3716	1244	2472
965	3711	1234	2477
966	3669	1235	2434
967	3663	1235	2428
968	3628	1231	2397
969	3616	1251	2365
970	3639	1237	2402
971	3699	1231	2468
972	3684	1241	2443
973	3711	1251	2460
974	3697	1252	2445
975	3720	1240	2480
976	3682	1239	2443
977	3685	1246	2439
978	3729	1245	2484
979	3682	1236	2446
980	3638	1232	2406
981	3674	1238	2436
982	3692	1232	2460
983	3682	1251	2431
984	3685	1250	2435
985	3701	1242	2459
986	3721	1246	2475
987	3679	1250	2429
988	3689	1244	2445
989	3745	1244	2501
990	3747	1250	2497
991	3736	1244	2492
992	3755	1238	2517
993	3747	1235	2512
994	3751	1238	2513
995	3751	1238	2513
996	3740	1238	2502
997	3761	1234	2527
998	3765	1232	2533
999	3788	1238	2550
1000	3759	1246	2513
1001	3798	1252	2546
1002	3761	1239	2522
1003	3777	1238	2539
1004	3792	1245	2547
1005	3766	1235	2531
1006	3731	1237	2494
1007	3742	1250	2492
1008	3735	1245	2490
1009	3679	1243	2436
1010	3728	1242	2486
1011	3809	1239	2570
1012	3757	1249	2508
1013	3695	1248	2447
1014	3738	1241	2497
1015	3745	1233	2512
1016	3678	1233	2445
1017	3740	1239	2501
1018	3764	1244	2520
1019	3687	1245	2442
1020	3706	1242	2464
1021	3798	1244	2554
1022	3728	1245	2483
1023	3732	1237	2495
1024	3757	1244	2513
1025	3776	1242	2534
1026	3827	1238	2589
1027	3778	1236	2542
1028	3714	1239	2475
1029	3752	1238	2514
1030	3783	1243	2540
1031	3801	1238	2563
1032	3818	1240	2578
1033	3859	1240	2619
1034	3833	1236	2597
1035	3827	1238	2589
1036	3817	1240	2577
1037	3883	1240	2643
1038	3932	1236	2696
1039	3916	1235	2681
1040	3958	1239	2719
1041	3984	1246	2738
1042	3972	1243	2729
1043	3995	1239	2756
1044	4051	1232	2819
1045	4031	1240	2791
1046	4058	1237	2821
1047	4084	1238	2846
1048	4096	1242	2854
1049	4168	1238	2930
1050	4218	1231	2987
1051	4264	1240	3024
1052	4312	1244	3068
1053	4344	1239	3105
1054	4379	1242	3137
1055	4467	1238	3229
1056	4473	1239	3234
1057	4510	1243	3267
1058	4538	1237	3301
1059	4630	1236	3394
1060	4743	1240	3503
1061	4725	1241	3484
1062	4764	1249	3515
1063	4846	1245	3601
1064	4910	1242	3668
1065	4985	1246	3739
1066	5009	1242	3767
1067	5110	1231	3879
1068	5075	1232	3843
1069	5110	1242	3868
1070	5177	1238	3939
1071	5285	1243	4042
1072	5393	1241	4152
1073	5392	1235	4157
1074	5431	1234	4197
1075	5455	1242	4213
1076	5534	1243	4291
1077	5636	1239	4397
1078	5665	1235	4430
1079	5723	1237	4486
1080	5782	1244	4538
1081	5826	1246	4580
1082	5838	1241	4597
1083	5854	1237	4617
1084	5961	1243	4718
1085	6038	1243	4795
1086	6022	1238	4784
1087	6048	1242	4806
1088	6140	1239	4901
1089	6189	1242	4947
1090	6205	1239	4966
1091	6299	1234	5065
1092	6316	1235	5081
1093	6369	1229	5140
1094	6538	1229	5309
1095	6586	1232	5354
1096	6559	1237	5322
1097	6611	1247	5364
1098	6734	1243	5491
1099	6679	1247	5432
1100	6649	1233	5416
1101	6729	1228	5501
1102	6743	1233	5510
1103	6779	1234	5545
1104	6884	1228	5656
1105	6994	1234	5760
1106	7077	1229	5848
1107	7135	1230	5905
1108	7131	1239	5892
1109	7175	1250	5925
1110	7153	1241	5912
1111	7157	1243	5914
1112	7222	1240	5982
1113	7346	1232	6114
1114	7369	1239	6130
1115	7431	1240	6191
1116	7476	1245	6231
1117	7521	1240	6281
1118	7587	1250	6337
1119	7596	1250	6346
1120	7587	1237	6350
1121	7649	1244	6405
1122	7746	1243	6503
1123	7772	1250	6522
1124	7818	1243	6575
1125	7862	1243	6619
1126	7863	1253	6610
1127	7951	1245	6706
1128	8012	1242	6770
1129	8048	1240	6808
1130	8133	1234	6899
1131	8177	1240	6937
1132	8254	1247	7007
1133	8287	1241	7046
1134	8358	1232	7126
1135	8360	1231	7129
1136	8399	1243	7156
1137	8395	1247	7148
1138	8490	1242	7248
1139	8509	1241	7268
1140	8539	1240	7299
1141	8595	1249	7346
1142	8589	1243	7346
1143	8729	1235	7494
1144	8729	1238	7491
1145	8725	1242	7483
1146	8774	1245	7529
1147	8856	1246	7610
1148	8888	1238	7650
1149	8891	1236	7655
1150	8943	1244	7699
1151	8896	1241	7655
1152	8874	1241	7633
1153	8921	1243	7678
1154	8965	1252	7713
1155	8943	1234	7709
1156	8922	1242	7680
1157	8941	1249	7692
1158	8983	1244	7739
1159	9095	1246	7849
1160	9124	1230	7894
1161	9203	1233	7970
1162	9247	1239	8008
1163	9399	1229	8170
1164	9504	1225	8279
1165	9592	1243	8349
1166	9619	1248	8371
1167	9608	1246	8362
1168	9708	1247	8461
1169	9781	1251	8530
1170	9908	1242	8666
1171	9939	1242	8697
1172	9935	1251	8684
1173	10038	1242	8796
1174	9986	1235	8751
1175	9893	1241	8652
1176	9903	1238	8665
1177	9838	1238	8600
1178	9833	1234	8599
1179	9777	1240	8537
1180	9758	1248	8510
1181	9618	1247	8371
1182	9517	1246	8271
1183	9511	1252	8259
1184	9396	1247	8149
1185	9314	1241	8073
1186	9231	1237	7994
1187	9086	1241	7845
1188	9069	1247	7822
1189	8923	1247	7676
1190	8790	1238	7552
1191	8726	1239	7487
1192	8551	1230	7321
1193	8448	1231	7217
1194	8371	1234	7137
1195	8311	1243	7068
1196	8448	1246	7202
1197	8391	1245	7146
1198	8315	1247	7068
1199	8384	1246	7138
1200	8357	1244	7113
1201	8358	1239	7119
1202	8425	1237	7188
1203	8463	1235	7228
1204	8453	1240	7213
1205	8551	1246	7305
1206	8581	1240	7341
1207	8566	1233	7333
1208	8642	1235	7407
1209	8642	1236	7406
1210	8604	1230	7374
1211	8607	1234	7373
1212	8501	1236	7265
1213	8445	1234	7211
1214	8449	1241	7208
1215	8361	1251	7110
1216	8176	1239	6937
1217	8165	1235	6930
1218	8155	1217	6938
1219	8037	1247	6790
1220	7967	1244	6723
1221	7992	1241	6751
1222	8027	1234	6793
1223	7969	1240	6729
1224	7830	1242	6588
1225	7830	1238	6592
1226	7753	1231	6522
1227	7647	1233	6414
1228	7660	1230	6430
1229	7647	1239	6408
1230	7490	1236	6254
1231	7473	1236	6237
1232	7425	1237	6188
1233	7374	1248	6126
1234	7275	1240	6035
1235	7313	1243	6070
1236	7205	1241	5964
1237	7074	1236	5838
1238	7016	1243	5773
1239	6908	1241	5667
1240	6832	1240	5592
1241	6679	1242	5437
1242	6629	1232	5397
1243	6553	1225	5328
1244	6444	1237	5207
1245	6410	1244	5166
1246	6339	1243	5096
1247	6331	1238	5093
1248	6201	1234	4967
1249	6178	1239	4939
1250	6137	1239	4898
1251	6071	1238	4833
1252	6073	1238	4835
1253	6056	1230	4826
1254	5996	1234	4762
1255	5989	1240	4749
1256	6059	1245	4814
1257	6038	1250	4788
1258	6044	1237	4807
1259	6062	1241	4821
1260	6081	1237	4844
1261	6118	1235	4883
1262	6141	1239	4902
1263	6136	1237	4899
1264	6164	1247	4917
1265	6208	1234	4974
1266	6211	1236	4975
1267	6253	1249	5004
1268	6345	1247	5098
1269	6428	1246	5182
1270	6538	1240	5298
1271	6492	1254	5238
1272	6432	1256	5176
1273	6471	1246	5225
1274	6463	1235	5228
1275	6579	1240	5339
1276	6601	1252	5349
1277	6668	1249	5419
1278	6658	1241	5417
1279	6604	1246	5358
1280	6645	1242	5403
1281	6744	1233	5511
1282	6677	1230	5447
1283	6647	1245	5402
1284	6515	1244	5271
1285	6477	1236	5241
1286	6468	1238	5230
1287	6424	1245	5179
1288	6384	1245	5139
1289	6292	1236	5056
1290	6271	1239	5032
1291	6197	1242	4955
1292	6199	1241	4958
1293	6202	1247	4955
1294	6127	1237	4890
1295	6049	1238	4811
1296	6066	1234	4832
1297	6073	1239	4834
1298	5995	1234	4761
1299	5945	1228	4717
1300	5888	1227	4661
1301	5837	1239	4598
1302	5837	1238	4599
1303	5778	1233	4545
1304	5735	1238	4497
1305	5660	1241	4419
1306	5542	1234	4308
1307	5533	1236	4297
1308	5564	1248	4316
1309	5568	1246	4322
1310	5637	1253	4384
1311	5635	1256	4379
1312	5546	1246	4300
1313	5552	1237	4315
1314	5628	1241	4387
1315	5658	1223	4435
1316	5652	1231	4421
1317	5667	1245	4422
1318	5679	1241	4438
1319	5665	1239	4426
1320	5717	1240	4477
1321	5770	1241	4529
1322	5789	1240	4549
1323	5862	1249	4613
1324	5862	1251	4611
1325	5859	1239	4620
1326	5834	1243	4591
1327	5826	1254	4572
1328	5877	1239	4638
1329	5816	1240	4576
1330	5834	1245	4589
1331	5850	1241	4609
1332	5858	1248	4610
1333	5878	1240	4638
1334	5921	1242	4679
1335	5908	1247	4661
1336	5923	1243	4680
1337	5957	1227	4730
1338	5935	1233	4702
1339	5888	1240	4648
1340	5821	1235	4586
1341	5865	1234	4631
1342	5876	1232	4644
1343	5840	1232	4608
1344	5751	1236	4515
1345	5755	1228	4527
1346	5761	1229	4532
1347	5771	1249	4522
1348	5828	1252	4576
1349	5872	1243	4629
1350	5806	1243	4563
1351	5804	1226	4578
1352	5816	1228	4588
1353	5791	1222	4569
1354	5848	1221	4627
1355	5868	1233	4635
1356	5853	1237	4616
1357	5894	1238	4656
1358	5848	1237	4611
1359	5741	1242	4499
1360	5795	1244	4551
1361	5870	1246	4624
1362	5863	1243	4620
1363	5841	1236	4605
1364	5794	1240	4554
1365	5785	1247	4538
1366	5736	1239	4497
1367	5673	1235	4438
1368	5686	1246	4440
1369	5675	1241	4434
1370	5746	1226	4520
1371	5703	1238	4465
1372	5605	1244	4361
1373	5580	1242	4338
1374	5595	1242	4353
1375	5492	1232	4260
1376	5479	1237	4242
1377	5478	1244	4234
1378	5440	1237	4203
1379	5465	1241	4224
1380	5450	1242	4208
1381	5477	1238	4239
1382	5428	1237	4191
1383	5414	1248	4166
1384	5416	1252	4164
1385	5421	1244	4177
1386	5424	1230	4194
1387	5449	1223	4226
1388	5424	1236	4188
1389	5392	1247	4145
1390	5392	1246	4146
1391	5336	1236	4100
1392	5361	1233	4128
1393	5332	1239	4093
1394	5281	1241	4040
1395	5299	1239	4060
1396	5289	1238	4051
1397	5268	1233	4035
1398	5217	1235	3982
1399	5259	1235	4024
1400	5207	1240	3967
1401	5121	1238	3883
1402	5144	1238	3906
1403	5156	1237	3919
1404	5093	1237	3856
1405	5137	1235	3902
1406	5087	1235	3852
1407	5125	1234	3891
1408	5117	1234	3883
1409	5159	1242	3917
1410	5188	1243	3945
1411	5142	1240	3902
1412	5124	1245	3879
1413	5072	1246	3826
1414	5095	1240	3855
1415	5109	1244	3865
1416	5072	1243	3829
1417	5129	1237	3892
1418	5145	1233	3912
1419	5138	1244	3894
1420	5170	1241	3929
1421	5184	1233	3951
1422	5198	1243	3955
1423	5150	1249	3901
1424	5121	1252	3869
1425	5137	1244	3893
1426	5154	1242	3912
1427	5133	1240	3893
1428	5090	1247	3843
1429	5121	1246	3875
1430	5131	1239	3892
1431	5079	1236	3843
1432	5019	1239	3780
1433	5069	1242	3827
1434	5077	1246	3831
1435	5104	1245	3859
1436	5036	1240	3796
1437	4989	1237	3752
1438	5012	1243	3769
1439	5012	1242	3770
1440	4925	1246	3679
1441	4930	1248	3682
1442	4984	1242	3742
1443	5010	1230	3780
1444	4986	1228	3758
1445	4936	1237	3699
1446	4935	1236	3699
1447	4903	1238	3665
1448	4876	1239	3637
1449	4857	1236	3621
1450	4904	1225	3679
1451	4946	1242	3704
1452	4909	1242	3667
1453	4893	1237	3656
1454	4876	1242	3634
1455	4869	1237	3632
1456	4876	1239	3637
1457	4976	1246	3730
1458	4921	1241	3680
1459	4888	1240	3648
1460	4896	1246	3650
1461	4877	1248	3629
1462	4852	1241	3611
1463	4846	1236	3610
1464	4825	1236	3589
1465	4760	1244	3516
1466	4711	1236	3475
1467	4754	1228	3526
1468	4754	1224	3530
1469	4765	1257	3508
1470	4637	1243	3394
1471	4622	1237	3385
1472	4612	1240	3372
1473	4588	1231	3357
1474	4573	1235	3338
1475	4533	1243	3290
1476	4485	1241	3244
1477	4465	1241	3224
1478	4461	1242	3219
1479	4522	1242	3280
1480	4508	1243	3265
1481	4451	1245	3206
1482	4361	1242	3119
1483	4391	1234	3157
1484	4382	1231	3151
1485	4366	1234	3132
1486	4358	1235	3123
1487	4384	1237	3147
1488	4327	1243	3084
1489	4299	1235	3064
1490	4237	1241	2996
1491	4240	1246	2994
1492	4265	1245	3020
1493	4238	1248	2990
1494	4202	1238	2964
1495	4201	1234	2967
1496	4140	1231	2909
1497	4156	1235	2921
1498	4161	1243	2918
1499	4111	1242	2869
1500	4159	1236	2923
1501	4122	1228	2894
1502	4082	1237	2845
1503	4065	1247	2818
1504	4081	1251	2830
1505	4039	1239	2800
1506	4024	1244	2780
1507	4020	1241	2779
1508	4013	1237	2776
1509	4044	1239	2805
1510	3998	1246	2752
1511	3995	1239	2756
1512	4032	1238	2794
1513	3960	1240	2720
1514	3914	1232	2682
1515	3904	1237	2667
1516	3873	1244	2629
1517	3919	1243	2676
1518	3883	1240	2643
1519	3887	1250	2637
1520	3866	1244	2622
1521	3851	1235	2616
1522	3832	1243	2589
1523	3808	1245	2563
1524	3812	1252	2560
1525	3803	1242	2561
1526	3876	1233	2643
1527	3869	1237	2632
1528	3850	1246	2604
1529	3928	1247	2681
1530	3940	1242	2698
1531	3923	1245	2678
1532	3937	1236	2701
1533	3966	1238	2728
1534	3916	1236	2680
1535	3917	1236	2681
1536	3906	1225	2681
1537	3903	1231	2672
1538	3926	1243	2683
1539	3952	1240	2712
1540	3956	1231	2725
1541	3902	1236	2666
1542	3811	1244	2567
1543	3824	1238	2586
1544	3834	1239	2595
1545	3812	1237	2575
1546	3777	1225	2552
1547	3748	1231	2517
1548	3743	1239	2504
1549	3729	1244	2485
1550	3688	1259	2429
1551	3602	1251	2351
1552	3587	1246	2341
1553	3552	1249	2303
1554	3552	1245	2307
1555	3576	1236	2340
1556	3560	1245	2315
1557	3580	1247	2333
1558	3608	1252	2356
1559	3553	1239	2314
1560	3476	1233	2243
1561	3476	1232	2244
1562	3447	1236	2211
1563	3427	1251	2176
1564	3449	1245	2204
1565	3415	1246	2169
1566	3416	1248	2168
1567	3405	1248	2157
1568	3430	1244	2186
1569	3409	1237	2172
1570	3337	1235	2102
1571	3306	1240	2066
1572	3351	1239	2112
1573	3408	1239	2169
1574	3379	1248	2131
1575	3308	1242	2066
1576	3291	1241	2050
1577	3359	1231	2128
1578	3314	1228	2086
1579	3303	1234	2069
1580	3291	1239	2052
1581	3316	1243	2073
1582	3286	1239	2047
1583	3275	1234	2041
1584	3277	1235	2042
1585	3300	1243	2057
1586	3278	1245	2033
1587	3299	1239	2060
1588	3276	1228	2048
1589	3250	1239	2011
1590	3247	1239	2008
1591	3241	1240	2001
1592	3260	1240	2020
1593	3280	1241	2039
1594	3219	1237	1982
1595	3239	1228	2011
1596	3254	1238	2016
1597	3226	1245	1981
1598	3216	1234	1982
1599	3218	1240	1978
1600	3204	1237	1967
1601	3200	1243	1957
1602	3181	1234	1947
1603	3149	1239	1910
1604	3099	1238	1861
1605	3106	1229	1877
1606	3086	1230	1856
1607	3041	1231	1810
1608	3042	1244	1798
1609	3067	1244	1823
1610	3054	1241	1813
1611	3028	1239	1789
1612	3019	1244	1775
1613	3051	1245	1806
1614	3031	1250	1781
1615	3034	1244	1790
1616	3004	1234	1770
1617	2995	1241	1754
1618	2965	1248	1717
1619	2988	1235	1753
1620	2987	1242	1745
1621	3007	1244	1763
1622	3018	1243	1775
1623	2982	1243	1739
1624	2996	1230	1766
1625	2932	1234	1698
1626	2917	1236	1681
1627	2962	1241	1721
1628	2989	1237	1752
1629	2953	1233	1720
1630	2865	1229	1636
1631	2884	1234	1650
1632	2901	1234	1667
1633	2900	1237	1663
1634	2913	1233	1680
1635	2929	1239	1690
1636	2897	1241	1656
1637	2926	1248	1678
1638	2931	1244	1687
1639	2978	1233	1745
1640	2969	1245	1724
1641	2976	1246	1730
1642	2972	1246	1726
1643	2979	1243	1736
1644	3010	1228	1782
1645	3032	1234	1798
1646	3030	1234	1796
1647	3093	1231	1862
1648	3087	1236	1851
1649	3090	1240	1850
1650	3065	1245	1820
1651	3026	1245	1781
1652	3043	1229	1814
1653	3096	1253	1843
1654	3131	1246	1885
1655	3075	1244	1831
1656	3084	1243	1841
1657	3121	1246	1875
1658	3103	1248	1855
1659	3066	1251	1815
1660	3024	1238	1786
1661	3058	1239	1819
1662	3083	1240	1843
1663	3037	1237	1800
1664	3035	1248	1787
1665	3070	1253	1817
1666	3035	1261	1774
1667	3031	1249	1782
1668	3040	1236	1804
1669	3047	1240	1807
1670	3073	1239	1834
1671	3123	1239	1884
1672	3121	1237	1884
1673	3105	1243	1862
1674	3073	1232	1841
1675	3104	1235	1869
1676	3076	1237	1839
1677	3092	1243	1849
1678	3103	1240	1863
1679	3106	1232	1874
1680	3078	1243	1835
1681	3054	1237	1817
1682	3090	1236	1854
1683	3082	1243	1839
1684	3095	1244	1851
1685	3052	1249	1803
1686	3041	1252	1789
1687	3037	1242	1795
1688	3049	1236	1813
1689	3050	1233	1817
1690	3025	1234	1791
1691	3046	1245	1801
1692	3046	1247	1799
1693	3013	1240	1773
1694	3006	1237	1769
1695	2991	1235	1756
1696	3013	1235	1778
1697	3043	1241	1802
1698	2972	1244	1728
1699	2966	1243	1723
1700	2923	1236	1687
1701	2934	1238	1696
1702	2955	1240	1715
1703	2964	1239	1725
1704	2968	1240	1728
1705	2963	1238	1725
1706	2912	1245	1667
1707	2947	1237	1710
1708	2937	1235	1702
1709	2960	1238	1722
1710	2928	1232	1696
1711	2982	1241	1741
1712	2979	1245	1734
1713	2936	1233	1703
1714	2950	1232	1718
1715	2982	1236	1746
1716	3000	1232	1768
1717	2984	1234	1750
1718	2963	1225	1738
1719	3038	1254	1784
1720	2992	1235	1757
1721	3006	1236	1770
1722	2994	1245	1749
1723	2988	1253	1735
1724	2953	1246	1707
1725	2957	1239	1718
1726	2927	1235	1692
1727	2895	1234	1661
1728	2882	1240	1642
1729	2934	1251	1683
1730	2974	1238	1736
1731	2968	1239	1729
1732	2926	1240	1686
1733	2931	1239	1692
1734	2945	1239	1706
1735	2951	1239	1712
1736	2946	1232	1714
1737	2943	1241	1702
1738	2954	1242	1712
1739	2903	1233	1670
1740	2898	1237	1661
1741	2940	1241	1699
1742	2945	1243	1702
1743	2939	1233	1706
1744	2897	1234	1663
1745	2902	1241	1661
1746	2911	1238	1673
1747	2940	1226	1714
1748	2907	1226	1681
1749	2898	1236	1662
1750	2908	1237	1671
1751	2961	1233	1728
1752	2921	1241	1680
1753	2919	1250	1669
1754	2906	1244	1662
1755	2937	1224	1713
1756	2960	1222	1738
1757	2990	1233	1757
1758	3016	1246	1770
1759	2980	1242	1738
1760	2992	1251	1741
1761	3032	1250	1782
1762	3045	1237	1808
1763	3085	1244	1841
1764	3065	1248	1817
1765	3087	1245	1842
1766	3081	1241	1840
1767	3063	1236	1827
1768	3023	1238	1785
1769	2991	1238	1753
1770	2965	1237	1728
1771	2979	1239	1740
1772	3003	1245	1758
1773	2995	1241	1754
1774	2919	1257	1662
1775	2938	1248	1690
1776	2898	1237	1661
1777	2857	1238	1619
1778	2852	1236	1616
1779	2851	1250	1601
1780	2831	1244	1587
1781	2846	1236	1610
1782	2804	1244	1560
1783	2840	1231	1609
1784	2870	1228	1642
1785	2843	1240	1603
1786	2846	1242	1604
1787	2903	1243	1660
1788	2892	1246	1646
1789	2905	1240	1665
1790	2934	1242	1692
1791	2908	1241	1667
1792	2934	1245	1689
1793	2968	1240	1728
1794	3014	1238	1776
1795	3031	1237	1794
1796	3017	1238	1779
1797	3021	1239	1782
1798	2985	1238	1747
1799	3035	1238	1797
1800	3031	1237	1794
1801	3027	1236	1791
1802	3017	1234	1783
1803	3049	1241	1808
1804	3081	1240	1841
1805	3093	1234	1859
1806	3111	1245	1866
1807	3142	1248	1894
1808	3217	1246	1971
1809	3279	1243	2036
1810	3312	1243	2069
1811	3378	1238	2140
1812	3457	1233	2224
1813	3465	1236	2229
1814	3517	1240	2277
1815	3556	1236	2320
1816	3626	1239	2387
1817	4061	1245	2816
1818	4761	1241	3520
1819	5825	1242	4583
1820	7924	1239	6685
1821	11135	1239	9896
1822	14601	1243	13358
1823	17922	1242	16680
1824	20636	1231	19405
1825	22065	1232	20833
1826	22596	1236	21360
1827	22891	1239	21652
1828	22947	1244	21703
1829	23040	1240	21800
1830	23065	1231	21834
1831	23049	1231	21818
1832	22836	1240	21596
1833	22613	1240	21373
1834	22176	1237	20939
1835	21372	1228	20144
1836	19568	1231	18337
1837	16911	1242	15669
1838	13564	1244	12320
1839	10176	1229	8947
1840	7248	1237	6011
1841	5495	1251	4244
1842	4762	1247	3515
1843	4390	1241	3149
1844	4202	1239	2963
1845	4065	1244	2821
1846	3888	1238	2650
1847	3819	1237	2582
1848	3726	1235	2491
1849	3639	1240	2399
1850	3529	1235	2294
1851	3486	1224	2262
1852	3382	1235	2147
1853	3256	1248	2008
1854	3205	1244	1961
1855	3109	1238	1871
1856	3010	1239	1771
1857	2937	1240	1697
1858	2874	1235	1639
1859	2881	1233	1648
1860	2839	1244	1595
1861	2770	1232	1538
1862	2717	1238	1479
1863	2705	1239	1466
1864	2697	1230	1467
1865	2686	1235	1451
1866	2593	1239	1354
1867	2537	1247	1290
1868	2497	1240	1257
1869	2450	1237	1213
1870	2480	1238	1242
1871	2511	1237	1274
1872	2450	1235	1215
1873	2420	1240	1180
1874	2421	1244	1177
1875	2413	1250	1163
1876	2347	1238	1109
1877	2317	1240	1077
1878	2314	1239	1075
1879	2329	1244	1085
1880	2316	1245	1071
1881	2312	1243	1069
1882	2291	1241	1050
1883	2326	1239	1087
1884	2291	1236	1055
1885	2236	1233	1003
1886	2224	1237	987
1887	2220	1240	980
1888	2224	1247	977
1889	2226	1234	992
1890	2210	1237	973
1891	2190	1249	941
1892	2168	1247	921
1893	2142	1237	905
1894	2081	1234	847
1895	2082	1240	842
1896	2101	1231	870
1897	2110	1239	871
1898	2093	1242	851
1899	2084	1231	853
1900	2075	1242	833
1901	2046	1249	797
1902	2019	1241	778
1903	2035	1247	788
1904	2053	1243	810
1905	2057	1243	814
1906	2026	1238	788
1907	2038	1234	804
1908	2045	1240	805
1909	2065	1243	822
1910	2063	1246	817
1911	2068	1237	831
1912	2052	1235	817
1913	2031	1234	797
1914	2022	1238	784
1915	2010	1230	780
1916	2013	1240	773
1917	2070	1243	827
1918	2070	1248	822
1919	2069	1242	827
1920	2057	1238	819
1921	2046	1243	803
1922	1990	1242	748
1923	2055	1242	813
1924	2061	1236	825
1925	2011	1242	769
1926	2068	1252	816
1927	2067	1251	816
1928	2035	1247	788
1929	2055	1240	815
1930	2044	1246	798
1931	2042	1244	798
1932	2041	1238	803
1933	2073	1241	832
1934	2077	1237	840
1935	2051	1248	803
1936	2051	1249	802
1937	2076	1238	838
1938	2036	1244	792
1939	2053	1247	806
1940	2057	1245	812
1941	2039	1241	798
1942	2035	1231	804
1943	2029	1232	797
1944	2008	1243	765
1945	2045	1235	810
1946	2039	1224	815
1947	2024	1236	788
1948	2012	1229	783
1949	2002	1231	771
1950	2005	1244	761
1951	2006	1241	765
1952	1999	1225	774
1953	2024	1239	785
1954	2026	1243	783
1955	2008	1237	771
1956	1986	1236	750
1957	1992	1240	752
1958	1990	1234	756
1959	1986	1239	747
1960	2002	1248	754
1961	1992	1246	746
1962	2004	1236	768
1963	2018	1232	786
1964	1962	1232	730
1965	1956	1238	718
1966	1973	1241	732
1967	1993	1230	763
1968	1992	1220	772
1969	2001	1246	755
1970	1985	1224	761
1971	2003	1225	778
1972	1989	1233	756
1973	2008	1235	773
1974	1990	1234	756
1975	1972	1246	726
1976	1985	1246	739
1977	2004	1239	765
1978	1981	1239	742
1979	1983	1237	746
1980	1965	1237	728
1981	1956	1243	713
1982	1942	1246	696
1983	1942	1240	702
1984	1930	1235	695
1985	1939	1232	707
1986	1931	1235	696
1987	1901	1238	663
1988	1886	1242	644
1989	1866	1234	632
1990	1886	1240	646
1991	1884	1241	643
1992	1857	1238	619
1993	1865	1231	634
1994	1831	1233	598
1995	1842	1242	600
1996	1842	1238	604
1997	1858	1232	626
1998	1856	1240	616
1999	1856	1243	613
2000	1867	1243	624
2001	1849	1248	601
2002	1830	1242	588
2003	1845	1239	606
2004	1817	1240	577
2005	1810	1243	567
2006	1833	1252	581
2007	1835	1249	586
2008	1807	1235	572
2009	1809	1239	570
2010	1827	1248	579
2011	1829	1243	586
2012	1826	1249	577
2013	1807	1248	559
2014	1784	1239	545
2015	1799	1238	561
2016	1788	1233	555
2017	1788	1238	550
2018	1761	1235	526
2019	1766	1232	534
2020	1781	1240	541
2021	1778	1236	542
2022	1779	1245	534
2023	1761	1241	520
2024	1763	1227	536
2025	1767	1233	534
2026	1759	1252	507
2027	1751	1244	507
2028	1745	1249	496
2029	1752	1247	505
2030	1747	1235	512
2031	1786	1239	547
2032	1805	1250	555
2033	1777	1251	526
2034	1794	1242	552
2035	1782	1233	549
2036	1776	1241	535
2037	1759	1247	512
2038	1740	1240	500
2039	1727	1243	484
2040	1700	1236	464
2041	1714	1232	482
2042	1705	1234	471
2043	1701	1241	460
2044	1723	1247	476
2045	1735	1244	491
2046	1708	1234	474
2047	1718	1238	480
2048	1675	1241	434
2049	1657	1238	419
2050	1688	1248	440
2051	1688	1240	448
2052	1673	1239	434
2053	1688	1247	441
2054	1701	1240	461
2055	1679	1233	446
2056	1673	1238	435
2057	1667	1238	429
2058	1664	1238	426
2059	1680	1245	435
2060	1675	1250	425
2061	1663	1242	421
2062	1653	1251	402
2063	1649	1255	394
2064	1646	1255	391
2065	1657	1252	405
2066	1643	1247	396
2067	1660	1247	413
2068	1657	1249	408
2069	1644	1251	393
2070	1634	1242	392
2071	1621	1233	388
2072	1596	1238	358
2073	1572	1249	323
2074	1608	1242	366
2075	1614	1238	376
2076	1600	1250	350
2077	1571	1249	322
2078	1578	1236	342
2079	1640	1242	398
2080	1597	1247	350
2081	1560	1235	325
2082	1565	1224	341
2083	1574	1237	337
2084	1589	1249	340
2085	1598	1244	354
2086	1583	1243	340
2087	1585	1237	348
2088	1571	1235	336
2089	1598	1242	356
2090	1572	1253	319
2091	1561	1246	315
2092	1557	1235	322
2093	1574	1243	331
2094	1575	1244	331
2095	1569	1231	338
2096	1567	1235	332
2097	1568	1245	323
2098	1563	1244	319
2099	1575	1243	332
2100	1563	1237	326
2101	1545	1236	309
2102	1534	1240	294
2103	1548	1240	308
2104	1538	1242	296
2105	1500	1247	253
2106	1510	1239	271
2107	1533	1238	295
2108	1526	1234	292
2109	1538	1236	302
2110	1521	1244	277
2111	1511	1245	266
2112	1486	1239	247
2113	1525	1232	293
2114	1520	1236	284
2115	1482	1238	244
2116	1472	1246	226
2117	1510	1239	271
2118	1513	1222	291
2119	1480	1229	251
2120	1465	1238	227
2121	1488	1244	244
2122	1476	1249	227
2123	1482	1247	235
2124	1437	1243	194
2125	1418	1241	177
2126	1434	1235	199
2127	1465	1241	224
2128	1463	1251	212
2129	1426	1249	177
2130	1413	1246	167
2131	1436	1239	197
2132	1420	1230	190
2133	1424	1232	192
2134	1423	1233	190
2135	1393	1245	148
2136	1401	1251	150
2137	1430	1241	189
2138	1406	1238	168
2139	1392	1235	157
2140	1369	1236	133
2141	1391	1233	158
2142	1410	1250	160
2143	1403	1247	156
2144	1410	1242	168
2145	1394	1242	152
2146	1367	1237	130
2147	1386	1242	144
2148	1390	1232	158
2149	1396	1229	167
2150	1391	1241	150
2151	1386	1244	142
2152	1394	1242	152
2153	1368	1242	126
2154	1370	1242	128
2155	1366	1236	130
2156	1352	1231	121
2157	1348	1241	107
2158	1346	1235	111
2159	1368	1235	133
2160	1358	1240	118
2161	1377	1241	136
2162	1354	1234	120
2163	1371	1238	133
2164	1348	1242	106
2165	1355	1246	109
2166	1352	1245	107
2167	1347	1241	106
2168	1346	1241	105
2169	1361	1234	127
2170	1335	1234	101
2171	1319	1250	69
2172	1305	1243	62
2173	1320	1234	86
2174	1319	1236	83
2175	1326	1230	96
2176	1331	1235	96
2177	1341	1234	107
2178	1301	1235	66
2179	1313	1234	79
2180	1314	1240	74
2181	1320	1240	80
2182	1304	1247	57
2183	1312	1238	74
2184	1311	1243	68
2185	1298	1241	57
2186	1289	1230	59
2187	1312	1236	76
2188	1287	1243	44
2189	1298	1239	59
2190	1290	1237	53
2191	1303	1233	70
2192	1295	1233	62
2193	1303	1241	62
2194	1327	1247	80
2195	1330	1244	86
2196	1307	1240	67
2197	1302	1243	59
2198	1301	1244	57
2199	1320	1243	77
2200	1303	1238	65
2201	1311	1238	73
2202	1284	1244	40
2203	1279	1233	46
2204	1266	1230	36
2205	1284	1241	43
2206	1299	1243	56
2207	1289	1248	41
2208	1288	1245	43
2209	1295	1236	59
2210	1306	1240	66
2211	1302	1233	69
2212	1262	1228	34
2213	1273	1234	39
2214	1276	1228	48
2215	1269	1241	28
2216	1272	1250	22
2217	1282	1244	38
2218	1254	1225	29
2219	1261	1252	9
2220	1268	1246	22
2221	1287	1243	44
2222	1275	1245	30
2223	1297	1243	54
2224	1283	1245	38
2225	1270	1237	33
2226	1283	1241	42
2227	1300	1244	56
2228	1272	1239	33
2229	1254	1240	14
2230	1276	1238	38
2231	1279	1237	42
2232	1259	1240	19
2233	1270	1242	28
2234	1253	1241	12
2235	1261	1235	26
2236	1275	1235	40
2237	1289	1240	49
2238	1281	1239	42
2239	1277	1239	38
2240	1275	1239	36
2241	1273	1234	39
2242	1267	1236	31
2243	1272	1239	33
2244	1264	1245	19
2245	1252	1243	9
2246	1255	1242	13
2247	1266	1245	21
2248	1238	1238	0
2249	1245	1235	10
2250	1263	1232	31
2251	1271	1229	42
2252	1285	1241	44
2253	1275	1239	36
2254	1256	1237	19
2255	1260	1252	8
2256	1252	1245	7
2257	1268	1235	33
2258	1267	1241	26
2259	1272	1245	27
2260	1266	1239	27
2261	1272	1242	30
2262	1288	1250	38
2263	1269	1241	28
2264	1249	1237	12
2265	1266	1239	27
2266	1267	1235	32
2267	1265	1237	28
2268	1256	1241	15
2269	1261	1245	16
2270	1234	1247	-13
2271	1249	1242	7
2272	1263	1237	26
2273	1268	1239	29
2274	1274	1243	31
2275	1287	1244	43
2276	1292	1236	56
2277	1285	1233	52
2278	1265	1239	26
2279	1266	1246	20
2280	1266	1246	20
2281	1270	1246	24
2282	1276	1243	33
2283	1284	1237	47
2284	1283	1246	37
2285	1261	1243	18
2286	1248	1243	5
2287	1270	1243	27
2288	1279	1244	35
2289	1291	1248	43
2290	1245	1248	-3
2291	1253	1245	8
2292	1254	1253	1
2293	1260	1249	11
2294	1250	1244	6
2295	1256	1251	5
2296	1254	1246	8
2297	1265	1240	25
2298	1264	1237	27
2299	1278	1242	36
2300	1274	1252	22
2301	1276	1253	23
2302	1253	1245	8
2303	1249	1248	1
2304	1255	1245	10
2305	1261	1239	22
2306	1255	1237	18
2307	1252	1242	10
2308	1281	1240	41
2309	1290	1234	56
2310	1264	1242	22
2311	1258	1245	13
2312	1258	1237	21
2313	1252	1231	21
2314	1257	1247	10
2315	1254	1249	5
2316	1252	1234	18
2317	1258	1232	26
2318	1268	1236	32
2319	1285	1240	45
2320	1274	1241	33
2321	1263	1236	27
2322	1266	1232	34
2323	1273	1239	34
2324	1267	1237	30
2325	1262	1244	18
2326	1277	1246	31
2327	1276	1241	35
2328	1281	1250	31
2329	1293	1253	40
2330	1278	1247	31
2331	1271	1241	30
2332	1260	1237	23
2333	1261	1233	28
2334	1257	1242	15
2335	1267	1238	29
2336	1265	1240	25
2337	1262	1240	22
2338	1281	1240	41
2339	1284	1245	39
2340	1277	1237	40
2341	1283	1238	45
2342	1283	1239	44
2343	1284	1235	49
2344	1263	1244	19
2345	1262	1244	18
2346	1267	1243	24
2347	1280	1237	43
2348	1274	1238	36
2349	1274	1230	44
2350	1275	1232	43
2351	1261	1236	25
2352	1250	1240	10
2353	1269	1241	28
2354	1271	1242	29
2355	1257	1238	19
2356	1232	1240	-8
2357	1244	1235	9
2358	1259	1233	26
2359	1280	1225	55
2360	1266	1237	29
2361	1249	1241	8
2362	1246	1236	10
2363	1266	1237	29
2364	1283	1247	36
2365	1268	1239	29
2366	1243	1236	7
2367	1256	1236	20
2368	1262	1248	14
2369	1269	1245	24
2370	1257	1236	21
2371	1251	1240	11
2372	1259	1239	20
2373	1267	1241	26
2374	1263	1240	23
2375	1271	1241	30
2376	1261	1240	21
2377	1257	1234	23
2378	1265	1246	19
2379	1272	1246	26
2380	1255	1250	5
2381	1235	1241	-6
2382	1240	1238	2
2383	1262	1243	19
2384	1261	1237	24
2385	1261	1235	26
2386	1258	1238	20
2387	1281	1238	43
2388	1264	1249	15
2389	1270	1250	20
2390	1277	1239	38
2391	1271	1230	41
2392	1245	1231	14
2393	1253	1239	14
2394	1243	1241	2
2395	1238	1244	-6
2396	1250	1238	12
2397	1268	1233	35
2398	1268	1232	36
2399	1264	1236	28
2400	1257	1230	27
2401	1261	1232	29
2402	1253	1241	12
2403	1264	1243	21
2404	1266	1247	19
2405	1265	1239	26
2406	1282	1238	44
2407	1289	1241	48
2408	1269	1238	31
2409	1274	1232	42
2410	1261	1232	29
2411	1266	1243	23
2412	1274	1244	30
2413	1269	1242	27
2414	1258	1241	17
2415	1247	1239	8
2416	1266	1230	36
2417	1276	1245	31
2418	1244	1246	-2
2419	1229	1245	-16
2420	1244	1242	2
2421	1249	1239	10
2422	1254	1239	15
2423	1255	1236	19
2424	1245	1244	1
2425	1276	1248	28
2426	1266	1236	30
2427	1251	1239	12
2428	1249	1236	13
2429	1266	1235	31
2430	1268	1234	34
2431	1252	1235	17
2432	1259	1238	21
2433	1280	1235	45
2434	1270	1234	36
2435	1277	1240	37
2436	1275	1242	33
2437	1263	1248	15
2438	1272	1235	37
2439	1288	1233	55
2440	1257	1239	18
2441	1257	1239	18
2442	1263	1230	33
2443	1263	1228	35
2444	1255	1232	23
2445	1257	1235	22
2446	1258	1237	21
2447	1271	1246	25
2448	1274	1252	22
2449	1270	1235	35
2450	1258	1242	16
2451	1266	1240	26
2452	1255	1237	18
2453	1240	1236	4
2454	1245	1240	5
2455	1275	1243	32
2456	1271	1245	26
2457	1251	1248	3
2458	1240	1251	-11
2459	1241	1247	-6
2460	1257	1248	9
2461	1283	1248	35
2462	1251	1242	9
2463	1247	1239	8
2464	1294	1241	53
2465	1292	1245	47
2466	1249	1242	7
2467	1238	1238	0
2468	1206	1228	-22
2469	1269	1253	16
2470	1244	1245	-1
2471	1254	1252	2
2472	1291	1255	36
2473	1290	1253	37
2474	1266	1242	24
2475	1248	1238	10
2476	1242	1236	6
2477	1261	1232	29
2478	1278	1242	36
2479	1286	1250	36
2480	1274	1250	24
2481	1266	1249	17
2482	1271	1243	28
2483	1298	1241	57
2484	1253	1233	20
2485	1271	1229	42
2486	1280	1241	39
2487	1260	1239	21
2488	1264	1231	33
2489	1260	1243	17
2490	1258	1241	17
2491	1260	1239	21
2492	1229	1239	-10
2493	1255	1237	18
2494	1272	1245	27
2495	1255	1244	11
2496	1257	1240	17
2497	1276	1239	37
2498	1288	1244	44
2499	1302	1245	57
2500	1271	1252	19
2501	1266	1241	25
2502	1270	1241	29
2503	1276	1240	36
2504	1257	1242	15
2505	1264	1242	22
2506	1285	1241	44
2507	1256	1233	23
2508	1248	1235	13
2509	1263	1240	23
2510	1237	1237	0
2511	1259	1246	13
2512	1263	1250	13
2513	1249	1237	12
2514	1257	1230	27
2515	1268	1237	31
2516	1252	1242	10
2517	1248	1250	-2
2518	1237	1247	-10
2519	1253	1241	12
2520	1284	1236	48
2521	1298	1238	60
2522	1271	1243	28
2523	1259	1235	24
2524	1256	1235	21
2525	1254	1246	8
2526	1272	1246	26
2527	1284	1240	44
2528	1255	1242	13
2529	1246	1240	6
2530	1253	1237	16
2531	1264	1239	25
2532	1243	1238	5
2533	1235	1232	3
2534	1253	1237	16
2535	1257	1254	3
2536	1280	1241	39
2537	1286	1232	54
2538	1233	1239	-6
2539	1264	1240	24
2540	1280	1246	34
2541	1282	1252	30
2542	1259	1250	9
2543	1266	1241	25
2544	1271	1235	36
2545	1274	1243	31
2546	1268	1252	16
2547	1272	1238	34
2548	1268	1235	33
2549	1288	1242	46
2550	1268	1239	29
2551	1272	1239	33
2552	1238	1240	-2
2553	1239	1243	-4
2554	1253	1236	17
2555	1255	1241	14
2556	1266	1244	22
2557	1276	1248	28
2558	1269	1238	31
2559	1254	1237	17
2560	1261	1236	25
2561	1287	1244	43
2562	1268	1243	25
2563	1256	1246	10
2564	1253	1253	0
2565	1266	1246	20
2566	1255	1241	14
2567	1259	1240	19
2568	1265	1236	29
2569	1259	1238	21
2570	1247	1240	7
2571	1254	1239	15
2572	1269	1231	38
2573	1273	1230	43
2574	1269	1236	33
2575	1270	1246	24
2576	1267	1249	18
2577	1285	1245	40
2578	1257	1240	17
2579	1247	1233	14
2580	1253	1235	18
2581	1263	1238	25
2582	1255	1242	13
2583	1269	1243	26
2584	1244	1233	11
2585	1279	1238	41
2586	1292	1240	52
2587	1268	1227	41
2588	1254	1233	21
2589	1269	1242	27
2590	1258	1241	17
2591	1257	1235	22
2592	1251	1236	15
2593	1256	1242	14
2594	1258	1242	16
2595	1267	1242	25
2596	1254	1247	7
2597	1251	1244	7
2598	1228	1245	-17
2599	1242	1251	-9
2600	1248	1241	7
2601	1268	1238	30
2602	1258	1239	19
2603	1277	1236	41
2604	1260	1226	34
2605	1248	1231	17
2606	1251	1235	16
2607	1256	1244	12
2608	1233	1250	-17
2609	1265	1248	17
2610	1259	1241	18
2611	1254	1241	13
2612	1260	1241	19
2613	1270	1245	25
2614	1253	1237	16
2615	1274	1229	45
2616	1263	1224	39
2617	1248	1228	20
2618	1256	1226	30
2619	1276	1232	44
2620	1281	1242	39
2621	1285	1243	42
2622	1270	1243	27
2623	1271	1237	34
2624	1264	1229	35
2625	1262	1233	29
2626	1268	1230	38
2627	1257	1239	18
2628	1279	1240	39
2629	1271	1245	26
2630	1267	1249	18
2631	1265	1243	22
2632	1251	1239	12
2633	1264	1242	22
2634	1273	1241	32
2635	1279	1230	49
2636	1264	1226	38
2637	1280	1231	49
2638	1260	1244	16
2639	1263	1242	21
2640	1263	1238	25
2641	1254	1233	21
2642	1241	1232	9
2643	1258	1226	32
2644	1252	1241	11
2645	1261	1239	22
2646	1276	1243	33
2647	1285	1242	43
2648	1256	1237	19
2649	1269	1236	33
2650	1280	1236	44
2651	1276	1240	36
2652	1267	1237	30
2653	1259	1243	16
2654	1276	1236	40
2655	1273	1238	35
2656	1247	1238	9
2657	1259	1235	24
2658	1258	1238	20
2659	1277	1240	37
2660	1271	1241	30
2661	1281	1248	33
2662	1272	1240	32
2663	1280	1238	42
2664	1289	1233	56
2665	1273	1230	43
2666	1278	1227	51
2667	1263	1235	28
2668	1245	1236	9
2669	1274	1230	44
2670	1267	1239	28
2671	1263	1241	22
2672	1262	1232	30
2673	1263	1237	26
2674	1270	1241	29
2675	1284	1243	41
2676	1282	1237	45
2677	1269	1231	38
2678	1275	1230	45
2679	1283	1242	41
2680	1277	1241	36
2681	1266	1246	20
2682	1265	1243	22
2683	1263	1230	33
2684	1260	1241	19
2685	1252	1237	15
2686	1245	1240	5
2687	1242	1250	-8
2688	1249	1236	13
2689	1253	1232	21
2690	1241	1236	5
2691	1268	1228	40
2692	1260	1227	33
2693	1268	1237	31
2694	1272	1253	19
2695	1241	1251	-10
2696	1254	1236	18
2697	1289	1237	52
2698	1292	1240	52
2699	1264	1242	22
2700	1272	1237	35
2701	1280	1225	55
2702	1274	1233	41
2703	1274	1250	24
2704	1248	1243	5
2705	1246	1238	8
2706	1271	1245	26
2707	1285	1243	42
2708	1260	1241	19
2709	1267	1233	34
2710	1269	1239	30
2711	1265	1252	13
2712	1257	1244	13
2713	1267	1239	28
2714	1267	1238	29
2715	1254	1240	14
2716	1254	1240	14
2717	1253	1234	19
2718	1251	1215	36
2719	1274	1241	33
2720	1272	1242	30
2721	1283	1243	40
2722	1262	1245	17
2723	1250	1241	9
2724	1257	1240	17
2725	1274	1241	33
2726	1249	1235	14
2727	1252	1229	23
2728	1282	1236	46
2729	1273	1238	35
2730	1260	1237	23
2731	1268	1237	31
2732	1264	1234	30
2733	1257	1246	11
2734	1256	1241	15
2735	1257	1235	22
2736	1258	1233	25
2737	1268	1233	35
2738	1272	1237	35
2739	1274	1233	41
2740	1260	1231	29
2741	1272	1243	29
2742	1263	1234	29
2743	1260	1234	26
2744	1257	1244	13
2745	1264	1236	28
2746	1270	1243	27
2747	1254	1247	7
2748	1250	1241	9
2749	1249	1238	11
2750	1260	1232	28
2751	1266	1235	31
2752	1260	1233	27
2753	1273	1243	30
2754	1271	1254	17
2755	1273	1247	26
2756	1258	1239	19
2757	1251	1235	16
2758	1252	1231	21
2759	1259	1233	26
2760	1245	1234	11
2761	1245	1230	15
2762	1238	1233	5
2763	1248	1237	11
2764	1244	1227	17
2765	1252	1234	18
2766	1260	1245	15
2767	1270	1244	26
2768	1254	1240	14
2769	1275	1248	27
2770	1261	1242	19
2771	1281	1237	44
2772	1281	1245	36
2773	1256	1239	17
2774	1262	1240	22
2775	1258	1237	21
2776	1241	1235	6
2777	1248	1230	18
2778	1274	1234	40
2779	1289	1237	52
2780	1270	1233	37
2781	1268	1237	31
2782	1266	1239	27
2783	1271	1241	30
2784	1255	1232	23
2785	1263	1236	27
2786	1265	1236	29
2787	1267	1238	29
2788	1266	1232	34
2789	1267	1236	31
2790	1264	1240	24
2791	1268	1246	22
2792	1258	1246	12
2793	1274	1246	28
2794	1256	1251	5
2795	1265	1251	14
2796	1270	1235	35
2797	1296	1240	56
2798	1282	1244	38
2799	1255	1235	20
2800	1266	1240	26
2801	1279	1240	39
2802	1262	1235	27
2803	1277	1241	36
2804	1266	1234	32
2805	1260	1240	20
2806	1271	1250	21
2807	1269	1248	21
2808	1259	1239	20
2809	1251	1234	17
2810	1254	1250	4
2811	1246	1242	4
2812	1239	1233	6
2813	1264	1240	24
2814	1270	1242	28
2815	1248	1247	1
2816	1265	1247	18
2817	1276	1245	31
2818	1263	1239	24
2819	1277	1245	32
2820	1257	1245	12
2821	1254	1242	12
2822	1257	1233	24
2823	1251	1227	24
2824	1255	1239	16
2825	1254	1243	11
2826	1251	1247	4
2827	1252	1244	8
2828	1231	1242	-11
2829	1276	1241	35
2830	1269	1246	23
2831	1262	1236	26
2832	1276	1242	34
2833	1284	1242	42
2834	1263	1239	24
2835	1269	1247	22
2836	1269	1239	30
2837	1286	1242	44
2838	1287	1245	42
2839	1306	1248	58
2840	1268	1242	26
2841	1263	1238	25
2842	1276	1234	42
2843	1286	1235	51
2844	1257	1236	21
2845	1260	1240	20
2846	1269	1245	24
2847	1285	1240	45
2848	1290	1232	58
2849	1288	1229	59
2850	1256	1243	13
2851	1266	1243	23
2852	1284	1244	40
2853	1279	1244	35
2854	1289	1235	54
2855	1295	1240	55
2856	1268	1237	31
2857	1267	1234	33
2858	1267	1236	31
2859	1271	1236	35
2860	1269	1243	26
2861	1264	1259	5
2862	1281	1238	43
2863	1276	1233	43
2864	1255	1239	16
2865	1274	1242	32
2866	1274	1244	30
2867	1267	1244	23
2868	1251	1245	6
2869	1276	1239	37
2870	1281	1240	41
2871	1278	1237	41
2872	1265	1237	28
2873	1275	1245	30
2874	1262	1238	24
2875	1277	1237	40
2876	1261	1246	15
2877	1262	1242	20
2878	1249	1241	8
2879	1236	1249	-13
2880	1245	1243	2
2881	1249	1242	7
2882	1257	1250	7
2883	1268	1254	14
2884	1258	1247	11
2885	1249	1229	20
2886	1264	1233	31
2887	1273	1240	33
2888	1265	1241	24
2889	1265	1237	28
2890	1264	1238	26
2891	1279	1233	46
2892	1258	1229	29
2893	1269	1237	32
2894	1264	1237	27
2895	1274	1232	42
2896	1258	1239	19
2897	1270	1236	34
2898	1273	1234	39
2899	1278	1237	41
2900	1263	1228	35
2901	1260	1235	25
2902	1258	1239	19
2903	1271	1244	27
2904	1289	1244	45
2905	1260	1249	11
2906	1238	1250	-12
2907	1235	1238	-3
2908	1247	1249	-2
2909	1275	1244	31
2910	1261	1239	22
2911	1243	1240	3
2912	1257	1241	16
2913	1257	1240	17
2914	1258	1245	13
2915	1270	1248	22
2916	1280	1245	35
2917	1295	1240	55
2918	1267	1238	29
2919	1266	1239	27
2920	1273	1243	30
2921	1271	1239	32
2922	1248	1242	6
2923	1256	1244	12
2924	1256	1240	16
2925	1263	1242	21
2926	1269	1244	25
2927	1282	1232	50
2928	1253	1232	21
2929	1260	1238	22
2930	1265	1247	18
2931	1269	1243	26
2932	1256	1233	23
2933	1262	1233	29
2934	1273	1232	41
2935	1275	1230	45
2936	1262	1241	21
2937	1262	1240	22
2938	1248	1237	11
2939	1257	1239	18
2940	1257	1240	17
2941	1267	1245	22
2942	1276	1245	31
2943	1259	1244	15
2944	1258	1241	17
2945	1254	1238	16
2946	1257	1244	13
2947	1273	1247	26
2948	1251	1243	8
2949	1256	1237	19
2950	1241	1239	2
2951	1238	1233	5
2952	1240	1230	10
2953	1238	1238	0
2954	1253	1241	12
2955	1266	1234	32
2956	1260	1232	28
2957	1276	1242	34
2958	1261	1243	18
2959	1251	1241	10
2960	1246	1246	0
2961	1277	1250	27
2962	1269	1239	30
2963	1240	1247	-7
2964	1239	1254	-15
2965	1268	1241	27
2966	1247	1236	11
2967	1247	1233	14
2968	1246	1222	24
2969	1280	1251	29
2970	1235	1249	-14
2971	1248	1257	-9
2972	1257	1251	6
2973	1248	1239	9
2974	1243	1233	10
2975	1265	1237	28
2976	1273	1243	30
2977	1265	1241	24
2978	1261	1235	26
2979	1260	1242	18
2980	1259	1243	16
2981	1248	1243	5
2982	1250	1240	10
2983	1278	1244	34
2984	1251	1245	6
2985	1247	1239	8
2986	1243	1245	-2
2987	1263	1247	16
2988	1248	1247	1
2989	1262	1248	14
2990	1261	1240	21
2991	1254	1234	20
2992	1250	1246	4
2993	1271	1242	29
2994	1253	1230	23
2995	1289	1231	58
2996	1283	1242	41
2997	1261	1251	10
2998	1263	1252	11
2999	1263	1247	16
3000	1252	1244	8
3001	1274	1240	34
3002	1244	1233	11
3003	1258	1248	10
3004	1281	1250	31
3005	1279	1243	36
3006	1269	1250	19
3007	1275	1245	30
3008	1273	1243	30
3009	1269	1237	32
3010	1246	1241	5
3011	1244	1240	4
3012	1260	1236	24
3013	1284	1242	42
3014	1286	1242	44
3015	1273	1243	30
3016	1235	1228	7
3017	1234	1223	11
3018	1259	1235	24
3019	1290	1240	50
3020	1289	1236	53
3021	1263	1246	17
3022	1273	1244	29
3023	1280	1245	35
3024	1271	1250	21
3025	1292	1242	50
3026	1291	1246	45
3027	1270	1240	30
3028	1259	1236	23
3029	1251	1238	13
3030	1247	1238	9
3031	1274	1233	41
3032	1260	1230	30
3033	1260	1238	22
3034	1265	1236	29
3035	1244	1240	4
3036	1255	1239	16
3037	1272	1232	40
3038	1262	1229	33
3039	1268	1242	26
3040	1271	1238	33
3041	1272	1228	44
3042	1244	1236	8
3043	1253	1247	6
3044	1264	1239	25
3045	1267	1240	27
3046	1284	1241	43
3047	1269	1235	34
3048	1249	1228	21
3049	1253	1229	24
3050	1248	1235	13
3051	1255	1234	21
3052	1240	1237	3
3053	1264	1229	35
3054	1270	1232	38
3055	1254	1234	20
3056	1263	1239	24
3057	1265	1245	20
3058	1241	1247	-6
3059	1255	1240	15
3060	1251	1250	1
3061	1257	1244	13
3062	1265	1238	27
3063	1267	1242	25
3064	1269	1240	29
3065	1253	1235	18
3066	1243	1236	7
3067	1258	1242	16
3068	1250	1249	1
3069	1271	1246	25
3070	1267	1234	33
3071	1265	1232	33
3072	1256	1228	28
3073	1247	1234	13
3074	1244	1237	7
3075	1261	1242	19
3076	1238	1241	-3
3077	1223	1242	-19
3078	1235	1239	-4
3079	1275	1241	34
3080	1266	1235	31
3081	1232	1241	-9
3082	1246	1236	10
3083	1246	1236	10
3084	1240	1231	9
3085	1293	1231	62
3086	1294	1234	60
3087	1283	1244	39
3088	1289	1242	47
3089	1294	1242	52
3090	1270	1239	31
3091	1265	1237	28
3092	1270	1243	27
3093	1279	1238	41
3094	1290	1233	57
3095	1285	1233	52
3096	1273	1239	34
3097	1275	1245	30
3098	1280	1246	34
3099	1292	1248	44
3100	1296	1235	61
3101	1304	1236	68
3102	1283	1246	37
3103	1306	1246	60
3104	1300	1237	63
3105	1301	1241	60
3106	1319	1245	74
3107	1341	1242	99
3108	1337	1242	95
3109	1362	1248	114
3110	1339	1239	100
3111	1317	1230	87
3112	1315	1235	80
3113	1347	1241	106
3114	1349	1239	110
3115	1363	1244	119
3116	1364	1249	115
3117	1372	1231	141
3118	1365	1227	138
3119	1379	1241	138
3120	1367	1243	124
3121	1359	1249	110
3122	1357	1241	116
3123	1366	1235	131
3124	1358	1243	115
3125	1354	1246	108
3126	1344	1229	115
3127	1354	1226	128
3128	1356	1245	111
3129	1366	1250	116
3130	1379	1248	131
3131	1367	1245	122
3132	1336	1237	99
3133	1340	1240	100
3134	1342	1235	107
3135	1347	1236	111
3136	1332	1239	93
3137	1334	1240	94
3138	1322	1241	81
3139	1327	1245	82
3140	1321	1231	90
3141	1324	1232	92
3142	1338	1246	92
3143	1362	1233	129
3144	1347	1232	115
3145	1350	1247	103
3146	1348	1239	109
3147	1372	1239	133
3148	1356	1244	112
3149	1347	1241	106
3150	1360	1245	115
3151	1381	1241	140
3152	1389	1234	155
3153	1413	1241	172
3154	1383	1247	136
3155	1352	1239	113
3156	1337	1235	102
3157	1352	1239	113
3158	1376	1233	143
3159	1379	1229	150
3160	1367	1235	132
3161	1392	1244	148
3162	1375	1250	125
3163	1357	1244	113
3164	1374	1234	140
3165	1388	1232	156
3166	1394	1243	151
3167	1383	1258	125
3168	1381	1255	126
3169	1391	1246	145
3170	1364	1239	125
3171	1363	1238	125
3172	1365	1238	127
3173	1367	1242	125
3174	1383	1233	150
3175	1383	1232	151
3176	1369	1236	133
3177	1389	1233	156
3178	1367	1244	123
3179	1367	1240	127
3180	1357	1242	115
3181	1354	1246	108
3182	1339	1242	97
3183	1356	1239	117
3184	1372	1236	136
3185	1350	1232	118
3186	1374	1231	143
3187	1395	1229	166
3188	1380	1225	155
3189	1386	1229	157
3190	1375	1242	133
3191	1373	1252	121
3192	1371	1243	128
3193	1375	1239	136
3194	1388	1229	159
3195	1390	1228	162
3196	1376	1228	148
3197	1390	1237	153
3198	1392	1251	141
3199	1387	1235	152
3200	1371	1235	136
3201	1385	1251	134
3202	1382	1251	131
3203	1372	1246	126
3204	1333	1240	93
3205	1364	1246	118
3206	1384	1241	143
3207	1373	1243	130
3208	1367	1237	130
3209	1363	1229	134
3210	1369	1223	146
3211	1373	1222	151
3212	1365	1230	135
3213	1382	1228	154
3214	1379	1229	150
3215	1384	1236	148
3216	1376	1238	138
3217	1386	1242	144
3218	1361	1228	133
3219	1391	1253	138
3220	1365	1241	124
3221	1381	1230	151
3222	1361	1226	135
3223	1340	1234	106
3224	1341	1234	107
3225	1337	1241	96
3226	1343	1235	108
3227	1372	1228	144
3228	1381	1233	148
3229	1376	1240	136
3230	1352	1239	113
3231	1372	1232	140
3232	1363	1235	128
3233	1339	1240	99
3234	1352	1237	115
3235	1382	1231	151
3236	1379	1238	141
3237	1377	1240	137
3238	1369	1235	134
3239	1379	1242	137
3240	1374	1238	136
3241	1390	1238	152
3242	1383	1238	145
3243	1362	1236	126
3244	1337	1238	99
3245	1362	1236	126
3246	1357	1237	120
3247	1341	1247	94
3248	1341	1241	100
3249	1362	1240	122
3250	1374	1238	136
3251	1368	1228	140
3252	1316	1226	90
3253	1330	1227	103
3254	1348	1237	111
3255	1356	1238	118
3256	1361	1238	123
3257	1361	1244	117
3258	1360	1242	118
3259	1370	1242	128
3260	1362	1255	107
3261	1341	1251	90
3262	1356	1252	104
3263	1373	1242	131
3264	1365	1238	127
3265	1376	1240	136
3266	1355	1230	125
3267	1374	1232	142
3268	1387	1237	150
3269	1371	1235	136
3270	1332	1240	92
3271	1369	1241	128
3272	1388	1237	151
3273	1369	1231	138
3274	1352	1237	115
3275	1369	1231	138
3276	1373	1241	132
3277	1356	1241	115
3278	1355	1227	128
3279	1377	1230	147
3280	1359	1231	128
3281	1354	1238	116
3282	1364	1246	118
3283	1373	1242	131
3284	1356	1243	113
3285	1358	1237	121
3286	1353	1227	126
3287	1360	1238	122
3288	1365	1253	112
3289	1365	1245	120
3290	1383	1241	142
3291	1386	1245	141
3292	1379	1244	135
3293	1388	1241	147
3294	1390	1242	148
3295	1388	1247	141
3296	1361	1233	128
3297	1372	1239	133
3298	1374	1245	129
3299	1370	1238	132
3300	1378	1228	150
3301	1374	1231	143
3302	1367	1240	127
3303	1373	1236	137
3304	1362	1230	132
3305	1383	1234	149
3306	1373	1236	137
3307	1379	1230	149
3308	1390	1234	156
3309	1373	1234	139
3310	1365	1239	126
3311	1383	1244	139
3312	1358	1244	114
3313	1362	1232	130
3314	1353	1228	125
3315	1346	1241	105
3316	1350	1241	109
3317	1377	1230	147
3318	1372	1232	140
3319	1362	1241	121
3320	1345	1246	99
3321	1372	1238	134
3322	1365	1231	134
3323	1363	1234	129
3324	1364	1242	122
3325	1382	1238	144
3326	1368	1234	134
3327	1357	1234	123
3328	1372	1240	132
3329	1385	1244	141
3330	1371	1245	126
3331	1385	1241	144
3332	1366	1238	128
3333	1359	1233	126
3334	1350	1223	127
3335	1356	1225	131
3336	1352	1238	114
3337	1358	1240	118
3338	1353	1238	115
3339	1364	1240	124
3340	1354	1231	123
3341	1340	1247	93
3342	1357	1247	110
3343	1378	1240	138
3344	1373	1245	128
3345	1381	1248	133
3346	1370	1246	124
3347	1364	1242	122
3348	1384	1239	145
3349	1388	1234	154
3350	1357	1238	119
3351	1356	1242	114
3352	1362	1231	131
3353	1378	1233	145
3354	1358	1237	121
3355	1355	1245	110
3356	1349	1248	101
3357	1363	1246	117
3358	1362	1239	123
3359	1336	1233	103
3360	1339	1236	103
3361	1368	1237	131
3362	1351	1236	115
3363	1361	1234	127
3364	1366	1235	131
3365	1371	1238	133
3366	1372	1247	125
3367	1361	1246	115
3368	1372	1246	126
3369	1368	1237	131
3370	1337	1233	104
3371	1339	1242	97
3372	1354	1246	108
3373	1377	1234	143
3374	1366	1239	127
3375	1352	1243	109
3376	1363	1242	121
3377	1383	1243	140
3378	1364	1244	120
3379	1339	1237	102
3380	1333	1237	96
3381	1328	1240	88
3382	1330	1235	95
3383	1348	1233	115
3384	1348	1239	109
3385	1347	1237	110
3386	1345	1239	106
3387	1351	1243	108
3388	1344	1244	100
3389	1377	1254	123
3390	1370	1251	119
3391	1382	1244	138
3392	1344	1231	113
3393	1339	1234	105
3394	1352	1238	114
3395	1360	1248	112
3396	1374	1242	132
3397	1377	1243	134
3398	1342	1243	99
3399	1339	1242	97
3400	1337	1255	82
3401	1361	1254	107
3402	1346	1245	101
3403	1355	1248	107
3404	1355	1243	112
3405	1351	1238	113
3406	1331	1238	93
3407	1324	1240	84
3408	1337	1245	92
3409	1369	1238	131
3410	1347	1240	107
3411	1344	1246	98
3412	1343	1248	95
3413	1335	1244	91
3414	1338	1243	95
3415	1365	1249	116
3416	1380	1238	142
3417	1395	1239	156
3418	1389	1249	140
3419	1370	1248	122
3420	1347	1236	111
3421	1345	1236	109
3422	1324	1247	77
3423	1348	1252	96
3424	1351	1240	111
3425	1331	1236	95
3426	1335	1232	103
3427	1357	1242	115
3428	1378	1238	140
3429	1369	1232	137
3430	1357	1243	114
3431	1370	1239	131
3432	1336	1231	105
3433	1347	1237	110
3434	1360	1241	119
3435	1341	1243	98
3436	1326	1239	87
3437	1365	1237	128
3438	1378	1233	145
3439	1375	1232	143
3440	1362	1244	118
3441	1355	1250	105
3442	1344	1247	97
3443	1353	1238	115
3444	1364	1232	132
3445	1381	1240	141
3446	1360	1240	120
3447	1389	1240	149
3448	1375	1240	135
3449	1374	1244	130
3450	1362	1241	121
3451	1353	1240	113
3452	1358	1242	116
3453	1354	1239	115
3454	1357	1248	109
3455	1372	1245	127
3456	1358	1239	119
3457	1366	1247	119
3458	1365	1250	115
3459	1369	1248	121
3460	1364	1244	120
3461	1370	1239	131
3462	1377	1241	136
3463	1364	1235	129
3464	1355	1237	118
3465	1370	1251	119
3466	1347	1252	95
3467	1371	1243	128
3468	1337	1229	108
3469	1377	1243	134
3470	1353	1241	112
3471	1363	1253	110
3472	1371	1235	136
3473	1353	1239	114
3474	1355	1251	104
3475	1363	1246	117
3476	1360	1247	113
3477	1355	1253	102
3478	1351	1250	101
3479	1368	1247	121
3480	1357	1250	107
3481	1350	1240	110
3482	1335	1238	97
3483	1348	1240	108
3484	1358	1236	122
3485	1369	1243	126
3486	1346	1240	106
3487	1338	1236	102
3488	1331	1236	95
3489	1352	1236	116
3490	1368	1240	128
3491	1346	1237	109
3492	1347	1241	106
3493	1356	1237	119
3494	1349	1235	114
3495	1375	1242	133
3496	1395	1245	150
3497	1381	1244	137
3498	1360	1232	128
3499	1359	1228	131
3500	1338	1234	104
3501	1360	1233	127
3502	1354	1241	113
3503	1376	1241	135
3504	1382	1241	141
3505	1375	1239	136
3506	1372	1242	130
3507	1367	1233	134
3508	1327	1238	89
3509	1354	1240	114
3510	1364	1236	128
3511	1348	1235	113
3512	1346	1226	120
3513	1350	1232	118
3514	1342	1233	109
3515	1325	1233	92
3516	1343	1238	105
3517	1370	1239	131
3518	1354	1240	114
3519	1349	1239	110
3520	1349	1232	117
3521	1369	1231	138
3522	1385	1225	160
3523	1371	1237	134
3524	1339	1237	102
3525	1367	1241	126
3526	1363	1248	115
3527	1368	1236	132
3528	1360	1242	118
3529	1367	1239	128
3530	1370	1255	115
3531	1359	1242	117
3532	1350	1235	115
3533	1347	1233	114
3534	1342	1242	100
3535	1368	1246	122
3536	1358	1242	116
3537	1342	1242	100
3538	1341	1237	104
3539	1355	1232	123
3540	1343	1233	110
3541	1353	1235	118
3542	1352	1237	115
3543	1349	1240	109
3544	1350	1241	109
3545	1374	1228	146
3546	1368	1232	136
3547	1364	1235	129
3548	1359	1234	125
3549	1354	1236	118
3550	1338	1228	110
3551	1350	1248	102
3552	1365	1255	110
3553	1357	1245	112
3554	1347	1236	111
3555	1361	1230	131
3556	1349	1236	113
3557	1350	1244	106
3558	1381	1243	138
3559	1363	1228	135
3560	1357	1236	121
3561	1362	1252	110
3562	1347	1240	107
3563	1359	1235	124
3564	1358	1236	122
3565	1368	1234	134
3566	1387	1235	152
3567	1367	1233	134
3568	1366	1233	133
3569	1362	1241	121
3570	1338	1243	95
3571	1370	1248	122
3572	1367	1246	121
3573	1362	1246	116
3574	1364	1241	123
3575	1357	1241	116
3576	1350	1242	108
3577	1381	1240	141
3578	1381	1228	153
3579	1387	1234	153
3580	1356	1251	105
3581	1364	1247	117
3582	1357	1235	122
3583	1365	1239	126
3584	1384	1237	147
3585	1373	1237	136
3586	1334	1243	91
3587	1361	1247	114
3588	1378	1239	139
3589	1371	1246	125
3590	1366	1244	122
3591	1377	1240	137
3592	1374	1233	141
3593	1380	1231	149
3594	1342	1241	101
3595	1357	1242	115
3596	1357	1245	112
3597	1375	1238	137
3598	1377	1244	133
3599	1367	1242	125
3600	1359	1239	120
3601	1385	1245	140
3602	1382	1245	137
3603	1373	1245	128
3604	1359	1234	125
3605	1383	1234	149
3606	1398	1239	159
3607	1401	1237	164
3608	1388	1236	152
3609	1378	1232	146
3610	1364	1231	133
3611	1359	1236	123
3612	1367	1241	126
3613	1401	1245	156
3614	1400	1240	160
3615	1392	1242	150
3616	1355	1245	110
3617	1361	1244	117
3618	1362	1248	114
3619	1376	1239	137
3620	1389	1240	149
3621	1393	1238	155
3622	1384	1236	148
3623	1386	1232	154
3624	1393	1236	157
3625	1371	1235	136
3626	1351	1232	119
3627	1376	1233	143
3628	1385	1237	148
3629	1385	1247	138
3630	1378	1246	132
3631	1389	1239	150
3632	1372	1236	136
3633	1360	1237	123
3634	1369	1238	131
3635	1366	1235	131
3636	1363	1239	124
3637	1385	1238	147
3638	1380	1239	141
3639	1370	1234	136
3640	1366	1232	134
3641	1375	1246	129
3642	1378	1232	146
3643	1382	1235	147
3644	1350	1235	115
3645	1359	1239	120
3646	1373	1239	134
3647	1377	1235	142
3648	1366	1245	121
