index	original	background	difference
-----------------------------------------------------
1	1341	1205	136
2	1323	1223	100
3	1334	1209	125
4	1334	1220	114
5	1326	1230	96
6	1308	1199	109
7	1311	1204	107
8	1321	1236	85
9	1343	1225	118
10	1356	1224	132
11	1353	1241	112
12	1365	1257	108
13	1362	1227	135
14	1341	1237	104
15	1340	1241	99
16	1345	1235	110
17	1346	1229	117
18	1338	1240	98
19	1351	1215	136
20	1329	1203	126
21	1337	1229	108
22	1346	1228	118
23	1358	1236	122
24	1348	1255	93
25	1352	1259	93
26	1337	1256	81
27	1341	1247	94
28	1347	1240	107
29	1351	1215	136
30	1354	1218	136
31	1356	1219	137
32	1368	1250	118
33	1384	1223	161
34	1368	1196	172
35	1354	1233	121
36	1358	1246	112
37	1344	1234	110
38	1350	1242	108
39	1343	1229	114
40	1346	1243	103
41	1344	1215	129
42	1363	1226	137
43	1374	1243	131
44	1334	1220	114
45	1368	1214	154
46	1380	1225	155
47	1355	1262	93
48	1358	1265	93
49	1369	1237	132
50	1368	1244	124
51	1365	1252	113
52	1373	1239	134
53	1354	1229	125
54	1347	1219	128
55	1359	1243	116
56	1362	1238	124
57	1352	1219	133
58	1346	1249	97
59	1372	1244	128
60	1360	1229	131
61	1349	1244	105
62	1354	1252	102
63	1366	1227	139
64	1384	1240	144
65	1367	1259	108
66	1357	1242	115
67	1350	1252	98
68	1354	1235	119
69	1350	1238	112
70	1341	1249	92
71	1361	1259	102
72	1358	1247	111
73	1354	1235	119
74	1361	1236	125
75	1357	1255	102
76	1351	1260	91
77	1354	1225	129
78	1377	1241	136
79	1381	1265	116
80	1367	1240	127
81	1359	1233	126
82	1358	1255	103
83	1366	1261	105
84	1375	1268	107
85	1381	1262	119
86	1386	1265	121
87	1360	1236	124
88	1363	1223	140
89	1370	1226	144
90	1377	1260	117
91	1362	1272	90
92	1337	1268	69
93	1351	1255	96
94	1367	1237	130
95	1364	1226	138
96	1377	1234	143
97	1371	1228	143
98	1360	1237	123
99	1366	1259	107
100	1377	1277	100
101	1366	1252	114
102	1364	1237	127
103	1352	1243	109
104	1373	1268	105
105	1368	1261	107
106	1365	1237	128
107	1366	1232	134
108	1371	1237	134
109	1361	1250	111
110	1356	1237	119
111	1372	1232	140
112	1386	1245	141
113	1362	1250	112
114	1351	1268	83
115	1351	1265	86
116	1364	1262	102
117	1384	1274	110
118	1387	1242	145
119	1353	1230	123
120	1365	1238	127
121	1379	1223	156
122	1360	1216	144
123	1356	1235	121
124	1375	1266	109
125	1357	1262	95
126	1368	1249	119
127	1382	1248	134
128	1395	1238	157
129	1381	1253	128
130	1373	1258	115
131	1352	1266	86
132	1346	1269	77
133	1368	1270	98
134	1386	1252	134
135	1374	1240	134
136	1373	1250	123
137	1378	1251	127
138	1359	1260	99
139	1375	1273	102
140	1379	1270	109
141	1377	1234	143
142	1400	1231	169
143	1374	1233	141
144	1364	1247	117
145	1372	1273	99
146	1366	1269	97
147	1371	1254	117
148	1381	1234	147
149	1364	1234	130
150	1363	1267	96
151	1360	1262	98
152	1372	1244	128
153	1404	1227	177
154	1388	1230	158
155	1381	1246	135
156	1373	1249	124
157	1394	1242	152
158	1386	1246	140
159	1381	1254	127
160	1378	1257	121
161	1380	1236	144
162	1392	1237	155
163	1388	1265	123
164	1394	1261	133
165	1401	1251	150
166	1387	1255	132
167	1391	1245	146
168	1389	1254	135
169	1385	1244	141
170	1365	1253	112
171	1372	1262	110
172	1365	1257	108
173	1354	1248	106
174	1363	1232	131
175	1359	1243	116
176	1357	1249	108
177	1390	1250	140
178	1397	1244	153
179	1384	1245	139
180	1413	1252	161
181	1397	1246	151
182	1419	1233	186
183	1412	1249	163
184	1388	1250	138
185	1395	1231	164
186	1386	1233	153
187	1376	1230	146
188	1399	1239	160
189	1388	1263	125
190	1354	1247	107
191	1362	1239	123
192	1367	1270	97
193	1372	1255	117
194	1396	1238	158
195	1402	1259	143
196	1378	1234	144
197	1386	1237	149
198	1374	1233	141
199	1374	1241	133
200	1367	1230	137
201	1393	1221	172
202	1387	1256	131
203	1386	1249	137
204	1395	1259	136
205	1383	1289	94
206	1393	1267	126
207	1412	1240	172
208	1395	1239	156
209	1384	1235	149
210	1373	1232	141
211	1385	1242	143
212	1399	1220	179
213	1378	1227	151
214	1385	1240	145
215	1379	1250	129
216	1372	1266	106
217	1369	1237	132
218	1378	1228	150
219	1399	1267	132
220	1365	1260	105
221	1388	1271	117
222	1403	1277	126
223	1403	1265	138
224	1391	1251	140
225	1365	1241	124
226	1383	1246	137
227	1377	1247	130
228	1390	1237	153
229	1382	1254	128
230	1386	1248	138
231	1395	1255	140
232	1376	1264	112
233	1380	1265	115
234	1390	1269	121
235	1393	1267	126
236	1383	1247	136
237	1380	1251	129
238	1400	1266	134
239	1386	1278	108
240	1389	1272	117
241	1387	1260	127
242	1363	1269	94
243	1406	1271	135
244	1402	1251	151
245	1406	1232	174
246	1383	1243	140
247	1382	1257	125
248	1422	1260	162
249	1415	1249	166
250	1398	1231	167
251	1402	1225	177
252	1403	1257	146
253	1394	1277	117
254	1407	1262	145
255	1399	1243	156
256	1392	1243	149
257	1423	1227	196
258	1414	1245	169
259	1417	1262	155
260	1400	1263	137
261	1381	1254	127
262	1379	1258	121
263	1391	1275	116
264	1409	1280	129
265	1394	1269	125
266	1402	1250	152
267	1417	1240	177
268	1419	1249	170
269	1415	1241	174
270	1398	1247	151
271	1409	1251	158
272	1400	1250	150
273	1395	1248	147
274	1410	1243	167
275	1387	1255	132
276	1405	1233	172
277	1423	1224	199
278	1423	1245	178
279	1431	1268	163
280	1407	1263	144
281	1413	1244	169
282	1409	1235	174
283	1397	1253	144
284	1407	1231	176
285	1407	1256	151
286	1402	1273	129
287	1380	1251	129
288	1384	1262	122
289	1433	1258	175
290	1437	1242	195
291	1435	1251	184
292	1433	1265	168
293	1421	1239	182
294	1417	1250	167
295	1413	1250	163
296	1418	1223	195
297	1449	1226	223
298	1419	1245	174
299	1397	1265	132
300	1416	1244	172
301	1442	1250	192
302	1428	1265	163
303	1419	1266	153
304	1442	1247	195
305	1431	1256	175
306	1417	1259	158
307	1419	1239	180
308	1433	1252	181
309	1411	1256	155
310	1427	1276	151
311	1444	1275	169
312	1445	1250	195
313	1444	1227	217
314	1449	1262	187
315	1420	1249	171
316	1418	1253	165
317	1451	1271	180
318	1435	1250	185
319	1433	1240	193
320	1443	1241	202
321	1422	1273	149
322	1431	1268	163
323	1445	1248	197
324	1430	1249	181
325	1423	1259	164
326	1430	1262	168
327	1437	1239	198
328	1433	1235	198
329	1433	1210	223
330	1445	1227	218
331	1442	1239	203
332	1449	1244	205
333	1452	1230	222
334	1449	1236	213
335	1447	1246	201
336	1447	1256	191
337	1433	1247	186
338	1395	1242	153
339	1422	1238	184
340	1436	1246	190
341	1420	1239	181
342	1421	1242	179
343	1459	1245	214
344	1473	1242	231
345	1471	1250	221
346	1478	1251	227
347	1476	1237	239
348	1437	1228	209
349	1425	1253	172
350	1449	1270	179
351	1468	1249	219
352	1461	1230	231
353	1453	1240	213
354	1459	1260	199
355	1461	1268	193
356	1445	1283	162
357	1425	1270	155
358	1437	1240	197
359	1441	1232	209
360	1462	1251	211
361	1456	1261	195
362	1443	1261	182
363	1454	1235	219
364	1463	1241	222
365	1472	1259	213
366	1461	1256	205
367	1480	1252	228
368	1472	1243	229
369	1443	1243	200
370	1476	1262	214
371	1468	1247	221
372	1451	1240	211
373	1456	1244	212
374	1459	1232	227
375	1462	1244	218
376	1446	1238	208
377	1453	1238	215
378	1465	1244	221
379	1475	1267	208
380	1466	1258	208
381	1480	1244	236
382	1484	1246	238
383	1474	1264	210
384	1452	1227	225
385	1446	1211	235
386	1450	1255	195
387	1444	1271	173
388	1460	1263	197
389	1461	1255	206
390	1456	1253	203
391	1464	1253	211
392	1476	1255	221
393	1453	1261	192
394	1433	1254	179
395	1465	1250	215
396	1473	1241	232
397	1484	1242	242
398	1471	1253	218
399	1464	1272	192
400	1477	1246	231
401	1460	1238	222
402	1475	1260	215
403	1474	1265	209
404	1470	1237	233
405	1457	1235	222
406	1478	1230	248
407	1484	1222	262
408	1494	1220	274
409	1510	1261	249
410	1482	1257	225
411	1465	1238	227
412	1468	1257	211
413	1464	1260	204
414	1454	1250	204
415	1475	1236	239
416	1448	1239	209
417	1466	1268	198
418	1475	1272	203
419	1474	1253	221
420	1460	1244	216
421	1464	1247	217
422	1500	1256	244
423	1502	1264	238
424	1472	1269	203
425	1466	1260	206
426	1467	1227	240
427	1459	1222	237
428	1464	1247	217
429	1482	1268	214
430	1481	1255	226
431	1490	1254	236
432	1483	1243	240
433	1484	1265	219
434	1488	1261	227
435	1471	1264	207
436	1485	1240	245
437	1508	1249	259
438	1489	1272	217
439	1443	1281	162
440	1435	1261	174
441	1467	1227	240
442	1515	1223	292
443	1485	1249	236
444	1461	1246	215
445	1479	1237	242
446	1476	1230	246
447	1508	1245	263
448	1485	1247	238
449	1470	1254	216
450	1461	1251	210
451	1462	1269	193
452	1471	1262	209
453	1478	1258	220
454	1461	1252	209
455	1462	1241	221
456	1485	1233	252
457	1505	1233	272
458	1512	1256	256
459	1504	1257	247
460	1496	1254	242
461	1496	1240	256
462	1465	1236	229
463	1455	1240	215
464	1500	1251	249
465	1521	1264	257
466	1490	1258	232
467	1469	1235	234
468	1460	1240	220
469	1471	1285	186
470	1467	1266	201
471	1489	1259	230
472	1489	1247	242
473	1506	1237	269
474	1497	1259	238
475	1468	1283	185
476	1466	1272	194
477	1473	1256	217
478	1477	1253	224
479	1489	1262	227
480	1471	1259	212
481	1477	1239	238
482	1487	1244	243
483	1448	1251	197
484	1474	1249	225
485	1496	1262	234
486	1476	1254	222
487	1471	1241	230
488	1444	1243	201
489	1465	1258	207
490	1494	1243	251
491	1500	1239	261
492	1503	1259	244
493	1495	1235	260
494	1495	1229	266
495	1495	1265	230
496	1485	1273	212
497	1465	1239	226
498	1474	1219	255
499	1460	1248	212
500	1441	1272	169
501	1476	1279	197
502	1478	1263	215
503	1491	1245	246
504	1483	1269	214
505	1495	1276	219
506	1510	1253	257
507	1506	1257	249
508	1465	1282	183
509	1486	1265	221
510	1482	1255	227
511	1475	1261	214
512	1458	1265	193
513	1464	1260	204
514	1475	1246	229
515	1473	1245	228
516	1485	1265	220
517	1473	1265	208
518	1478	1263	215
519	1497	1259	238
520	1462	1264	198
521	1471	1244	227
522	1468	1242	226
523	1469	1248	221
524	1473	1264	209
525	1485	1264	221
526	1498	1269	229
527	1494	1271	223
528	1471	1249	222
529	1476	1244	232
530	1489	1250	239
531	1486	1245	241
532	1477	1244	233
533	1496	1264	232
534	1453	1264	189
535	1450	1261	189
536	1459	1280	179
537	1463	1275	188
538	1476	1265	211
539	1474	1251	223
540	1456	1238	218
541	1450	1246	204
542	1472	1255	217
543	1469	1277	192
544	1451	1278	173
545	1458	1247	211
546	1462	1244	218
547	1470	1248	222
548	1463	1260	203
549	1449	1254	195
550	1451	1234	217
551	1447	1269	178
552	1457	1261	196
553	1469	1237	232
554	1452	1234	218
555	1440	1243	197
556	1436	1252	184
557	1433	1241	192
558	1437	1243	194
559	1471	1257	214
560	1487	1251	236
561	1469	1248	221
562	1475	1250	225
563	1481	1255	226
564	1438	1243	195
565	1451	1253	198
566	1453	1272	181
567	1437	1267	170
568	1429	1268	161
569	1461	1267	194
570	1474	1246	228
571	1477	1243	234
572	1457	1237	220
573	1463	1255	208
574	1468	1272	196
575	1461	1258	203
576	1469	1239	230
577	1471	1244	227
578	1474	1239	235
579	1456	1259	197
580	1468	1252	216
581	1473	1248	225
582	1479	1247	232
583	1483	1235	248
584	1456	1244	212
585	1461	1250	211
586	1474	1246	228
587	1480	1262	218
588	1454	1262	192
589	1436	1224	212
590	1447	1242	205
591	1444	1257	187
592	1443	1263	180
593	1452	1254	198
594	1463	1248	215
595	1441	1259	182
596	1470	1258	212
597	1449	1256	193
598	1414	1240	174
599	1453	1240	213
600	1468	1268	200
601	1460	1253	207
602	1441	1238	203
603	1457	1244	213
604	1475	1266	209
605	1443	1253	190
606	1440	1223	217
607	1448	1244	204
608	1447	1241	206
609	1470	1250	220
610	1454	1252	202
611	1445	1240	205
612	1447	1232	215
613	1438	1252	186
614	1431	1248	183
615	1447	1254	193
616	1436	1258	178
617	1451	1237	214
618	1476	1229	247
619	1487	1232	255
620	1454	1240	214
621	1431	1257	174
622	1444	1253	191
623	1477	1248	229
624	1481	1240	241
625	1464	1251	213
626	1462	1236	226
627	1471	1252	219
628	1464	1267	197
629	1452	1269	183
630	1454	1247	207
631	1440	1262	178
632	1432	1256	176
633	1466	1242	224
634	1494	1248	246
635	1477	1236	241
636	1459	1250	209
637	1472	1267	205
638	1468	1247	221
639	1470	1254	216
640	1476	1257	219
641	1455	1244	211
642	1457	1247	210
643	1481	1255	226
644	1465	1252	213
645	1461	1256	205
646	1448	1257	191
647	1457	1230	227
648	1452	1237	215
649	1483	1246	237
650	1461	1233	228
651	1465	1235	230
652	1465	1238	227
653	1448	1264	184
654	1468	1248	220
655	1486	1240	246
656	1472	1239	233
657	1485	1235	250
658	1492	1245	247
659	1443	1273	170
660	1444	1263	181
661	1480	1243	237
662	1457	1263	194
663	1454	1265	189
664	1454	1258	196
665	1433	1264	169
666	1484	1276	208
667	1492	1275	217
668	1451	1265	186
669	1463	1256	207
670	1468	1261	207
671	1499	1253	246
672	1467	1264	203
673	1446	1240	206
674	1475	1237	238
675	1478	1243	235
676	1443	1242	201
677	1454	1255	199
678	1460	1263	197
679	1474	1258	216
680	1459	1258	201
681	1474	1244	230
682	1468	1233	235
683	1476	1236	240
684	1474	1243	231
685	1490	1238	252
686	1489	1251	238
687	1461	1267	194
688	1461	1262	199
689	1478	1274	204
690	1472	1279	193
691	1468	1242	226
692	1477	1217	260
693	1488	1232	256
694	1491	1233	258
695	1461	1229	232
696	1463	1266	197
697	1488	1249	239
698	1479	1213	266
699	1490	1230	260
700	1461	1238	223
701	1474	1234	240
702	1475	1225	250
703	1480	1234	246
704	1498	1266	232
705	1488	1252	236
706	1506	1232	274
707	1508	1245	263
708	1492	1241	251
709	1486	1241	245
710	1491	1247	244
711	1491	1250	241
712	1496	1244	252
713	1507	1257	250
714	1472	1255	217
715	1477	1272	205
716	1482	1259	223
717	1472	1225	247
718	1472	1240	232
719	1502	1265	237
720	1496	1251	245
721	1511	1272	239
722	1496	1251	245
723	1480	1243	237
724	1501	1253	248
725	1510	1256	254
726	1508	1258	250
727	1505	1246	259
728	1484	1257	227
729	1501	1284	217
730	1497	1265	232
731	1492	1259	233
732	1505	1255	250
733	1498	1263	235
734	1497	1249	248
735	1505	1254	251
736	1508	1247	261
737	1509	1250	259
738	1501	1253	248
739	1481	1245	236
740	1524	1249	275
741	1531	1244	287
742	1536	1241	295
743	1534	1266	268
744	1531	1253	278
745	1542	1236	306
746	1544	1247	297
747	1514	1234	280
748	1519	1239	280
749	1525	1234	291
750	1521	1235	286
751	1511	1235	276
752	1507	1245	262
753	1530	1256	274
754	1527	1253	274
755	1501	1241	260
756	1517	1237	280
757	1521	1252	269
758	1525	1249	276
759	1505	1265	240
760	1516	1271	245
761	1516	1252	264
762	1525	1241	284
763	1542	1225	317
764	1530	1230	300
765	1519	1249	270
766	1537	1263	274
767	1545	1260	285
768	1525	1246	279
769	1533	1253	280
770	1539	1262	277
771	1515	1259	256
772	1503	1263	240
773	1506	1256	250
774	1505	1259	246
775	1532	1259	273
776	1566	1259	307
777	1552	1231	321
778	1531	1227	304
779	1532	1209	323
780	1533	1236	297
781	1522	1252	270
782	1561	1251	310
783	1556	1263	293
784	1521	1257	264
785	1533	1264	269
786	1527	1270	257
787	1544	1258	286
788	1543	1270	273
789	1549	1263	286
790	1524	1256	268
791	1523	1245	278
792	1540	1239	301
793	1532	1249	283
794	1519	1231	288
795	1548	1245	303
796	1541	1249	292
797	1529	1258	271
798	1538	1265	273
799	1551	1259	292
800	1559	1240	319
801	1544	1235	309
802	1551	1260	291
803	1541	1245	296
804	1563	1251	312
805	1556	1236	320
806	1522	1241	281
807	1541	1264	277
808	1546	1250	296
809	1574	1233	341
810	1564	1253	311
811	1560	1254	306
812	1571	1263	308
813	1580	1274	306
814	1573	1261	312
815	1562	1254	308
816	1544	1260	284
817	1539	1243	296
818	1539	1266	273
819	1527	1260	267
820	1554	1254	300
821	1568	1260	308
822	1545	1238	307
823	1544	1247	297
824	1557	1255	302
825	1540	1236	304
826	1554	1211	343
827	1576	1240	336
828	1582	1253	329
829	1550	1236	314
830	1556	1241	315
831	1570	1249	321
832	1546	1255	291
833	1547	1266	281
834	1547	1270	277
835	1546	1275	271
836	1569	1264	305
837	1550	1259	291
838	1559	1260	299
839	1566	1215	351
840	1593	1217	376
841	1573	1240	333
842	1548	1248	300
843	1532	1261	271
844	1521	1239	282
845	1548	1227	321
846	1558	1229	329
847	1567	1247	320
848	1585	1246	339
849	1580	1235	345
850	1561	1230	331
851	1549	1250	299
852	1549	1242	307
853	1577	1237	340
854	1582	1265	317
855	1583	1269	314
856	1569	1260	309
857	1567	1232	335
858	1563	1241	322
859	1576	1273	303
860	1560	1265	295
861	1562	1242	320
862	1596	1238	358
863	1600	1252	348
864	1583	1269	314
865	1576	1266	310
866	1562	1252	310
867	1547	1226	321
868	1560	1217	343
869	1575	1227	348
870	1559	1276	283
871	1558	1261	297
872	1541	1247	294
873	1547	1255	292
874	1584	1266	318
875	1600	1253	347
876	1573	1243	330
877	1549	1250	299
878	1586	1263	323
879	1596	1259	337
880	1589	1243	346
881	1579	1236	343
882	1564	1262	302
883	1579	1259	320
884	1597	1250	347
885	1591	1237	354
886	1575	1236	339
887	1568	1232	336
888	1578	1224	354
889	1571	1227	344
890	1562	1245	317
891	1599	1256	343
892	1602	1244	358
893	1596	1237	359
894	1585	1242	343
895	1579	1248	331
896	1600	1249	351
897	1594	1262	332
898	1587	1252	335
899	1598	1258	340
900	1594	1275	319
901	1574	1267	307
902	1582	1254	328
903	1591	1252	339
904	1570	1253	317
905	1559	1260	299
906	1571	1247	324
907	1561	1254	307
908	1554	1259	295
909	1573	1259	314
910	1588	1239	349
911	1593	1227	366
912	1571	1232	339
913	1551	1229	322
914	1576	1231	345
915	1588	1241	347
916	1598	1283	315
917	1599	1280	319
918	1591	1251	340
919	1561	1241	320
920	1539	1264	275
921	1548	1255	293
922	1573	1241	332
923	1594	1241	353
924	1595	1241	354
925	1578	1243	335
926	1575	1235	340
927	1564	1241	323
928	1562	1236	326
929	1564	1243	321
930	1589	1258	331
931	1606	1256	350
932	1584	1245	339
933	1576	1229	347
934	1573	1228	345
935	1571	1235	336
936	1560	1225	335
937	1559	1240	319
938	1569	1260	309
939	1579	1256	323
940	1601	1247	354
941	1579	1246	333
942	1571	1261	310
943	1583	1256	327
944	1569	1240	329
945	1557	1249	308
946	1568	1257	311
947	1603	1258	345
948	1575	1241	334
949	1550	1239	311
950	1553	1245	308
951	1572	1269	303
952	1593	1272	321
953	1587	1248	339
954	1559	1242	317
955	1555	1241	314
956	1549	1237	312
957	1581	1250	331
958	1577	1251	326
959	1556	1238	318
960	1546	1246	300
961	1548	1252	296
962	1569	1259	310
963	1585	1255	330
964	1551	1231	320
965	1546	1243	303
966	1571	1269	302
967	1597	1257	340
968	1564	1212	352
969	1557	1243	314
970	1539	1248	291
971	1540	1232	308
972	1552	1246	306
973	1545	1249	296
974	1540	1245	295
975	1552	1244	308
976	1572	1246	326
977	1568	1242	326
978	1543	1246	297
979	1536	1257	279
980	1543	1261	282
981	1566	1272	294
982	1546	1252	294
983	1528	1252	276
984	1551	1252	299
985	1555	1239	316
986	1556	1231	325
987	1535	1245	290
988	1555	1251	304
989	1549	1259	290
990	1553	1247	306
991	1561	1244	317
992	1585	1242	343
993	1557	1246	311
994	1534	1258	276
995	1543	1271	272
996	1556	1287	269
997	1548	1251	297
998	1561	1227	334
999	1566	1256	310
1000	1557	1249	308
1001	1561	1245	316
1002	1531	1248	283
1003	1528	1244	284
1004	1554	1241	313
1005	1565	1246	319
1006	1543	1265	278
1007	1558	1266	292
1008	1555	1249	306
1009	1531	1254	277
1010	1526	1261	265
1011	1544	1248	296
1012	1554	1258	296
1013	1545	1249	296
1014	1542	1270	272
1015	1513	1271	242
1016	1520	1235	285
1017	1526	1247	279
1018	1520	1272	248
1019	1536	1263	273
1020	1533	1245	288
1021	1506	1231	275
1022	1532	1238	294
1023	1545	1253	292
1024	1529	1237	292
1025	1565	1236	329
1026	1560	1232	328
1027	1556	1241	315
1028	1530	1270	260
1029	1557	1259	298
1030	1540	1247	293
1031	1547	1252	295
1032	1543	1250	293
1033	1520	1237	283
1034	1544	1228	316
1035	1560	1233	327
1036	1539	1224	315
1037	1543	1246	297
1038	1540	1232	308
1039	1518	1238	280
1040	1523	1253	270
1041	1524	1239	285
1042	1543	1236	307
1043	1549	1247	302
1044	1531	1268	263
1045	1518	1255	263
1046	1536	1259	277
1047	1553	1253	300
1048	1545	1256	289
1049	1546	1261	285
1050	1515	1270	245
1051	1518	1281	237
1052	1549	1283	266
1053	1522	1248	274
1054	1508	1248	260
1055	1528	1247	281
1056	1552	1266	286
1057	1556	1261	295
1058	1544	1249	295
1059	1549	1263	286
1060	1524	1262	262
1061	1525	1243	282
1062	1552	1246	306
1063	1542	1265	277
1064	1515	1242	273
1065	1525	1234	291
1066	1534	1245	289
1067	1511	1259	252
1068	1490	1253	237
1069	1511	1258	253
1070	1512	1261	251
1071	1496	1245	251
1072	1499	1237	262
1073	1514	1253	261
1074	1528	1242	286
1075	1510	1237	273
1076	1518	1232	286
1077	1530	1254	276
1078	1521	1244	277
1079	1529	1238	291
1080	1523	1258	265
1081	1524	1268	256
1082	1540	1268	272
1083	1541	1244	297
1084	1549	1254	295
1085	1538	1252	286
1086	1532	1258	274
1087	1558	1263	295
1088	1554	1259	295
1089	1543	1256	287
1090	1540	1269	271
1091	1532	1285	247
1092	1531	1272	259
1093	1500	1261	239
1094	1537	1251	286
1095	1514	1232	282
1096	1490	1229	261
1097	1513	1230	283
1098	1523	1254	269
1099	1526	1243	283
1100	1522	1242	280
1101	1535	1272	263
1102	1528	1260	268
1103	1532	1249	283
1104	1547	1247	300
1105	1539	1261	278
1106	1500	1261	239
1107	1495	1242	253
1108	1501	1237	264
1109	1535	1262	273
1110	1559	1264	295
1111	1531	1253	278
1112	1502	1231	271
1113	1516	1237	279
1114	1548	1273	275
1115	1540	1245	295
1116	1527	1247	280
1117	1512	1254	258
1118	1523	1252	271
1119	1514	1244	270
1120	1536	1237	299
1121	1534	1224	310
1122	1525	1237	288
1123	1537	1236	301
1124	1509	1257	252
1125	1506	1246	260
1126	1553	1204	349
1127	1551	1230	321
1128	1521	1240	281
1129	1503	1249	254
1130	1514	1240	274
1131	1516	1248	268
1132	1521	1264	257
1133	1525	1247	278
1134	1532	1244	288
1135	1522	1261	261
1136	1512	1253	259
1137	1526	1249	277
1138	1520	1256	264
1139	1555	1252	303
1140	1539	1269	270
1141	1530	1265	265
1142	1548	1243	305
1143	1533	1245	288
1144	1511	1238	273
1145	1510	1251	259
1146	1528	1250	278
1147	1567	1240	327
1148	1541	1246	295
1149	1538	1272	266
1150	1539	1257	282
1151	1490	1246	244
1152	1520	1250	270
1153	1552	1258	294
1154	1547	1259	288
1155	1555	1254	301
1156	1539	1253	286
1157	1521	1248	273
1158	1535	1250	285
1159	1539	1258	281
1160	1530	1256	274
1161	1503	1241	262
1162	1505	1245	260
1163	1526	1273	253
1164	1542	1257	285
1165	1525	1250	275
1166	1524	1246	278
1167	1528	1264	264
1168	1525	1264	261
1169	1522	1246	276
1170	1522	1245	277
1171	1516	1262	254
1172	1542	1269	273
1173	1513	1239	274
1174	1534	1249	285
1175	1560	1282	278
1176	1535	1246	289
1177	1527	1260	267
1178	1528	1280	248
1179	1511	1263	248
1180	1505	1245	260
1181	1519	1242	277
1182	1519	1258	261
1183	1540	1252	288
1184	1527	1234	293
1185	1515	1278	237
1186	1512	1283	229
1187	1527	1279	248
1188	1547	1273	274
1189	1517	1270	247
1190	1511	1275	236
1191	1515	1271	244
1192	1539	1267	272
1193	1541	1278	263
1194	1522	1242	280
1195	1517	1230	287
1196	1549	1252	297
1197	1527	1268	259
1198	1529	1251	278
1199	1550	1249	301
1200	1543	1259	284
1201	1531	1272	259
1202	1508	1286	222
1203	1514	1264	250
1204	1554	1261	293
1205	1550	1261	289
1206	1560	1242	318
1207	1537	1249	288
1208	1554	1234	320
1209	1525	1239	286
1210	1520	1262	258
1211	1532	1278	254
1212	1521	1262	259
1213	1519	1252	267
1214	1534	1245	289
1215	1530	1247	283
1216	1525	1275	250
1217	1505	1259	246
1218	1502	1247	255
1219	1537	1285	252
1220	1522	1261	261
1221	1529	1250	279
1222	1525	1258	267
1223	1543	1257	286
1224	1577	1257	320
1225	1535	1251	284
1226	1525	1274	251
1227	1562	1268	294
1228	1546	1239	307
1229	1516	1245	271
1230	1534	1258	276
1231	1550	1259	291
1232	1527	1259	268
1233	1520	1266	254
1234	1560	1263	297
1235	1545	1246	299
1236	1524	1255	269
1237	1537	1260	277
1238	1517	1222	295
1239	1531	1239	292
1240	1540	1263	277
1241	1543	1251	292
1242	1576	1252	324
1243	1553	1254	299
1244	1521	1247	274
1245	1561	1241	320
1246	1529	1265	264
1247	1529	1279	250
1248	1550	1287	263
1249	1543	1268	275
1250	1554	1262	292
1251	1550	1266	284
1252	1553	1267	286
1253	1561	1259	302
1254	1566	1272	294
1255	1555	1263	292
1256	1551	1254	297
1257	1547	1247	300
1258	1566	1269	297
1259	1544	1266	278
1260	1549	1276	273
1261	1521	1272	249
1262	1535	1283	252
1263	1544	1281	263
1264	1539	1283	256
1265	1550	1276	274
1266	1533	1261	272
1267	1523	1253	270
1268	1528	1260	268
1269	1550	1267	283
1270	1539	1287	252
1271	1556	1262	294
1272	1555	1255	300
1273	1514	1256	258
1274	1535	1253	282
1275	1571	1268	303
1276	1550	1232	318
1277	1544	1230	314
1278	1537	1248	289
1279	1532	1258	274
1280	1506	1239	267
1281	1543	1257	286
1282	1556	1250	306
1283	1540	1260	280
1284	1549	1243	306
1285	1531	1238	293
1286	1551	1241	310
1287	1565	1244	321
1288	1559	1236	323
1289	1538	1220	318
1290	1527	1242	285
1291	1537	1257	280
1292	1570	1265	305
1293	1560	1261	299
1294	1568	1257	311
1295	1539	1275	264
1296	1521	1247	274
1297	1535	1248	287
1298	1550	1270	280
1299	1540	1262	278
1300	1548	1246	302
1301	1558	1244	314
1302	1555	1260	295
1303	1546	1264	282
1304	1563	1241	322
1305	1582	1240	342
1306	1564	1242	322
1307	1550	1243	307
1308	1562	1242	320
1309	1558	1235	323
1310	1569	1234	335
1311	1580	1247	333
1312	1582	1230	352
1313	1566	1252	314
1314	1539	1271	268
1315	1531	1266	265
1316	1538	1246	292
1317	1561	1256	305
1318	1572	1265	307
1319	1546	1250	296
1320	1565	1249	316
1321	1589	1251	338
1322	1565	1231	334
1323	1566	1240	326
1324	1564	1243	321
1325	1561	1243	318
1326	1557	1226	331
1327	1569	1228	341
1328	1565	1223	342
1329	1581	1222	359
1330	1566	1250	316
1331	1551	1268	283
1332	1562	1220	342
1333	1555	1222	333
1334	1560	1266	294
1335	1580	1258	322
1336	1570	1259	311
1337	1561	1259	302
1338	1549	1234	315
1339	1554	1228	326
1340	1557	1248	309
1341	1548	1256	292
1342	1561	1241	320
1343	1591	1226	365
1344	1568	1236	332
1345	1580	1252	328
1346	1587	1239	348
1347	1558	1252	306
1348	1564	1262	302
1349	1549	1259	290
1350	1550	1247	303
1351	1580	1248	332
1352	1583	1250	333
1353	1593	1238	355
1354	1577	1238	339
1355	1559	1253	306
1356	1572	1243	329
1357	1598	1252	346
1358	1584	1248	336
1359	1575	1239	336
1360	1570	1232	338
1361	1575	1241	334
1362	1602	1262	340
1363	1597	1266	331
1364	1567	1253	314
1365	1567	1282	285
1366	1588	1273	315
1367	1592	1256	336
1368	1559	1260	299
1369	1578	1254	324
1370	1553	1231	322
1371	1555	1236	319
1372	1585	1258	327
1373	1597	1259	338
1374	1611	1268	343
1375	1565	1289	276
1376	1575	1240	335
1377	1605	1224	381
1378	1578	1231	347
1379	1559	1220	339
1380	1601	1243	358
1381	1605	1233	372
1382	1590	1239	351
1383	1579	1251	328
1384	1582	1245	337
1385	1600	1237	363
1386	1606	1254	352
1387	1578	1269	309
1388	1550	1254	296
1389	1554	1260	294
1390	1567	1265	302
1391	1582	1242	340
1392	1591	1257	334
1393	1593	1262	331
1394	1599	1254	345
1395	1598	1255	343
1396	1581	1265	316
1397	1590	1279	311
1398	1603	1281	322
1399	1600	1236	364
1400	1570	1236	334
1401	1575	1240	335
1402	1580	1240	340
1403	1603	1259	344
1404	1596	1252	344
1405	1578	1234	344
1406	1594	1229	365
1407	1600	1232	368
1408	1603	1237	366
1409	1596	1252	344
1410	1581	1243	338
1411	1567	1238	329
1412	1606	1245	361
1413	1597	1268	329
1414	1596	1274	322
1415	1601	1269	332
1416	1595	1244	351
1417	1589	1243	346
1418	1606	1277	329
1419	1594	1259	335
1420	1588	1249	339
1421	1585	1237	348
1422	1579	1231	348
1423	1602	1260	342
1424	1585	1271	314
1425	1592	1244	348
1426	1575	1256	319
1427	1537	1267	270
1428	1571	1256	315
1429	1585	1264	321
1430	1585	1277	308
1431	1589	1260	329
1432	1579	1286	293
1433	1590	1264	326
1434	1579	1252	327
1435	1594	1264	330
1436	1581	1263	318
1437	1582	1261	321
1438	1610	1265	345
1439	1631	1264	367
1440	1606	1256	350
1441	1597	1255	342
1442	1596	1243	353
1443	1578	1230	348
1444	1574	1235	339
1445	1581	1238	343
1446	1582	1243	339
1447	1590	1253	337
1448	1596	1261	335
1449	1611	1234	377
1450	1586	1239	347
1451	1596	1265	331
1452	1600	1267	333
1453	1591	1277	314
1454	1583	1279	304
1455	1565	1268	297
1456	1575	1253	322
1457	1577	1241	336
1458	1574	1259	315
1459	1585	1259	326
1460	1580	1247	333
1461	1596	1243	353
1462	1594	1249	345
1463	1585	1251	334
1464	1590	1256	334
1465	1597	1239	358
1466	1593	1246	347
1467	1611	1247	364
1468	1589	1240	349
1469	1595	1287	308
1470	1543	1260	283
1471	1567	1244	323
1472	1569	1258	311
1473	1594	1257	337
1474	1598	1246	352
1475	1597	1231	366
1476	1579	1256	323
1477	1560	1274	286
1478	1578	1258	320
1479	1593	1239	354
1480	1568	1235	333
1481	1566	1265	301
1482	1602	1271	331
1483	1593	1262	331
1484	1609	1266	343
1485	1590	1266	324
1486	1574	1234	340
1487	1586	1237	349
1488	1594	1250	344
1489	1572	1233	339
1490	1578	1254	324
1491	1605	1246	359
1492	1611	1245	366
1493	1580	1259	321
1494	1565	1260	305
1495	1588	1237	351
1496	1619	1229	390
1497	1612	1236	376
1498	1604	1241	363
1499	1596	1249	347
1500	1571	1251	320
1501	1554	1249	305
1502	1565	1241	324
1503	1588	1252	336
1504	1604	1265	339
1505	1600	1272	328
1506	1596	1266	330
1507	1599	1253	346
1508	1622	1240	382
1509	1602	1232	370
1510	1571	1235	336
1511	1565	1237	328
1512	1568	1247	321
1513	1569	1261	308
1514	1552	1257	295
1515	1578	1236	342
1516	1584	1235	349
1517	1599	1251	348
1518	1583	1260	323
1519	1577	1249	328
1520	1585	1241	344
1521	1589	1222	367
1522	1584	1235	349
1523	1563	1257	306
1524	1564	1247	317
1525	1572	1231	341
1526	1595	1257	338
1527	1576	1262	314
1528	1567	1240	327
1529	1560	1223	337
1530	1571	1216	355
1531	1582	1263	319
1532	1584	1251	333
1533	1576	1229	347
1534	1593	1239	354
1535	1582	1254	328
1536	1585	1244	341
1537	1595	1234	361
1538	1588	1238	350
1539	1565	1252	313
1540	1590	1262	328
1541	1588	1247	341
1542	1573	1239	334
1543	1555	1264	291
1544	1556	1268	288
1545	1550	1244	306
1546	1538	1239	299
1547	1547	1236	311
1548	1545	1237	308
1549	1526	1248	278
1550	1557	1265	292
1551	1570	1271	299
1552	1584	1255	329
1553	1572	1222	350
1554	1555	1247	308
1555	1543	1255	288
1556	1544	1245	299
1557	1547	1250	297
1558	1557	1255	302
1559	1567	1244	323
1560	1563	1254	309
1561	1557	1263	294
1562	1563	1257	306
1563	1560	1251	309
1564	1570	1258	312
1565	1565	1231	334
1566	1569	1241	328
1567	1564	1251	313
1568	1558	1257	301
1569	1564	1248	316
1570	1581	1254	327
1571	1586	1254	332
1572	1549	1238	311
1573	1554	1230	324
1574	1569	1263	306
1575	1564	1264	300
1576	1565	1253	312
1577	1546	1262	284
1578	1558	1252	306
1579	1563	1241	322
1580	1560	1240	320
1581	1560	1235	325
1582	1565	1249	316
1583	1551	1266	285
1584	1556	1257	299
1585	1551	1259	292
1586	1565	1276	289
1587	1578	1262	316
1588	1549	1255	294
1589	1563	1258	305
1590	1555	1253	302
1591	1546	1284	262
1592	1564	1261	303
1593	1574	1241	333
1594	1582	1243	339
1595	1579	1251	328
1596	1590	1252	338
1597	1575	1259	316
1598	1540	1254	286
1599	1506	1237	269
1600	1528	1238	290
1601	1570	1260	310
1602	1578	1262	316
1603	1553	1230	323
1604	1539	1251	288
1605	1530	1255	275
1606	1539	1248	291
1607	1573	1269	304
1608	1602	1271	331
1609	1581	1248	333
1610	1544	1237	307
1611	1548	1228	320
1612	1535	1214	321
1613	1526	1241	285
1614	1560	1263	297
1615	1561	1261	300
1616	1526	1262	264
1617	1557	1274	283
1618	1560	1281	279
1619	1536	1280	256
1620	1537	1271	266
1621	1526	1263	263
1622	1518	1258	260
1623	1547	1273	274
1624	1540	1255	285
1625	1534	1269	265
1626	1536	1253	283
1627	1558	1255	303
1628	1560	1270	290
1629	1540	1264	276
1630	1556	1244	312
1631	1547	1256	291
1632	1533	1260	273
1633	1550	1259	291
1634	1554	1250	304
1635	1528	1260	268
1636	1527	1268	259
1637	1520	1256	264
1638	1519	1227	292
1639	1514	1237	277
1640	1516	1261	255
1641	1528	1283	245
1642	1544	1269	275
1643	1514	1248	266
1644	1495	1237	258
1645	1522	1262	260
1646	1526	1256	270
1647	1537	1262	275
1648	1534	1239	295
1649	1524	1245	279
1650	1525	1255	270
1651	1557	1250	307
1652	1539	1254	285
1653	1519	1264	255
1654	1527	1267	260
1655	1535	1266	269
1656	1520	1282	238
1657	1539	1285	254
1658	1550	1277	273
1659	1544	1254	290
1660	1558	1238	320
1661	1530	1261	269
1662	1541	1273	268
1663	1527	1247	280
1664	1524	1274	250
1665	1531	1262	269
1666	1531	1245	286
1667	1549	1258	291
1668	1545	1272	273
1669	1540	1255	285
1670	1520	1258	262
1671	1523	1261	262
1672	1521	1270	251
1673	1511	1268	243
1674	1516	1263	253
1675	1506	1271	235
1676	1509	1270	239
1677	1508	1244	264
1678	1488	1223	265
1679	1515	1236	279
1680	1509	1234	275
1681	1511	1235	276
1682	1519	1237	282
1683	1489	1260	229
1684	1505	1265	240
1685	1527	1245	282
1686	1498	1240	258
1687	1496	1241	255
1688	1513	1250	263
1689	1522	1251	271
1690	1501	1247	254
1691	1508	1247	261
1692	1518	1250	268
1693	1535	1253	282
1694	1519	1229	290
1695	1502	1247	255
1696	1508	1267	241
1697	1519	1253	266
1698	1534	1243	291
1699	1526	1252	274
1700	1521	1238	283
1701	1541	1239	302
1702	1535	1248	287
1703	1520	1250	270
1704	1520	1257	263
1705	1541	1261	280
1706	1549	1262	287
1707	1541	1235	306
1708	1544	1243	301
1709	1538	1278	260
1710	1524	1257	267
1711	1505	1232	273
1712	1492	1238	254
1713	1495	1247	248
1714	1499	1237	262
1715	1510	1250	260
1716	1497	1257	240
1717	1489	1268	221
1718	1493	1258	235
1719	1529	1264	265
1720	1520	1242	278
1721	1516	1246	270
1722	1513	1257	256
1723	1488	1242	246
1724	1512	1272	240
1725	1494	1264	230
1726	1504	1239	265
1727	1525	1253	272
1728	1522	1243	279
1729	1515	1249	266
1730	1487	1244	243
1731	1492	1252	240
1732	1486	1264	222
1733	1478	1253	225
1734	1520	1252	268
1735	1516	1261	255
1736	1509	1246	263
1737	1502	1252	250
1738	1504	1272	232
1739	1504	1283	221
1740	1501	1262	239
1741	1522	1245	277
1742	1498	1264	234
1743	1469	1247	222
1744	1501	1241	260
1745	1506	1267	239
1746	1473	1269	204
1747	1467	1243	224
1748	1486	1264	222
1749	1509	1264	245
1750	1502	1278	224
1751	1493	1265	228
1752	1509	1258	251
1753	1512	1249	263
1754	1479	1249	230
1755	1505	1251	254
1756	1510	1263	247
1757	1506	1249	257
1758	1488	1243	245
1759	1488	1241	247
1760	1497	1239	258
1761	1492	1238	254
1762	1508	1246	262
1763	1491	1240	251
1764	1507	1263	244
1765	1483	1276	207
1766	1491	1276	215
1767	1479	1259	220
1768	1459	1269	190
1769	1474	1261	213
1770	1474	1249	225
1771	1486	1240	246
1772	1486	1236	250
1773	1482	1228	254
1774	1483	1263	220
1775	1500	1265	235
1776	1488	1245	243
1777	1452	1225	227
1778	1462	1229	233
1779	1482	1255	227
1780	1483	1268	215
1781	1484	1281	203
1782	1467	1278	189
1783	1494	1244	250
1784	1486	1248	238
1785	1464	1244	220
1786	1471	1258	213
1787	1471	1253	218
1788	1489	1251	238
1789	1485	1251	234
1790	1473	1238	235
1791	1465	1266	199
1792	1470	1266	204
1793	1461	1242	219
1794	1469	1227	242
1795	1459	1280	179
1796	1456	1280	176
1797	1479	1234	245
1798	1463	1257	206
1799	1466	1275	191
1800	1499	1269	230
1801	1484	1251	233
1802	1461	1259	202
1803	1460	1257	203
1804	1472	1235	237
1805	1468	1260	208
1806	1447	1279	168
1807	1458	1256	202
1808	1475	1254	221
1809	1458	1271	187
1810	1472	1264	208
1811	1479	1268	211
1812	1474	1264	210
1813	1460	1253	207
1814	1452	1245	207
1815	1436	1244	192
1816	1437	1246	191
1817	1447	1247	200
1818	1468	1251	217
1819	1477	1261	216
1820	1440	1254	186
1821	1427	1235	192
1822	1461	1236	225
1823	1476	1257	219
1824	1460	1259	201
1825	1451	1257	194
1826	1445	1254	191
1827	1450	1251	199
1828	1470	1258	212
1829	1437	1250	187
1830	1437	1246	191
1831	1450	1253	197
1832	1431	1231	200
1833	1427	1218	209
1834	1432	1245	187
1835	1437	1257	180
1836	1450	1268	182
1837	1456	1276	180
1838	1458	1288	170
1839	1444	1257	187
1840	1410	1242	168
1841	1401	1240	161
1842	1446	1240	206
1843	1433	1242	191
1844	1433	1252	181
1845	1438	1266	172
1846	1423	1254	169
1847	1418	1246	172
1848	1417	1253	164
1849	1439	1259	180
1850	1431	1272	159
1851	1432	1243	189
1852	1418	1251	167
1853	1428	1266	162
1854	1417	1256	161
1855	1422	1231	191
1856	1424	1226	198
1857	1436	1240	196
1858	1448	1251	197
1859	1418	1268	150
1860	1385	1244	141
1861	1386	1246	140
1862	1390	1261	129
1863	1410	1241	169
1864	1408	1244	164
1865	1398	1241	157
1866	1399	1225	174
1867	1389	1249	140
1868	1414	1248	166
1869	1391	1261	130
1870	1394	1260	134
1871	1403	1257	146
1872	1379	1273	106
1873	1402	1273	129
1874	1411	1262	149
1875	1406	1256	150
1876	1413	1228	185
1877	1407	1243	164
1878	1421	1258	163
1879	1418	1258	160
1880	1397	1256	141
1881	1384	1263	121
1882	1405	1248	157
1883	1415	1226	189
1884	1387	1256	131
1885	1394	1258	136
1886	1405	1239	166
1887	1394	1218	176
1888	1384	1236	148
1889	1375	1238	137
1890	1392	1234	158
1891	1391	1225	166
1892	1391	1253	138
1893	1421	1279	142
1894	1415	1259	156
1895	1368	1261	107
1896	1388	1255	133
1897	1385	1270	115
1898	1374	1259	115
1899	1374	1262	112
1900	1369	1279	90
1901	1379	1280	99
1902	1394	1241	153
1903	1405	1261	144
1904	1400	1280	120
1905	1393	1254	139
1906	1387	1245	142
1907	1378	1238	140
1908	1382	1248	134
1909	1400	1239	161
1910	1407	1231	176
1911	1400	1241	159
1912	1394	1250	144
1913	1385	1236	149
1914	1395	1218	177
1915	1399	1249	150
1916	1385	1267	118
1917	1374	1251	123
1918	1399	1241	158
1919	1401	1235	166
1920	1383	1238	145
1921	1392	1255	137
1922	1395	1266	129
1923	1399	1255	144
1924	1392	1255	137
1925	1374	1270	104
1926	1378	1245	133
1927	1390	1229	161
1928	1391	1268	123
1929	1377	1244	133
1930	1392	1254	138
1931	1370	1287	83
1932	1368	1274	94
1933	1402	1280	122
1934	1393	1269	124
1935	1399	1247	152
1936	1405	1245	160
1937	1383	1243	140
1938	1362	1234	128
1939	1371	1245	126
1940	1376	1253	123
1941	1388	1249	139
1942	1379	1228	151
1943	1380	1211	169
1944	1374	1229	145
1945	1377	1250	127
1946	1385	1256	129
1947	1377	1249	128
1948	1377	1270	107
1949	1390	1268	122
1950	1399	1255	144
1951	1387	1233	154
1952	1400	1236	164
1953	1410	1246	164
1954	1382	1242	140
1955	1367	1249	118
1956	1390	1247	143
1957	1389	1226	163
1958	1371	1225	146
1959	1366	1249	117
1960	1383	1253	130
1961	1396	1266	130
1962	1395	1275	120
1963	1387	1272	115
1964	1378	1266	112
1965	1378	1238	140
1966	1390	1235	155
1967	1365	1258	107
1968	1333	1242	91
1969	1401	1271	130
1970	1398	1240	158
1971	1360	1241	119
1972	1341	1247	94
1973	1360	1243	117
1974	1363	1244	119
1975	1348	1237	111
1976	1370	1240	130
1977	1376	1247	129
1978	1369	1239	130
1979	1365	1218	147
1980	1363	1238	125
1981	1362	1262	100
1982	1369	1248	121
1983	1373	1249	124
1984	1365	1249	116
1985	1363	1258	105
1986	1362	1267	95
1987	1352	1242	110
1988	1354	1238	116
1989	1383	1262	121
1990	1373	1271	102
1991	1378	1252	126
1992	1378	1245	133
1993	1379	1255	124
1994	1378	1253	125
1995	1367	1250	117
1996	1327	1249	78
1997	1351	1251	100
1998	1382	1246	136
1999	1384	1239	145
2000	1372	1237	135
2001	1367	1259	108
2002	1374	1248	126
2003	1367	1263	104
2004	1364	1276	88
2005	1378	1248	130
2006	1408	1246	162
2007	1382	1242	140
2008	1383	1230	153
2009	1386	1210	176
2010	1365	1232	133
2011	1335	1260	75
2012	1364	1266	98
2013	1365	1241	124
2014	1352	1256	96
2015	1363	1265	98
2016	1377	1265	112
2017	1390	1262	128
2018	1381	1257	124
2019	1363	1263	100
2020	1353	1229	124
2021	1347	1221	126
2022	1354	1241	113
2023	1380	1231	149
2024	1372	1246	126
2025	1372	1244	128
2026	1376	1241	135
2027	1381	1229	152
2028	1353	1224	129
2029	1351	1221	130
2030	1377	1228	149
2031	1352	1217	135
2032	1360	1215	145
2033	1354	1240	114
2034	1326	1255	71
2035	1317	1257	60
2036	1352	1248	104
2037	1362	1245	117
2038	1361	1264	97
2039	1365	1278	87
2040	1370	1256	114
2041	1376	1242	134
2042	1370	1243	127
2043	1372	1220	152
2044	1362	1226	136
2045	1362	1236	126
2046	1344	1249	95
2047	1354	1256	98
2048	1375	1245	130
2049	1370	1256	114
2050	1355	1255	100
2051	1334	1271	63
2052	1348	1256	92
2053	1373	1252	121
2054	1349	1244	105
2055	1363	1246	117
2056	1370	1259	111
2057	1338	1248	90
2058	1343	1256	87
2059	1364	1242	122
2060	1350	1251	99
2061	1355	1266	89
2062	1360	1262	98
2063	1350	1261	89
2064	1335	1253	82
2065	1360	1250	110
2066	1369	1242	127
2067	1377	1250	127
2068	1351	1251	100
2069	1346	1250	96
2070	1349	1264	85
2071	1351	1258	93
2072	1351	1248	103
2073	1332	1250	82
2074	1333	1244	89
2075	1342	1257	85
2076	1335	1266	69
2077	1332	1265	67
2078	1336	1259	77
2079	1359	1244	115
2080	1359	1253	106
2081	1372	1248	124
2082	1367	1267	100
2083	1352	1268	84
2084	1367	1267	100
2085	1363	1254	109
2086	1355	1231	124
2087	1355	1257	98
2088	1347	1258	89
2089	1331	1257	74
2090	1372	1271	101
2091	1347	1250	97
2092	1341	1232	109
2093	1317	1250	67
2094	1319	1254	65
2095	1344	1249	95
2096	1336	1255	81
2097	1330	1259	71
2098	1348	1256	92
2099	1359	1232	127
2100	1363	1259	104
2101	1353	1253	100
2102	1374	1250	124
2103	1353	1231	122
2104	1351	1245	106
2105	1346	1266	80
2106	1316	1264	52
2107	1338	1242	96
2108	1348	1242	106
2109	1349	1230	119
2110	1339	1258	81
2111	1335	1263	72
2112	1345	1263	82
2113	1348	1247	101
2114	1332	1263	69
2115	1352	1274	78
2116	1355	1265	90
2117	1347	1252	95
2118	1348	1237	111
2119	1352	1235	117
2120	1362	1241	121
2121	1361	1244	117
2122	1360	1244	116
2123	1348	1230	118
2124	1337	1217	120
2125	1346	1245	101
2126	1360	1254	106
2127	1341	1249	92
2128	1342	1254	88
2129	1360	1253	107
2130	1348	1253	95
2131	1339	1254	85
2132	1312	1257	55
2133	1323	1269	54
2134	1326	1237	89
2135	1348	1248	100
2136	1337	1259	78
2137	1353	1234	119
2138	1338	1230	108
2139	1334	1253	81
2140	1350	1257	93
2141	1349	1248	101
2142	1336	1250	86
2143	1344	1256	88
2144	1336	1256	80
2145	1348	1223	125
2146	1341	1232	109
2147	1332	1267	65
2148	1334	1244	90
2149	1336	1260	76
2150	1354	1263	91
2151	1360	1241	119
2152	1349	1231	118
2153	1347	1236	111
2154	1353	1253	100
2155	1347	1273	74
2156	1349	1248	101
2157	1350	1234	116
2158	1362	1245	117
2159	1367	1236	131
2160	1371	1256	115
2161	1353	1228	125
2162	1358	1232	126
2163	1338	1248	90
2164	1329	1231	98
2165	1338	1221	117
2166	1334	1254	80
2167	1303	1257	46
2168	1302	1264	38
2169	1322	1263	59
2170	1342	1259	83
2171	1362	1250	112
2172	1359	1246	113
2173	1333	1254	79
2174	1332	1256	76
2175	1310	1277	33
2176	1320	1257	63
2177	1337	1245	92
2178	1354	1260	94
2179	1355	1273	82
2180	1336	1259	77
2181	1330	1240	90
2182	1356	1221	135
2183	1339	1239	100
2184	1337	1255	82
2185	1347	1233	114
2186	1335	1251	84
2187	1324	1278	46
2188	1337	1267	70
2189	1344	1274	70
2190	1340	1248	92
2191	1320	1239	81
2192	1334	1261	73
2193	1341	1260	81
2194	1339	1258	81
2195	1345	1241	104
2196	1331	1246	85
2197	1328	1257	71
2198	1323	1256	67
2199	1325	1238	87
2200	1326	1247	79
2201	1332	1239	93
2202	1347	1237	110
2203	1344	1246	98
2204	1346	1251	95
2205	1352	1245	107
2206	1335	1260	75
2207	1344	1258	86
2208	1331	1267	64
2209	1331	1259	72
2210	1340	1252	88
2211	1342	1259	83
2212	1352	1236	116
2213	1337	1235	102
2214	1332	1256	76
2215	1331	1273	58
2216	1337	1271	66
2217	1342	1247	95
2218	1314	1223	91
2219	1346	1255	91
2220	1367	1250	117
2221	1359	1268	91
2222	1338	1260	78
2223	1338	1244	94
2224	1336	1247	89
2225	1332	1238	94
2226	1350	1220	130
2227	1343	1242	101
2228	1346	1227	119
2229	1345	1228	117
2230	1339	1237	102
2231	1332	1252	80
2232	1331	1254	77
2233	1351	1246	105
2234	1345	1241	104
2235	1319	1230	89
2236	1305	1237	68
2237	1309	1241	68
2238	1329	1238	91
2239	1343	1256	87
2240	1334	1280	54
2241	1351	1277	74
2242	1348	1266	82
2243	1357	1260	97
2244	1347	1248	99
2245	1330	1275	55
2246	1319	1263	56
2247	1322	1255	67
2248	1341	1261	80
2249	1341	1258	83
2250	1339	1248	91
2251	1326	1246	80
2252	1335	1242	93
2253	1344	1239	105
2254	1360	1243	117
2255	1337	1255	82
2256	1338	1258	80
2257	1343	1256	87
2258	1327	1251	76
2259	1327	1252	75
2260	1335	1225	110
2261	1345	1214	131
2262	1340	1256	84
2263	1311	1255	56
2264	1325	1260	65
2265	1325	1256	69
2266	1322	1238	84
2267	1340	1251	89
2268	1324	1242	82
2269	1311	1259	52
2270	1324	1266	58
2271	1323	1250	73
2272	1331	1254	77
2273	1322	1250	72
2274	1329	1239	90
2275	1344	1257	87
2276	1329	1254	75
2277	1329	1271	58
2278	1352	1263	89
2279	1349	1222	127
2280	1351	1233	118
2281	1336	1257	79
2282	1342	1280	62
2283	1317	1255	62
2284	1326	1238	88
2285	1328	1265	63
2286	1323	1258	65
2287	1330	1222	108
2288	1329	1237	92
2289	1315	1266	49
2290	1323	1259	64
2291	1313	1253	60
2292	1314	1270	44
2293	1318	1260	58
2294	1313	1244	69
2295	1331	1262	69
2296	1339	1241	98
2297	1333	1249	84
2298	1319	1263	56
2299	1301	1247	54
2300	1318	1251	67
2301	1323	1246	77
2302	1316	1258	58
2303	1320	1268	52
2304	1326	1258	68
2305	1298	1268	30
2306	1285	1254	31
2307	1314	1240	74
2308	1317	1252	65
2309	1316	1274	42
2310	1325	1269	56
2311	1305	1245	60
2312	1285	1248	37
2313	1298	1242	56
2314	1324	1244	80
2315	1321	1262	59
2316	1300	1232	68
2317	1297	1234	63
2318	1300	1257	43
2319	1314	1268	46
2320	1323	1261	62
2321	1330	1259	71
2322	1304	1248	56
2323	1298	1242	56
2324	1313	1255	58
2325	1313	1266	47
2326	1317	1245	72
2327	1322	1263	59
2328	1324	1251	73
2329	1313	1255	58
2330	1314	1277	37
2331	1321	1265	56
2332	1328	1249	79
2333	1317	1251	66
2334	1323	1256	67
2335	1317	1263	54
2336	1297	1241	56
2337	1310	1259	51
2338	1307	1276	31
2339	1302	1281	21
2340	1295	1278	17
2341	1303	1272	31
2342	1299	1279	20
2343	1290	1271	19
2344	1308	1244	64
2345	1315	1240	75
2346	1313	1237	76
2347	1299	1258	41
2348	1289	1245	44
2349	1288	1236	52
2350	1314	1239	75
2351	1323	1263	60
2352	1318	1250	68
2353	1310	1232	78
2354	1298	1252	46
2355	1313	1245	68
2356	1303	1255	48
2357	1297	1269	28
2358	1292	1262	30
2359	1307	1267	40
2360	1299	1247	52
2361	1303	1249	54
2362	1297	1264	33
2363	1269	1253	16
2364	1272	1250	22
2365	1282	1254	28
2366	1291	1246	45
2367	1303	1260	43
2368	1315	1261	54
2369	1314	1274	40
2370	1304	1256	48
2371	1313	1234	79
2372	1301	1242	59
2373	1305	1253	52
2374	1318	1223	95
2375	1315	1235	80
2376	1314	1255	59
2377	1304	1257	47
2378	1301	1253	48
2379	1327	1259	68
2380	1333	1272	61
2381	1306	1259	47
2382	1301	1254	47
2383	1314	1257	57
2384	1301	1257	44
2385	1292	1257	35
2386	1289	1252	37
2387	1277	1272	5
2388	1283	1273	10
2389	1284	1273	11
2390	1305	1233	72
2391	1319	1235	84
2392	1317	1251	66
2393	1301	1256	45
2394	1304	1255	49
2395	1295	1253	42
2396	1301	1268	33
2397	1292	1272	20
2398	1289	1270	19
2399	1301	1254	47
2400	1270	1242	28
2401	1270	1242	28
2402	1295	1251	44
2403	1290	1255	35
2404	1285	1257	28
2405	1304	1257	47
2406	1296	1266	30
2407	1308	1251	57
2408	1307	1253	54
2409	1284	1262	22
2410	1273	1273	0
2411	1277	1257	20
2412	1295	1247	48
2413	1283	1239	44
2414	1288	1245	43
2415	1288	1243	45
2416	1283	1265	18
2417	1270	1283	-13
2418	1281	1272	9
2419	1298	1270	28
2420	1299	1257	42
2421	1284	1245	39
2422	1278	1249	29
2423	1261	1253	8
2424	1276	1250	26
2425	1271	1251	20
2426	1255	1242	13
2427	1249	1257	-8
2428	1271	1277	-6
2429	1285	1269	16
2430	1282	1256	26
2431	1279	1241	38
2432	1279	1239	40
2433	1269	1232	37
2434	1289	1230	59
2435	1292	1254	38
2436	1298	1259	39
2437	1296	1236	60
2438	1283	1233	50
2439	1272	1228	44
2440	1275	1253	22
2441	1287	1238	49
2442	1274	1208	66
2443	1273	1251	22
2444	1287	1250	37
2445	1276	1252	24
2446	1260	1254	6
2447	1256	1260	-4
2448	1269	1263	6
2449	1301	1242	59
2450	1289	1249	40
2451	1279	1266	13
2452	1283	1264	19
2453	1271	1288	-17
2454	1283	1261	22
2455	1290	1252	38
2456	1285	1268	17
2457	1281	1255	26
2458	1287	1253	34
2459	1286	1274	12
2460	1288	1261	27
2461	1287	1261	26
2462	1290	1263	27
2463	1283	1258	25
2464	1276	1259	17
2465	1276	1249	27
2466	1280	1240	40
2467	1266	1250	16
2468	1258	1252	6
2469	1296	1275	21
2470	1262	1257	5
2471	1262	1243	19
2472	1269	1238	31
2473	1265	1247	18
2474	1265	1240	25
2475	1262	1240	22
2476	1245	1256	-11
2477	1269	1262	7
2478	1284	1228	56
2479	1266	1260	6
2480	1267	1272	-5
2481	1247	1265	-18
2482	1261	1252	9
2483	1261	1254	7
2484	1259	1259	0
2485	1298	1264	34
2486	1282	1256	26
2487	1271	1243	28
2488	1267	1245	22
2489	1267	1247	20
2490	1275	1236	39
2491	1283	1254	29
2492	1251	1265	-14
2493	1275	1245	30
2494	1276	1262	14
2495	1280	1272	8
2496	1281	1247	34
2497	1268	1243	25
2498	1290	1225	65
2499	1305	1259	46
2500	1288	1280	8
2501	1277	1240	37
2502	1273	1235	38
2503	1249	1250	-1
2504	1237	1261	-24
2505	1250	1250	0
2506	1261	1251	10
2507	1257	1255	2
2508	1269	1263	6
2509	1257	1255	2
2510	1260	1245	15
2511	1258	1260	-2
2512	1244	1258	-14
2513	1258	1233	25
2514	1254	1260	-6
2515	1261	1264	-3
2516	1268	1274	-6
2517	1241	1264	-23
2518	1249	1256	-7
2519	1274	1265	9
2520	1284	1260	24
2521	1252	1242	10
2522	1237	1244	-7
2523	1245	1259	-14
2524	1259	1275	-16
2525	1270	1258	12
2526	1267	1245	22
2527	1266	1254	12
2528	1263	1276	-13
2529	1256	1252	4
2530	1273	1236	37
2531	1270	1248	22
2532	1285	1252	33
2533	1271	1246	25
2534	1239	1252	-13
2535	1247	1241	6
2536	1269	1256	13
2537	1277	1269	8
2538	1285	1250	35
2539	1282	1257	25
2540	1277	1257	20
2541	1276	1247	29
2542	1258	1235	23
2543	1260	1263	-3
2544	1273	1278	-5
2545	1277	1266	11
2546	1260	1248	12
2547	1254	1264	-10
2548	1249	1246	3
2549	1244	1262	-18
2550	1242	1260	-18
2551	1246	1265	-19
2552	1243	1273	-30
2553	1274	1287	-13
2554	1274	1274	0
2555	1266	1276	-10
2556	1263	1268	-5
2557	1255	1249	6
2558	1252	1269	-17
2559	1262	1267	-5
2560	1238	1266	-28
2561	1237	1267	-30
2562	1258	1240	18
2563	1267	1231	36
2564	1261	1230	31
2565	1245	1240	5
2566	1244	1241	3
2567	1261	1247	14
2568	1242	1279	-37
2569	1245	1272	-27
2570	1247	1254	-7
2571	1246	1259	-13
2572	1257	1254	3
2573	1263	1286	-23
2574	1251	1274	-23
2575	1254	1257	-3
2576	1249	1268	-19
2577	1249	1263	-14
2578	1265	1258	7
2579	1259	1256	3
2580	1250	1245	5
2581	1257	1240	17
2582	1274	1229	45
2583	1280	1238	42
2584	1258	1265	-7
2585	1238	1248	-10
2586	1239	1233	6
2587	1264	1246	18
2588	1262	1257	5
2589	1236	1283	-47
2590	1236	1271	-35
2591	1235	1250	-15
2592	1246	1218	28
2593	1262	1246	16
2594	1266	1261	5
2595	1253	1253	0
2596	1243	1282	-39
2597	1241	1271	-30
2598	1249	1268	-19
2599	1235	1272	-37
2600	1252	1265	-13
2601	1254	1252	2
2602	1256	1232	24
2603	1256	1229	27
2604	1255	1242	13
2605	1272	1233	39
2606	1279	1232	47
2607	1261	1241	20
2608	1258	1245	13
2609	1256	1254	2
2610	1263	1244	19
2611	1273	1249	24
2612	1280	1253	27
2613	1257	1255	2
2614	1245	1256	-11
2615	1277	1267	10
2616	1258	1262	-4
2617	1275	1239	36
2618	1277	1266	11
2619	1270	1268	2
2620	1287	1247	40
2621	1279	1224	55
2622	1262	1244	18
2623	1264	1260	4
2624	1273	1236	37
2625	1288	1229	59
2626	1273	1223	50
2627	1249	1243	6
2628	1259	1241	18
2629	1254	1234	20
2630	1258	1246	12
2631	1274	1221	53
2632	1252	1233	19
2633	1254	1244	10
2634	1253	1249	4
2635	1248	1244	4
2636	1244	1243	1
2637	1264	1254	10
2638	1276	1257	19
2639	1277	1236	41
2640	1273	1235	38
2641	1263	1242	21
2642	1265	1217	48
2643	1259	1221	38
2644	1256	1244	12
2645	1266	1267	-1
2646	1261	1245	16
2647	1266	1248	18
2648	1261	1252	9
2649	1245	1234	11
2650	1248	1245	3
2651	1253	1247	6
2652	1254	1258	-4
2653	1257	1259	-2
2654	1260	1261	-1
2655	1245	1277	-32
2656	1259	1265	-6
2657	1260	1267	-7
2658	1266	1235	31
2659	1284	1257	27
2660	1264	1268	-4
2661	1242	1257	-15
2662	1248	1240	8
2663	1271	1244	27
2664	1255	1257	-2
2665	1260	1231	29
2666	1270	1228	42
2667	1241	1238	3
2668	1262	1244	18
2669	1236	1225	11
2670	1246	1226	20
2671	1241	1250	-9
2672	1258	1247	11
2673	1267	1228	39
2674	1261	1222	39
2675	1273	1242	31
2676	1274	1247	27
2677	1268	1260	8
2678	1266	1258	8
2679	1254	1246	8
2680	1259	1231	28
2681	1256	1233	23
2682	1259	1252	7
2683	1250	1249	1
2684	1265	1246	19
2685	1258	1232	26
2686	1246	1232	14
2687	1246	1260	-14
2688	1255	1253	2
2689	1259	1257	2
2690	1260	1248	12
2691	1250	1224	26
2692	1241	1219	22
2693	1232	1250	-18
2694	1235	1254	-19
2695	1248	1247	1
2696	1246	1257	-11
2697	1244	1245	-1
2698	1245	1248	-3
2699	1241	1240	1
2700	1261	1248	13
2701	1243	1253	-10
2702	1252	1247	5
2703	1278	1258	20
2704	1266	1251	15
2705	1268	1260	8
2706	1264	1249	15
2707	1258	1252	6
2708	1237	1260	-23
2709	1240	1233	7
2710	1255	1255	0
2711	1239	1266	-27
2712	1242	1247	-5
2713	1272	1272	0
2714	1261	1287	-26
2715	1261	1261	0
2716	1260	1264	-4
2717	1261	1255	6
2718	1237	1248	-11
2719	1262	1264	-2
2720	1277	1276	1
2721	1259	1267	-8
2722	1256	1258	-2
2723	1267	1266	1
2724	1276	1271	5
2725	1250	1253	-3
2726	1243	1241	2
2727	1263	1245	18
2728	1252	1238	14
2729	1270	1250	20
2730	1275	1248	27
2731	1275	1246	29
2732	1274	1270	4
2733	1266	1273	-7
2734	1248	1236	12
2735	1250	1237	13
2736	1255	1272	-17
2737	1249	1259	-10
2738	1254	1230	24
2739	1259	1218	41
2740	1253	1241	12
2741	1254	1254	0
2742	1241	1231	10
2743	1259	1247	12
2744	1262	1269	-7
2745	1238	1257	-19
2746	1270	1250	20
2747	1257	1249	8
2748	1262	1238	24
2749	1265	1241	24
2750	1251	1242	9
2751	1257	1239	18
2752	1254	1252	2
2753	1251	1260	-9
2754	1250	1248	2
2755	1265	1241	24
2756	1267	1271	-4
2757	1262	1254	8
2758	1251	1256	-5
2759	1256	1244	12
2760	1260	1237	23
2761	1253	1231	22
2762	1261	1233	28
2763	1250	1259	-9
2764	1254	1266	-12
2765	1267	1238	29
2766	1259	1259	0
2767	1242	1280	-38
2768	1250	1267	-17
2769	1274	1265	9
2770	1266	1252	14
2771	1259	1257	2
2772	1248	1255	-7
2773	1217	1266	-49
2774	1232	1290	-58
2775	1241	1286	-45
2776	1255	1282	-27
2777	1254	1264	-10
2778	1258	1237	21
2779	1259	1254	5
2780	1244	1265	-21
2781	1242	1260	-18
2782	1244	1244	0
2783	1264	1253	11
2784	1264	1257	7
2785	1271	1250	21
2786	1276	1249	27
2787	1268	1255	13
2788	1254	1280	-26
2789	1242	1266	-24
2790	1249	1250	-1
2791	1256	1259	-3
2792	1274	1249	25
2793	1250	1257	-7
2794	1233	1252	-19
2795	1255	1268	-13
2796	1253	1249	4
2797	1254	1254	0
2798	1253	1271	-18
2799	1260	1249	11
2800	1249	1246	3
2801	1251	1265	-14
2802	1266	1250	16
2803	1238	1233	5
2804	1250	1244	6
2805	1264	1248	16
2806	1252	1250	2
2807	1254	1249	5
2808	1252	1252	0
2809	1248	1248	0
2810	1241	1243	-2
2811	1257	1261	-4
2812	1247	1249	-2
2813	1242	1247	-5
2814	1268	1245	23
2815	1254	1232	22
2816	1234	1235	-1
2817	1240	1235	5
2818	1257	1251	6
2819	1253	1257	-4
2820	1238	1250	-12
2821	1266	1246	20
2822	1263	1247	16
2823	1274	1258	16
2824	1254	1270	-16
2825	1250	1259	-9
2826	1247	1254	-7
2827	1254	1244	10
2828	1258	1238	20
2829	1251	1221	30
2830	1246	1229	17
2831	1242	1238	4
2832	1266	1248	18
2833	1268	1275	-7
2834	1264	1261	3
2835	1258	1273	-15
2836	1265	1260	5
2837	1255	1280	-25
2838	1266	1288	-22
2839	1278	1261	17
2840	1260	1233	27
2841	1229	1249	-20
2842	1246	1266	-20
2843	1263	1258	5
2844	1271	1244	27
2845	1273	1239	34
2846	1274	1253	21
2847	1272	1267	5
2848	1239	1270	-31
2849	1242	1266	-24
2850	1257	1255	2
2851	1270	1254	16
2852	1274	1241	33
2853	1266	1263	3
2854	1258	1281	-23
2855	1252	1275	-23
2856	1243	1266	-23
2857	1237	1263	-26
2858	1233	1240	-7
2859	1255	1216	39
2860	1281	1233	48
2861	1261	1240	21
2862	1230	1252	-22
2863	1256	1255	1
2864	1262	1253	9
2865	1249	1255	-6
2866	1270	1250	20
2867	1261	1263	-2
2868	1249	1252	-3
2869	1260	1245	15
2870	1267	1259	8
2871	1260	1265	-5
2872	1255	1259	-4
2873	1242	1275	-33
2874	1239	1270	-31
2875	1258	1256	2
2876	1253	1248	5
2877	1259	1248	11
2878	1261	1254	7
2879	1261	1249	12
2880	1249	1262	-13
2881	1250	1259	-9
2882	1234	1242	-8
2883	1247	1245	2
2884	1244	1231	13
2885	1237	1228	9
2886	1249	1234	15
2887	1262	1252	10
2888	1279	1257	22
2889	1253	1253	0
2890	1236	1244	-8
2891	1234	1243	-9
2892	1255	1247	8
2893	1265	1249	16
2894	1278	1230	48
2895	1269	1237	32
2896	1256	1255	1
2897	1253	1222	31
2898	1238	1222	16
2899	1239	1250	-11
2900	1249	1254	-5
2901	1252	1258	-6
2902	1261	1249	12
2903	1272	1239	33
2904	1252	1244	8
2905	1237	1270	-33
2906	1249	1250	-1
2907	1251	1239	12
2908	1239	1242	-3
2909	1237	1256	-19
2910	1238	1240	-2
2911	1226	1243	-17
2912	1219	1264	-45
2913	1240	1249	-9
2914	1253	1259	-6
2915	1259	1251	8
2916	1276	1232	44
2917	1294	1230	64
2918	1268	1256	12
2919	1260	1261	-1
2920	1251	1250	1
2921	1247	1235	12
2922	1247	1238	9
2923	1229	1255	-26
2924	1249	1243	6
2925	1269	1243	26
2926	1261	1250	11
2927	1261	1256	5
2928	1259	1247	12
2929	1262	1254	8
2930	1244	1253	-9
2931	1256	1246	10
2932	1260	1247	13
2933	1258	1254	4
2934	1245	1247	-2
2935	1258	1247	11
2936	1266	1235	31
2937	1249	1244	5
2938	1220	1246	-26
2939	1238	1233	5
2940	1260	1246	14
2941	1256	1261	-5
2942	1271	1251	20
2943	1257	1241	16
2944	1250	1237	13
2945	1255	1216	39
2946	1261	1224	37
2947	1285	1237	48
2948	1262	1259	3
2949	1236	1263	-27
2950	1252	1262	-10
2951	1269	1273	-4
2952	1267	1270	-3
2953	1249	1257	-8
2954	1268	1257	11
2955	1255	1266	-11
2956	1249	1265	-16
2957	1259	1242	17
2958	1257	1244	13
2959	1276	1248	28
2960	1267	1231	36
2961	1265	1227	38
2962	1249	1225	24
2963	1254	1256	-2
2964	1260	1257	3
2965	1261	1240	21
2966	1254	1223	31
2967	1243	1230	13
2968	1208	1222	-14
2969	1254	1250	4
2970	1247	1251	-4
2971	1255	1249	6
2972	1256	1243	13
2973	1262	1215	47
2974	1269	1236	33
2975	1260	1239	21
2976	1260	1231	29
2977	1266	1248	18
2978	1255	1225	30
2979	1238	1216	22
2980	1249	1224	25
2981	1259	1250	9
2982	1238	1256	-18
2983	1219	1245	-26
2984	1237	1253	-16
2985	1244	1254	-10
2986	1254	1260	-6
2987	1245	1265	-20
2988	1242	1248	-6
2989	1258	1279	-21
2990	1249	1257	-8
2991	1257	1217	40
2992	1251	1244	7
2993	1247	1258	-11
2994	1261	1240	21
2995	1247	1236	11
2996	1254	1265	-11
2997	1273	1259	14
2998	1265	1242	23
2999	1258	1241	17
3000	1273	1233	40
3001	1268	1244	24
3002	1249	1251	-2
3003	1257	1257	0
3004	1247	1245	2
3005	1241	1243	-2
3006	1252	1233	19
3007	1252	1257	-5
3008	1284	1255	29
3009	1267	1245	22
3010	1251	1255	-4
3011	1271	1241	30
3012	1255	1249	6
3013	1241	1240	1
3014	1283	1246	37
3015	1276	1266	10
3016	1245	1266	-21
3017	1235	1239	-4
3018	1248	1242	6
3019	1258	1235	23
3020	1247	1232	15
3021	1246	1233	13
3022	1242	1219	23
3023	1260	1229	31
3024	1253	1237	16
3025	1232	1259	-27
3026	1231	1251	-20
3027	1261	1258	3
3028	1260	1253	7
3029	1264	1231	33
3030	1256	1262	-6
3031	1261	1271	-10
3032	1271	1250	21
3033	1271	1234	37
3034	1264	1252	12
3035	1263	1249	14
3036	1246	1242	4
3037	1259	1260	-1
3038	1263	1267	-4
3039	1258	1264	-6
3040	1249	1258	-9
3041	1242	1248	-6
3042	1236	1244	-8
3043	1241	1244	-3
3044	1236	1256	-20
3045	1256	1247	9
3046	1277	1249	28
3047	1293	1241	52
3048	1271	1253	18
3049	1257	1243	14
3050	1256	1246	10
3051	1241	1269	-28
3052	1240	1257	-17
3053	1253	1244	9
3054	1255	1241	14
3055	1270	1254	16
3056	1259	1268	-9
3057	1270	1249	21
3058	1283	1251	32
3059	1270	1243	27
3060	1269	1236	33
3061	1282	1231	51
3062	1263	1243	20
3063	1249	1267	-18
3064	1258	1269	-11
3065	1245	1271	-26
3066	1233	1276	-43
3067	1240	1264	-24
3068	1243	1261	-18
3069	1235	1256	-21
3070	1234	1245	-11
3071	1257	1249	8
3072	1267	1240	27
3073	1262	1263	-1
3074	1244	1263	-19
3075	1238	1248	-10
3076	1242	1249	-7
3077	1263	1237	26
3078	1269	1232	37
3079	1239	1246	-7
3080	1254	1249	5
3081	1254	1247	7
3082	1260	1232	28
3083	1259	1239	20
3084	1272	1240	32
3085	1253	1226	27
3086	1222	1239	-17
3087	1229	1250	-21
3088	1232	1255	-23
3089	1236	1269	-33
3090	1236	1249	-13
3091	1249	1235	14
3092	1280	1241	39
3093	1256	1255	1
3094	1260	1241	19
3095	1260	1262	-2
3096	1235	1251	-16
3097	1249	1215	34
3098	1251	1247	4
3099	1245	1253	-8
3100	1243	1234	9
3101	1270	1261	9
3102	1257	1271	-14
3103	1239	1242	-3
3104	1243	1244	-1
3105	1262	1252	10
3106	1254	1245	9
3107	1244	1255	-11
3108	1239	1268	-29
3109	1249	1249	0
3110	1228	1250	-22
3111	1245	1258	-13
3112	1255	1255	0
3113	1240	1262	-22
3114	1219	1277	-58
3115	1234	1269	-35
3116	1253	1267	-14
3117	1244	1279	-35
3118	1246	1247	-1
3119	1245	1239	6
3120	1239	1246	-7
3121	1249	1241	8
3122	1261	1248	13
3123	1235	1246	-11
3124	1254	1254	0
3125	1274	1252	22
3126	1262	1252	10
3127	1253	1249	4
3128	1241	1238	3
3129	1234	1266	-32
3130	1238	1266	-28
3131	1252	1241	11
3132	1257	1220	37
3133	1239	1235	4
3134	1251	1252	-1
3135	1262	1257	5
3136	1258	1267	-9
3137	1261	1250	11
3138	1250	1268	-18
3139	1252	1273	-21
3140	1258	1258	0
3141	1237	1249	-12
3142	1224	1243	-19
3143	1242	1259	-17
3144	1249	1249	0
3145	1249	1251	-2
3146	1254	1237	17
3147	1254	1246	8
3148	1226	1269	-43
3149	1233	1262	-29
3150	1266	1243	23
3151	1261	1267	-6
3152	1255	1262	-7
3153	1259	1249	10
3154	1254	1250	4
3155	1234	1256	-22
3156	1251	1279	-28
3157	1264	1272	-8
3158	1250	1265	-15
3159	1231	1265	-34
3160	1239	1255	-16
3161	1244	1246	-2
3162	1250	1244	6
3163	1252	1257	-5
3164	1255	1240	15
3165	1265	1239	26
3166	1284	1251	33
3167	1264	1236	28
3168	1231	1257	-26
3169	1239	1272	-33
3170	1269	1232	37
3171	1268	1227	41
3172	1248	1241	7
3173	1236	1257	-21
3174	1252	1267	-15
3175	1268	1267	1
3176	1271	1248	23
3177	1239	1263	-24
3178	1234	1239	-5
3179	1243	1237	6
3180	1255	1245	10
3181	1252	1260	-8
3182	1249	1255	-6
3183	1248	1244	4
3184	1251	1262	-11
3185	1255	1262	-7
3186	1225	1241	-16
3187	1234	1235	-1
3188	1246	1253	-7
3189	1242	1236	6
3190	1245	1235	10
3191	1257	1256	1
3192	1263	1261	2
3193	1250	1255	-5
3194	1244	1256	-12
3195	1254	1255	-1
3196	1247	1268	-21
3197	1245	1277	-32
3198	1248	1268	-20
3199	1236	1278	-42
3200	1253	1269	-16
3201	1262	1256	6
3202	1225	1243	-18
3203	1254	1244	10
3204	1267	1243	24
3205	1252	1225	27
3206	1256	1220	36
3207	1260	1253	7
3208	1239	1240	-1
3209	1236	1261	-25
3210	1245	1264	-19
3211	1258	1253	5
3212	1253	1264	-11
3213	1246	1252	-6
3214	1260	1242	18
3215	1263	1249	14
3216	1262	1249	13
3217	1286	1241	45
3218	1247	1261	-14
3219	1263	1281	-18
3220	1236	1259	-23
3221	1258	1248	10
3222	1257	1244	13
3223	1262	1235	27
3224	1255	1234	21
3225	1267	1238	29
3226	1261	1226	35
3227	1271	1224	47
3228	1263	1249	14
3229	1252	1274	-22
3230	1244	1236	8
3231	1243	1229	14
3232	1224	1225	-1
3233	1257	1240	17
3234	1271	1249	22
3235	1254	1250	4
3236	1276	1237	39
3237	1279	1222	57
3238	1256	1246	10
3239	1247	1250	-3
3240	1252	1254	-2
3241	1244	1251	-7
3242	1248	1231	17
3243	1270	1235	35
3244	1269	1247	22
3245	1268	1275	-7
3246	1263	1269	-6
3247	1234	1256	-22
3248	1233	1272	-39
3249	1235	1249	-14
3250	1253	1248	5
3251	1269	1245	24
3252	1241	1232	9
3253	1252	1235	17
3254	1265	1243	22
3255	1234	1285	-51
3256	1263	1262	1
3257	1261	1241	20
3258	1264	1234	30
3259	1255	1225	30
3260	1253	1231	22
3261	1261	1232	29
3262	1263	1248	15
3263	1255	1273	-18
3264	1241	1275	-34
3265	1255	1263	-8
3266	1252	1268	-16
3267	1271	1269	2
3268	1259	1265	-6
3269	1247	1270	-23
3270	1255	1243	12
3271	1250	1245	5
3272	1238	1258	-20
3273	1240	1265	-25
3274	1241	1261	-20
3275	1268	1257	11
3276	1283	1262	21
3277	1261	1250	11
3278	1248	1242	6
3279	1271	1255	16
3280	1271	1257	14
3281	1258	1272	-14
3282	1259	1265	-6
3283	1244	1261	-17
3284	1254	1260	-6
3285	1266	1232	34
3286	1265	1239	26
3287	1265	1258	7
3288	1269	1267	2
3289	1267	1270	-3
3290	1262	1259	3
3291	1257	1268	-11
3292	1250	1266	-16
3293	1258	1274	-16
3294	1250	1264	-14
3295	1251	1237	14
3296	1274	1235	39
3297	1280	1240	40
3298	1272	1241	31
3299	1254	1237	17
3300	1263	1256	7
3301	1273	1246	27
3302	1259	1249	10
3303	1246	1252	-6
3304	1271	1237	34
3305	1263	1259	4
3306	1256	1267	-11
3307	1244	1244	0
3308	1247	1260	-13
3309	1255	1265	-10
3310	1229	1257	-28
3311	1258	1263	-5
3312	1266	1258	8
3313	1255	1255	0
3314	1258	1276	-18
3315	1253	1260	-7
3316	1259	1237	22
3317	1252	1252	0
3318	1262	1271	-9
3319	1289	1286	3
3320	1260	1255	5
3321	1235	1258	-23
3322	1242	1264	-22
3323	1246	1247	-1
3324	1248	1245	3
3325	1245	1262	-17
3326	1240	1266	-26
3327	1255	1268	-13
3328	1243	1263	-20
3329	1232	1231	1
3330	1253	1247	6
3331	1245	1259	-14
3332	1242	1262	-20
3333	1263	1258	5
3334	1270	1251	19
3335	1283	1244	39
3336	1274	1223	51
3337	1245	1241	4
3338	1257	1248	9
3339	1262	1226	36
3340	1260	1236	24
3341	1251	1271	-20
3342	1251	1254	-3
3343	1258	1237	21
3344	1254	1260	-6
3345	1247	1252	-5
3346	1255	1263	-8
3347	1258	1278	-20
3348	1243	1259	-16
3349	1250	1246	4
3350	1258	1230	28
3351	1252	1248	4
3352	1241	1266	-25
3353	1247	1275	-28
3354	1257	1267	-10
3355	1253	1261	-8
3356	1259	1261	-2
3357	1250	1261	-11
3358	1251	1247	4
3359	1246	1253	-7
3360	1258	1253	5
3361	1237	1248	-11
3362	1236	1247	-11
3363	1246	1246	0
3364	1269	1233	36
3365	1257	1242	15
3366	1249	1260	-11
3367	1245	1252	-7
3368	1258	1257	1
3369	1266	1264	2
3370	1254	1262	-8
3371	1258	1269	-11
3372	1259	1254	5
3373	1262	1242	20
3374	1248	1236	12
3375	1239	1220	19
3376	1244	1250	-6
3377	1256	1272	-16
3378	1245	1261	-16
3379	1253	1243	10
3380	1264	1253	11
3381	1249	1255	-6
3382	1240	1266	-26
3383	1250	1255	-5
3384	1244	1236	8
3385	1263	1258	5
3386	1261	1266	-5
3387	1240	1258	-18
3388	1239	1237	2
3389	1245	1245	0
3390	1257	1247	10
3391	1269	1261	8
3392	1270	1258	12
3393	1245	1235	10
3394	1260	1228	32
3395	1257	1232	25
3396	1249	1258	-9
3397	1250	1260	-10
3398	1260	1247	13
3399	1250	1264	-14
3400	1228	1249	-21
3401	1250	1240	10
3402	1270	1255	15
3403	1242	1248	-6
3404	1245	1256	-11
3405	1247	1252	-5
3406	1231	1249	-18
3407	1215	1256	-41
3408	1234	1258	-24
3409	1256	1251	5
3410	1256	1252	4
3411	1260	1238	22
3412	1245	1247	-2
3413	1240	1285	-45
3414	1254	1256	-2
3415	1244	1246	-2
3416	1253	1247	6
3417	1264	1253	11
3418	1253	1253	0
3419	1253	1258	-5
3420	1251	1239	12
3421	1248	1252	-4
3422	1240	1260	-20
3423	1247	1256	-9
3424	1261	1239	22
3425	1272	1246	26
3426	1263	1272	-9
3427	1250	1253	-3
3428	1249	1240	9
3429	1264	1259	5
3430	1268	1258	10
3431	1259	1256	3
3432	1230	1252	-22
3433	1227	1240	-13
3434	1257	1260	-3
3435	1270	1247	23
3436	1249	1234	15
3437	1239	1231	8
3438	1235	1232	3
3439	1253	1237	16
3440	1251	1264	-13
3441	1250	1258	-8
3442	1233	1233	0
3443	1235	1235	0
3444	1247	1217	30
3445	1243	1239	4
3446	1250	1251	-1
3447	1253	1255	-2
3448	1239	1245	-6
3449	1272	1233	39
3450	1280	1238	42
3451	1259	1232	27
3452	1236	1250	-14
3453	1238	1263	-25
3454	1244	1268	-24
3455	1256	1256	0
3456	1251	1255	-4
3457	1270	1249	21
3458	1273	1239	34
3459	1253	1257	-4
3460	1245	1269	-24
3461	1256	1267	-11
3462	1262	1259	3
3463	1263	1250	13
3464	1270	1244	26
3465	1274	1262	12
3466	1256	1253	3
3467	1264	1262	2
3468	1242	1246	-4
3469	1270	1266	4
3470	1261	1271	-10
3471	1269	1274	-5
3472	1254	1276	-22
3473	1231	1258	-27
3474	1262	1232	30
3475	1281	1242	39
3476	1261	1267	-6
3477	1256	1286	-30
3478	1269	1263	6
3479	1279	1249	30
3480	1260	1255	5
3481	1264	1248	16
3482	1272	1245	27
3483	1228	1249	-21
3484	1229	1262	-33
3485	1250	1241	9
3486	1262	1261	1
3487	1268	1279	-11
3488	1277	1271	6
3489	1271	1253	18
3490	1258	1235	23
3491	1277	1252	25
3492	1264	1266	-2
3493	1255	1248	7
3494	1265	1244	21
3495	1265	1247	18
3496	1251	1252	-1
3497	1245	1250	-5
3498	1264	1244	20
3499	1253	1264	-11
3500	1231	1253	-22
3501	1234	1229	5
3502	1237	1218	19
3503	1248	1247	1
3504	1237	1244	-7
3505	1248	1239	9
3506	1252	1242	10
3507	1265	1259	6
3508	1267	1255	12
3509	1249	1259	-10
3510	1269	1260	9
3511	1280	1253	27
3512	1269	1259	10
3513	1254	1248	6
3514	1244	1230	14
3515	1228	1242	-14
3516	1230	1251	-21
3517	1231	1258	-27
3518	1238	1252	-14
3519	1240	1241	-1
3520	1249	1242	7
3521	1233	1262	-29
3522	1252	1261	-9
3523	1256	1247	9
3524	1249	1240	9
3525	1255	1261	-6
3526	1287	1248	39
3527	1271	1241	30
3528	1273	1220	53
3529	1273	1237	36
3530	1255	1258	-3
3531	1247	1270	-23
3532	1225	1234	-9
3533	1235	1238	-3
3534	1249	1238	11
3535	1256	1248	8
3536	1256	1246	10
3537	1271	1240	31
3538	1264	1227	37
3539	1242	1255	-13
3540	1235	1267	-32
3541	1250	1258	-8
3542	1263	1264	-1
3543	1234	1249	-15
3544	1227	1255	-28
3545	1237	1253	-16
3546	1244	1238	6
3547	1250	1262	-12
3548	1246	1248	-2
3549	1239	1246	-7
3550	1256	1247	9
3551	1253	1243	10
3552	1227	1243	-16
3553	1227	1245	-18
3554	1235	1240	-5
3555	1245	1248	-3
3556	1242	1245	-3
3557	1238	1243	-5
3558	1256	1245	11
3559	1242	1259	-17
3560	1255	1249	6
3561	1264	1246	18
3562	1242	1238	4
3563	1253	1245	8
3564	1260	1231	29
3565	1260	1212	48
3566	1264	1251	13
3567	1261	1268	-7
3568	1273	1257	16
3569	1266	1253	13
3570	1249	1235	14
3571	1246	1223	23
3572	1260	1239	21
3573	1276	1250	26
3574	1277	1256	21
3575	1256	1246	10
3576	1274	1258	16
3577	1269	1245	24
3578	1233	1248	-15
3579	1238	1248	-10
3580	1250	1247	3
3581	1265	1259	6
3582	1259	1275	-16
3583	1247	1299	-52
3584	1238	1271	-33
3585	1239	1256	-17
3586	1267	1257	10
3587	1266	1235	31
3588	1246	1226	20
3589	1247	1265	-18
3590	1240	1260	-20
3591	1239	1255	-16
3592	1254	1250	4
3593	1249	1266	-17
3594	1239	1268	-29
3595	1260	1262	-2
3596	1277	1250	27
3597	1268	1267	1
3598	1258	1265	-7
3599	1226	1240	-14
3600	1240	1251	-11
3601	1259	1260	-1
3602	1254	1266	-12
3603	1258	1251	7
3604	1265	1228	37
3605	1265	1245	20
3606	1253	1246	7
3607	1246	1267	-21
3608	1228	1256	-28
3609	1224	1231	-7
3610	1267	1232	35
3611	1260	1237	23
3612	1248	1265	-17
3613	1253	1263	-10
3614	1255	1253	2
3615	1259	1254	5
3616	1264	1240	24
3617	1253	1251	2
3618	1262	1255	7
3619	1273	1241	32
3620	1255	1247	8
3621	1262	1258	4
3622	1272	1253	19
3623	1248	1266	-18
3624	1234	1260	-26
3625	1268	1245	23
3626	1255	1273	-18
3627	1241	1287	-46
3628	1265	1281	-16
3629	1264	1275	-11
3630	1269	1283	-14
3631	1277	1281	-4
3632	1256	1256	0
3633	1268	1246	22
3634	1257	1246	11
3635	1237	1273	-36
3636	1245	1267	-22
3637	1266	1249	17
3638	1275	1247	28
3639	1266	1229	37
3640	1243	1253	-10
3641	1242	1288	-46
3642	1258	1267	-9
3643	1245	1245	0
3644	1241	1284	-43
3645	1242	1282	-40
3646	1266	1272	-6
3647	1251	1242	9
3648	1254	1246	8
