index	original	background	difference
-----------------------------------------------------
1	1749	1149	600
2	1730	1119	611
3	1733	1137	596
4	1783	1150	633
5	1770	1143	627
6	1767	1165	602
7	1745	1156	589
8	1778	1157	621
9	1788	1154	634
10	1800	1146	654
11	1774	1163	611
12	1775	1154	621
13	1768	1148	620
14	1777	1139	638
15	1806	1165	641
16	1803	1170	633
17	1793	1135	658
18	1769	1146	623
19	1801	1165	636
20	1832	1175	657
21	1806	1162	644
22	1779	1143	636
23	1770	1168	602
24	1821	1169	652
25	1848	1157	691
26	1841	1154	687
27	1801	1160	641
28	1789	1177	612
29	1807	1158	649
30	1826	1147	679
31	1824	1165	659
32	1832	1170	662
33	1830	1173	657
34	1808	1165	643
35	1805	1169	636
36	1807	1175	632
37	1820	1170	650
38	1814	1170	644
39	1832	1161	671
40	1845	1176	669
41	1816	1169	647
42	1816	1179	637
43	1814	1186	628
44	1799	1185	614
45	1842	1183	659
46	1870	1161	709
47	1839	1151	688
48	1823	1167	656
49	1838	1167	671
50	1839	1149	690
51	1822	1154	668
52	1857	1163	694
53	1864	1163	701
54	1854	1152	702
55	1828	1158	670
56	1790	1173	617
57	1853	1168	685
58	1846	1163	683
59	1844	1184	660
60	1836	1184	652
61	1835	1175	660
62	1848	1181	667
63	1830	1191	639
64	1843	1188	655
65	1885	1184	701
66	1870	1173	697
67	1863	1170	693
68	1856	1158	698
69	1842	1153	689
70	1875	1153	722
71	1886	1169	717
72	1856	1191	665
73	1833	1172	661
74	1822	1184	638
75	1833	1197	636
76	1861	1202	659
77	1872	1173	699
78	1877	1178	699
79	1882	1192	690
80	1870	1202	668
81	1869	1180	689
82	1877	1181	696
83	1857	1176	681
84	1848	1164	684
85	1879	1166	713
86	1862	1191	671
87	1872	1187	685
88	1881	1163	718
89	1865	1199	666
90	1893	1184	709
91	1865	1180	685
92	1861	1194	667
93	1852	1171	681
94	1875	1160	715
95	1881	1172	709
96	1877	1157	720
97	1874	1180	694
98	1861	1172	689
99	1892	1162	730
100	1901	1176	725
101	1908	1177	731
102	1905	1176	729
103	1874	1199	675
104	1838	1187	651
105	1858	1187	671
106	1882	1182	700
107	1890	1181	709
108	1882	1182	700
109	1887	1197	690
110	1890	1191	699
111	1870	1207	663
112	1846	1212	634
113	1844	1188	656
114	1841	1192	649
115	1831	1188	643
116	1830	1161	669
117	1842	1165	677
118	1841	1172	669
119	1832	1172	660
120	1797	1168	629
121	1787	1184	603
122	1788	1178	610
123	1834	1173	661
124	1839	1195	644
125	1867	1183	684
126	1866	1172	694
127	1864	1202	662
128	1856	1184	672
129	1866	1174	692
130	1882	1175	707
131	1901	1170	731
132	1884	1177	707
133	1884	1168	716
134	1863	1167	696
135	1854	1179	675
136	1853	1176	677
137	1860	1177	683
138	1875	1180	695
139	1887	1170	717
140	1879	1160	719
141	1848	1165	683
142	1851	1170	681
143	1887	1183	704
144	1861	1194	667
145	1866	1183	683
146	1864	1178	686
147	1877	1177	700
148	1883	1206	677
149	1872	1190	682
150	1883	1174	709
151	1914	1180	734
152	1904	1190	714
153	1912	1178	734
154	1920	1173	747
155	1929	1170	759
156	1938	1166	772
157	1921	1192	729
158	1887	1195	692
159	1887	1178	709
160	1880	1170	710
161	1909	1172	737
162	1915	1185	730
163	1910	1195	715
164	1889	1173	716
165	1892	1182	710
166	1912	1176	736
167	1924	1193	731
168	1948	1183	765
169	1950	1163	787
170	1953	1178	775
171	1953	1171	782
172	1939	1167	772
173	1938	1181	757
174	1946	1200	746
175	1944	1201	743
176	1952	1196	756
177	1951	1185	766
178	1942	1183	759
179	1947	1186	761
180	1938	1183	755
181	1941	1182	759
182	1927	1182	745
183	1920	1190	730
184	1924	1176	748
185	1966	1164	802
186	1957	1196	761
187	1971	1209	762
188	1996	1182	814
189	1966	1155	811
190	1956	1178	778
191	1956	1182	774
192	1963	1155	808
193	2005	1165	840
194	1993	1172	821
195	1937	1181	756
196	1974	1165	809
197	2022	1171	851
198	2001	1178	823
199	1970	1165	805
200	2004	1177	827
201	1997	1192	805
202	2011	1162	849
203	2007	1170	837
204	1983	1192	791
205	2002	1186	816
206	2031	1194	837
207	2001	1169	832
208	1991	1174	817
209	1988	1178	810
210	1989	1163	826
211	2044	1150	894
212	2054	1191	863
213	2045	1199	846
214	2043	1186	857
215	2004	1171	833
216	1993	1180	813
217	2011	1161	850
218	2017	1159	858
219	2057	1183	874
220	2034	1172	862
221	2002	1166	836
222	2041	1168	873
223	2053	1170	883
224	2038	1185	853
225	2046	1174	872
226	2064	1166	898
227	2038	1155	883
228	2033	1190	843
229	2039	1171	868
230	2061	1155	906
231	2072	1173	899
232	2066	1175	891
233	2091	1173	918
234	2098	1175	923
235	2034	1172	862
236	2047	1179	868
237	2056	1182	874
238	2041	1189	852
239	2050	1187	863
240	2080	1178	902
241	2103	1182	921
242	2147	1190	957
243	2117	1197	920
244	2087	1165	922
245	2087	1169	918
246	2093	1161	932
247	2101	1175	926
248	2136	1178	958
249	2101	1147	954
250	2106	1141	965
251	2127	1160	967
252	2116	1199	917
253	2084	1207	877
254	2086	1199	887
255	2105	1183	922
256	2129	1174	955
257	2139	1187	952
258	2149	1189	960
259	2146	1177	969
260	2165	1175	990
261	2185	1168	1017
262	2209	1177	1032
263	2185	1187	998
264	2166	1177	989
265	2132	1175	957
266	2154	1173	981
267	2146	1171	975
268	2141	1177	964
269	2160	1164	996
270	2162	1187	975
271	2179	1188	991
272	2213	1182	1031
273	2212	1177	1035
274	2219	1181	1038
275	2196	1194	1002
276	2163	1184	979
277	2155	1190	965
278	2219	1179	1040
279	2219	1175	1044
280	2188	1183	1005
281	2208	1194	1014
282	2211	1197	1014
283	2203	1181	1022
284	2216	1186	1030
285	2239	1189	1050
286	2228	1198	1030
287	2226	1203	1023
288	2255	1174	1081
289	2238	1175	1063
290	2213	1188	1025
291	2234	1178	1056
292	2223	1184	1039
293	2216	1192	1024
294	2213	1178	1035
295	2205	1184	1021
296	2218	1188	1030
297	2238	1193	1045
298	2306	1177	1129
299	2278	1159	1119
300	2274	1172	1102
301	2249	1188	1061
302	2276	1185	1091
303	2268	1185	1083
304	2290	1194	1096
305	2299	1169	1130
306	2304	1182	1122
307	2339	1175	1164
308	2335	1171	1164
309	2306	1163	1143
310	2338	1192	1146
311	2355	1190	1165
312	2352	1190	1162
313	2352	1184	1168
314	2322	1193	1129
315	2268	1188	1080
316	2327	1198	1129
317	2321	1204	1117
318	2323	1189	1134
319	2338	1179	1159
320	2362	1187	1175
321	2357	1197	1160
322	2355	1178	1177
323	2357	1164	1193
324	2363	1157	1206
325	2358	1175	1183
326	2341	1166	1175
327	2373	1174	1199
328	2382	1192	1190
329	2357	1177	1180
330	2417	1187	1230
331	2384	1200	1184
332	2361	1180	1181
333	2346	1164	1182
334	2325	1172	1153
335	2352	1171	1181
336	2388	1181	1207
337	2366	1187	1179
338	2347	1179	1168
339	2339	1187	1152
340	2381	1190	1191
341	2409	1175	1234
342	2397	1185	1212
343	2366	1170	1196
344	2357	1162	1195
345	2423	1169	1254
346	2419	1156	1263
347	2442	1167	1275
348	2406	1181	1225
349	2390	1183	1207
350	2374	1175	1199
351	2366	1182	1184
352	2383	1177	1206
353	2403	1194	1209
354	2420	1195	1225
355	2386	1174	1212
356	2381	1161	1220
357	2448	1174	1274
358	2391	1196	1195
359	2397	1199	1198
360	2417	1190	1227
361	2396	1185	1211
362	2393	1179	1214
363	2426	1174	1252
364	2419	1184	1235
365	2417	1196	1221
366	2413	1203	1210
367	2441	1213	1228
368	2460	1189	1271
369	2459	1175	1284
370	2430	1185	1245
371	2409	1176	1233
372	2406	1176	1230
373	2451	1198	1253
374	2412	1215	1197
375	2393	1205	1188
376	2450	1195	1255
377	2473	1185	1288
378	2449	1179	1270
379	2459	1175	1284
380	2467	1163	1304
381	2469	1155	1314
382	2439	1168	1271
383	2462	1184	1278
384	2489	1181	1308
385	2443	1194	1249
386	2434	1220	1214
387	2457	1215	1242
388	2446	1194	1252
389	2461	1181	1280
390	2447	1183	1264
391	2435	1163	1272
392	2448	1170	1278
393	2450	1166	1284
394	2459	1165	1294
395	2462	1182	1280
396	2468	1181	1287
397	2461	1177	1284
398	2451	1198	1253
399	2502	1182	1320
400	2515	1175	1340
401	2487	1171	1316
402	2488	1180	1308
403	2466	1173	1293
404	2474	1177	1297
405	2458	1187	1271
406	2475	1193	1282
407	2509	1191	1318
408	2504	1176	1328
409	2469	1192	1277
410	2442	1190	1252
411	2453	1185	1268
412	2512	1175	1337
413	2535	1172	1363
414	2537	1182	1355
415	2520	1193	1327
416	2517	1192	1325
417	2477	1165	1312
418	2485	1163	1322
419	2458	1182	1276
420	2506	1183	1323
421	2530	1178	1352
422	2513	1194	1319
423	2514	1187	1327
424	2513	1190	1323
425	2486	1164	1322
426	2475	1182	1293
427	2477	1205	1272
428	2495	1192	1303
429	2518	1193	1325
430	2485	1187	1298
431	2500	1182	1318
432	2499	1160	1339
433	2550	1143	1407
434	2545	1169	1376
435	2510	1189	1321
436	2491	1162	1329
437	2466	1183	1283
438	2486	1188	1298
439	2534	1197	1337
440	2515	1175	1340
441	2445	1192	1253
442	2489	1170	1319
443	2494	1186	1308
444	2490	1201	1289
445	2531	1187	1344
446	2467	1180	1287
447	2467	1170	1297
448	2486	1162	1324
449	2491	1179	1312
450	2495	1191	1304
451	2451	1176	1275
452	2445	1172	1273
453	2489	1182	1307
454	2481	1182	1299
455	2503	1197	1306
456	2523	1196	1327
457	2467	1169	1298
458	2488	1183	1305
459	2500	1178	1322
460	2456	1171	1285
461	2460	1165	1295
462	2484	1163	1321
463	2470	1166	1304
464	2457	1170	1287
465	2479	1170	1309
466	2507	1181	1326
467	2500	1187	1313
468	2474	1154	1320
469	2549	1173	1376
470	2527	1188	1339
471	2449	1203	1246
472	2471	1180	1291
473	2482	1167	1315
474	2518	1184	1334
475	2523	1182	1341
476	2498	1170	1328
477	2508	1171	1337
478	2495	1192	1303
479	2494	1170	1324
480	2472	1178	1294
481	2472	1182	1290
482	2506	1170	1336
483	2527	1157	1370
484	2514	1179	1335
485	2532	1196	1336
486	2524	1189	1335
487	2526	1200	1326
488	2552	1218	1334
489	2531	1209	1322
490	2500	1181	1319
491	2511	1176	1335
492	2504	1196	1308
493	2500	1198	1302
494	2522	1195	1327
495	2522	1196	1326
496	2497	1188	1309
497	2516	1177	1339
498	2542	1188	1354
499	2542	1182	1360
500	2487	1177	1310
501	2508	1190	1318
502	2498	1177	1321
503	2476	1182	1294
504	2492	1193	1299
505	2533	1195	1338
506	2526	1175	1351
507	2516	1156	1360
508	2500	1175	1325
509	2491	1195	1296
510	2493	1182	1311
511	2462	1169	1293
512	2434	1187	1247
513	2498	1187	1311
514	2529	1185	1344
515	2499	1172	1327
516	2536	1197	1339
517	2537	1208	1329
518	2539	1170	1369
519	2513	1180	1333
520	2533	1198	1335
521	2546	1190	1356
522	2562	1166	1396
523	2549	1177	1372
524	2523	1176	1347
525	2562	1179	1383
526	2566	1221	1345
527	2537	1206	1331
528	2531	1197	1334
529	2567	1190	1377
530	2554	1190	1364
531	2523	1184	1339
532	2543	1186	1357
533	2574	1186	1388
534	2568	1172	1396
535	2551	1169	1382
536	2564	1166	1398
537	2582	1168	1414
538	2589	1176	1413
539	2600	1180	1420
540	2571	1186	1385
541	2559	1178	1381
542	2571	1198	1373
543	2568	1222	1346
544	2591	1217	1374
545	2584	1191	1393
546	2586	1183	1403
547	2603	1189	1414
548	2588	1201	1387
549	2560	1200	1360
550	2570	1204	1366
551	2617	1203	1414
552	2664	1200	1464
553	2622	1198	1424
554	2635	1198	1437
555	2628	1188	1440
556	2622	1184	1438
557	2643	1159	1484
558	2608	1163	1445
559	2605	1193	1412
560	2629	1181	1448
561	2663	1173	1490
562	2638	1167	1471
563	2625	1163	1462
564	2644	1166	1478
565	2650	1163	1487
566	2689	1162	1527
567	2695	1185	1510
568	2657	1186	1471
569	2651	1170	1481
570	2664	1185	1479
571	2627	1187	1440
572	2631	1174	1457
573	2648	1170	1478
574	2689	1170	1519
575	2696	1172	1524
576	2671	1171	1500
577	2630	1175	1455
578	2633	1185	1448
579	2669	1171	1498
580	2693	1158	1535
581	2694	1187	1507
582	2707	1201	1506
583	2699	1191	1508
584	2702	1175	1527
585	2735	1164	1571
586	2741	1183	1558
587	2751	1189	1562
588	2716	1173	1543
589	2706	1195	1511
590	2734	1196	1538
591	2789	1188	1601
592	2771	1164	1607
593	2715	1175	1540
594	2740	1194	1546
595	2760	1201	1559
596	2764	1200	1564
597	2789	1206	1583
598	2767	1204	1563
599	2795	1197	1598
600	2789	1170	1619
601	2788	1172	1616
602	2775	1171	1604
603	2792	1168	1624
604	2794	1173	1621
605	2793	1199	1594
606	2831	1198	1633
607	2798	1190	1608
608	2790	1173	1617
609	2831	1172	1659
610	2784	1179	1605
611	2836	1184	1652
612	2878	1177	1701
613	2870	1184	1686
614	2890	1201	1689
615	2912	1205	1707
616	2851	1208	1643
617	2818	1192	1626
618	2916	1171	1745
619	2932	1182	1750
620	2892	1178	1714
621	2902	1162	1740
622	2877	1157	1720
623	2866	1187	1679
624	2907	1194	1713
625	2917	1196	1721
626	2912	1192	1720
627	2871	1196	1675
628	2888	1191	1697
629	2896	1187	1709
630	2876	1176	1700
631	2909	1173	1736
632	2879	1201	1678
633	2884	1213	1671
634	2948	1190	1758
635	2935	1160	1775
636	2899	1165	1734
637	2917	1182	1735
638	2911	1188	1723
639	2883	1193	1690
640	2945	1202	1743
641	2990	1205	1785
642	2994	1191	1803
643	2940	1167	1773
644	2934	1174	1760
645	2994	1174	1820
646	2988	1181	1807
647	2988	1173	1815
648	3011	1167	1844
649	2998	1182	1816
650	3014	1176	1838
651	3034	1182	1852
652	3020	1197	1823
653	3069	1196	1873
654	3084	1178	1906
655	3052	1166	1886
656	3038	1180	1858
657	3036	1181	1855
658	3029	1179	1850
659	3034	1176	1858
660	3031	1171	1860
661	3041	1163	1878
662	3069	1162	1907
663	3081	1172	1909
664	3094	1202	1892
665	3067	1204	1863
666	3044	1186	1858
667	3069	1162	1907
668	3078	1157	1921
669	3122	1182	1940
670	3104	1188	1916
671	3095	1179	1916
672	3110	1175	1935
673	3107	1176	1931
674	3072	1189	1883
675	3057	1173	1884
676	3083	1180	1903
677	3107	1156	1951
678	3134	1161	1973
679	3170	1169	2001
680	3152	1167	1985
681	3129	1185	1944
682	3127	1184	1943
683	3134	1197	1937
684	3113	1188	1925
685	3145	1163	1982
686	3172	1159	2013
687	3186	1190	1996
688	3134	1183	1951
689	3135	1173	1962
690	3213	1173	2040
691	3233	1184	2049
692	3229	1186	2043
693	3239	1170	2069
694	3182	1162	2020
695	3165	1192	1973
696	3149	1206	1943
697	3185	1203	1982
698	3178	1203	1975
699	3230	1204	2026
700	3262	1193	2069
701	3239	1188	2051
702	3210	1191	2019
703	3231	1174	2057
704	3221	1153	2068
705	3263	1160	2103
706	3216	1162	2054
707	3251	1159	2092
708	3243	1176	2067
709	3209	1178	2031
710	3224	1182	2042
711	3225	1181	2044
712	3234	1177	2057
713	3229	1183	2046
714	3203	1172	2031
715	3221	1165	2056
716	3238	1182	2056
717	3255	1185	2070
718	3260	1168	2092
719	3301	1206	2095
720	3281	1195	2086
721	3285	1199	2086
722	3258	1196	2062
723	3227	1184	2043
724	3287	1174	2113
725	3341	1179	2162
726	3292	1190	2102
727	3242	1189	2053
728	3272	1161	2111
729	3279	1180	2099
730	3311	1185	2126
731	3312	1188	2124
732	3241	1191	2050
733	3314	1185	2129
734	3299	1181	2118
735	3263	1176	2087
736	3281	1187	2094
737	3292	1184	2108
738	3342	1213	2129
739	3356	1206	2150
740	3338	1173	2165
741	3334	1152	2182
742	3334	1174	2160
743	3292	1183	2109
744	3304	1195	2109
745	3314	1186	2128
746	3361	1188	2173
747	3420	1188	2232
748	3383	1169	2214
749	3313	1182	2131
750	3337	1184	2153
751	3391	1179	2212
752	3362	1192	2170
753	3364	1191	2173
754	3335	1185	2150
755	3330	1172	2158
756	3388	1177	2211
757	3377	1194	2183
758	3340	1177	2163
759	3352	1184	2168
760	3314	1195	2119
761	3329	1162	2167
762	3369	1196	2173
763	3310	1205	2105
764	3334	1202	2132
765	3362	1177	2185
766	3397	1163	2234
767	3376	1162	2214
768	3338	1177	2161
769	3302	1177	2125
770	3348	1201	2147
771	3298	1175	2123
772	3343	1169	2174
773	3370	1158	2212
774	3395	1171	2224
775	3367	1192	2175
776	3356	1193	2163
777	3358	1191	2167
778	3377	1190	2187
779	3409	1169	2240
780	3409	1196	2213
781	3367	1197	2170
782	3310	1191	2119
783	3305	1213	2092
784	3334	1200	2134
785	3367	1174	2193
786	3382	1181	2201
787	3384	1172	2212
788	3369	1182	2187
789	3366	1196	2170
790	3332	1167	2165
791	3321	1163	2158
792	3331	1160	2171
793	3331	1198	2133
794	3343	1194	2149
795	3335	1171	2164
796	3343	1196	2147
797	3354	1190	2164
798	3335	1166	2169
799	3373	1173	2200
800	3349	1167	2182
801	3302	1156	2146
802	3325	1168	2157
803	3321	1175	2146
804	3324	1180	2144
805	3343	1176	2167
806	3343	1190	2153
807	3309	1205	2104
808	3347	1198	2149
809	3350	1199	2151
810	3311	1193	2118
811	3337	1200	2137
812	3321	1196	2125
813	3335	1188	2147
814	3354	1186	2168
815	3384	1171	2213
816	3370	1158	2212
817	3315	1170	2145
818	3235	1168	2067
819	3311	1171	2140
820	3345	1174	2171
821	3339	1161	2178
822	3343	1178	2165
823	3331	1182	2149
824	3379	1194	2185
825	3326	1186	2140
826	3296	1173	2123
827	3318	1170	2148
828	3340	1201	2139
829	3339	1193	2146
830	3329	1195	2134
831	3272	1194	2078
832	3307	1184	2123
833	3317	1182	2135
834	3284	1191	2093
835	3272	1185	2087
836	3294	1177	2117
837	3288	1187	2101
838	3316	1165	2151
839	3300	1162	2138
840	3278	1199	2079
841	3282	1196	2086
842	3275	1178	2097
843	3248	1184	2064
844	3282	1186	2096
845	3294	1173	2121
846	3295	1202	2093
847	3323	1211	2112
848	3354	1176	2178
849	3334	1178	2156
850	3309	1175	2134
851	3344	1162	2182
852	3351	1167	2184
853	3317	1162	2155
854	3284	1151	2133
855	3360	1164	2196
856	3332	1172	2160
857	3275	1169	2106
858	3283	1174	2109
859	3252	1184	2068
860	3282	1164	2118
861	3326	1172	2154
862	3346	1170	2176
863	3285	1152	2133
864	3258	1175	2083
865	3280	1188	2092
866	3261	1190	2071
867	3269	1171	2098
868	3303	1166	2137
869	3376	1155	2221
870	3331	1172	2159
871	3276	1179	2097
872	3281	1167	2114
873	3321	1179	2142
874	3284	1189	2095
875	3253	1207	2046
876	3234	1207	2027
877	3301	1167	2134
878	3309	1184	2125
879	3290	1206	2084
880	3278	1165	2113
881	3239	1155	2084
882	3221	1176	2045
883	3273	1178	2095
884	3304	1180	2124
885	3285	1183	2102
886	3254	1210	2044
887	3250	1194	2056
888	3255	1177	2078
889	3281	1180	2101
890	3303	1172	2131
891	3281	1152	2129
892	3271	1155	2116
893	3263	1161	2102
894	3244	1165	2079
895	3285	1173	2112
896	3295	1178	2117
897	3293	1192	2101
898	3297	1180	2117
899	3304	1179	2125
900	3289	1172	2117
901	3270	1174	2096
902	3302	1169	2133
903	3323	1167	2156
904	3289	1176	2113
905	3264	1192	2072
906	3283	1184	2099
907	3274	1186	2088
908	3320	1189	2131
909	3256	1170	2086
910	3242	1177	2065
911	3335	1191	2144
912	3317	1191	2126
913	3267	1207	2060
914	3243	1186	2057
915	3246	1155	2091
916	3311	1164	2147
917	3319	1177	2142
918	3336	1192	2144
919	3322	1171	2151
920	3279	1166	2113
921	3277	1157	2120
922	3284	1164	2120
923	3283	1193	2090
924	3217	1183	2034
925	3241	1182	2059
926	3294	1171	2123
927	3259	1169	2090
928	3281	1180	2101
929	3301	1186	2115
930	3327	1174	2153
931	3303	1192	2111
932	3284	1193	2091
933	3315	1187	2128
934	3304	1181	2123
935	3286	1198	2088
936	3294	1188	2106
937	3257	1169	2088
938	3286	1164	2122
939	3320	1161	2159
940	3333	1170	2163
941	3299	1183	2116
942	3354	1168	2186
943	3392	1165	2227
944	3332	1175	2157
945	3331	1174	2157
946	3293	1174	2119
947	3281	1173	2108
948	3358	1173	2185
949	3362	1180	2182
950	3308	1176	2132
951	3305	1172	2133
952	3315	1170	2145
953	3329	1163	2166
954	3360	1161	2199
955	3346	1187	2159
956	3368	1178	2190
957	3386	1176	2210
958	3359	1193	2166
959	3366	1184	2182
960	3363	1180	2183
961	3348	1181	2167
962	3383	1170	2213
963	3388	1156	2232
964	3382	1153	2229
965	3402	1181	2221
966	3399	1177	2222
967	3394	1177	2217
968	3387	1154	2233
969	3405	1185	2220
970	3400	1161	2239
971	3339	1172	2167
972	3359	1192	2167
973	3376	1209	2167
974	3367	1202	2165
975	3360	1181	2179
976	3380	1158	2222
977	3402	1167	2235
978	3424	1185	2239
979	3422	1195	2227
980	3414	1169	2245
981	3430	1194	2236
982	3407	1185	2222
983	3379	1177	2202
984	3442	1185	2257
985	3449	1185	2264
986	3426	1173	2253
987	3446	1172	2274
988	3451	1184	2267
989	3500	1198	2302
990	3468	1166	2302
991	3458	1162	2296
992	3503	1177	2326
993	3500	1171	2329
994	3460	1172	2288
995	3445	1194	2251
996	3471	1196	2275
997	3449	1174	2275
998	3473	1160	2313
999	3487	1169	2318
1000	3516	1207	2309
1001	3467	1172	2295
1002	3495	1160	2335
1003	3535	1192	2343
1004	3499	1180	2319
1005	3492	1163	2329
1006	3482	1161	2321
1007	3533	1182	2351
1008	3517	1186	2331
1009	3533	1160	2373
1010	3532	1145	2387
1011	3507	1171	2336
1012	3517	1172	2345
1013	3497	1196	2301
1014	3532	1198	2334
1015	3575	1196	2379
1016	3521	1174	2347
1017	3524	1170	2354
1018	3586	1183	2403
1019	3545	1192	2353
1020	3580	1186	2394
1021	3595	1173	2422
1022	3630	1173	2457
1023	3587	1147	2440
1024	3568	1158	2410
1025	3653	1175	2478
1026	3645	1160	2485
1027	3565	1173	2392
1028	3588	1190	2398
1029	3623	1176	2447
1030	3626	1178	2448
1031	3600	1157	2443
1032	3603	1152	2451
1033	3647	1188	2459
1034	3641	1202	2439
1035	3660	1196	2464
1036	3674	1177	2497
1037	3643	1191	2452
1038	3661	1168	2493
1039	3677	1169	2508
1040	3647	1167	2480
1041	3658	1166	2492
1042	3689	1150	2539
1043	3697	1181	2516
1044	3680	1209	2471
1045	3652	1191	2461
1046	3685	1185	2500
1047	3697	1172	2525
1048	3737	1183	2554
1049	3745	1174	2571
1050	3706	1136	2570
1051	3720	1159	2561
1052	3758	1172	2586
1053	3780	1182	2598
1054	3764	1185	2579
1055	3716	1186	2530
1056	3720	1198	2522
1057	3766	1172	2594
1058	3782	1166	2616
1059	3734	1177	2557
1060	3737	1172	2565
1061	3771	1164	2607
1062	3774	1167	2607
1063	3780	1164	2616
1064	3772	1146	2626
1065	3782	1162	2620
1066	3769	1167	2602
1067	3756	1168	2588
1068	3757	1160	2597
1069	3764	1169	2595
1070	3820	1188	2632
1071	3843	1200	2643
1072	3818	1204	2614
1073	3785	1186	2599
1074	3805	1162	2643
1075	3814	1174	2640
1076	3884	1155	2729
1077	3876	1166	2710
1078	3806	1179	2627
1079	3839	1185	2654
1080	3903	1176	2727
1081	3897	1198	2699
1082	3886	1203	2683
1083	3926	1190	2736
1084	3886	1183	2703
1085	3857	1192	2665
1086	3923	1177	2746
1087	3971	1179	2792
1088	3958	1194	2764
1089	3929	1175	2754
1090	3912	1151	2761
1091	3884	1169	2715
1092	3844	1186	2658
1093	3893	1165	2728
1094	3919	1148	2771
1095	3953	1166	2787
1096	3984	1172	2812
1097	3958	1170	2788
1098	3900	1180	2720
1099	3875	1187	2688
1100	3953	1169	2784
1101	3916	1179	2737
1102	3980	1169	2811
1103	4034	1170	2864
1104	4041	1180	2861
1105	3989	1194	2795
1106	3992	1178	2814
1107	3991	1147	2844
1108	4010	1158	2852
1109	3977	1158	2819
1110	4019	1166	2853
1111	3982	1175	2807
1112	4016	1167	2849
1113	3996	1158	2838
1114	4048	1162	2886
1115	4052	1172	2880
1116	4019	1170	2849
1117	4061	1176	2885
1118	4039	1198	2841
1119	4136	1188	2948
1120	4112	1161	2951
1121	4105	1177	2928
1122	4103	1182	2921
1123	4110	1167	2943
1124	4106	1169	2937
1125	4074	1178	2896
1126	4050	1164	2886
1127	4047	1173	2874
1128	4116	1196	2920
1129	4085	1211	2874
1130	4084	1207	2877
1131	4123	1204	2919
1132	4156	1201	2955
1133	4134	1188	2946
1134	4134	1173	2961
1135	4132	1200	2932
1136	4150	1194	2956
1137	4124	1177	2947
1138	4116	1190	2926
1139	4075	1192	2883
1140	4093	1178	2915
1141	4089	1185	2904
1142	4077	1189	2888
1143	4095	1182	2913
1144	4084	1202	2882
1145	4138	1204	2934
1146	4168	1175	2993
1147	4171	1162	3009
1148	4212	1167	3045
1149	4231	1156	3075
1150	4163	1168	2995
1151	4162	1162	3000
1152	4133	1170	2963
1153	4133	1168	2965
1154	4182	1146	3036
1155	4147	1179	2968
1156	4209	1178	3031
1157	4215	1167	3048
1158	4212	1177	3035
1159	4225	1172	3053
1160	4210	1158	3052
1161	4209	1184	3025
1162	4193	1197	2996
1163	4156	1182	2974
1164	4152	1193	2959
1165	4192	1198	2994
1166	4216	1194	3022
1167	4234	1168	3066
1168	4172	1167	3005
1169	4145	1192	2953
1170	4172	1188	2984
1171	4238	1172	3066
1172	4195	1174	3021
1173	4215	1172	3043
1174	4234	1171	3063
1175	4182	1159	3023
1176	4210	1163	3047
1177	4253	1164	3089
1178	4284	1181	3103
1179	4214	1190	3024
1180	4246	1199	3047
1181	4261	1184	3077
1182	4236	1178	3058
1183	4239	1194	3045
1184	4252	1200	3052
1185	4279	1188	3091
1186	4220	1164	3056
1187	4270	1182	3088
1188	4227	1168	3059
1189	4261	1166	3095
1190	4219	1199	3020
1191	4235	1195	3040
1192	4219	1187	3032
1193	4173	1180	2993
1194	4210	1194	3016
1195	4262	1180	3082
1196	4292	1171	3121
1197	4287	1174	3113
1198	4269	1166	3103
1199	4280	1185	3095
1200	4289	1201	3088
1201	4209	1177	3032
1202	4213	1175	3038
1203	4262	1188	3074
1204	4250	1196	3054
1205	4212	1185	3027
1206	4235	1194	3041
1207	4226	1177	3049
1208	4210	1178	3032
1209	4254	1194	3060
1210	4279	1193	3086
1211	4264	1175	3089
1212	4332	1175	3157
1213	4341	1170	3171
1214	4254	1154	3100
1215	4259	1181	3078
1216	4295	1175	3120
1217	4314	1175	3139
1218	4276	1148	3128
1219	4310	1172	3138
1220	4284	1188	3096
1221	4276	1189	3087
1222	4300	1199	3101
1223	4264	1167	3097
1224	4300	1181	3119
1225	4291	1184	3107
1226	4226	1174	3052
1227	4216	1195	3021
1228	4252	1193	3059
1229	4270	1174	3096
1230	4281	1190	3091
1231	4248	1184	3064
1232	4228	1179	3049
1233	4263	1189	3074
1234	4307	1201	3106
1235	4313	1198	3115
1236	4313	1188	3125
1237	4280	1172	3108
1238	4246	1179	3067
1239	4233	1197	3036
1240	4176	1173	3003
1241	4186	1191	2995
1242	4207	1186	3021
1243	4240	1168	3072
1244	4260	1185	3075
1245	4239	1160	3079
1246	4187	1162	3025
1247	4198	1180	3018
1248	4246	1173	3073
1249	4204	1186	3018
1250	4285	1196	3089
1251	4264	1170	3094
1252	4197	1165	3032
1253	4199	1165	3034
1254	4267	1164	3103
1255	4228	1165	3063
1256	4199	1195	3004
1257	4181	1189	2992
1258	4221	1173	3048
1259	4217	1162	3055
1260	4257	1176	3081
1261	4259	1183	3076
1262	4159	1180	2979
1263	4166	1189	2977
1264	4224	1177	3047
1265	4231	1166	3065
1266	4222	1175	3047
1267	4227	1159	3068
1268	4213	1163	3050
1269	4212	1167	3045
1270	4199	1178	3021
1271	4190	1198	2992
1272	4189	1175	3014
1273	4163	1170	2993
1274	4198	1190	3008
1275	4213	1189	3024
1276	4207	1196	3011
1277	4175	1177	2998
1278	4150	1191	2959
1279	4171	1200	2971
1280	4129	1187	2942
1281	4145	1182	2963
1282	4174	1186	2988
1283	4174	1155	3019
1284	4153	1174	2979
1285	4178	1177	3001
1286	4190	1177	3013
1287	4182	1186	2996
1288	4202	1187	3015
1289	4171	1179	2992
1290	4169	1169	3000
1291	4186	1174	3012
1292	4168	1157	3011
1293	4138	1152	2986
1294	4148	1180	2968
1295	4108	1189	2919
1296	4113	1188	2925
1297	4194	1146	3048
1298	4141	1170	2971
1299	4122	1182	2940
1300	4175	1158	3017
1301	4135	1159	2976
1302	4111	1182	2929
1303	4132	1194	2938
1304	4157	1194	2963
1305	4148	1189	2959
1306	4081	1177	2904
1307	4207	1183	3024
1308	4241	1180	3061
1309	4064	1183	2881
1310	4035	1183	2852
1311	4092	1191	2901
1312	4106	1207	2899
1313	4063	1189	2874
1314	4073	1166	2907
1315	4090	1181	2909
1316	4058	1177	2881
1317	4052	1178	2874
1318	4050	1175	2875
1319	4077	1180	2897
1320	4070	1172	2898
1321	4022	1182	2840
1322	4032	1188	2844
1323	4053	1181	2872
1324	4087	1200	2887
1325	4110	1183	2927
1326	4062	1177	2885
1327	4014	1191	2823
1328	3998	1176	2822
1329	4044	1180	2864
1330	4023	1182	2841
1331	4040	1174	2866
1332	4016	1178	2838
1333	4028	1181	2847
1334	4030	1159	2871
1335	4046	1175	2871
1336	4011	1183	2828
1337	3977	1196	2781
1338	3945	1191	2754
1339	3967	1180	2787
1340	4009	1181	2828
1341	4001	1187	2814
1342	3941	1180	2761
1343	3936	1183	2753
1344	3960	1178	2782
1345	3950	1169	2781
1346	3968	1165	2803
1347	3931	1179	2752
1348	3932	1179	2753
1349	3937	1167	2770
1350	3955	1171	2784
1351	3961	1183	2778
1352	3937	1195	2742
1353	3955	1184	2771
1354	3954	1174	2780
1355	3990	1174	2816
1356	3949	1190	2759
1357	3955	1189	2766
1358	3923	1180	2743
1359	3875	1181	2694
1360	3886	1183	2703
1361	3872	1189	2683
1362	3872	1191	2681
1363	3900	1183	2717
1364	3881	1195	2686
1365	3919	1196	2723
1366	3983	1188	2795
1367	3894	1201	2693
1368	3899	1195	2704
1369	3903	1183	2720
1370	3900	1195	2705
1371	3851	1205	2646
1372	3835	1208	2627
1373	3837	1201	2636
1374	3811	1196	2615
1375	3867	1162	2705
1376	3866	1172	2694
1377	3797	1192	2605
1378	3815	1174	2641
1379	3835	1149	2686
1380	3844	1168	2676
1381	3837	1180	2657
1382	3856	1200	2656
1383	3787	1178	2609
1384	3802	1173	2629
1385	3834	1187	2647
1386	3837	1162	2675
1387	3816	1140	2676
1388	3775	1140	2635
1389	3773	1189	2584
1390	3786	1197	2589
1391	3758	1187	2571
1392	3752	1184	2568
1393	3734	1170	2564
1394	3760	1178	2582
1395	3750	1174	2576
1396	3739	1148	2591
1397	3730	1152	2578
1398	3766	1182	2584
1399	3750	1186	2564
1400	3764	1208	2556
1401	3748	1220	2528
1402	3804	1211	2593
1403	3764	1196	2568
1404	3764	1192	2572
1405	3735	1190	2545
1406	3766	1185	2581
1407	3753	1193	2560
1408	3726	1178	2548
1409	3740	1176	2564
1410	3677	1193	2484
1411	3639	1187	2452
1412	3673	1156	2517
1413	3677	1171	2506
1414	3679	1193	2486
1415	3678	1176	2502
1416	3655	1170	2485
1417	3699	1182	2517
1418	3711	1182	2529
1419	3709	1193	2516
1420	3621	1194	2427
1421	3657	1190	2467
1422	3616	1195	2421
1423	3640	1173	2467
1424	3669	1180	2489
1425	3678	1179	2499
1426	3623	1192	2431
1427	3568	1194	2374
1428	3651	1170	2481
1429	3655	1191	2464
1430	3663	1180	2483
1431	3643	1172	2471
1432	3587	1180	2407
1433	3598	1167	2431
1434	3613	1180	2433
1435	3622	1196	2426
1436	3641	1197	2444
1437	3549	1212	2337
1438	3587	1190	2397
1439	3583	1185	2398
1440	3597	1183	2414
1441	3582	1165	2417
1442	3588	1161	2427
1443	3611	1159	2452
1444	3538	1184	2354
1445	3512	1202	2310
1446	3505	1180	2325
1447	3537	1197	2340
1448	3555	1185	2370
1449	3540	1188	2352
1450	3520	1190	2330
1451	3536	1180	2356
1452	3566	1181	2385
1453	3585	1168	2417
1454	3555	1186	2369
1455	3553	1189	2364
1456	3564	1184	2380
1457	3543	1170	2373
1458	3548	1170	2378
1459	3516	1179	2337
1460	3483	1173	2310
1461	3534	1178	2356
1462	3564	1173	2391
1463	3565	1176	2389
1464	3507	1193	2314
1465	3408	1193	2215
1466	3487	1170	2317
1467	3556	1156	2400
1468	3514	1153	2361
1469	3507	1198	2309
1470	3427	1196	2231
1471	3448	1186	2262
1472	3498	1185	2313
1473	3466	1191	2275
1474	3489	1185	2304
1475	3449	1197	2252
1476	3444	1170	2274
1477	3495	1179	2316
1478	3459	1198	2261
1479	3484	1179	2305
1480	3500	1165	2335
1481	3468	1171	2297
1482	3431	1169	2262
1483	3444	1179	2265
1484	3475	1199	2276
1485	3464	1190	2274
1486	3439	1180	2259
1487	3424	1198	2226
1488	3447	1199	2248
1489	3433	1184	2249
1490	3446	1185	2261
1491	3414	1181	2233
1492	3368	1183	2185
1493	3346	1177	2169
1494	3382	1195	2187
1495	3420	1191	2229
1496	3385	1169	2216
1497	3375	1163	2212
1498	3392	1173	2219
1499	3407	1170	2237
1500	3414	1157	2257
1501	3365	1158	2207
1502	3374	1184	2190
1503	3377	1172	2205
1504	3348	1159	2189
1505	3354	1177	2177
1506	3344	1182	2162
1507	3334	1170	2164
1508	3292	1169	2123
1509	3295	1172	2123
1510	3361	1186	2175
1511	3368	1191	2177
1512	3286	1197	2089
1513	3309	1201	2108
1514	3346	1186	2160
1515	3330	1166	2164
1516	3311	1178	2133
1517	3280	1182	2098
1518	3287	1170	2117
1519	3308	1197	2111
1520	3304	1188	2116
1521	3268	1193	2075
1522	3250	1179	2071
1523	3302	1173	2129
1524	3290	1173	2117
1525	3302	1147	2155
1526	3306	1155	2151
1527	3286	1170	2116
1528	3298	1194	2104
1529	3298	1180	2118
1530	3267	1184	2083
1531	3240	1184	2056
1532	3267	1172	2095
1533	3217	1191	2026
1534	3220	1194	2026
1535	3220	1167	2053
1536	3183	1164	2019
1537	3232	1167	2065
1538	3273	1183	2090
1539	3266	1175	2091
1540	3226	1168	2058
1541	3224	1166	2058
1542	3234	1172	2062
1543	3223	1180	2043
1544	3231	1167	2064
1545	3227	1159	2068
1546	3187	1178	2009
1547	3222	1176	2046
1548	3193	1170	2023
1549	3228	1171	2057
1550	3243	1179	2064
1551	3147	1169	1978
1552	3126	1171	1955
1553	3176	1196	1980
1554	3178	1197	1981
1555	3173	1183	1990
1556	3152	1194	1958
1557	3158	1199	1959
1558	3196	1198	1998
1559	3172	1187	1985
1560	3156	1185	1971
1561	3180	1181	1999
1562	3163	1165	1998
1563	3118	1162	1956
1564	3150	1163	1987
1565	3182	1176	2006
1566	3174	1179	1995
1567	3136	1190	1946
1568	3100	1211	1889
1569	3126	1202	1924
1570	3141	1176	1965
1571	3136	1159	1977
1572	3121	1157	1964
1573	3104	1164	1940
1574	3081	1170	1911
1575	3129	1169	1960
1576	3136	1191	1945
1577	3122	1194	1928
1578	3165	1184	1981
1579	3144	1173	1971
1580	3140	1192	1948
1581	3125	1199	1926
1582	3132	1202	1930
1583	3113	1176	1937
1584	3073	1175	1898
1585	3088	1174	1914
1586	3128	1183	1945
1587	3060	1197	1863
1588	3036	1174	1862
1589	2995	1169	1826
1590	3094	1183	1911
1591	3108	1175	1933
1592	3087	1186	1901
1593	3081	1173	1908
1594	3056	1177	1879
1595	3043	1196	1847
1596	3038	1167	1871
1597	3061	1159	1902
1598	3068	1176	1892
1599	3066	1179	1887
1600	3041	1187	1854
1601	3018	1177	1841
1602	3046	1166	1880
1603	3065	1181	1884
1604	3020	1195	1825
1605	3027	1188	1839
1606	3041	1173	1868
1607	3097	1178	1919
1608	3051	1173	1878
1609	3053	1193	1860
1610	3026	1184	1842
1611	3025	1172	1853
1612	2991	1176	1815
1613	2978	1165	1813
1614	3023	1165	1858
1615	3017	1172	1845
1616	2971	1159	1812
1617	3017	1154	1863
1618	3015	1163	1852
1619	2969	1159	1810
1620	2974	1170	1804
1621	2981	1180	1801
1622	2956	1162	1794
1623	2924	1177	1747
1624	2894	1200	1694
1625	2931	1193	1738
1626	2945	1171	1774
1627	2971	1175	1796
1628	2949	1183	1766
1629	2947	1201	1746
1630	2954	1204	1750
1631	2965	1193	1772
1632	2939	1204	1735
1633	2959	1199	1760
1634	2946	1187	1759
1635	2936	1188	1748
1636	2905	1188	1717
1637	2963	1170	1793
1638	2957	1183	1774
1639	2958	1172	1786
1640	2937	1186	1751
1641	2888	1191	1697
1642	2929	1180	1749
1643	2918	1172	1746
1644	2887	1174	1713
1645	2910	1173	1737
1646	2910	1185	1725
1647	2913	1184	1729
1648	2891	1170	1721
1649	2910	1157	1753
1650	2926	1163	1763
1651	2943	1187	1756
1652	2922	1183	1739
1653	2875	1171	1704
1654	2907	1179	1728
1655	2939	1179	1760
1656	2899	1180	1719
1657	2866	1176	1690
1658	2852	1185	1667
1659	2891	1190	1701
1660	2889	1178	1711
1661	2881	1186	1695
1662	2885	1173	1712
1663	2873	1197	1676
1664	2879	1207	1672
1665	2885	1197	1688
1666	2879	1160	1719
1667	2860	1171	1689
1668	2877	1181	1696
1669	2886	1167	1719
1670	2858	1165	1693
1671	2867	1173	1694
1672	2889	1168	1721
1673	2853	1190	1663
1674	2856	1181	1675
1675	2888	1156	1732
1676	2895	1186	1709
1677	2897	1181	1716
1678	2880	1166	1714
1679	2862	1166	1696
1680	2853	1171	1682
1681	2859	1183	1676
1682	2809	1172	1637
1683	2825	1172	1653
1684	2816	1161	1655
1685	2860	1178	1682
1686	2861	1199	1662
1687	2878	1177	1701
1688	2817	1171	1646
1689	2823	1154	1669
1690	2769	1152	1617
1691	2799	1178	1621
1692	2807	1189	1618
1693	2771	1177	1594
1694	2784	1177	1607
1695	2808	1202	1606
1696	2806	1189	1617
1697	2815	1189	1626
1698	2782	1176	1606
1699	2736	1175	1561
1700	2770	1186	1584
1701	2768	1180	1588
1702	2774	1173	1601
1703	2769	1198	1571
1704	2768	1177	1591
1705	2774	1175	1599
1706	2800	1176	1624
1707	2759	1159	1600
1708	2733	1181	1552
1709	2756	1193	1563
1710	2783	1185	1598
1711	2761	1172	1589
1712	2748	1174	1574
1713	2715	1181	1534
1714	2745	1179	1566
1715	2699	1196	1503
1716	2702	1195	1507
1717	2722	1168	1554
1718	2694	1166	1528
1719	2717	1218	1499
1720	2707	1191	1516
1721	2742	1167	1575
1722	2734	1157	1577
1723	2687	1162	1525
1724	2687	1160	1527
1725	2706	1159	1547
1726	2716	1144	1572
1727	2695	1149	1546
1728	2695	1179	1516
1729	2691	1172	1519
1730	2687	1188	1499
1731	2690	1176	1514
1732	2676	1155	1521
1733	2666	1159	1507
1734	2636	1187	1449
1735	2633	1177	1456
1736	2644	1161	1483
1737	2683	1176	1507
1738	2674	1189	1485
1739	2656	1180	1476
1740	2648	1181	1467
1741	2643	1176	1467
1742	2609	1177	1432
1743	2623	1180	1443
1744	2641	1176	1465
1745	2609	1178	1431
1746	2616	1175	1441
1747	2666	1153	1513
1748	2633	1155	1478
1749	2652	1182	1470
1750	2655	1167	1488
1751	2614	1163	1451
1752	2572	1186	1386
1753	2596	1200	1396
1754	2616	1176	1440
1755	2608	1154	1454
1756	2601	1176	1425
1757	2608	1172	1436
1758	2583	1160	1423
1759	2599	1181	1418
1760	2639	1197	1442
1761	2621	1197	1424
1762	2591	1156	1435
1763	2607	1154	1453
1764	2586	1164	1422
1765	2584	1160	1424
1766	2607	1171	1436
1767	2611	1173	1438
1768	2588	1181	1407
1769	2565	1191	1374
1770	2591	1173	1418
1771	2595	1168	1427
1772	2543	1150	1393
1773	2519	1159	1360
1774	2534	1179	1355
1775	2560	1183	1377
1776	2582	1190	1392
1777	2571	1170	1401
1778	2558	1175	1383
1779	2522	1184	1338
1780	2537	1186	1351
1781	2554	1194	1360
1782	2530	1184	1346
1783	2518	1186	1332
1784	2491	1188	1303
1785	2489	1177	1312
1786	2503	1179	1324
1787	2497	1176	1321
1788	2514	1189	1325
1789	2470	1185	1285
1790	2491	1170	1321
1791	2504	1156	1348
1792	2476	1177	1299
1793	2478	1178	1300
1794	2481	1185	1296
1795	2491	1190	1301
1796	2475	1187	1288
1797	2468	1204	1264
1798	2451	1184	1267
1799	2435	1189	1246
1800	2425	1180	1245
1801	2413	1187	1226
1802	2453	1191	1262
1803	2443	1173	1270
1804	2399	1166	1233
1805	2409	1168	1241
1806	2434	1175	1259
1807	2409	1157	1252
1808	2411	1170	1241
1809	2461	1172	1289
1810	2414	1170	1244
1811	2394	1172	1222
1812	2385	1179	1206
1813	2371	1172	1199
1814	2357	1171	1186
1815	2416	1169	1247
1816	2428	1199	1229
1817	2399	1209	1190
1818	2395	1186	1209
1819	2342	1179	1163
1820	2349	1201	1148
1821	2394	1211	1183
1822	2368	1202	1166
1823	2306	1167	1139
1824	2316	1177	1139
1825	2327	1188	1139
1826	2286	1188	1098
1827	2290	1177	1113
1828	2301	1170	1131
1829	2327	1185	1142
1830	2321	1183	1138
1831	2293	1180	1113
1832	2293	1180	1113
1833	2291	1180	1111
1834	2262	1192	1070
1835	2268	1185	1083
1836	2271	1162	1109
1837	2274	1176	1098
1838	2288	1193	1095
1839	2288	1190	1098
1840	2265	1193	1072
1841	2257	1185	1072
1842	2266	1174	1092
1843	2274	1166	1108
1844	2239	1174	1065
1845	2277	1175	1102
1846	2289	1169	1120
1847	2238	1176	1062
1848	2221	1162	1059
1849	2264	1176	1088
1850	2282	1198	1084
1851	2254	1178	1076
1852	2234	1170	1064
1853	2198	1167	1031
1854	2223	1179	1044
1855	2243	1178	1065
1856	2232	1164	1068
1857	2248	1155	1093
1858	2250	1162	1088
1859	2232	1172	1060
1860	2186	1171	1015
1861	2191	1174	1017
1862	2182	1176	1006
1863	2177	1192	985
1864	2167	1193	974
1865	2168	1179	989
1866	2202	1183	1019
1867	2183	1196	987
1868	2142	1185	957
1869	2156	1165	991
1870	2149	1174	975
1871	2155	1177	978
1872	2132	1180	952
1873	2188	1163	1025
1874	2188	1163	1025
1875	2121	1169	952
1876	2122	1150	972
1877	2103	1163	940
1878	2075	1177	898
1879	2054	1162	892
1880	2069	1171	898
1881	2076	1159	917
1882	2050	1165	885
1883	2042	1186	856
1884	2015	1176	839
1885	2012	1185	827
1886	1996	1185	811
1887	1994	1179	815
1888	1977	1185	792
1889	1954	1176	778
1890	1962	1177	785
1891	1946	1186	760
1892	1948	1180	768
1893	1939	1178	761
1894	1917	1171	746
1895	1918	1171	747
1896	1921	1182	739
1897	1913	1193	720
1898	1891	1185	706
1899	1879	1167	712
1900	1900	1173	727
1901	1878	1185	693
1902	1847	1190	657
1903	1851	1159	692
1904	1874	1159	715
1905	1879	1178	701
1906	1847	1176	671
1907	1856	1177	679
1908	1873	1178	695
1909	1855	1168	687
1910	1832	1159	673
1911	1863	1173	690
1912	1864	1181	683
1913	1844	1180	664
1914	1851	1184	667
1915	1861	1169	692
1916	1847	1174	673
1917	1873	1176	697
1918	1895	1177	718
1919	1875	1177	698
1920	1869	1159	710
1921	1873	1151	722
1922	1906	1179	727
1923	1887	1176	711
1924	1857	1153	704
1925	1891	1152	739
1926	1901	1163	738
1927	1894	1163	731
1928	1875	1175	700
1929	1889	1172	717
1930	1875	1176	699
1931	1878	1182	696
1932	1889	1169	720
1933	1905	1177	728
1934	1888	1179	709
1935	1875	1164	711
1936	1857	1161	696
1937	1844	1164	680
1938	1837	1179	658
1939	1855	1170	685
1940	1855	1151	704
1941	1849	1168	681
1942	1845	1162	683
1943	1821	1158	663
1944	1809	1173	636
1945	1800	1183	617
1946	1826	1175	651
1947	1810	1176	634
1948	1795	1176	619
1949	1793	1165	628
1950	1802	1160	642
1951	1846	1177	669
1952	1819	1182	637
1953	1831	1178	653
1954	1821	1178	643
1955	1797	1171	626
1956	1788	1165	623
1957	1782	1163	619
1958	1794	1167	627
1959	1781	1165	616
1960	1764	1147	617
1961	1752	1159	593
1962	1769	1172	597
1963	1757	1152	605
1964	1733	1171	562
1965	1771	1202	569
1966	1783	1187	596
1967	1753	1180	573
1968	1731	1171	560
1969	1724	1181	543
1970	1704	1177	527
1971	1725	1191	534
1972	1708	1182	526
1973	1713	1186	527
1974	1688	1180	508
1975	1702	1167	535
1976	1717	1180	537
1977	1695	1192	503
1978	1696	1196	500
1979	1702	1197	505
1980	1689	1175	514
1981	1669	1163	506
1982	1685	1193	492
1983	1685	1186	499
1984	1698	1172	526
1985	1672	1183	489
1986	1658	1173	485
1987	1669	1160	509
1988	1642	1171	471
1989	1649	1170	479
1990	1656	1184	472
1991	1628	1174	454
1992	1632	1166	466
1993	1639	1181	458
1994	1599	1170	429
1995	1609	1173	436
1996	1615	1175	440
1997	1598	1179	419
1998	1591	1200	391
1999	1586	1199	387
2000	1599	1180	419
2001	1598	1170	428
2002	1591	1162	429
2003	1616	1177	439
2004	1587	1178	409
2005	1557	1146	411
2006	1561	1161	400
2007	1556	1174	382
2008	1571	1186	385
2009	1595	1186	409
2010	1596	1190	406
2011	1592	1175	417
2012	1597	1164	433
2013	1598	1186	412
2014	1584	1178	406
2015	1576	1171	405
2016	1562	1189	373
2017	1525	1193	332
2018	1541	1167	374
2019	1560	1159	401
2020	1576	1176	400
2021	1556	1177	379
2022	1564	1165	399
2023	1546	1167	379
2024	1526	1195	331
2025	1535	1184	351
2026	1561	1161	400
2027	1564	1179	385
2028	1542	1180	362
2029	1515	1182	333
2030	1516	1186	330
2031	1504	1181	323
2032	1511	1166	345
2033	1519	1180	339
2034	1532	1187	345
2035	1524	1168	356
2036	1520	1172	348
2037	1528	1176	352
2038	1525	1172	353
2039	1524	1170	354
2040	1504	1180	324
2041	1481	1182	299
2042	1481	1166	315
2043	1487	1166	321
2044	1490	1167	323
2045	1484	1169	315
2046	1487	1186	301
2047	1473	1185	288
2048	1435	1192	243
2049	1463	1178	285
2050	1488	1166	322
2051	1476	1170	306
2052	1489	1170	319
2053	1499	1182	317
2054	1465	1164	301
2055	1455	1179	276
2056	1481	1182	299
2057	1499	1179	320
2058	1487	1152	335
2059	1450	1164	286
2060	1464	1174	290
2061	1460	1174	286
2062	1447	1193	254
2063	1447	1211	236
2064	1417	1193	224
2065	1428	1185	243
2066	1439	1178	261
2067	1439	1167	272
2068	1439	1190	249
2069	1418	1174	244
2070	1437	1190	247
2071	1441	1215	226
2072	1425	1194	231
2073	1428	1189	239
2074	1437	1179	258
2075	1424	1193	231
2076	1408	1195	213
2077	1407	1189	218
2078	1413	1170	243
2079	1392	1151	241
2080	1400	1153	247
2081	1430	1185	245
2082	1427	1188	239
2083	1407	1176	231
2084	1412	1187	225
2085	1425	1186	239
2086	1388	1177	211
2087	1395	1183	212
2088	1370	1191	179
2089	1378	1169	209
2090	1383	1182	201
2091	1375	1196	179
2092	1385	1202	183
2093	1409	1188	221
2094	1382	1190	192
2095	1372	1212	160
2096	1359	1194	165
2097	1373	1168	205
2098	1377	1162	215
2099	1391	1180	211
2100	1381	1189	192
2101	1377	1188	189
2102	1358	1179	179
2103	1351	1183	168
2104	1384	1189	195
2105	1378	1174	204
2106	1355	1171	184
2107	1339	1186	153
2108	1340	1176	164
2109	1330	1185	145
2110	1332	1189	143
2111	1380	1156	224
2112	1378	1158	220
2113	1338	1175	163
2114	1343	1177	166
2115	1337	1177	160
2116	1330	1172	158
2117	1344	1167	177
2118	1349	1187	162
2119	1351	1175	176
2120	1324	1167	157
2121	1315	1183	132
2122	1323	1188	135
2123	1326	1190	136
2124	1328	1195	133
2125	1323	1197	126
2126	1314	1187	127
2127	1317	1196	121
2128	1336	1199	137
2129	1322	1201	121
2130	1304	1191	113
2131	1309	1191	118
2132	1290	1168	122
2133	1293	1185	108
2134	1324	1185	139
2135	1308	1197	111
2136	1306	1185	121
2137	1313	1173	140
2138	1309	1168	141
2139	1290	1185	105
2140	1281	1178	103
2141	1295	1181	114
2142	1305	1182	123
2143	1315	1174	141
2144	1305	1191	114
2145	1317	1187	130
2146	1346	1172	174
2147	1319	1163	156
2148	1286	1159	127
2149	1282	1172	110
2150	1301	1182	119
2151	1293	1198	95
2152	1286	1169	117
2153	1275	1151	124
2154	1293	1177	116
2155	1285	1183	102
2156	1296	1198	98
2157	1296	1190	106
2158	1292	1181	111
2159	1286	1194	92
2160	1293	1196	97
2161	1289	1209	80
2162	1286	1207	79
2163	1304	1179	125
2164	1293	1189	104
2165	1274	1175	99
2166	1284	1184	100
2167	1268	1168	100
2168	1276	1156	120
2169	1291	1184	107
2170	1284	1196	88
2171	1254	1182	72
2172	1250	1196	54
2173	1280	1206	74
2174	1275	1187	88
2175	1278	1178	100
2176	1264	1188	76
2177	1240	1172	68
2178	1256	1163	93
2179	1297	1179	118
2180	1270	1177	93
2181	1253	1202	51
2182	1247	1184	63
2183	1266	1181	85
2184	1264	1218	46
2185	1249	1199	50
2186	1263	1162	101
2187	1261	1161	100
2188	1253	1161	92
2189	1251	1151	100
2190	1234	1177	57
2191	1251	1200	51
2192	1261	1182	79
2193	1268	1192	76
2194	1284	1202	82
2195	1255	1198	57
2196	1236	1189	47
2197	1255	1178	77
2198	1249	1157	92
2199	1229	1147	82
2200	1236	1177	59
2201	1248	1176	72
2202	1268	1195	73
2203	1249	1192	57
2204	1233	1190	43
2205	1268	1171	97
2206	1276	1187	89
2207	1265	1173	92
2208	1265	1171	94
2209	1263	1193	70
2210	1244	1182	62
2211	1241	1168	73
2212	1239	1171	68
2213	1256	1188	68
2214	1262	1167	95
2215	1253	1167	86
2216	1237	1164	73
2217	1205	1160	45
2218	1217	1177	40
2219	1267	1217	50
2220	1238	1180	58
2221	1252	1164	88
2222	1262	1170	92
2223	1242	1188	54
2224	1259	1164	95
2225	1260	1163	97
2226	1230	1188	42
2227	1234	1195	39
2228	1236	1197	39
2229	1234	1173	61
2230	1213	1174	39
2231	1228	1162	66
2232	1226	1156	70
2233	1218	1149	69
2234	1225	1184	41
2235	1234	1185	49
2236	1247	1186	61
2237	1245	1187	58
2238	1233	1186	47
2239	1262	1183	79
2240	1235	1188	47
2241	1233	1177	56
2242	1251	1184	67
2243	1230	1171	59
2244	1230	1164	66
2245	1236	1172	64
2246	1262	1165	97
2247	1225	1173	52
2248	1205	1171	34
2249	1228	1188	40
2250	1251	1177	74
2251	1258	1185	73
2252	1235	1183	52
2253	1246	1156	90
2254	1239	1180	59
2255	1232	1195	37
2256	1219	1159	60
2257	1224	1157	67
2258	1215	1177	38
2259	1231	1174	57
2260	1273	1171	102
2261	1272	1164	108
2262	1242	1158	84
2263	1233	1157	76
2264	1251	1170	81
2265	1242	1177	65
2266	1246	1179	67
2267	1244	1168	76
2268	1231	1164	67
2269	1215	1188	27
2270	1219	1179	40
2271	1218	1172	46
2272	1231	1176	55
2273	1235	1181	54
2274	1236	1183	53
2275	1246	1162	84
2276	1242	1164	78
2277	1263	1189	74
2278	1250	1167	83
2279	1231	1150	81
2280	1237	1187	50
2281	1250	1167	83
2282	1247	1174	73
2283	1231	1179	52
2284	1223	1186	37
2285	1215	1185	30
2286	1211	1178	33
2287	1225	1183	42
2288	1236	1184	52
2289	1239	1175	64
2290	1249	1161	88
2291	1239	1181	58
2292	1243	1190	53
2293	1244	1188	56
2294	1239	1171	68
2295	1236	1165	71
2296	1210	1178	32
2297	1230	1161	69
2298	1231	1178	53
2299	1257	1183	74
2300	1256	1165	91
2301	1246	1184	62
2302	1237	1190	47
2303	1235	1167	68
2304	1243	1171	72
2305	1251	1198	53
2306	1249	1209	40
2307	1233	1200	33
2308	1231	1203	28
2309	1243	1181	62
2310	1247	1189	58
2311	1237	1200	37
2312	1226	1198	28
2313	1218	1204	14
2314	1237	1185	52
2315	1234	1186	48
2316	1246	1169	77
2317	1240	1175	65
2318	1235	1164	71
2319	1247	1140	107
2320	1220	1160	60
2321	1244	1187	57
2322	1247	1178	69
2323	1239	1180	59
2324	1263	1186	77
2325	1232	1180	52
2326	1228	1186	42
2327	1219	1174	45
2328	1229	1177	52
2329	1236	1190	46
2330	1264	1186	78
2331	1260	1178	82
2332	1247	1184	63
2333	1234	1157	77
2334	1239	1180	59
2335	1251	1189	62
2336	1250	1166	84
2337	1245	1174	71
2338	1258	1181	77
2339	1227	1180	47
2340	1207	1186	21
2341	1234	1162	72
2342	1245	1184	61
2343	1242	1185	57
2344	1214	1175	39
2345	1216	1167	49
2346	1243	1177	66
2347	1242	1185	57
2348	1240	1184	56
2349	1227	1182	45
2350	1230	1178	52
2351	1239	1161	78
2352	1244	1175	69
2353	1232	1178	54
2354	1226	1155	71
2355	1221	1153	68
2356	1224	1150	74
2357	1218	1179	39
2358	1212	1192	20
2359	1209	1169	40
2360	1229	1179	50
2361	1227	1162	65
2362	1236	1169	67
2363	1242	1166	76
2364	1221	1168	53
2365	1242	1173	69
2366	1267	1168	99
2367	1253	1185	68
2368	1239	1187	52
2369	1236	1168	68
2370	1225	1185	40
2371	1223	1181	42
2372	1233	1183	50
2373	1247	1190	57
2374	1258	1198	60
2375	1263	1205	58
2376	1240	1186	54
2377	1227	1173	54
2378	1229	1164	65
2379	1242	1172	70
2380	1238	1169	69
2381	1239	1161	78
2382	1227	1194	33
2383	1230	1209	21
2384	1213	1203	10
2385	1224	1193	31
2386	1225	1186	39
2387	1228	1171	57
2388	1235	1189	46
2389	1236	1213	23
2390	1230	1180	50
2391	1231	1179	52
2392	1211	1195	16
2393	1234	1202	32
2394	1256	1206	50
2395	1249	1185	64
2396	1250	1196	54
2397	1245	1193	52
2398	1246	1191	55
2399	1228	1179	49
2400	1246	1177	69
2401	1246	1175	71
2402	1222	1192	30
2403	1240	1185	55
2404	1268	1176	92
2405	1264	1176	88
2406	1245	1165	80
2407	1248	1165	83
2408	1244	1177	67
2409	1222	1169	53
2410	1242	1172	70
2411	1244	1204	40
2412	1240	1200	40
2413	1248	1172	76
2414	1243	1165	78
2415	1242	1181	61
2416	1247	1176	71
2417	1240	1169	71
2418	1229	1181	48
2419	1214	1192	22
2420	1227	1210	17
2421	1236	1182	54
2422	1250	1186	64
2423	1225	1188	37
2424	1214	1187	27
2425	1242	1193	49
2426	1231	1172	59
2427	1244	1161	83
2428	1248	1172	76
2429	1258	1217	41
2430	1247	1200	47
2431	1243	1178	65
2432	1244	1197	47
2433	1256	1195	61
2434	1250	1192	58
2435	1250	1191	59
2436	1240	1175	65
2437	1241	1161	80
2438	1241	1176	65
2439	1246	1192	54
2440	1232	1162	70
2441	1218	1166	52
2442	1221	1171	50
2443	1224	1194	30
2444	1232	1194	38
2445	1235	1184	51
2446	1238	1179	59
2447	1234	1157	77
2448	1227	1164	63
2449	1242	1180	62
2450	1223	1170	53
2451	1238	1183	55
2452	1250	1181	69
2453	1246	1187	59
2454	1209	1178	31
2455	1226	1184	42
2456	1250	1201	49
2457	1246	1204	42
2458	1237	1180	57
2459	1224	1171	53
2460	1208	1180	28
2461	1222	1186	36
2462	1220	1179	41
2463	1219	1176	43
2464	1226	1195	31
2465	1234	1181	53
2466	1240	1169	71
2467	1241	1187	54
2468	1214	1155	59
2469	1224	1183	41
2470	1229	1177	52
2471	1226	1186	40
2472	1234	1181	53
2473	1227	1192	35
2474	1218	1176	42
2475	1249	1174	75
2476	1255	1183	72
2477	1243	1165	78
2478	1217	1169	48
2479	1219	1162	57
2480	1232	1175	57
2481	1240	1168	72
2482	1235	1170	65
2483	1199	1179	20
2484	1203	1157	46
2485	1197	1159	38
2486	1187	1176	11
2487	1197	1153	44
2488	1227	1181	46
2489	1215	1211	4
2490	1221	1194	27
2491	1238	1201	37
2492	1237	1204	33
2493	1257	1167	90
2494	1249	1161	88
2495	1236	1186	50
2496	1223	1175	48
2497	1229	1177	52
2498	1243	1185	58
2499	1231	1172	59
2500	1223	1155	68
2501	1233	1163	70
2502	1225	1170	55
2503	1234	1177	57
2504	1229	1171	58
2505	1241	1170	71
2506	1250	1189	61
2507	1224	1181	43
2508	1243	1183	60
2509	1260	1180	80
2510	1246	1182	64
2511	1262	1193	69
2512	1252	1188	64
2513	1241	1185	56
2514	1236	1193	43
2515	1222	1190	32
2516	1219	1193	26
2517	1220	1186	34
2518	1212	1180	32
2519	1213	1173	40
2520	1221	1200	21
2521	1229	1182	47
2522	1215	1174	41
2523	1199	1185	14
2524	1226	1179	47
2525	1237	1176	61
2526	1231	1168	63
2527	1223	1192	31
2528	1236	1177	59
2529	1242	1166	76
2530	1234	1178	56
2531	1226	1181	45
2532	1227	1183	44
2533	1206	1177	29
2534	1211	1183	28
2535	1213	1193	20
2536	1247	1187	60
2537	1250	1167	83
2538	1251	1157	94
2539	1238	1152	86
2540	1219	1191	28
2541	1227	1196	31
2542	1220	1189	31
2543	1227	1163	64
2544	1217	1185	32
2545	1213	1209	4
2546	1224	1196	28
2547	1214	1198	16
2548	1220	1193	27
2549	1242	1182	60
2550	1223	1170	53
2551	1210	1179	31
2552	1214	1181	33
2553	1237	1203	34
2554	1245	1172	73
2555	1241	1169	72
2556	1232	1175	57
2557	1252	1159	93
2558	1237	1179	58
2559	1235	1213	22
2560	1238	1190	48
2561	1247	1182	65
2562	1248	1194	54
2563	1246	1185	61
2564	1266	1169	97
2565	1245	1171	74
2566	1231	1172	59
2567	1238	1164	74
2568	1228	1159	69
2569	1220	1161	59
2570	1217	1163	54
2571	1216	1175	41
2572	1226	1201	25
2573	1232	1177	55
2574	1233	1167	66
2575	1218	1184	34
2576	1210	1181	29
2577	1220	1185	35
2578	1224	1173	51
2579	1221	1205	16
2580	1217	1203	14
2581	1221	1178	43
2582	1230	1164	66
2583	1244	1163	81
2584	1246	1169	77
2585	1248	1164	84
2586	1234	1169	65
2587	1220	1179	41
2588	1234	1193	41
2589	1247	1176	71
2590	1231	1180	51
2591	1229	1170	59
2592	1235	1179	56
2593	1241	1175	66
2594	1229	1170	59
2595	1232	1182	50
2596	1250	1177	73
2597	1227	1197	30
2598	1235	1195	40
2599	1237	1193	44
2600	1221	1191	30
2601	1213	1170	43
2602	1210	1155	55
2603	1218	1196	22
2604	1220	1210	10
2605	1240	1206	34
2606	1260	1187	73
2607	1247	1183	64
2608	1240	1188	52
2609	1230	1190	40
2610	1218	1179	39
2611	1238	1180	58
2612	1250	1181	69
2613	1249	1193	56
2614	1242	1189	53
2615	1245	1187	58
2616	1239	1189	50
2617	1254	1181	73
2618	1252	1185	67
2619	1245	1183	62
2620	1227	1150	77
2621	1216	1157	59
2622	1235	1178	57
2623	1239	1171	68
2624	1233	1187	46
2625	1231	1202	29
2626	1239	1207	32
2627	1235	1193	42
2628	1230	1173	57
2629	1225	1187	38
2630	1221	1174	47
2631	1215	1176	39
2632	1210	1166	44
2633	1228	1167	61
2634	1246	1190	56
2635	1249	1193	56
2636	1225	1203	22
2637	1230	1193	37
2638	1257	1201	56
2639	1239	1195	44
2640	1230	1164	66
2641	1242	1161	81
2642	1231	1162	69
2643	1230	1171	59
2644	1248	1183	65
2645	1231	1200	31
2646	1207	1206	1
2647	1244	1195	49
2648	1247	1195	52
2649	1231	1192	39
2650	1232	1180	52
2651	1227	1163	64
2652	1225	1165	60
2653	1244	1160	84
2654	1250	1153	97
2655	1238	1180	58
2656	1237	1199	38
2657	1225	1179	46
2658	1214	1176	38
2659	1246	1188	58
2660	1250	1179	71
2661	1246	1185	61
2662	1244	1165	79
2663	1239	1170	69
2664	1242	1177	65
2665	1253	1188	65
2666	1243	1180	63
2667	1221	1145	76
2668	1204	1170	34
2669	1231	1194	37
2670	1264	1163	101
2671	1240	1157	83
2672	1220	1172	48
2673	1221	1180	41
2674	1222	1179	43
2675	1231	1172	59
2676	1241	1186	55
2677	1254	1175	79
2678	1238	1167	71
2679	1240	1168	72
2680	1242	1184	58
2681	1239	1182	57
2682	1236	1177	59
2683	1239	1184	55
2684	1218	1185	33
2685	1213	1187	26
2686	1226	1192	34
2687	1245	1196	49
2688	1246	1181	65
2689	1235	1166	69
2690	1243	1163	80
2691	1238	1172	66
2692	1227	1178	49
2693	1229	1190	39
2694	1227	1160	67
2695	1238	1151	87
2696	1233	1178	55
2697	1231	1175	56
2698	1252	1199	53
2699	1229	1194	35
2700	1221	1184	37
2701	1223	1177	46
2702	1227	1180	47
2703	1239	1189	50
2704	1244	1166	78
2705	1243	1150	93
2706	1235	1152	83
2707	1244	1171	73
2708	1255	1171	84
2709	1246	1175	71
2710	1228	1165	63
2711	1233	1168	65
2712	1251	1164	87
2713	1233	1195	38
2714	1214	1190	24
2715	1224	1182	42
2716	1238	1163	75
2717	1249	1163	86
2718	1235	1151	84
2719	1230	1193	37
2720	1194	1184	10
2721	1215	1175	40
2722	1250	1171	79
2723	1238	1171	67
2724	1216	1175	41
2725	1221	1177	44
2726	1237	1197	40
2727	1243	1155	88
2728	1242	1160	82
2729	1248	1175	73
2730	1244	1183	61
2731	1226	1187	39
2732	1207	1178	29
2733	1240	1177	63
2734	1240	1195	45
2735	1235	1182	53
2736	1213	1173	40
2737	1216	1167	49
2738	1221	1158	63
2739	1239	1163	76
2740	1233	1174	59
2741	1233	1178	55
2742	1231	1176	55
2743	1239	1157	82
2744	1242	1161	81
2745	1231	1172	59
2746	1225	1169	56
2747	1221	1183	38
2748	1227	1185	42
2749	1235	1185	50
2750	1232	1177	55
2751	1228	1175	53
2752	1230	1174	56
2753	1252	1184	68
2754	1255	1180	75
2755	1261	1165	96
2756	1256	1157	99
2757	1253	1187	66
2758	1245	1183	62
2759	1225	1171	54
2760	1223	1158	65
2761	1234	1182	52
2762	1228	1176	52
2763	1237	1169	68
2764	1239	1165	74
2765	1233	1172	61
2766	1226	1186	40
2767	1210	1190	20
2768	1206	1176	30
2769	1224	1186	38
2770	1244	1194	50
2771	1202	1168	34
2772	1198	1176	22
2773	1222	1177	45
2774	1238	1178	60
2775	1272	1209	63
2776	1259	1195	64
2777	1225	1191	34
2778	1220	1163	57
2779	1220	1173	47
2780	1219	1178	41
2781	1215	1173	42
2782	1221	1163	58
2783	1223	1161	62
2784	1242	1188	54
2785	1239	1197	42
2786	1216	1193	23
2787	1208	1192	16
2788	1239	1191	48
2789	1248	1191	57
2790	1226	1180	46
2791	1217	1183	34
2792	1213	1193	20
2793	1243	1149	94
2794	1232	1174	58
2795	1223	1207	16
2796	1225	1203	22
2797	1221	1182	39
2798	1222	1173	49
2799	1215	1183	32
2800	1239	1207	32
2801	1241	1190	51
2802	1225	1163	62
2803	1215	1163	52
2804	1231	1186	45
2805	1229	1191	38
2806	1243	1169	74
2807	1255	1168	87
2808	1251	1162	89
2809	1244	1163	81
2810	1244	1167	77
2811	1236	1163	73
2812	1223	1174	49
2813	1215	1171	44
2814	1214	1176	38
2815	1212	1182	30
2816	1224	1189	35
2817	1245	1185	60
2818	1249	1176	73
2819	1224	1156	68
2820	1217	1176	41
2821	1223	1201	22
2822	1225	1187	38
2823	1240	1180	60
2824	1246	1176	70
2825	1223	1161	62
2826	1234	1175	59
2827	1246	1198	48
2828	1252	1172	80
2829	1233	1150	83
2830	1201	1146	55
2831	1209	1163	46
2832	1221	1189	32
2833	1237	1187	50
2834	1238	1177	61
2835	1210	1188	22
2836	1211	1185	26
2837	1229	1187	42
2838	1241	1205	36
2839	1231	1165	66
2840	1223	1166	57
2841	1239	1181	58
2842	1245	1182	63
2843	1260	1187	73
2844	1242	1167	75
2845	1221	1182	39
2846	1209	1207	2
2847	1225	1201	24
2848	1234	1191	43
2849	1243	1181	62
2850	1225	1160	65
2851	1220	1169	51
2852	1238	1166	72
2853	1240	1159	81
2854	1234	1172	62
2855	1236	1187	49
2856	1238	1186	52
2857	1250	1177	73
2858	1228	1194	34
2859	1235	1203	32
2860	1234	1199	35
2861	1241	1193	48
2862	1253	1182	71
2863	1257	1168	89
2864	1240	1178	62
2865	1224	1171	53
2866	1239	1188	51
2867	1253	1188	65
2868	1250	1181	69
2869	1251	1172	79
2870	1241	1176	65
2871	1234	1173	61
2872	1255	1192	63
2873	1241	1207	34
2874	1214	1196	18
2875	1247	1193	54
2876	1248	1208	40
2877	1236	1198	38
2878	1231	1205	26
2879	1238	1186	52
2880	1242	1186	56
2881	1244	1190	54
2882	1236	1167	69
2883	1238	1195	43
2884	1231	1198	33
2885	1228	1179	49
2886	1209	1196	13
2887	1224	1179	45
2888	1240	1170	70
2889	1231	1186	45
2890	1233	1185	48
2891	1241	1188	53
2892	1242	1189	53
2893	1246	1203	43
2894	1227	1205	22
2895	1217	1185	32
2896	1230	1189	41
2897	1240	1199	41
2898	1242	1194	48
2899	1233	1193	40
2900	1231	1183	48
2901	1237	1183	54
2902	1259	1162	97
2903	1242	1174	68
2904	1228	1167	61
2905	1240	1154	86
2906	1250	1174	76
2907	1234	1181	53
2908	1270	1182	88
2909	1271	1165	106
2910	1241	1182	59
2911	1223	1191	32
2912	1213	1173	40
2913	1217	1168	49
2914	1240	1160	80
2915	1250	1185	65
2916	1241	1202	39
2917	1221	1206	15
2918	1222	1194	28
2919	1236	1183	53
2920	1228	1168	60
2921	1236	1156	80
2922	1242	1175	67
2923	1240	1202	38
2924	1233	1210	23
2925	1234	1185	49
2926	1246	1173	73
2927	1249	1200	49
2928	1234	1195	39
2929	1226	1182	44
2930	1236	1196	40
2931	1252	1193	59
2932	1242	1168	74
2933	1247	1157	90
2934	1246	1178	68
2935	1253	1193	60
2936	1262	1191	71
2937	1243	1198	45
2938	1252	1194	58
2939	1250	1169	81
2940	1242	1175	67
2941	1248	1208	40
2942	1249	1209	40
2943	1241	1190	51
2944	1230	1211	19
2945	1221	1198	23
2946	1231	1184	47
2947	1231	1204	27
2948	1224	1198	26
2949	1214	1175	39
2950	1235	1171	64
2951	1240	1164	76
2952	1245	1188	57
2953	1251	1190	61
2954	1244	1187	57
2955	1224	1200	24
2956	1227	1194	33
2957	1252	1187	65
2958	1244	1187	57
2959	1226	1169	57
2960	1230	1166	64
2961	1256	1206	50
2962	1231	1195	36
2963	1202	1180	22
2964	1224	1191	33
2965	1234	1171	63
2966	1223	1195	28
2967	1225	1203	22
2968	1234	1165	69
2969	1240	1168	72
2970	1201	1172	29
2971	1220	1180	40
2972	1244	1192	52
2973	1236	1166	70
2974	1226	1157	69
2975	1231	1180	51
2976	1230	1166	64
2977	1208	1191	17
2978	1233	1194	39
2979	1241	1189	52
2980	1228	1194	34
2981	1221	1169	52
2982	1227	1173	54
2983	1247	1191	56
2984	1240	1212	28
2985	1232	1192	40
2986	1250	1159	91
2987	1226	1167	59
2988	1237	1179	58
2989	1223	1164	59
2990	1221	1159	62
2991	1219	1165	54
2992	1245	1171	74
2993	1248	1171	77
2994	1240	1177	63
2995	1243	1186	57
2996	1218	1196	22
2997	1242	1189	53
2998	1221	1191	30
2999	1202	1182	20
3000	1220	1171	49
3001	1237	1166	71
3002	1218	1188	30
3003	1204	1180	24
3004	1214	1170	44
3005	1230	1200	30
3006	1228	1195	33
3007	1208	1169	39
3008	1223	1182	41
3009	1235	1207	28
3010	1224	1194	30
3011	1204	1168	36
3012	1204	1173	31
3013	1224	1188	36
3014	1218	1177	41
3015	1250	1188	62
3016	1236	1185	51
3017	1233	1180	53
3018	1238	1171	67
3019	1230	1191	39
3020	1223	1201	22
3021	1203	1193	10
3022	1237	1189	48
3023	1243	1171	72
3024	1259	1178	81
3025	1249	1175	74
3026	1239	1172	67
3027	1249	1172	77
3028	1239	1192	47
3029	1239	1184	55
3030	1234	1165	69
3031	1238	1158	80
3032	1231	1169	62
3033	1220	1156	64
3034	1228	1168	60
3035	1237	1200	37
3036	1236	1211	25
3037	1255	1186	69
3038	1242	1168	74
3039	1231	1166	65
3040	1221	1177	44
3041	1225	1201	24
3042	1232	1183	49
3043	1226	1173	53
3044	1240	1172	68
3045	1225	1172	53
3046	1229	1153	76
3047	1246	1174	72
3048	1239	1185	54
3049	1238	1171	67
3050	1219	1157	62
3051	1218	1151	67
3052	1232	1170	62
3053	1226	1169	57
3054	1248	1158	90
3055	1264	1172	92
3056	1226	1165	61
3057	1220	1180	40
3058	1222	1187	35
3059	1240	1184	56
3060	1242	1187	55
3061	1257	1166	91
3062	1260	1163	97
3063	1242	1183	59
3064	1253	1185	68
3065	1258	1188	70
3066	1247	1187	60
3067	1238	1186	52
3068	1217	1169	48
3069	1220	1173	47
3070	1228	1166	62
3071	1239	1183	56
3072	1257	1180	77
3073	1235	1160	75
3074	1229	1147	82
3075	1230	1170	60
3076	1229	1168	61
3077	1238	1163	75
3078	1247	1166	81
3079	1247	1169	78
3080	1243	1190	53
3081	1243	1193	50
3082	1243	1195	48
3083	1218	1206	12
3084	1212	1191	21
3085	1245	1183	62
3086	1249	1189	60
3087	1247	1191	56
3088	1254	1203	51
3089	1245	1190	55
3090	1238	1177	61
3091	1228	1165	63
3092	1224	1173	51
3093	1206	1182	24
3094	1215	1191	24
3095	1231	1204	27
3096	1256	1198	58
3097	1263	1193	70
3098	1222	1186	36
3099	1232	1176	56
3100	1260	1189	71
3101	1260	1192	68
3102	1227	1184	43
3103	1220	1183	37
3104	1233	1194	39
3105	1238	1188	50
3106	1217	1178	39
3107	1235	1192	43
3108	1247	1191	56
3109	1231	1199	32
3110	1219	1181	38
3111	1245	1165	80
3112	1235	1170	65
3113	1222	1181	41
3114	1219	1169	50
3115	1235	1168	67
3116	1225	1179	46
3117	1254	1195	59
3118	1260	1185	75
3119	1241	1182	59
3120	1223	1173	50
3121	1228	1192	36
3122	1245	1193	52
3123	1249	1168	81
3124	1236	1160	76
3125	1221	1167	54
3126	1230	1184	46
3127	1229	1181	48
3128	1237	1183	54
3129	1251	1177	74
3130	1245	1182	63
3131	1234	1198	36
3132	1257	1179	78
3133	1261	1189	72
3134	1239	1199	40
3135	1214	1187	27
3136	1213	1190	23
3137	1223	1195	28
3138	1224	1185	39
3139	1228	1175	53
3140	1242	1201	41
3141	1248	1190	58
3142	1231	1178	53
3143	1228	1186	42
3144	1234	1180	54
3145	1231	1173	58
3146	1228	1181	47
3147	1223	1164	59
3148	1233	1163	70
3149	1241	1179	62
3150	1259	1174	85
3151	1230	1192	38
3152	1232	1191	41
3153	1241	1174	67
3154	1231	1166	65
3155	1243	1181	62
3156	1249	1189	60
3157	1241	1171	70
3158	1232	1172	60
3159	1241	1180	61
3160	1250	1175	75
3161	1242	1180	62
3162	1244	1178	66
3163	1270	1177	93
3164	1248	1179	69
3165	1236	1191	45
3166	1224	1179	45
3167	1249	1170	79
3168	1241	1168	73
3169	1250	1160	90
3170	1256	1189	67
3171	1236	1197	39
3172	1222	1170	52
3173	1238	1186	52
3174	1235	1186	49
3175	1251	1204	47
3176	1233	1190	43
3177	1233	1178	55
3178	1229	1168	61
3179	1219	1177	42
3180	1226	1183	43
3181	1241	1181	60
3182	1241	1177	64
3183	1228	1186	42
3184	1234	1194	40
3185	1244	1182	62
3186	1257	1175	82
3187	1229	1172	57
3188	1209	1156	53
3189	1230	1176	54
3190	1234	1178	56
3191	1236	1172	64
3192	1252	1171	81
3193	1245	1169	76
3194	1229	1178	51
3195	1240	1197	43
3196	1249	1193	56
3197	1261	1173	88
3198	1267	1176	91
3199	1257	1198	59
3200	1227	1185	42
3201	1242	1186	56
3202	1253	1173	80
3203	1245	1172	73
3204	1218	1178	40
3205	1247	1178	69
3206	1250	1179	71
3207	1241	1186	55
3208	1237	1169	68
3209	1236	1186	50
3210	1253	1211	42
3211	1242	1200	42
3212	1242	1183	59
3213	1233	1186	47
3214	1227	1198	29
3215	1245	1195	50
3216	1226	1171	55
3217	1214	1165	49
3218	1225	1173	52
3219	1258	1204	54
3220	1238	1175	63
3221	1230	1172	58
3222	1233	1158	75
3223	1225	1169	56
3224	1230	1170	60
3225	1258	1167	91
3226	1261	1174	87
3227	1238	1181	57
3228	1241	1191	50
3229	1236	1187	49
3230	1241	1190	51
3231	1238	1190	48
3232	1228	1177	51
3233	1246	1160	86
3234	1220	1183	37
3235	1219	1173	46
3236	1243	1176	67
3237	1241	1177	64
3238	1226	1193	33
3239	1244	1184	60
3240	1244	1151	93
3241	1230	1170	60
3242	1210	1170	40
3243	1213	1169	44
3244	1237	1173	64
3245	1245	1182	63
3246	1255	1185	70
3247	1249	1168	81
3248	1233	1172	61
3249	1222	1177	45
3250	1222	1182	40
3251	1233	1181	52
3252	1226	1185	41
3253	1257	1207	50
3254	1250	1191	59
3255	1254	1176	78
3256	1238	1170	68
3257	1237	1170	67
3258	1246	1167	79
3259	1257	1180	77
3260	1248	1189	59
3261	1234	1186	48
3262	1235	1178	57
3263	1239	1189	50
3264	1247	1189	58
3265	1244	1184	60
3266	1251	1158	93
3267	1255	1180	75
3268	1238	1176	62
3269	1235	1178	57
3270	1243	1162	81
3271	1235	1185	50
3272	1231	1203	28
3273	1247	1194	53
3274	1257	1200	57
3275	1240	1196	44
3276	1241	1165	76
3277	1245	1188	57
3278	1233	1179	54
3279	1209	1178	31
3280	1229	1166	63
3281	1242	1147	95
3282	1241	1155	86
3283	1241	1155	86
3284	1241	1182	59
3285	1225	1179	46
3286	1240	1185	55
3287	1232	1200	32
3288	1236	1199	37
3289	1230	1201	29
3290	1236	1190	46
3291	1247	1182	65
3292	1226	1186	40
3293	1227	1182	45
3294	1249	1178	71
3295	1239	1181	58
3296	1238	1175	63
3297	1239	1175	64
3298	1219	1172	47
3299	1244	1181	63
3300	1255	1196	59
3301	1252	1182	70
3302	1238	1177	61
3303	1233	1185	48
3304	1222	1177	45
3305	1216	1170	46
3306	1247	1191	56
3307	1247	1190	57
3308	1245	1187	58
3309	1224	1166	58
3310	1230	1165	65
3311	1236	1195	41
3312	1220	1177	43
3313	1223	1153	70
3314	1229	1176	53
3315	1239	1174	65
3316	1218	1175	43
3317	1217	1193	24
3318	1234	1203	31
3319	1243	1202	41
3320	1234	1192	42
3321	1225	1185	40
3322	1246	1170	76
3323	1253	1155	98
3324	1226	1153	73
3325	1251	1172	79
3326	1253	1174	79
3327	1253	1163	90
3328	1244	1175	69
3329	1224	1186	38
3330	1235	1196	39
3331	1240	1185	55
3332	1264	1181	83
3333	1238	1184	54
3334	1242	1184	58
3335	1228	1185	43
3336	1223	1183	40
3337	1241	1174	67
3338	1247	1172	75
3339	1230	1163	67
3340	1241	1179	62
3341	1228	1181	47
3342	1227	1196	31
3343	1246	1188	58
3344	1258	1185	73
3345	1268	1183	85
3346	1267	1178	89
3347	1244	1170	74
3348	1262	1180	82
3349	1250	1188	62
3350	1228	1182	46
3351	1223	1171	52
3352	1237	1180	57
3353	1243	1165	78
3354	1244	1164	80
3355	1234	1181	53
3356	1246	1165	81
3357	1259	1150	109
3358	1253	1167	86
3359	1246	1187	59
3360	1244	1203	41
3361	1248	1208	40
3362	1247	1204	43
3363	1254	1183	71
3364	1252	1165	87
3365	1243	1181	62
3366	1262	1198	64
3367	1216	1185	31
3368	1230	1188	42
3369	1251	1190	61
3370	1251	1178	73
3371	1245	1182	63
3372	1222	1163	59
3373	1219	1155	64
3374	1219	1174	45
3375	1219	1170	49
3376	1231	1180	51
3377	1233	1162	71
3378	1244	1155	89
3379	1245	1190	55
3380	1234	1192	42
3381	1244	1167	77
3382	1247	1169	78
3383	1226	1183	43
3384	1215	1180	35
3385	1233	1180	53
3386	1222	1169	53
3387	1221	1188	33
3388	1245	1201	44
3389	1231	1179	52
3390	1244	1158	86
3391	1234	1169	65
3392	1213	1177	36
3393	1237	1194	43
3394	1248	1179	69
3395	1279	1174	105
3396	1257	1177	80
3397	1251	1180	71
3398	1242	1184	58
3399	1258	1178	80
3400	1247	1175	72
3401	1247	1173	74
3402	1241	1190	51
3403	1226	1182	44
3404	1224	1195	29
3405	1231	1197	34
3406	1226	1197	29
3407	1236	1179	57
3408	1237	1180	57
3409	1256	1186	70
3410	1241	1178	63
3411	1237	1187	50
3412	1235	1197	38
3413	1238	1186	52
3414	1262	1165	97
3415	1233	1166	67
3416	1225	1188	37
3417	1224	1195	29
3418	1253	1208	45
3419	1259	1182	77
3420	1250	1164	86
3421	1248	1164	84
3422	1247	1179	68
3423	1253	1184	69
3424	1254	1182	72
3425	1254	1165	89
3426	1232	1167	65
3427	1246	1169	77
3428	1224	1161	63
3429	1233	1181	52
3430	1252	1192	60
3431	1245	1169	76
3432	1243	1165	78
3433	1252	1173	79
3434	1258	1178	80
3435	1247	1175	72
3436	1259	1179	80
3437	1239	1170	69
3438	1222	1144	78
3439	1238	1162	76
3440	1222	1155	67
3441	1210	1164	46
3442	1227	1181	46
3443	1239	1188	51
3444	1227	1173	54
3445	1227	1154	73
3446	1244	1172	72
3447	1252	1164	88
3448	1244	1163	81
3449	1231	1189	42
3450	1229	1187	42
3451	1232	1164	68
3452	1234	1141	93
3453	1222	1157	65
3454	1233	1174	59
3455	1225	1175	50
3456	1225	1190	35
3457	1238	1196	42
3458	1226	1181	45
3459	1205	1180	25
3460	1236	1183	53
3461	1262	1172	90
3462	1240	1168	72
3463	1234	1173	61
3464	1232	1169	63
3465	1235	1185	50
3466	1245	1186	59
3467	1254	1166	88
3468	1241	1151	90
3469	1265	1190	75
3470	1272	1196	76
3471	1253	1178	75
3472	1222	1158	64
3473	1225	1156	69
3474	1237	1175	62
3475	1244	1184	60
3476	1241	1185	56
3477	1251	1170	81
3478	1227	1185	42
3479	1220	1192	28
3480	1232	1182	50
3481	1238	1202	36
3482	1246	1212	34
3483	1235	1180	55
3484	1248	1164	84
3485	1242	1173	69
3486	1248	1177	71
3487	1235	1182	53
3488	1239	1197	42
3489	1235	1189	46
3490	1229	1176	53
3491	1209	1168	41
3492	1240	1180	60
3493	1250	1177	73
3494	1248	1180	68
3495	1264	1162	102
3496	1263	1158	105
3497	1251	1175	76
3498	1251	1182	69
3499	1238	1194	44
3500	1260	1194	66
3501	1250	1164	86
3502	1265	1157	108
3503	1272	1178	94
3504	1240	1183	57
3505	1241	1172	69
3506	1259	1182	77
3507	1245	1173	72
3508	1229	1154	75
3509	1246	1182	64
3510	1245	1200	45
3511	1230	1203	27
3512	1238	1173	65
3513	1245	1180	65
3514	1236	1189	47
3515	1234	1167	67
3516	1233	1155	78
3517	1239	1178	61
3518	1243	1189	54
3519	1238	1170	68
3520	1258	1152	106
3521	1251	1159	92
3522	1213	1176	37
3523	1215	1181	34
3524	1237	1195	42
3525	1242	1178	64
3526	1242	1152	90
3527	1224	1170	54
3528	1219	1198	21
3529	1232	1184	48
3530	1237	1171	66
3531	1225	1197	28
3532	1241	1206	35
3533	1250	1195	55
3534	1247	1185	62
3535	1219	1177	42
3536	1199	1180	19
3537	1222	1173	49
3538	1241	1173	68
3539	1229	1178	51
3540	1236	1183	53
3541	1238	1186	52
3542	1239	1166	73
3543	1253	1187	66
3544	1242	1185	57
3545	1220	1165	55
3546	1234	1176	58
3547	1253	1186	67
3548	1253	1177	76
3549	1254	1184	70
3550	1257	1174	83
3551	1247	1171	76
3552	1245	1193	52
3553	1260	1206	54
3554	1255	1194	61
3555	1237	1188	49
3556	1248	1199	49
3557	1238	1185	53
3558	1229	1187	42
3559	1241	1166	75
3560	1235	1173	62
3561	1238	1181	57
3562	1237	1182	55
3563	1232	1196	36
3564	1242	1192	50
3565	1242	1187	55
3566	1237	1195	42
3567	1241	1199	42
3568	1243	1180	63
3569	1226	1159	67
3570	1231	1182	49
3571	1238	1201	37
3572	1245	1175	70
3573	1254	1175	79
3574	1245	1185	60
3575	1241	1177	64
3576	1228	1185	43
3577	1238	1193	45
3578	1232	1176	56
3579	1230	1191	39
3580	1237	1188	49
3581	1226	1172	54
3582	1235	1189	46
3583	1234	1208	26
3584	1233	1185	48
3585	1224	1183	41
3586	1250	1194	56
3587	1229	1172	57
3588	1221	1158	63
3589	1229	1186	43
3590	1244	1196	48
3591	1242	1209	33
3592	1242	1194	48
3593	1236	1172	64
3594	1223	1183	40
3595	1227	1196	31
3596	1231	1192	39
3597	1232	1195	37
3598	1246	1203	43
3599	1244	1196	48
3600	1239	1201	38
3601	1253	1210	43
3602	1232	1173	59
3603	1238	1175	63
3604	1261	1186	75
3605	1237	1197	40
3606	1243	1206	37
3607	1226	1164	62
3608	1235	1167	68
3609	1250	1187	63
3610	1254	1177	77
3611	1241	1177	64
3612	1240	1180	60
3613	1230	1179	51
3614	1245	1214	31
3615	1248	1180	68
3616	1252	1161	91
3617	1251	1170	81
3618	1259	1191	68
3619	1248	1193	55
3620	1256	1187	69
3621	1270	1179	91
3622	1243	1167	76
3623	1245	1158	87
3624	1241	1156	85
3625	1228	1176	52
3626	1249	1187	62
3627	1264	1173	91
3628	1253	1173	80
3629	1261	1190	71
3630	1256	1180	76
3631	1254	1143	111
3632	1237	1163	74
3633	1230	1184	46
3634	1237	1168	69
3635	1244	1176	68
3636	1248	1183	65
3637	1242	1187	55
3638	1239	1195	44
3639	1244	1187	57
3640	1247	1180	67
3641	1251	1189	62
3642	1254	1166	88
3643	1253	1167	86
3644	1247	1165	82
3645	1245	1166	79
3646	1243	1173	70
3647	1250	1177	73
3648	1250	1168	82
