index	original	background	difference
-----------------------------------------------------
1	2304	1197	1107
2	2308	1199	1109
3	2305	1213	1092
4	2272	1206	1066
5	2257	1188	1069
6	2266	1191	1075
7	2298	1205	1093
8	2278	1216	1062
9	2270	1211	1059
10	2295	1202	1093
11	2339	1211	1128
12	2293	1211	1082
13	2305	1208	1097
14	2308	1212	1096
15	2349	1204	1145
16	2340	1205	1135
17	2354	1210	1144
18	2369	1222	1147
19	2328	1232	1096
20	2350	1229	1121
21	2336	1211	1125
22	2329	1213	1116
23	2333	1220	1113
24	2356	1223	1133
25	2353	1218	1135
26	2322	1227	1095
27	2330	1222	1108
28	2285	1218	1067
29	2305	1218	1087
30	2332	1225	1107
31	2320	1225	1095
32	2361	1221	1140
33	2348	1218	1130
34	2342	1219	1123
35	2330	1228	1102
36	2329	1227	1102
37	2342	1230	1112
38	2317	1233	1084
39	2352	1230	1122
40	2373	1226	1147
41	2347	1216	1131
42	2383	1217	1166
43	2412	1216	1196
44	2388	1225	1163
45	2375	1228	1147
46	2350	1224	1126
47	2383	1223	1160
48	2370	1229	1141
49	2385	1234	1151
50	2389	1233	1156
51	2376	1232	1144
52	2379	1232	1147
53	2389	1232	1157
54	2369	1226	1143
55	2364	1218	1146
56	2351	1221	1130
57	2415	1224	1191
58	2412	1232	1180
59	2424	1229	1195
60	2448	1219	1229
61	2458	1223	1235
62	2448	1235	1213
63	2450	1245	1205
64	2409	1235	1174
65	2395	1235	1160
66	2432	1227	1205
67	2440	1227	1213
68	2438	1226	1212
69	2448	1220	1228
70	2453	1235	1218
71	2418	1229	1189
72	2440	1230	1210
73	2443	1237	1206
74	2439	1237	1202
75	2453	1235	1218
76	2440	1229	1211
77	2463	1231	1232
78	2488	1239	1249
79	2478	1242	1236
80	2456	1241	1215
81	2477	1240	1237
82	2440	1236	1204
83	2427	1234	1193
84	2425	1232	1193
85	2469	1232	1237
86	2450	1232	1218
87	2475	1234	1241
88	2460	1235	1225
89	2487	1235	1252
90	2508	1238	1270
91	2493	1242	1251
92	2445	1244	1201
93	2447	1246	1201
94	2479	1234	1245
95	2548	1240	1308
96	2497	1246	1251
97	2457	1244	1213
98	2489	1236	1253
99	2559	1242	1317
100	2550	1243	1307
101	2572	1241	1331
102	2541	1244	1297
103	2457	1233	1224
104	2430	1232	1198
105	2436	1229	1207
106	2414	1232	1182
107	2399	1242	1157
108	2360	1239	1121
109	2319	1232	1087
110	2302	1236	1066
111	2332	1237	1095
112	2316	1234	1082
113	2411	1231	1180
114	2460	1226	1234
115	2465	1232	1233
116	2439	1234	1205
117	2418	1237	1181
118	2448	1243	1205
119	2518	1245	1273
120	2508	1238	1270
121	2538	1246	1292
122	2545	1240	1305
123	2520	1234	1286
124	2532	1241	1291
125	2523	1241	1282
126	2531	1250	1281
127	2504	1248	1256
128	2503	1237	1266
129	2573	1240	1333
130	2575	1247	1328
131	2515	1247	1268
132	2541	1244	1297
133	2582	1237	1345
134	2593	1235	1358
135	2626	1237	1389
136	2594	1240	1354
137	2585	1239	1346
138	2569	1242	1327
139	2553	1244	1309
140	2536	1237	1299
141	2561	1231	1330
142	2572	1235	1337
143	2627	1241	1386
144	2636	1235	1401
145	2608	1243	1365
146	2606	1244	1362
147	2603	1246	1357
148	2633	1245	1388
149	2619	1245	1374
150	2609	1250	1359
151	2637	1247	1390
152	2652	1239	1413
153	2641	1240	1401
154	2621	1234	1387
155	2656	1239	1417
156	2633	1231	1402
157	2654	1236	1418
158	2664	1224	1440
159	2652	1233	1419
160	2669	1237	1432
161	2651	1239	1412
162	2636	1242	1394
163	2663	1238	1425
164	2658	1244	1414
165	2674	1241	1433
166	2676	1229	1447
167	2656	1238	1418
168	2675	1241	1434
169	2710	1235	1475
170	2683	1236	1447
171	2695	1239	1456
172	2716	1245	1471
173	2706	1245	1461
174	2669	1245	1424
175	2703	1244	1459
176	2747	1237	1510
177	2717	1235	1482
178	2726	1243	1483
179	2719	1246	1473
180	2699	1249	1450
181	2702	1242	1460
182	2693	1237	1456
183	2694	1237	1457
184	2741	1240	1501
185	2732	1243	1489
186	2703	1243	1460
187	2740	1243	1497
188	2731	1235	1496
189	2759	1238	1521
190	2686	1240	1446
191	2694	1244	1450
192	2742	1242	1500
193	2763	1244	1519
194	2753	1241	1512
195	2775	1239	1536
196	2766	1244	1522
197	2771	1236	1535
198	2793	1236	1557
199	2772	1233	1539
200	2779	1237	1542
201	2834	1235	1599
202	2833	1234	1599
203	2807	1239	1568
204	2812	1234	1578
205	2814	1239	1575
206	2800	1238	1562
207	2836	1242	1594
208	2811	1243	1568
209	2814	1249	1565
210	2815	1254	1561
211	2831	1246	1585
212	2888	1243	1645
213	2871	1241	1630
214	2857	1238	1619
215	2875	1237	1638
216	2901	1237	1664
217	2924	1235	1689
218	2872	1225	1647
219	2868	1253	1615
220	2890	1250	1640
221	2894	1257	1637
222	2870	1252	1618
223	2874	1248	1626
224	2857	1242	1615
225	2870	1241	1629
226	2841	1241	1600
227	2865	1244	1621
228	2913	1241	1672
229	2930	1247	1683
230	2874	1240	1634
231	2866	1234	1632
232	2906	1241	1665
233	2922	1241	1681
234	2904	1245	1659
235	2867	1243	1624
236	2882	1245	1637
237	2947	1243	1704
238	2924	1234	1690
239	2920	1237	1683
240	2941	1238	1703
241	2942	1236	1706
242	2947	1242	1705
243	2981	1248	1733
244	2959	1247	1712
245	2955	1236	1719
246	2961	1236	1725
247	2954	1239	1715
248	2954	1235	1719
249	2968	1237	1731
250	2926	1245	1681
251	2964	1241	1723
252	2995	1239	1756
253	2983	1246	1737
254	2975	1248	1727
255	2989	1247	1742
256	3004	1238	1766
257	2985	1245	1740
258	2977	1248	1729
259	2978	1236	1742
260	2980	1242	1738
261	2962	1242	1720
262	2956	1240	1716
263	3013	1243	1770
264	3040	1239	1801
265	3068	1242	1826
266	3044	1246	1798
267	3088	1247	1841
268	3076	1239	1837
269	3068	1246	1822
270	3072	1246	1826
271	3027	1248	1779
272	3025	1247	1778
273	3039	1240	1799
274	3077	1246	1831
275	3127	1243	1884
276	3136	1237	1899
277	3096	1234	1862
278	3093	1229	1864
279	3075	1235	1840
280	3072	1240	1832
281	3059	1246	1813
282	3053	1253	1800
283	3044	1249	1795
284	3092	1242	1850
285	3095	1243	1852
286	3060	1243	1817
287	3099	1242	1857
288	3095	1246	1849
289	3112	1256	1856
290	3095	1253	1842
291	3084	1246	1838
292	3113	1236	1877
293	3129	1239	1890
294	3065	1239	1826
295	3051	1245	1806
296	3060	1256	1804
297	3097	1239	1858
298	3101	1245	1856
299	3113	1240	1873
300	3117	1237	1880
301	3105	1254	1851
302	3158	1245	1913
303	3144	1241	1903
304	3102	1234	1868
305	3170	1239	1931
306	3194	1239	1955
307	3173	1234	1939
308	3120	1235	1885
309	3080	1243	1837
310	3125	1247	1878
311	3107	1243	1864
312	3143	1241	1902
313	3152	1240	1912
314	3176	1239	1937
315	3170	1239	1931
316	3209	1235	1974
317	3200	1240	1960
318	3168	1244	1924
319	3166	1232	1934
320	3221	1236	1985
321	3199	1240	1959
322	3147	1242	1905
323	3194	1244	1950
324	3182	1241	1941
325	3156	1246	1910
326	3131	1259	1872
327	3178	1256	1922
328	3206	1250	1956
329	3221	1247	1974
330	3216	1248	1968
331	3227	1244	1983
332	3239	1251	1988
333	3217	1248	1969
334	3188	1243	1945
335	3208	1248	1960
336	3209	1243	1966
337	3232	1242	1990
338	3242	1238	2004
339	3243	1236	2007
340	3239	1238	2001
341	3238	1244	1994
342	3258	1240	2018
343	3266	1239	2027
344	3232	1240	1992
345	3227	1243	1984
346	3243	1244	1999
347	3246	1239	2007
348	3186	1239	1947
349	3203	1243	1960
350	3208	1244	1964
351	3271	1241	2030
352	3284	1232	2052
353	3249	1226	2023
354	3241	1230	2011
355	3209	1233	1976
356	3227	1241	1986
357	3258	1241	2017
358	3241	1234	2007
359	3232	1242	1990
360	3251	1239	2012
361	3277	1226	2051
362	3278	1234	2044
363	3245	1241	2004
364	3274	1233	2041
365	3337	1234	2103
366	3304	1237	2067
367	3330	1244	2086
368	3345	1232	2113
369	3314	1234	2080
370	3311	1244	2067
371	3281	1235	2046
372	3296	1240	2056
373	3322	1245	2077
374	3335	1241	2094
375	3307	1235	2072
376	3292	1238	2054
377	3323	1239	2084
378	3326	1246	2080
379	3340	1247	2093
380	3310	1239	2071
381	3357	1233	2124
382	3351	1221	2130
383	3383	1228	2155
384	3350	1239	2111
385	3363	1247	2116
386	3350	1253	2097
387	3365	1249	2116
388	3336	1235	2101
389	3302	1238	2064
390	3285	1229	2056
391	3337	1229	2108
392	3350	1240	2110
393	3358	1244	2114
394	3361	1247	2114
395	3360	1248	2112
396	3314	1239	2075
397	3340	1242	2098
398	3334	1237	2097
399	3292	1233	2059
400	3376	1234	2142
401	3363	1235	2128
402	3344	1233	2111
403	3336	1242	2094
404	3317	1238	2079
405	3410	1236	2174
406	3357	1239	2118
407	3374	1236	2138
408	3388	1234	2154
409	3358	1240	2118
410	3348	1242	2106
411	3384	1240	2144
412	3417	1240	2177
413	3361	1242	2119
414	3409	1241	2168
415	3387	1243	2144
416	3351	1242	2109
417	3343	1250	2093
418	3336	1246	2090
419	3399	1242	2157
420	3380	1243	2137
421	3368	1244	2124
422	3404	1246	2158
423	3406	1241	2165
424	3376	1240	2136
425	3357	1237	2120
426	3399	1246	2153
427	3445	1247	2198
428	3475	1238	2237
429	3454	1227	2227
430	3384	1238	2146
431	3382	1247	2135
432	3407	1245	2162
433	3441	1241	2200
434	3383	1240	2143
435	3368	1239	2129
436	3417	1242	2175
437	3461	1247	2214
438	3444	1247	2197
439	3430	1237	2193
440	3367	1240	2127
441	3407	1238	2169
442	3430	1238	2192
443	3459	1239	2220
444	3426	1239	2187
445	3457	1237	2220
446	3463	1238	2225
447	3439	1256	2183
448	3432	1242	2190
449	3436	1239	2197
450	3479	1238	2241
451	3482	1235	2247
452	3472	1234	2238
453	3487	1238	2249
454	3436	1233	2203
455	3482	1239	2243
456	3437	1240	2197
457	3442	1241	2201
458	3499	1241	2258
459	3494	1242	2252
460	3425	1241	2184
461	3449	1231	2218
462	3457	1235	2222
463	3480	1232	2248
464	3460	1238	2222
465	3474	1239	2235
466	3509	1232	2277
467	3502	1234	2268
468	3435	1223	2212
469	3527	1241	2286
470	3563	1228	2335
471	3517	1231	2286
472	3537	1236	2301
473	3593	1238	2355
474	3574	1236	2338
475	3553	1243	2310
476	3547	1234	2313
477	3506	1231	2275
478	3497	1240	2257
479	3493	1238	2255
480	3557	1238	2319
481	3544	1233	2311
482	3558	1237	2321
483	3557	1248	2309
484	3544	1247	2297
485	3550	1234	2316
486	3542	1244	2298
487	3576	1248	2328
488	3566	1249	2317
489	3573	1249	2324
490	3592	1241	2351
491	3591	1238	2353
492	3622	1235	2387
493	3625	1236	2389
494	3622	1238	2384
495	3616	1244	2372
496	3567	1240	2327
497	3575	1235	2340
498	3551	1238	2313
499	3588	1234	2354
500	3567	1231	2336
501	3546	1231	2315
502	3539	1234	2305
503	3528	1235	2293
504	3544	1241	2303
505	3581	1232	2349
506	3581	1231	2350
507	3596	1240	2356
508	3631	1240	2391
509	3581	1237	2344
510	3580	1236	2344
511	3615	1240	2375
512	3610	1243	2367
513	3591	1236	2355
514	3621	1241	2380
515	3682	1241	2441
516	3686	1239	2447
517	3711	1244	2467
518	3679	1239	2440
519	3618	1234	2384
520	3659	1237	2422
521	3726	1242	2484
522	3728	1246	2482
523	3743	1237	2506
524	3731	1237	2494
525	3768	1244	2524
526	3753	1245	2508
527	3776	1249	2527
528	3770	1244	2526
529	3758	1241	2517
530	3746	1240	2506
531	3804	1240	2564
532	3815	1238	2577
533	3835	1236	2599
534	3770	1239	2531
535	3752	1245	2507
536	3751	1256	2495
537	3826	1247	2579
538	3845	1238	2607
539	3762	1244	2518
540	3793	1246	2547
541	3803	1242	2561
542	3760	1244	2516
543	3804	1248	2556
544	3831	1249	2582
545	3849	1252	2597
546	3864	1240	2624
547	3860	1244	2616
548	3829	1238	2591
549	3829	1235	2594
550	3821	1234	2587
551	3846	1239	2607
552	3832	1239	2593
553	3838	1233	2605
554	3877	1234	2643
555	3912	1227	2685
556	3870	1231	2639
557	3866	1234	2632
558	3889	1238	2651
559	3937	1246	2691
560	3908	1238	2670
561	3891	1236	2655
562	3918	1233	2685
563	3927	1233	2694
564	3936	1238	2698
565	3917	1234	2683
566	3919	1236	2683
567	3965	1240	2725
568	3976	1234	2742
569	3924	1234	2690
570	3940	1237	2703
571	3993	1244	2749
572	3968	1241	2727
573	3984	1241	2743
574	3992	1242	2750
575	3957	1240	2717
576	3922	1236	2686
577	4015	1236	2779
578	4067	1228	2839
579	4063	1226	2837
580	4050	1235	2815
581	4043	1246	2797
582	4031	1242	2789
583	4089	1241	2848
584	4107	1239	2868
585	4112	1239	2873
586	4107	1236	2871
587	4085	1233	2852
588	4089	1236	2853
589	4140	1241	2899
590	4152	1240	2912
591	4155	1226	2929
592	4117	1230	2887
593	4132	1241	2891
594	4070	1232	2838
595	4060	1239	2821
596	4117	1247	2870
597	4149	1240	2909
598	4130	1233	2897
599	4159	1227	2932
600	4182	1241	2941
601	4202	1245	2957
602	4151	1237	2914
603	4152	1240	2912
604	4188	1241	2947
605	4212	1243	2969
606	4163	1247	2916
607	4166	1233	2933
608	4207	1232	2975
609	4195	1234	2961
610	4204	1235	2969
611	4241	1243	2998
612	4175	1240	2935
613	4257	1244	3013
614	4269	1245	3024
615	4273	1241	3032
616	4267	1233	3034
617	4270	1234	3036
618	4253	1249	3004
619	4245	1259	2986
620	4258	1253	3005
621	4293	1245	3048
622	4321	1237	3084
623	4311	1233	3078
624	4305	1238	3067
625	4284	1245	3039
626	4244	1248	2996
627	4307	1255	3052
628	4319	1249	3070
629	4315	1243	3072
630	4304	1250	3054
631	4327	1246	3081
632	4282	1237	3045
633	4289	1247	3042
634	4341	1250	3091
635	4397	1251	3146
636	4383	1249	3134
637	4372	1235	3137
638	4374	1250	3124
639	4426	1256	3170
640	4368	1242	3126
641	4385	1239	3146
642	4400	1244	3156
643	4385	1245	3140
644	4417	1244	3173
645	4457	1245	3212
646	4374	1244	3130
647	4353	1239	3114
648	4407	1242	3165
649	4435	1239	3196
650	4424	1237	3187
651	4335	1239	3096
652	4359	1237	3122
653	4441	1242	3199
654	4451	1234	3217
655	4439	1236	3203
656	4473	1237	3236
657	4507	1227	3280
658	4444	1228	3216
659	4518	1239	3279
660	4584	1235	3349
661	4521	1233	3288
662	4508	1234	3274
663	4530	1240	3290
664	4468	1233	3235
665	4453	1239	3214
666	4495	1232	3263
667	4500	1231	3269
668	4453	1235	3218
669	4489	1231	3258
670	4537	1240	3297
671	4523	1248	3275
672	4539	1242	3297
673	4536	1244	3292
674	4537	1239	3298
675	4558	1226	3332
676	4553	1224	3329
677	4566	1232	3334
678	4517	1229	3288
679	4484	1224	3260
680	4524	1237	3287
681	4582	1250	3332
682	4602	1245	3357
683	4606	1237	3369
684	4532	1236	3296
685	4579	1245	3334
686	4607	1251	3356
687	4632	1245	3387
688	4602	1246	3356
689	4608	1245	3363
690	4630	1239	3391
691	4617	1234	3383
692	4509	1244	3265
693	4580	1239	3341
694	4598	1242	3356
695	4567	1250	3317
696	4598	1243	3355
697	4576	1243	3333
698	4616	1234	3382
699	4598	1238	3360
700	4620	1243	3377
701	4577	1242	3335
702	4614	1253	3361
703	4623	1249	3374
704	4626	1240	3386
705	4647	1237	3410
706	4581	1240	3341
707	4613	1243	3370
708	4636	1238	3398
709	4603	1242	3361
710	4632	1240	3392
711	4635	1245	3390
712	4638	1253	3385
713	4665	1248	3417
714	4642	1241	3401
715	4620	1239	3381
716	4669	1245	3424
717	4727	1238	3489
718	4653	1215	3438
719	4669	1250	3419
720	4687	1239	3448
721	4722	1234	3488
722	4709	1239	3470
723	4628	1242	3386
724	4643	1239	3404
725	4673	1237	3436
726	4683	1245	3438
727	4713	1248	3465
728	4748	1242	3506
729	4698	1237	3461
730	4691	1247	3444
731	4704	1249	3455
732	4679	1244	3435
733	4692	1240	3452
734	4636	1237	3399
735	4661	1237	3424
736	4730	1234	3496
737	4734	1232	3502
738	4709	1240	3469
739	4632	1240	3392
740	4628	1240	3388
741	4653	1233	3420
742	4681	1239	3442
743	4758	1242	3516
744	4764	1234	3530
745	4731	1232	3499
746	4632	1235	3397
747	4627	1244	3383
748	4681	1239	3442
749	4687	1231	3456
750	4666	1230	3436
751	4709	1223	3486
752	4750	1220	3530
753	4728	1229	3499
754	4666	1236	3430
755	4629	1231	3398
756	4701	1238	3463
757	4675	1240	3435
758	4656	1236	3420
759	4665	1233	3432
760	4672	1227	3445
761	4669	1233	3436
762	4692	1247	3445
763	4748	1237	3511
764	4705	1233	3472
765	4709	1239	3470
766	4700	1242	3458
767	4716	1236	3480
768	4702	1239	3463
769	4719	1236	3483
770	4690	1241	3449
771	4710	1239	3471
772	4702	1240	3462
773	4647	1232	3415
774	4629	1239	3390
775	4728	1237	3491
776	4683	1231	3452
777	4664	1238	3426
778	4672	1246	3426
779	4688	1242	3446
780	4672	1234	3438
781	4744	1232	3512
782	4721	1241	3480
783	4661	1242	3419
784	4692	1233	3459
785	4655	1238	3417
786	4637	1238	3399
787	4666	1237	3429
788	4718	1239	3479
789	4723	1234	3489
790	4682	1230	3452
791	4714	1234	3480
792	4734	1249	3485
793	4712	1248	3464
794	4630	1244	3386
795	4639	1240	3399
796	4710	1240	3470
797	4727	1240	3487
798	4695	1235	3460
799	4651	1238	3413
800	4635	1233	3402
801	4703	1237	3466
802	4714	1236	3478
803	4703	1238	3465
804	4669	1238	3431
805	4692	1240	3452
806	4716	1238	3478
807	4712	1226	3486
808	4693	1232	3461
809	4691	1233	3458
810	4691	1228	3463
811	4706	1233	3473
812	4657	1236	3421
813	4628	1240	3388
814	4673	1243	3430
815	4721	1250	3471
816	4644	1242	3402
817	4642	1237	3405
818	4574	1232	3342
819	4639	1238	3401
820	4671	1243	3428
821	4680	1249	3431
822	4667	1243	3424
823	4717	1245	3472
824	4731	1243	3488
825	4715	1249	3466
826	4696	1251	3445
827	4700	1244	3456
828	4693	1243	3450
829	4719	1245	3474
830	4712	1240	3472
831	4721	1237	3484
832	4708	1237	3471
833	4722	1237	3485
834	4686	1241	3445
835	4638	1252	3386
836	4695	1247	3448
837	4724	1234	3490
838	4698	1234	3464
839	4755	1241	3514
840	4734	1241	3493
841	4716	1238	3478
842	4665	1241	3424
843	4680	1239	3441
844	4682	1236	3446
845	4685	1230	3455
846	4700	1240	3460
847	4684	1237	3447
848	4757	1240	3517
849	4801	1237	3564
850	4708	1244	3464
851	4754	1234	3520
852	4761	1236	3525
853	4730	1245	3485
854	4757	1240	3517
855	4705	1238	3467
856	4681	1238	3443
857	4690	1240	3450
858	4681	1242	3439
859	4678	1233	3445
860	4708	1237	3471
861	4685	1244	3441
862	4668	1239	3429
863	4641	1234	3407
864	4633	1237	3396
865	4680	1239	3441
866	4738	1227	3511
867	4748	1235	3513
868	4752	1236	3516
869	4735	1237	3498
870	4757	1244	3513
871	4772	1241	3531
872	4704	1239	3465
873	4687	1233	3454
874	4755	1232	3523
875	4744	1243	3501
876	4710	1246	3464
877	4723	1235	3488
878	4686	1238	3448
879	4753	1246	3507
880	4779	1249	3530
881	4748	1256	3492
882	4732	1244	3488
883	4774	1243	3531
884	4776	1238	3538
885	4737	1238	3499
886	4773	1244	3529
887	4793	1253	3540
888	4749	1256	3493
889	4750	1243	3507
890	4738	1243	3495
891	4781	1242	3539
892	4756	1237	3519
893	4721	1235	3486
894	4706	1235	3471
895	4774	1245	3529
896	4820	1240	3580
897	4796	1237	3559
898	4758	1239	3519
899	4795	1237	3558
900	4805	1232	3573
901	4783	1233	3550
902	4777	1238	3539
903	4764	1235	3529
904	4790	1226	3564
905	4831	1234	3597
906	4838	1241	3597
907	4780	1239	3541
908	4766	1232	3534
909	4867	1237	3630
910	4849	1245	3604
911	4830	1245	3585
912	4872	1237	3635
913	4865	1240	3625
914	4863	1238	3625
915	4909	1238	3671
916	4894	1243	3651
917	4927	1244	3683
918	4915	1240	3675
919	4911	1236	3675
920	4939	1233	3706
921	4914	1243	3671
922	4854	1235	3619
923	4909	1221	3688
924	4935	1237	3698
925	4945	1242	3703
926	4906	1237	3669
927	4895	1245	3650
928	4886	1243	3643
929	4889	1231	3658
930	4883	1234	3649
931	4896	1247	3649
932	4905	1250	3655
933	4959	1246	3713
934	4957	1234	3723
935	4942	1236	3706
936	4920	1245	3675
937	4926	1244	3682
938	4953	1244	3709
939	4954	1246	3708
940	4992	1250	3742
941	5033	1245	3788
942	5015	1248	3767
943	4998	1250	3748
944	4965	1241	3724
945	4969	1240	3729
946	4971	1236	3735
947	5032	1227	3805
948	5085	1233	3852
949	5005	1237	3768
950	4979	1236	3743
951	5073	1245	3828
952	5033	1242	3791
953	5071	1243	3828
954	5105	1243	3862
955	5060	1231	3829
956	5077	1240	3837
957	5137	1244	3893
958	5115	1243	3872
959	5085	1240	3845
960	5118	1244	3874
961	5131	1253	3878
962	5137	1249	3888
963	5158	1247	3911
964	5094	1244	3850
965	5050	1234	3816
966	5107	1235	3872
967	5128	1235	3893
968	5041	1231	3810
969	5082	1251	3831
970	5177	1237	3940
971	5206	1231	3975
972	5187	1241	3946
973	5183	1251	3932
974	5222	1252	3970
975	5239	1240	3999
976	5245	1239	4006
977	5212	1246	3966
978	5199	1245	3954
979	5190	1236	3954
980	5222	1232	3990
981	5268	1238	4030
982	5254	1232	4022
983	5248	1251	3997
984	5301	1250	4051
985	5326	1242	4084
986	5307	1246	4061
987	5265	1250	4015
988	5268	1244	4024
989	5277	1244	4033
990	5262	1250	4012
991	5272	1244	4028
992	5228	1238	3990
993	5245	1235	4010
994	5271	1238	4033
995	5262	1238	4024
996	5290	1238	4052
997	5318	1234	4084
998	5278	1232	4046
999	5304	1238	4066
1000	5368	1246	4122
1001	5347	1252	4095
1002	5343	1239	4104
1003	5361	1238	4123
1004	5360	1245	4115
1005	5390	1235	4155
1006	5377	1237	4140
1007	5406	1250	4156
1008	5419	1245	4174
1009	5438	1243	4195
1010	5456	1242	4214
1011	5449	1239	4210
1012	5469	1249	4220
1013	5453	1248	4205
1014	5448	1241	4207
1015	5532	1233	4299
1016	5517	1233	4284
1017	5472	1239	4233
1018	5479	1244	4235
1019	5475	1245	4230
1020	5520	1242	4278
1021	5529	1244	4285
1022	5527	1245	4282
1023	5572	1237	4335
1024	5523	1244	4279
1025	5535	1242	4293
1026	5564	1238	4326
1027	5587	1236	4351
1028	5538	1239	4299
1029	5568	1238	4330
1030	5532	1243	4289
1031	5531	1238	4293
1032	5571	1240	4331
1033	5562	1240	4322
1034	5570	1236	4334
1035	5608	1238	4370
1036	5634	1240	4394
1037	5638	1240	4398
1038	5655	1236	4419
1039	5673	1235	4438
1040	5665	1239	4426
1041	5724	1246	4478
1042	5676	1243	4433
1043	5564	1239	4325
1044	5578	1232	4346
1045	5665	1240	4425
1046	5725	1237	4488
1047	5705	1238	4467
1048	5676	1242	4434
1049	5700	1238	4462
1050	5720	1231	4489
1051	5766	1240	4526
1052	5765	1244	4521
1053	5786	1239	4547
1054	5818	1242	4576
1055	5805	1238	4567
1056	5784	1239	4545
1057	5748	1243	4505
1058	5663	1237	4426
1059	5727	1236	4491
1060	5766	1240	4526
1061	5775	1241	4534
1062	5762	1249	4513
1063	5769	1245	4524
1064	5751	1242	4509
1065	5817	1246	4571
1066	5857	1242	4615
1067	5847	1231	4616
1068	5843	1232	4611
1069	5831	1242	4589
1070	5880	1238	4642
1071	5854	1243	4611
1072	5844	1241	4603
1073	5817	1235	4582
1074	5805	1234	4571
1075	5785	1242	4543
1076	5834	1243	4591
1077	5846	1239	4607
1078	5884	1235	4649
1079	5817	1237	4580
1080	5785	1244	4541
1081	5882	1246	4636
1082	5962	1241	4721
1083	5926	1237	4689
1084	5906	1243	4663
1085	5859	1243	4616
1086	5912	1238	4674
1087	5906	1242	4664
1088	5916	1239	4677
1089	5899	1242	4657
1090	5873	1239	4634
1091	5913	1234	4679
1092	5914	1235	4679
1093	5922	1229	4693
1094	5942	1229	4713
1095	5997	1232	4765
1096	5997	1237	4760
1097	5972	1247	4725
1098	5946	1243	4703
1099	5947	1247	4700
1100	5993	1233	4760
1101	5934	1228	4706
1102	5944	1233	4711
1103	5969	1234	4735
1104	5984	1228	4756
1105	6007	1234	4773
1106	6052	1229	4823
1107	6050	1230	4820
1108	6020	1239	4781
1109	5987	1250	4737
1110	6040	1241	4799
1111	6054	1243	4811
1112	6044	1240	4804
1113	6051	1232	4819
1114	6039	1239	4800
1115	5999	1240	4759
1116	5998	1245	4753
1117	6057	1240	4817
1118	6044	1250	4794
1119	6068	1250	4818
1120	6087	1237	4850
1121	6026	1244	4782
1122	6024	1243	4781
1123	6021	1250	4771
1124	6042	1243	4799
1125	6074	1243	4831
1126	6043	1253	4790
1127	6132	1245	4887
1128	6035	1242	4793
1129	6064	1240	4824
1130	6094	1234	4860
1131	6054	1240	4814
1132	6064	1247	4817
1133	6090	1241	4849
1134	6124	1232	4892
1135	6106	1231	4875
1136	6035	1243	4792
1137	6061	1247	4814
1138	6105	1242	4863
1139	6071	1241	4830
1140	6087	1240	4847
1141	6061	1249	4812
1142	6065	1243	4822
1143	6180	1235	4945
1144	6184	1238	4946
1145	6170	1242	4928
1146	6188	1245	4943
1147	6164	1246	4918
1148	6134	1238	4896
1149	6158	1236	4922
1150	6143	1244	4899
1151	6115	1241	4874
1152	6091	1241	4850
1153	6066	1243	4823
1154	6122	1252	4870
1155	6186	1234	4952
1156	6133	1242	4891
1157	6098	1249	4849
1158	6168	1244	4924
1159	6237	1246	4991
1160	6169	1230	4939
1161	6174	1233	4941
1162	6157	1239	4918
1163	6164	1229	4935
1164	6205	1225	4980
1165	6129	1243	4886
1166	6095	1248	4847
1167	6121	1246	4875
1168	6119	1247	4872
1169	6148	1251	4897
1170	6118	1242	4876
1171	6145	1242	4903
1172	6076	1251	4825
1173	6090	1242	4848
1174	6204	1235	4969
1175	6158	1241	4917
1176	6117	1238	4879
1177	6179	1238	4941
1178	6212	1234	4978
1179	6197	1240	4957
1180	6187	1248	4939
1181	6164	1247	4917
1182	6147	1246	4901
1183	6142	1252	4890
1184	6163	1247	4916
1185	6183	1241	4942
1186	6152	1237	4915
1187	6164	1241	4923
1188	6180	1247	4933
1189	6128	1247	4881
1190	6102	1238	4864
1191	6104	1239	4865
1192	6058	1230	4828
1193	6059	1231	4828
1194	6095	1234	4861
1195	6086	1243	4843
1196	6102	1246	4856
1197	6141	1245	4896
1198	6163	1247	4916
1199	6088	1246	4842
1200	6100	1244	4856
1201	6128	1239	4889
1202	6185	1237	4948
1203	6149	1235	4914
1204	6142	1240	4902
1205	6142	1246	4896
1206	6110	1240	4870
1207	6058	1233	4825
1208	6034	1235	4799
1209	6084	1236	4848
1210	6080	1230	4850
1211	6116	1234	4882
1212	6053	1236	4817
1213	6049	1234	4815
1214	6079	1241	4838
1215	6083	1251	4832
1216	6059	1239	4820
1217	6135	1235	4900
1218	6079	1217	4862
1219	6061	1247	4814
1220	6117	1244	4873
1221	6102	1241	4861
1222	6051	1234	4817
1223	6054	1240	4814
1224	6031	1242	4789
1225	5989	1238	4751
1226	5994	1231	4763
1227	6009	1233	4776
1228	6061	1230	4831
1229	6071	1239	4832
1230	6010	1236	4774
1231	6031	1236	4795
1232	6026	1237	4789
1233	6031	1248	4783
1234	6015	1240	4775
1235	6090	1243	4847
1236	6027	1241	4786
1237	5948	1236	4712
1238	5989	1243	4746
1239	5967	1241	4726
1240	5953	1240	4713
1241	5970	1242	4728
1242	6026	1232	4794
1243	5932	1225	4707
1244	5882	1237	4645
1245	5979	1244	4735
1246	6011	1243	4768
1247	5974	1238	4736
1248	5939	1234	4705
1249	5930	1239	4691
1250	5850	1239	4611
1251	5852	1238	4614
1252	5858	1238	4620
1253	5898	1230	4668
1254	5897	1234	4663
1255	5874	1240	4634
1256	5914	1245	4669
1257	5871	1250	4621
1258	5908	1237	4671
1259	5895	1241	4654
1260	5865	1237	4628
1261	5928	1235	4693
1262	5872	1239	4633
1263	5862	1237	4625
1264	5857	1247	4610
1265	5867	1234	4633
1266	5834	1236	4598
1267	5831	1249	4582
1268	5821	1247	4574
1269	5802	1246	4556
1270	5795	1240	4555
1271	5830	1254	4576
1272	5825	1256	4569
1273	5775	1246	4529
1274	5788	1235	4553
1275	5796	1240	4556
1276	5719	1252	4467
1277	5753	1249	4504
1278	5796	1241	4555
1279	5813	1246	4567
1280	5818	1242	4576
1281	5746	1233	4513
1282	5754	1230	4524
1283	5765	1245	4520
1284	5756	1244	4512
1285	5769	1236	4533
1286	5760	1238	4522
1287	5757	1245	4512
1288	5732	1245	4487
1289	5720	1236	4484
1290	5695	1239	4456
1291	5733	1242	4491
1292	5746	1241	4505
1293	5653	1247	4406
1294	5621	1237	4384
1295	5660	1238	4422
1296	5699	1234	4465
1297	5706	1239	4467
1298	5635	1234	4401
1299	5601	1228	4373
1300	5609	1227	4382
1301	5575	1239	4336
1302	5583	1238	4345
1303	5639	1233	4406
1304	5605	1238	4367
1305	5599	1241	4358
1306	5590	1234	4356
1307	5613	1236	4377
1308	5563	1248	4315
1309	5531	1246	4285
1310	5460	1253	4207
1311	5473	1256	4217
1312	5442	1246	4196
1313	5464	1237	4227
1314	5549	1241	4308
1315	5541	1223	4318
1316	5463	1231	4232
1317	5391	1245	4146
1318	5371	1241	4130
1319	5424	1239	4185
1320	5452	1240	4212
1321	5410	1241	4169
1322	5376	1240	4136
1323	5317	1249	4068
1324	5343	1251	4092
1325	5373	1239	4134
1326	5381	1243	4138
1327	5335	1254	4081
1328	5327	1239	4088
1329	5357	1240	4117
1330	5311	1245	4066
1331	5283	1241	4042
1332	5291	1248	4043
1333	5285	1240	4045
1334	5235	1242	3993
1335	5212	1247	3965
1336	5207	1243	3964
1337	5209	1227	3982
1338	5252	1233	4019
1339	5203	1240	3963
1340	5229	1235	3994
1341	5248	1234	4014
1342	5262	1232	4030
1343	5196	1232	3964
1344	5100	1236	3864
1345	5041	1228	3813
1346	5115	1229	3886
1347	5175	1249	3926
1348	5175	1252	3923
1349	5160	1243	3917
1350	5066	1243	3823
1351	5033	1226	3807
1352	5053	1228	3825
1353	5093	1222	3871
1354	5097	1221	3876
1355	5105	1233	3872
1356	5103	1237	3866
1357	5081	1238	3843
1358	5016	1237	3779
1359	4981	1242	3739
1360	4987	1244	3743
1361	5021	1246	3775
1362	4972	1243	3729
1363	4949	1236	3713
1364	4941	1240	3701
1365	4874	1247	3627
1366	4918	1239	3679
1367	4847	1235	3612
1368	4806	1246	3560
1369	4875	1241	3634
1370	4848	1226	3622
1371	4866	1238	3628
1372	4843	1244	3599
1373	4860	1242	3618
1374	4810	1242	3568
1375	4718	1232	3486
1376	4768	1237	3531
1377	4791	1244	3547
1378	4748	1237	3511
1379	4706	1241	3465
1380	4777	1242	3535
1381	4759	1238	3521
1382	4643	1237	3406
1383	4694	1248	3446
1384	4653	1252	3401
1385	4639	1244	3395
1386	4642	1230	3412
1387	4666	1223	3443
1388	4607	1236	3371
1389	4580	1247	3333
1390	4642	1246	3396
1391	4585	1236	3349
1392	4582	1233	3349
1393	4560	1239	3321
1394	4532	1241	3291
1395	4508	1239	3269
1396	4462	1238	3224
1397	4446	1233	3213
1398	4548	1235	3313
1399	4503	1235	3268
1400	4464	1240	3224
1401	4456	1238	3218
1402	4437	1238	3199
1403	4456	1237	3219
1404	4460	1237	3223
1405	4427	1235	3192
1406	4427	1235	3192
1407	4374	1234	3140
1408	4383	1234	3149
1409	4390	1242	3148
1410	4338	1243	3095
1411	4287	1240	3047
1412	4241	1245	2996
1413	4276	1246	3030
1414	4388	1240	3148
1415	4363	1244	3119
1416	4271	1243	3028
1417	4323	1237	3086
1418	4339	1233	3106
1419	4277	1244	3033
1420	4235	1241	2994
1421	4279	1233	3046
1422	4274	1243	3031
1423	4210	1249	2961
1424	4188	1252	2936
1425	4231	1244	2987
1426	4196	1242	2954
1427	4150	1240	2910
1428	4185	1247	2938
1429	4222	1246	2976
1430	4165	1239	2926
1431	4112	1236	2876
1432	4110	1239	2871
1433	4098	1242	2856
1434	4098	1246	2852
1435	4132	1245	2887
1436	4073	1240	2833
1437	4070	1237	2833
1438	4068	1243	2825
1439	4132	1242	2890
1440	4092	1246	2846
1441	4060	1248	2812
1442	4083	1242	2841
1443	4021	1230	2791
1444	3987	1228	2759
1445	3965	1237	2728
1446	3956	1236	2720
1447	4009	1238	2771
1448	4028	1239	2789
1449	3985	1236	2749
1450	3957	1225	2732
1451	3957	1242	2715
1452	3922	1242	2680
1453	3909	1237	2672
1454	3885	1242	2643
1455	3892	1237	2655
1456	3838	1239	2599
1457	3882	1246	2636
1458	3869	1241	2628
1459	3873	1240	2633
1460	3885	1246	2639
1461	3884	1248	2636
1462	3853	1241	2612
1463	3891	1236	2655
1464	3820	1236	2584
1465	3841	1244	2597
1466	3814	1236	2578
1467	3782	1228	2554
1468	3760	1224	2536
1469	3818	1257	2561
1470	3797	1243	2554
1471	3752	1237	2515
1472	3749	1240	2509
1473	3802	1231	2571
1474	3784	1235	2549
1475	3748	1243	2505
1476	3745	1241	2504
1477	3750	1241	2509
1478	3718	1242	2476
1479	3729	1242	2487
1480	3727	1243	2484
1481	3697	1245	2452
1482	3670	1242	2428
1483	3659	1234	2425
1484	3681	1231	2450
1485	3707	1234	2473
1486	3652	1235	2417
1487	3673	1237	2436
1488	3685	1243	2442
1489	3660	1235	2425
1490	3595	1241	2354
1491	3637	1246	2391
1492	3643	1245	2398
1493	3605	1248	2357
1494	3582	1238	2344
1495	3561	1234	2327
1496	3580	1231	2349
1497	3585	1235	2350
1498	3587	1243	2344
1499	3535	1242	2293
1500	3513	1236	2277
1501	3536	1228	2308
1502	3599	1237	2362
1503	3591	1247	2344
1504	3580	1251	2329
1505	3542	1239	2303
1506	3514	1244	2270
1507	3524	1241	2283
1508	3518	1237	2281
1509	3484	1239	2245
1510	3464	1246	2218
1511	3471	1239	2232
1512	3454	1238	2216
1513	3431	1240	2191
1514	3452	1232	2220
1515	3482	1237	2245
1516	3469	1244	2225
1517	3470	1243	2227
1518	3475	1240	2235
1519	3443	1250	2193
1520	3434	1244	2190
1521	3443	1235	2208
1522	3448	1243	2205
1523	3442	1245	2197
1524	3419	1252	2167
1525	3494	1242	2252
1526	3465	1233	2232
1527	3403	1237	2166
1528	3414	1246	2168
1529	3406	1247	2159
1530	3340	1242	2098
1531	3375	1245	2130
1532	3371	1236	2135
1533	3325	1238	2087
1534	3366	1236	2130
1535	3335	1236	2099
1536	3321	1225	2096
1537	3350	1231	2119
1538	3349	1243	2106
1539	3402	1240	2162
1540	3393	1231	2162
1541	3388	1236	2152
1542	3379	1244	2135
1543	3399	1238	2161
1544	3325	1239	2086
1545	3259	1237	2022
1546	3320	1225	2095
1547	3300	1231	2069
1548	3268	1239	2029
1549	3284	1244	2040
1550	3316	1259	2057
1551	3332	1251	2081
1552	3306	1246	2060
1553	3285	1249	2036
1554	3296	1245	2051
1555	3282	1236	2046
1556	3261	1245	2016
1557	3219	1247	1972
1558	3213	1252	1961
1559	3245	1239	2006
1560	3270	1233	2037
1561	3280	1232	2048
1562	3229	1236	1993
1563	3219	1251	1968
1564	3264	1245	2019
1565	3219	1246	1973
1566	3180	1248	1932
1567	3173	1248	1925
1568	3221	1244	1977
1569	3232	1237	1995
1570	3214	1235	1979
1571	3226	1240	1986
1572	3245	1239	2006
1573	3218	1239	1979
1574	3179	1248	1931
1575	3195	1242	1953
1576	3195	1241	1954
1577	3201	1231	1970
1578	3226	1228	1998
1579	3209	1234	1975
1580	3181	1239	1942
1581	3176	1243	1933
1582	3145	1239	1906
1583	3138	1234	1904
1584	3145	1235	1910
1585	3124	1243	1881
1586	3101	1245	1856
1587	3115	1239	1876
1588	3155	1228	1927
1589	3156	1239	1917
1590	3116	1239	1877
1591	3127	1240	1887
1592	3076	1240	1836
1593	3068	1241	1827
1594	3100	1237	1863
1595	3122	1228	1894
1596	3112	1238	1874
1597	3112	1245	1867
1598	3145	1234	1911
1599	3120	1240	1880
1600	3120	1237	1883
1601	3160	1243	1917
1602	3129	1234	1895
1603	3114	1239	1875
1604	3061	1238	1823
1605	3068	1229	1839
1606	3054	1230	1824
1607	3034	1231	1803
1608	3052	1244	1808
1609	3054	1244	1810
1610	3037	1241	1796
1611	3032	1239	1793
1612	3067	1244	1823
1613	3103	1245	1858
1614	3081	1250	1831
1615	3065	1244	1821
1616	3050	1234	1816
1617	3036	1241	1795
1618	3057	1248	1809
1619	3042	1235	1807
1620	2997	1242	1755
1621	2982	1244	1738
1622	2983	1243	1740
1623	2987	1243	1744
1624	2990	1230	1760
1625	3009	1234	1775
1626	2977	1236	1741
1627	3005	1241	1764
1628	2991	1237	1754
1629	2992	1233	1759
1630	2966	1229	1737
1631	2974	1234	1740
1632	3007	1234	1773
1633	2988	1237	1751
1634	2962	1233	1729
1635	2992	1239	1753
1636	2943	1241	1702
1637	2959	1248	1711
1638	2983	1244	1739
1639	2984	1233	1751
1640	2948	1245	1703
1641	2925	1246	1679
1642	2934	1246	1688
1643	2978	1243	1735
1644	2961	1228	1733
1645	2948	1234	1714
1646	2945	1234	1711
1647	2979	1231	1748
1648	2942	1236	1706
1649	2889	1240	1649
1650	2901	1245	1656
1651	2940	1245	1695
1652	2922	1229	1693
1653	2946	1253	1693
1654	2923	1246	1677
1655	2915	1244	1671
1656	2928	1243	1685
1657	2913	1246	1667
1658	2880	1248	1632
1659	2888	1251	1637
1660	2913	1238	1675
1661	2934	1239	1695
1662	2913	1240	1673
1663	2929	1237	1692
1664	2946	1248	1698
1665	2944	1253	1691
1666	2874	1261	1613
1667	2914	1249	1665
1668	2906	1236	1670
1669	2920	1240	1680
1670	2912	1239	1673
1671	2928	1239	1689
1672	2943	1237	1706
1673	2926	1243	1683
1674	2885	1232	1653
1675	2894	1235	1659
1676	2882	1237	1645
1677	2892	1243	1649
1678	2930	1240	1690
1679	2909	1232	1677
1680	2859	1243	1616
1681	2924	1237	1687
1682	2890	1236	1654
1683	2861	1243	1618
1684	2895	1244	1651
1685	2930	1249	1681
1686	2891	1252	1639
1687	2891	1242	1649
1688	2852	1236	1616
1689	2832	1233	1599
1690	2839	1234	1605
1691	2860	1245	1615
1692	2856	1247	1609
1693	2828	1240	1588
1694	2842	1237	1605
1695	2861	1235	1626
1696	2868	1235	1633
1697	2862	1241	1621
1698	2827	1244	1583
1699	2806	1243	1563
1700	2821	1236	1585
1701	2855	1238	1617
1702	2847	1240	1607
1703	2839	1239	1600
1704	2816	1240	1576
1705	2801	1238	1563
1706	2767	1245	1522
1707	2816	1237	1579
1708	2826	1235	1591
1709	2792	1238	1554
1710	2766	1232	1534
1711	2772	1241	1531
1712	2818	1245	1573
1713	2818	1233	1585
1714	2786	1232	1554
1715	2743	1236	1507
1716	2766	1232	1534
1717	2776	1234	1542
1718	2753	1225	1528
1719	2811	1254	1557
1720	2802	1235	1567
1721	2820	1236	1584
1722	2776	1245	1531
1723	2766	1253	1513
1724	2755	1246	1509
1725	2745	1239	1506
1726	2750	1235	1515
1727	2716	1234	1482
1728	2758	1240	1518
1729	2717	1251	1466
1730	2708	1238	1470
1731	2708	1239	1469
1732	2709	1240	1469
1733	2730	1239	1491
1734	2742	1239	1503
1735	2744	1239	1505
1736	2721	1232	1489
1737	2702	1241	1461
1738	2702	1242	1460
1739	2721	1233	1488
1740	2715	1237	1478
1741	2756	1241	1515
1742	2749	1243	1506
1743	2708	1233	1475
1744	2668	1234	1434
1745	2667	1241	1426
1746	2709	1238	1471
1747	2694	1226	1468
1748	2684	1226	1458
1749	2627	1236	1391
1750	2637	1237	1400
1751	2640	1233	1407
1752	2623	1241	1382
1753	2665	1250	1415
1754	2662	1244	1418
1755	2667	1224	1443
1756	2631	1222	1409
1757	2650	1233	1417
1758	2650	1246	1404
1759	2666	1242	1424
1760	2651	1251	1400
1761	2665	1250	1415
1762	2629	1237	1392
1763	2636	1244	1392
1764	2661	1248	1413
1765	2626	1245	1381
1766	2606	1241	1365
1767	2591	1236	1355
1768	2602	1238	1364
1769	2607	1238	1369
1770	2647	1237	1410
1771	2601	1239	1362
1772	2582	1245	1337
1773	2597	1241	1356
1774	2595	1257	1338
1775	2606	1248	1358
1776	2593	1237	1356
1777	2604	1238	1366
1778	2590	1236	1354
1779	2553	1250	1303
1780	2560	1244	1316
1781	2569	1236	1333
1782	2607	1244	1363
1783	2618	1231	1387
1784	2563	1228	1335
1785	2534	1240	1294
1786	2550	1242	1308
1787	2560	1243	1317
1788	2535	1246	1289
1789	2518	1240	1278
1790	2512	1242	1270
1791	2526	1241	1285
1792	2547	1245	1302
1793	2519	1240	1279
1794	2505	1238	1267
1795	2521	1237	1284
1796	2471	1238	1233
1797	2509	1239	1270
1798	2484	1238	1246
1799	2470	1238	1232
1800	2468	1237	1231
1801	2502	1236	1266
1802	2519	1234	1285
1803	2491	1241	1250
1804	2503	1240	1263
1805	2486	1234	1252
1806	2427	1245	1182
1807	2447	1248	1199
1808	2420	1246	1174
1809	2448	1243	1205
1810	2441	1243	1198
1811	2456	1238	1218
1812	2449	1233	1216
1813	2471	1236	1235
1814	2466	1240	1226
1815	2437	1236	1201
1816	2413	1239	1174
1817	2397	1245	1152
1818	2396	1241	1155
1819	2387	1242	1145
1820	2396	1239	1157
1821	2401	1239	1162
1822	2424	1243	1181
1823	2421	1242	1179
1824	2377	1231	1146
1825	2350	1232	1118
1826	2387	1236	1151
1827	2391	1239	1152
1828	2335	1244	1091
1829	2335	1240	1095
1830	2347	1231	1116
1831	2367	1231	1136
1832	2353	1240	1113
1833	2336	1240	1096
1834	2327	1237	1090
1835	2307	1228	1079
1836	2301	1231	1070
1837	2324	1242	1082
1838	2330	1244	1086
1839	2295	1229	1066
1840	2307	1237	1070
1841	2339	1251	1088
1842	2337	1247	1090
1843	2285	1241	1044
1844	2260	1239	1021
1845	2310	1244	1066
1846	2289	1238	1051
1847	2278	1237	1041
1848	2284	1235	1049
1849	2264	1240	1024
1850	2259	1235	1024
1851	2286	1224	1062
1852	2258	1235	1023
1853	2265	1248	1017
1854	2267	1244	1023
1855	2252	1238	1014
1856	2242	1239	1003
1857	2268	1240	1028
1858	2247	1235	1012
1859	2228	1233	995
1860	2209	1244	965
1861	2266	1232	1034
1862	2286	1238	1048
1863	2229	1239	990
1864	2192	1230	962
1865	2204	1235	969
1866	2223	1239	984
1867	2225	1247	978
1868	2215	1240	975
1869	2195	1237	958
1870	2205	1238	967
1871	2177	1237	940
1872	2167	1235	932
1873	2169	1240	929
1874	2190	1244	946
1875	2171	1250	921
1876	2153	1238	915
1877	2128	1240	888
1878	2157	1239	918
1879	2166	1244	922
1880	2119	1245	874
1881	2095	1243	852
1882	2072	1241	831
1883	2063	1239	824
1884	2057	1236	821
1885	2058	1233	825
1886	2061	1237	824
1887	2066	1240	826
1888	2040	1247	793
1889	2026	1234	792
1890	2022	1237	785
1891	2000	1249	751
1892	2006	1247	759
1893	1991	1237	754
1894	1986	1234	752
1895	1948	1240	708
1896	1954	1231	723
1897	1948	1239	709
1898	1940	1242	698
1899	1934	1231	703
1900	1915	1242	673
1901	1923	1249	674
1902	1901	1241	660
1903	1887	1247	640
1904	1883	1243	640
1905	1884	1243	641
1906	1877	1238	639
1907	1889	1234	655
1908	1899	1240	659
1909	1907	1243	664
1910	1895	1246	649
1911	1888	1237	651
1912	1885	1235	650
1913	1904	1234	670
1914	1926	1238	688
1915	1924	1230	694
1916	1897	1240	657
1917	1896	1243	653
1918	1911	1248	663
1919	1900	1242	658
1920	1895	1238	657
1921	1917	1243	674
1922	1934	1242	692
1923	1923	1242	681
1924	1889	1236	653
1925	1879	1242	637
1926	1910	1252	658
1927	1900	1251	649
1928	1913	1247	666
1929	1920	1240	680
1930	1917	1246	671
1931	1928	1244	684
1932	1901	1238	663
1933	1896	1241	655
1934	1874	1237	637
1935	1894	1248	646
1936	1889	1249	640
1937	1912	1238	674
1938	1911	1244	667
1939	1897	1247	650
1940	1880	1245	635
1941	1896	1241	655
1942	1876	1231	645
1943	1899	1232	667
1944	1890	1243	647
1945	1856	1235	621
1946	1841	1224	617
1947	1834	1236	598
1948	1840	1229	611
1949	1880	1231	649
1950	1834	1244	590
1951	1810	1241	569
1952	1836	1225	611
1953	1830	1239	591
1954	1824	1243	581
1955	1814	1237	577
1956	1861	1236	625
1957	1853	1240	613
1958	1833	1234	599
1959	1833	1239	594
1960	1830	1248	582
1961	1811	1246	565
1962	1787	1236	551
1963	1813	1232	581
1964	1803	1232	571
1965	1776	1238	538
1966	1778	1241	537
1967	1752	1230	522
1968	1738	1220	518
1969	1801	1246	555
1970	1752	1224	528
1971	1749	1225	524
1972	1740	1233	507
1973	1745	1235	510
1974	1735	1234	501
1975	1739	1246	493
1976	1736	1246	490
1977	1772	1239	533
1978	1735	1239	496
1979	1724	1237	487
1980	1738	1237	501
1981	1726	1243	483
1982	1694	1246	448
1983	1724	1240	484
1984	1706	1235	471
1985	1679	1232	447
1986	1672	1235	437
1987	1668	1238	430
1988	1683	1242	441
1989	1712	1234	478
1990	1686	1240	446
1991	1693	1241	452
1992	1710	1238	472
1993	1700	1231	469
1994	1665	1233	432
1995	1642	1242	400
1996	1659	1238	421
1997	1672	1232	440
1998	1630	1240	390
1999	1642	1243	399
2000	1666	1243	423
2001	1673	1248	425
2002	1641	1242	399
2003	1648	1239	409
2004	1652	1240	412
2005	1623	1243	380
2006	1617	1252	365
2007	1647	1249	398
2008	1661	1235	426
2009	1634	1239	395
2010	1611	1248	363
2011	1633	1243	390
2012	1650	1249	401
2013	1653	1248	405
2014	1618	1239	379
2015	1595	1238	357
2016	1598	1233	365
2017	1630	1238	392
2018	1598	1235	363
2019	1604	1232	372
2020	1580	1240	340
2021	1593	1236	357
2022	1591	1245	346
2023	1581	1241	340
2024	1580	1227	353
2025	1588	1233	355
2026	1591	1252	339
2027	1587	1244	343
2028	1575	1249	326
2029	1567	1247	320
2030	1563	1235	328
2031	1555	1239	316
2032	1566	1250	316
2033	1561	1251	310
2034	1533	1242	291
2035	1536	1233	303
2036	1523	1241	282
2037	1532	1247	285
2038	1558	1240	318
2039	1538	1243	295
2040	1525	1236	289
2041	1530	1232	298
2042	1524	1234	290
2043	1553	1241	312
2044	1540	1247	293
2045	1532	1244	288
2046	1518	1234	284
2047	1512	1238	274
2048	1505	1241	264
2049	1513	1238	275
2050	1520	1248	272
2051	1529	1240	289
2052	1520	1239	281
2053	1521	1247	274
2054	1534	1240	294
2055	1514	1233	281
2056	1484	1238	246
2057	1478	1238	240
2058	1491	1238	253
2059	1484	1245	239
2060	1470	1250	220
2061	1460	1242	218
2062	1472	1251	221
2063	1462	1255	207
2064	1465	1255	210
2065	1511	1252	259
2066	1484	1247	237
2067	1482	1247	235
2068	1483	1249	234
2069	1496	1251	245
2070	1481	1242	239
2071	1478	1233	245
2072	1470	1238	232
2073	1469	1249	220
2074	1455	1242	213
2075	1436	1238	198
2076	1452	1250	202
2077	1464	1249	215
2078	1476	1236	240
2079	1460	1242	218
2080	1430	1247	183
2081	1433	1235	198
2082	1450	1224	226
2083	1435	1237	198
2084	1434	1249	185
2085	1449	1244	205
2086	1441	1243	198
2087	1436	1237	199
2088	1413	1235	178
2089	1422	1242	180
2090	1420	1253	167
2091	1420	1246	174
2092	1420	1235	185
2093	1441	1243	198
2094	1425	1244	181
2095	1412	1231	181
2096	1414	1235	179
2097	1399	1245	154
2098	1388	1244	144
2099	1417	1243	174
2100	1416	1237	179
2101	1395	1236	159
2102	1380	1240	140
2103	1412	1240	172
2104	1396	1242	154
2105	1395	1247	148
2106	1412	1239	173
2107	1409	1238	171
2108	1401	1234	167
2109	1409	1236	173
2110	1370	1244	126
2111	1378	1245	133
2112	1408	1239	169
2113	1387	1232	155
2114	1378	1236	142
2115	1372	1238	134
2116	1393	1246	147
2117	1381	1239	142
2118	1347	1222	125
2119	1345	1229	116
2120	1370	1238	132
2121	1380	1244	136
2122	1351	1249	102
2123	1377	1247	130
2124	1386	1243	143
2125	1363	1241	122
2126	1348	1235	113
2127	1365	1241	124
2128	1339	1251	88
2129	1336	1249	87
2130	1360	1246	114
2131	1337	1239	98
2132	1318	1230	88
2133	1334	1232	102
2134	1346	1233	113
2135	1350	1245	105
2136	1343	1251	92
2137	1357	1241	116
2138	1346	1238	108
2139	1352	1235	117
2140	1338	1236	102
2141	1344	1233	111
2142	1351	1250	101
2143	1369	1247	122
2144	1349	1242	107
2145	1326	1242	84
2146	1353	1237	116
2147	1355	1242	113
2148	1346	1232	114
2149	1336	1229	107
2150	1324	1241	83
2151	1338	1244	94
2152	1327	1242	85
2153	1337	1242	95
2154	1336	1242	94
2155	1337	1236	101
2156	1319	1231	88
2157	1325	1241	84
2158	1320	1235	85
2159	1313	1235	78
2160	1288	1240	48
2161	1318	1241	77
2162	1311	1234	77
2163	1295	1238	57
2164	1304	1242	62
2165	1329	1246	83
2166	1318	1245	73
2167	1303	1241	62
2168	1279	1241	38
2169	1304	1234	70
2170	1292	1234	58
2171	1304	1250	54
2172	1316	1243	73
2173	1323	1234	89
2174	1292	1236	56
2175	1290	1230	60
2176	1295	1235	60
2177	1303	1234	69
2178	1285	1235	50
2179	1288	1234	54
2180	1308	1240	68
2181	1308	1240	68
2182	1301	1247	54
2183	1315	1238	77
2184	1304	1243	61
2185	1305	1241	64
2186	1296	1230	66
2187	1300	1236	64
2188	1302	1243	59
2189	1295	1239	56
2190	1277	1237	40
2191	1284	1233	51
2192	1302	1233	69
2193	1293	1241	52
2194	1277	1247	30
2195	1293	1244	49
2196	1289	1240	49
2197	1279	1243	36
2198	1279	1244	35
2199	1273	1243	30
2200	1259	1238	21
2201	1267	1238	29
2202	1262	1244	18
2203	1271	1233	38
2204	1272	1230	42
2205	1265	1241	24
2206	1293	1243	50
2207	1312	1248	64
2208	1286	1245	41
2209	1271	1236	35
2210	1270	1240	30
2211	1257	1233	24
2212	1239	1228	11
2213	1258	1234	24
2214	1310	1228	82
2215	1310	1241	69
2216	1263	1250	13
2217	1276	1244	32
2218	1255	1225	30
2219	1266	1252	14
2220	1267	1246	21
2221	1291	1243	48
2222	1272	1245	27
2223	1265	1243	22
2224	1259	1245	14
2225	1266	1237	29
2226	1261	1241	20
2227	1290	1244	46
2228	1287	1239	48
2229	1279	1240	39
2230	1280	1238	42
2231	1288	1237	51
2232	1288	1240	48
2233	1309	1242	67
2234	1272	1241	31
2235	1270	1235	35
2236	1277	1235	42
2237	1282	1240	42
2238	1283	1239	44
2239	1270	1239	31
2240	1267	1239	28
2241	1264	1234	30
2242	1268	1236	32
2243	1261	1239	22
2244	1269	1245	24
2245	1278	1243	35
2246	1259	1242	17
2247	1281	1245	36
2248	1265	1238	27
2249	1264	1235	29
2250	1269	1232	37
2251	1267	1229	38
2252	1277	1241	36
2253	1278	1239	39
2254	1263	1237	26
2255	1262	1252	10
2256	1267	1245	22
2257	1255	1235	20
2258	1266	1241	25
2259	1271	1245	26
2260	1271	1239	32
2261	1274	1242	32
2262	1267	1250	17
2263	1267	1241	26
2264	1278	1237	41
2265	1249	1239	10
2266	1237	1235	2
2267	1265	1237	28
2268	1270	1241	29
2269	1268	1245	23
2270	1272	1247	25
2271	1259	1242	17
2272	1249	1237	12
2273	1264	1239	25
2274	1254	1243	11
2275	1262	1244	18
2276	1270	1236	34
2277	1274	1233	41
2278	1269	1239	30
2279	1274	1246	28
2280	1275	1246	29
2281	1265	1246	19
2282	1253	1243	10
2283	1265	1237	28
2284	1271	1246	25
2285	1284	1243	41
2286	1293	1243	50
2287	1297	1243	54
2288	1275	1244	31
2289	1263	1248	15
2290	1245	1248	-3
2291	1256	1245	11
2292	1257	1253	4
2293	1256	1249	7
2294	1254	1244	10
2295	1278	1251	27
2296	1288	1246	42
2297	1288	1240	48
2298	1273	1237	36
2299	1264	1242	22
2300	1256	1252	4
2301	1259	1253	6
2302	1246	1245	1
2303	1256	1248	8
2304	1263	1245	18
2305	1273	1239	34
2306	1240	1237	3
2307	1246	1242	4
2308	1265	1240	25
2309	1272	1234	38
2310	1263	1242	21
2311	1258	1245	13
2312	1256	1237	19
2313	1270	1231	39
2314	1281	1247	34
2315	1265	1249	16
2316	1254	1234	20
2317	1248	1232	16
2318	1239	1236	3
2319	1240	1240	0
2320	1249	1241	8
2321	1287	1236	51
2322	1279	1232	47
2323	1248	1239	9
2324	1245	1237	8
2325	1273	1244	29
2326	1277	1246	31
2327	1251	1241	10
2328	1244	1250	-6
2329	1247	1253	-6
2330	1238	1247	-9
2331	1235	1241	-6
2332	1268	1237	31
2333	1279	1233	46
2334	1254	1242	12
2335	1249	1238	11
2336	1266	1240	26
2337	1269	1240	29
2338	1246	1240	6
2339	1257	1245	12
2340	1254	1237	17
2341	1269	1238	31
2342	1261	1239	22
2343	1267	1235	32
2344	1243	1244	-1
2345	1262	1244	18
2346	1291	1243	48
2347	1267	1237	30
2348	1246	1238	8
2349	1254	1230	24
2350	1261	1232	29
2351	1284	1236	48
2352	1248	1240	8
2353	1251	1241	10
2354	1266	1242	24
2355	1271	1238	33
2356	1256	1240	16
2357	1267	1235	32
2358	1284	1233	51
2359	1285	1225	60
2360	1266	1237	29
2361	1281	1241	40
2362	1278	1236	42
2363	1278	1237	41
2364	1263	1247	16
2365	1253	1239	14
2366	1270	1236	34
2367	1284	1236	48
2368	1279	1248	31
2369	1260	1245	15
2370	1266	1236	30
2371	1280	1240	40
2372	1278	1239	39
2373	1269	1241	28
2374	1259	1240	19
2375	1258	1241	17
2376	1259	1240	19
2377	1269	1234	35
2378	1283	1246	37
2379	1262	1246	16
2380	1242	1250	-8
2381	1250	1241	9
2382	1242	1238	4
2383	1265	1243	22
2384	1256	1237	19
2385	1242	1235	7
2386	1245	1238	7
2387	1253	1238	15
2388	1247	1249	-2
2389	1248	1250	-2
2390	1248	1239	9
2391	1261	1230	31
2392	1246	1231	15
2393	1258	1239	19
2394	1249	1241	8
2395	1243	1244	-1
2396	1241	1238	3
2397	1278	1233	45
2398	1284	1232	52
2399	1279	1236	43
2400	1265	1230	35
2401	1256	1232	24
2402	1231	1241	-10
2403	1250	1243	7
2404	1273	1247	26
2405	1254	1239	15
2406	1239	1238	1
2407	1261	1241	20
2408	1255	1238	17
2409	1259	1232	27
2410	1252	1232	20
2411	1261	1243	18
2412	1265	1244	21
2413	1305	1242	63
2414	1266	1241	25
2415	1252	1239	13
2416	1270	1230	40
2417	1252	1245	7
2418	1242	1246	-4
2419	1263	1245	18
2420	1283	1242	41
2421	1266	1239	27
2422	1258	1239	19
2423	1279	1236	43
2424	1260	1244	16
2425	1225	1248	-23
2426	1229	1236	-7
2427	1262	1239	23
2428	1265	1236	29
2429	1260	1235	25
2430	1262	1234	28
2431	1282	1235	47
2432	1266	1238	28
2433	1262	1235	27
2434	1258	1234	24
2435	1281	1240	41
2436	1278	1242	36
2437	1258	1248	10
2438	1256	1235	21
2439	1256	1233	23
2440	1267	1239	28
2441	1277	1239	38
2442	1255	1230	25
2443	1268	1228	40
2444	1269	1232	37
2445	1270	1235	35
2446	1285	1237	48
2447	1291	1246	45
2448	1272	1252	20
2449	1256	1235	21
2450	1245	1242	3
2451	1255	1240	15
2452	1257	1237	20
2453	1272	1236	36
2454	1250	1240	10
2455	1270	1243	27
2456	1270	1245	25
2457	1256	1248	8
2458	1260	1251	9
2459	1257	1247	10
2460	1256	1248	8
2461	1278	1248	30
2462	1278	1242	36
2463	1278	1239	39
2464	1265	1241	24
2465	1267	1245	22
2466	1267	1242	25
2467	1279	1238	41
2468	1252	1228	24
2469	1292	1253	39
2470	1283	1245	38
2471	1273	1252	21
2472	1258	1255	3
2473	1262	1253	9
2474	1276	1242	34
2475	1250	1238	12
2476	1245	1236	9
2477	1264	1232	32
2478	1282	1242	40
2479	1289	1250	39
2480	1264	1250	14
2481	1265	1249	16
2482	1279	1243	36
2483	1267	1241	26
2484	1262	1233	29
2485	1277	1229	48
2486	1258	1241	17
2487	1277	1239	38
2488	1274	1231	43
2489	1250	1243	7
2490	1261	1241	20
2491	1266	1239	27
2492	1256	1239	17
2493	1250	1237	13
2494	1238	1245	-7
2495	1253	1244	9
2496	1259	1240	19
2497	1263	1239	24
2498	1267	1244	23
2499	1265	1245	20
2500	1246	1252	-6
2501	1253	1241	12
2502	1244	1241	3
2503	1250	1240	10
2504	1251	1242	9
2505	1251	1242	9
2506	1243	1241	2
2507	1259	1233	26
2508	1248	1235	13
2509	1261	1240	21
2510	1280	1237	43
2511	1265	1246	19
2512	1265	1250	15
2513	1268	1237	31
2514	1254	1230	24
2515	1269	1237	32
2516	1267	1242	25
2517	1259	1250	9
2518	1274	1247	27
2519	1281	1241	40
2520	1254	1236	18
2521	1259	1238	21
2522	1258	1243	15
2523	1273	1235	38
2524	1260	1235	25
2525	1258	1246	12
2526	1277	1246	31
2527	1273	1240	33
2528	1262	1242	20
2529	1262	1240	22
2530	1263	1237	26
2531	1239	1239	0
2532	1238	1238	0
2533	1279	1232	47
2534	1275	1237	38
2535	1277	1254	23
2536	1261	1241	20
2537	1266	1232	34
2538	1258	1239	19
2539	1263	1240	23
2540	1269	1246	23
2541	1280	1252	28
2542	1283	1250	33
2543	1281	1241	40
2544	1268	1235	33
2545	1257	1243	14
2546	1266	1252	14
2547	1279	1238	41
2548	1287	1235	52
2549	1285	1242	43
2550	1259	1239	20
2551	1269	1239	30
2552	1261	1240	21
2553	1259	1243	16
2554	1253	1236	17
2555	1274	1241	33
2556	1270	1244	26
2557	1272	1248	24
2558	1274	1238	36
2559	1286	1237	49
2560	1262	1236	26
2561	1274	1244	30
2562	1268	1243	25
2563	1260	1246	14
2564	1256	1253	3
2565	1264	1246	18
2566	1256	1241	15
2567	1283	1240	43
2568	1281	1236	45
2569	1270	1238	32
2570	1265	1240	25
2571	1264	1239	25
2572	1251	1231	20
2573	1257	1230	27
2574	1257	1236	21
2575	1251	1246	5
2576	1262	1249	13
2577	1277	1245	32
2578	1250	1240	10
2579	1273	1233	40
2580	1277	1235	42
2581	1279	1238	41
2582	1274	1242	32
2583	1269	1243	26
2584	1261	1233	28
2585	1259	1238	21
2586	1249	1240	9
2587	1271	1227	44
2588	1261	1233	28
2589	1256	1242	14
2590	1268	1241	27
2591	1258	1235	23
2592	1254	1236	18
2593	1265	1242	23
2594	1260	1242	18
2595	1276	1242	34
2596	1274	1247	27
2597	1250	1244	6
2598	1250	1245	5
2599	1272	1251	21
2600	1264	1241	23
2601	1280	1238	42
2602	1287	1239	48
2603	1270	1236	34
2604	1236	1226	10
2605	1237	1231	6
2606	1260	1235	25
2607	1263	1244	19
2608	1251	1250	1
2609	1254	1248	6
2610	1249	1241	8
2611	1269	1241	28
2612	1287	1241	46
2613	1259	1245	14
2614	1261	1237	24
2615	1282	1229	53
2616	1236	1224	12
2617	1249	1228	21
2618	1273	1226	47
2619	1256	1232	24
2620	1233	1242	-9
2621	1265	1243	22
2622	1251	1243	8
2623	1238	1237	1
2624	1260	1229	31
2625	1267	1233	34
2626	1281	1230	51
2627	1282	1239	43
2628	1289	1240	49
2629	1266	1245	21
2630	1255	1249	6
2631	1267	1243	24
2632	1267	1239	28
2633	1268	1242	26
2634	1257	1241	16
2635	1250	1230	20
2636	1254	1226	28
2637	1249	1231	18
2638	1279	1244	35
2639	1283	1242	41
2640	1271	1238	33
2641	1291	1233	58
2642	1282	1232	50
2643	1263	1226	37
2644	1259	1241	18
2645	1275	1239	36
2646	1264	1243	21
2647	1260	1242	18
2648	1264	1237	27
2649	1254	1236	18
2650	1248	1236	12
2651	1256	1240	16
2652	1248	1237	11
2653	1245	1243	2
2654	1262	1236	26
2655	1280	1238	42
2656	1270	1238	32
2657	1280	1235	45
2658	1260	1238	22
2659	1269	1240	29
2660	1260	1241	19
2661	1280	1248	32
2662	1271	1240	31
2663	1272	1238	34
2664	1263	1233	30
2665	1281	1230	51
2666	1267	1227	40
2667	1251	1235	16
2668	1250	1236	14
2669	1262	1230	32
2670	1252	1239	13
2671	1265	1241	24
2672	1270	1232	38
2673	1254	1237	17
2674	1248	1241	7
2675	1264	1243	21
2676	1245	1237	8
2677	1235	1231	4
2678	1254	1230	24
2679	1287	1242	45
2680	1276	1241	35
2681	1286	1246	40
2682	1277	1243	34
2683	1259	1230	29
2684	1256	1241	15
2685	1268	1237	31
2686	1261	1240	21
2687	1254	1250	4
2688	1244	1236	8
2689	1270	1232	38
2690	1262	1236	26
2691	1272	1228	44
2692	1283	1227	56
2693	1271	1237	34
2694	1290	1253	37
2695	1278	1251	27
2696	1267	1236	31
2697	1273	1237	36
2698	1277	1240	37
2699	1277	1242	35
2700	1250	1237	13
2701	1270	1225	45
2702	1281	1233	48
2703	1258	1250	8
2704	1255	1243	12
2705	1279	1238	41
2706	1275	1245	30
2707	1281	1243	38
2708	1256	1241	15
2709	1255	1233	22
2710	1258	1239	19
2711	1264	1252	12
2712	1272	1244	28
2713	1283	1239	44
2714	1293	1238	55
2715	1274	1240	34
2716	1252	1240	12
2717	1282	1234	48
2718	1254	1215	39
2719	1269	1241	28
2720	1249	1242	7
2721	1263	1243	20
2722	1263	1245	18
2723	1267	1241	26
2724	1252	1240	12
2725	1265	1241	24
2726	1249	1235	14
2727	1247	1229	18
2728	1269	1236	33
2729	1280	1238	42
2730	1261	1237	24
2731	1259	1237	22
2732	1280	1234	46
2733	1293	1246	47
2734	1270	1241	29
2735	1268	1235	33
2736	1280	1233	47
2737	1289	1233	56
2738	1278	1237	41
2739	1294	1233	61
2740	1269	1231	38
2741	1264	1243	21
2742	1285	1234	51
2743	1284	1234	50
2744	1273	1244	29
2745	1251	1236	15
2746	1258	1243	15
2747	1265	1247	18
2748	1259	1241	18
2749	1259	1238	21
2750	1260	1232	28
2751	1268	1235	33
2752	1263	1233	30
2753	1257	1243	14
2754	1276	1254	22
2755	1273	1247	26
2756	1262	1239	23
2757	1266	1235	31
2758	1261	1231	30
2759	1260	1233	27
2760	1265	1234	31
2761	1245	1230	15
2762	1237	1233	4
2763	1264	1237	27
2764	1265	1227	38
2765	1278	1234	44
2766	1269	1245	24
2767	1253	1244	9
2768	1245	1240	5
2769	1252	1248	4
2770	1260	1242	18
2771	1270	1237	33
2772	1274	1245	29
2773	1264	1239	25
2774	1267	1240	27
2775	1262	1237	25
2776	1252	1235	17
2777	1288	1230	58
2778	1272	1234	38
2779	1280	1237	43
2780	1270	1233	37
2781	1263	1237	26
2782	1261	1239	22
2783	1269	1241	28
2784	1285	1232	53
2785	1285	1236	49
2786	1275	1236	39
2787	1265	1238	27
2788	1260	1232	28
2789	1254	1236	18
2790	1247	1240	7
2791	1268	1246	22
2792	1281	1246	35
2793	1298	1246	52
2794	1278	1251	27
2795	1276	1251	25
2796	1275	1235	40
2797	1286	1240	46
2798	1262	1244	18
2799	1248	1235	13
2800	1229	1240	-11
2801	1256	1240	16
2802	1266	1235	31
2803	1281	1241	40
2804	1263	1234	29
2805	1293	1240	53
2806	1285	1250	35
2807	1275	1248	27
2808	1262	1239	23
2809	1258	1234	24
2810	1261	1250	11
2811	1261	1242	19
2812	1281	1233	48
2813	1266	1240	26
2814	1255	1242	13
2815	1276	1247	29
2816	1280	1247	33
2817	1261	1245	16
2818	1259	1239	20
2819	1268	1245	23
2820	1262	1245	17
2821	1277	1242	35
2822	1280	1233	47
2823	1272	1227	45
2824	1245	1239	6
2825	1243	1243	0
2826	1271	1247	24
2827	1278	1244	34
2828	1271	1242	29
2829	1275	1241	34
2830	1266	1246	20
2831	1263	1236	27
2832	1274	1242	32
2833	1268	1242	26
2834	1287	1239	48
2835	1288	1247	41
2836	1279	1239	40
2837	1284	1242	42
2838	1285	1245	40
2839	1270	1248	22
2840	1257	1242	15
2841	1256	1238	18
2842	1255	1234	21
2843	1258	1235	23
2844	1281	1236	45
2845	1269	1240	29
2846	1262	1245	17
2847	1260	1240	20
2848	1263	1232	31
2849	1280	1229	51
2850	1266	1243	23
2851	1265	1243	22
2852	1277	1244	33
2853	1287	1244	43
2854	1241	1235	6
2855	1248	1240	8
2856	1271	1237	34
2857	1259	1234	25
2858	1246	1236	10
2859	1272	1236	36
2860	1269	1243	26
2861	1266	1259	7
2862	1276	1238	38
2863	1289	1233	56
2864	1277	1239	38
2865	1281	1242	39
2866	1268	1244	24
2867	1269	1244	25
2868	1262	1245	17
2869	1267	1239	28
2870	1265	1240	25
2871	1258	1237	21
2872	1269	1237	32
2873	1274	1245	29
2874	1276	1238	38
2875	1272	1237	35
2876	1254	1246	8
2877	1241	1242	-1
2878	1262	1241	21
2879	1293	1249	44
2880	1263	1243	20
2881	1261	1242	19
2882	1263	1250	13
2883	1276	1254	22
2884	1263	1247	16
2885	1252	1229	23
2886	1271	1233	38
2887	1297	1240	57
2888	1259	1241	18
2889	1283	1237	46
2890	1276	1238	38
2891	1250	1233	17
2892	1261	1229	32
2893	1268	1237	31
2894	1269	1237	32
2895	1263	1232	31
2896	1246	1239	7
2897	1254	1236	18
2898	1259	1234	25
2899	1269	1237	32
2900	1278	1228	50
2901	1258	1235	23
2902	1252	1239	13
2903	1278	1244	34
2904	1263	1244	19
2905	1269	1249	20
2906	1276	1250	26
2907	1268	1238	30
2908	1254	1249	5
2909	1253	1244	9
2910	1240	1239	1
2911	1267	1240	27
2912	1259	1241	18
2913	1272	1240	32
2914	1269	1245	24
2915	1257	1248	9
2916	1267	1245	22
2917	1264	1240	24
2918	1266	1238	28
2919	1278	1239	39
2920	1288	1243	45
2921	1289	1239	50
2922	1274	1242	32
2923	1268	1244	24
2924	1280	1240	40
2925	1287	1242	45
2926	1278	1244	34
2927	1267	1232	35
2928	1261	1232	29
2929	1263	1238	25
2930	1257	1247	10
2931	1259	1243	16
2932	1250	1233	17
2933	1258	1233	25
2934	1263	1232	31
2935	1280	1230	50
2936	1276	1241	35
2937	1278	1240	38
2938	1288	1237	51
2939	1287	1239	48
2940	1239	1240	-1
2941	1260	1245	15
2942	1282	1245	37
2943	1284	1244	40
2944	1291	1241	50
2945	1290	1238	52
2946	1272	1244	28
2947	1275	1247	28
2948	1293	1243	50
2949	1286	1237	49
2950	1254	1239	15
2951	1278	1233	45
2952	1281	1230	51
2953	1269	1238	31
2954	1284	1241	43
2955	1265	1234	31
2956	1247	1232	15
2957	1259	1242	17
2958	1268	1243	25
2959	1255	1241	14
2960	1236	1246	-10
2961	1250	1250	0
2962	1250	1239	11
2963	1249	1247	2
2964	1258	1254	4
2965	1264	1241	23
2966	1257	1236	21
2967	1263	1233	30
2968	1267	1222	45
2969	1278	1251	27
2970	1264	1249	15
2971	1282	1257	25
2972	1257	1251	6
2973	1274	1239	35
2974	1297	1233	64
2975	1290	1237	53
2976	1270	1243	27
2977	1270	1241	29
2978	1254	1235	19
2979	1263	1242	21
2980	1281	1243	38
2981	1288	1243	45
2982	1271	1240	31
2983	1268	1244	24
2984	1274	1245	29
2985	1276	1239	37
2986	1271	1245	26
2987	1256	1247	9
2988	1260	1247	13
2989	1278	1248	30
2990	1265	1240	25
2991	1268	1234	34
2992	1251	1246	5
2993	1265	1242	23
2994	1261	1230	31
2995	1281	1231	50
2996	1279	1242	37
2997	1284	1251	33
2998	1278	1252	26
2999	1271	1247	24
3000	1265	1244	21
3001	1255	1240	15
3002	1242	1233	9
3003	1249	1248	1
3004	1278	1250	28
3005	1270	1243	27
3006	1265	1250	15
3007	1267	1245	22
3008	1271	1243	28
3009	1258	1237	21
3010	1270	1241	29
3011	1241	1240	1
3012	1229	1236	-7
3013	1254	1242	12
3014	1260	1242	18
3015	1268	1243	25
3016	1273	1228	45
3017	1272	1223	49
3018	1280	1235	45
3019	1281	1240	41
3020	1259	1236	23
3021	1266	1246	20
3022	1259	1244	15
3023	1259	1245	14
3024	1274	1250	24
3025	1285	1242	43
3026	1274	1246	28
3027	1281	1240	41
3028	1278	1236	42
3029	1281	1238	43
3030	1249	1238	11
3031	1250	1233	17
3032	1258	1230	28
3033	1271	1238	33
3034	1264	1236	28
3035	1271	1240	31
3036	1303	1239	64
3037	1281	1232	49
3038	1245	1229	16
3039	1261	1242	19
3040	1274	1238	36
3041	1263	1228	35
3042	1268	1236	32
3043	1268	1247	21
3044	1265	1239	26
3045	1281	1240	41
3046	1248	1241	7
3047	1255	1235	20
3048	1271	1228	43
3049	1269	1229	40
3050	1281	1235	46
3051	1279	1234	45
3052	1280	1237	43
3053	1284	1229	55
3054	1273	1232	41
3055	1291	1234	57
3056	1275	1239	36
3057	1265	1245	20
3058	1257	1247	10
3059	1261	1240	21
3060	1266	1250	16
3061	1268	1244	24
3062	1250	1238	12
3063	1266	1242	24
3064	1291	1240	51
3065	1293	1235	58
3066	1283	1236	47
3067	1266	1242	24
3068	1259	1249	10
3069	1260	1246	14
3070	1246	1234	12
3071	1272	1232	40
3072	1276	1228	48
3073	1278	1234	44
3074	1269	1237	32
3075	1269	1242	27
3076	1243	1241	2
3077	1256	1242	14
3078	1271	1239	32
3079	1258	1241	17
3080	1254	1235	19
3081	1262	1241	21
3082	1248	1236	12
3083	1252	1236	16
3084	1260	1231	29
3085	1306	1231	75
3086	1291	1234	57
3087	1271	1244	27
3088	1271	1242	29
3089	1270	1242	28
3090	1260	1239	21
3091	1257	1237	20
3092	1267	1243	24
3093	1254	1238	16
3094	1246	1233	13
3095	1269	1233	36
3096	1282	1239	43
3097	1285	1245	40
3098	1285	1246	39
3099	1285	1248	37
3100	1253	1235	18
3101	1242	1236	6
3102	1259	1246	13
3103	1286	1246	40
3104	1263	1237	26
3105	1274	1241	33
3106	1271	1245	26
3107	1261	1242	19
3108	1250	1242	8
3109	1245	1248	-3
3110	1249	1239	10
3111	1281	1230	51
3112	1266	1235	31
3113	1254	1241	13
3114	1228	1239	-11
3115	1261	1244	17
3116	1283	1249	34
3117	1280	1231	49
3118	1264	1227	37
3119	1267	1241	26
3120	1271	1243	28
3121	1279	1249	30
3122	1261	1241	20
3123	1262	1235	27
3124	1270	1243	27
3125	1248	1246	2
3126	1257	1229	28
3127	1289	1226	63
3128	1273	1245	28
3129	1283	1250	33
3130	1271	1248	23
3131	1260	1245	15
3132	1259	1237	22
3133	1265	1240	25
3134	1256	1235	21
3135	1266	1236	30
3136	1258	1239	19
3137	1276	1240	36
3138	1258	1241	17
3139	1251	1245	6
3140	1250	1231	19
3141	1278	1232	46
3142	1272	1246	26
3143	1287	1233	54
3144	1268	1232	36
3145	1268	1247	21
3146	1260	1239	21
3147	1261	1239	22
3148	1233	1244	-11
3149	1264	1241	23
3150	1283	1245	38
3151	1265	1241	24
3152	1264	1234	30
3153	1260	1241	19
3154	1242	1247	-5
3155	1261	1239	22
3156	1263	1235	28
3157	1268	1239	29
3158	1262	1233	29
3159	1276	1229	47
3160	1259	1235	24
3161	1260	1244	16
3162	1253	1250	3
3163	1277	1244	33
3164	1279	1234	45
3165	1272	1232	40
3166	1258	1243	15
3167	1252	1258	-6
3168	1249	1255	-6
3169	1260	1246	14
3170	1265	1239	26
3171	1273	1238	35
3172	1271	1238	33
3173	1271	1242	29
3174	1270	1233	37
3175	1262	1232	30
3176	1256	1236	20
3177	1269	1233	36
3178	1256	1244	12
3179	1257	1240	17
3180	1262	1242	20
3181	1284	1246	38
3182	1269	1242	27
3183	1266	1239	27
3184	1262	1236	26
3185	1281	1232	49
3186	1278	1231	47
3187	1268	1229	39
3188	1256	1225	31
3189	1262	1229	33
3190	1254	1242	12
3191	1249	1252	-3
3192	1266	1243	23
3193	1273	1239	34
3194	1250	1229	21
3195	1273	1228	45
3196	1275	1228	47
3197	1260	1237	23
3198	1254	1251	3
3199	1262	1235	27
3200	1265	1235	30
3201	1279	1251	28
3202	1255	1251	4
3203	1283	1246	37
3204	1278	1240	38
3205	1274	1246	28
3206	1276	1241	35
3207	1259	1243	16
3208	1236	1237	-1
3209	1263	1229	34
3210	1273	1223	50
3211	1288	1222	66
3212	1258	1230	28
3213	1252	1228	24
3214	1254	1229	25
3215	1268	1236	32
3216	1262	1238	24
3217	1268	1242	26
3218	1264	1228	36
3219	1290	1253	37
3220	1268	1241	27
3221	1270	1230	40
3222	1236	1226	10
3223	1269	1234	35
3224	1288	1234	54
3225	1270	1241	29
3226	1271	1235	36
3227	1265	1228	37
3228	1245	1233	12
3229	1267	1240	27
3230	1278	1239	39
3231	1280	1232	48
3232	1261	1235	26
3233	1269	1240	29
3234	1280	1237	43
3235	1302	1231	71
3236	1312	1238	74
3237	1292	1240	52
3238	1276	1235	41
3239	1275	1242	33
3240	1276	1238	38
3241	1269	1238	31
3242	1268	1238	30
3243	1286	1236	50
3244	1273	1238	35
3245	1265	1236	29
3246	1275	1237	38
3247	1244	1247	-3
3248	1249	1241	8
3249	1265	1240	25
3250	1275	1238	37
3251	1269	1228	41
3252	1248	1226	22
3253	1266	1227	39
3254	1260	1237	23
3255	1261	1238	23
3256	1264	1238	26
3257	1275	1244	31
3258	1263	1242	21
3259	1264	1242	22
3260	1281	1255	26
3261	1282	1251	31
3262	1261	1252	9
3263	1275	1242	33
3264	1266	1238	28
3265	1270	1240	30
3266	1273	1230	43
3267	1266	1232	34
3268	1279	1237	42
3269	1284	1235	49
3270	1259	1240	19
3271	1271	1241	30
3272	1279	1237	42
3273	1268	1231	37
3274	1263	1237	26
3275	1271	1231	40
3276	1275	1241	34
3277	1277	1241	36
3278	1290	1227	63
3279	1278	1230	48
3280	1265	1231	34
3281	1261	1238	23
3282	1259	1246	13
3283	1290	1242	48
3284	1264	1243	21
3285	1267	1237	30
3286	1267	1227	40
3287	1249	1238	11
3288	1249	1253	-4
3289	1272	1245	27
3290	1261	1241	20
3291	1251	1245	6
3292	1242	1244	-2
3293	1260	1241	19
3294	1259	1242	17
3295	1260	1247	13
3296	1249	1233	16
3297	1261	1239	22
3298	1261	1245	16
3299	1288	1238	50
3300	1292	1228	64
3301	1293	1231	62
3302	1266	1240	26
3303	1268	1236	32
3304	1278	1230	48
3305	1296	1234	62
3306	1251	1236	15
3307	1254	1230	24
3308	1267	1234	33
3309	1259	1234	25
3310	1254	1239	15
3311	1246	1244	2
3312	1244	1244	0
3313	1265	1232	33
3314	1281	1228	53
3315	1271	1241	30
3316	1258	1241	17
3317	1274	1230	44
3318	1263	1232	31
3319	1270	1241	29
3320	1254	1246	8
3321	1258	1238	20
3322	1284	1231	53
3323	1293	1234	59
3324	1300	1242	58
3325	1272	1238	34
3326	1263	1234	29
3327	1271	1234	37
3328	1263	1240	23
3329	1278	1244	34
3330	1264	1245	19
3331	1270	1241	29
3332	1271	1238	33
3333	1276	1233	43
3334	1268	1223	45
3335	1281	1225	56
3336	1274	1238	36
3337	1280	1240	40
3338	1294	1238	56
3339	1286	1240	46
3340	1257	1231	26
3341	1284	1247	37
3342	1283	1247	36
3343	1280	1240	40
3344	1281	1245	36
3345	1292	1248	44
3346	1280	1246	34
3347	1281	1242	39
3348	1293	1239	54
3349	1287	1234	53
3350	1274	1238	36
3351	1287	1242	45
3352	1277	1231	46
3353	1269	1233	36
3354	1268	1237	31
3355	1263	1245	18
3356	1269	1248	21
3357	1290	1246	44
3358	1266	1239	27
3359	1265	1233	32
3360	1266	1236	30
3361	1257	1237	20
3362	1258	1236	22
3363	1266	1234	32
3364	1257	1235	22
3365	1252	1238	14
3366	1246	1247	-1
3367	1261	1246	15
3368	1280	1246	34
3369	1271	1237	34
3370	1261	1233	28
3371	1271	1242	29
3372	1268	1246	22
3373	1280	1234	46
3374	1266	1239	27
3375	1281	1243	38
3376	1274	1242	32
3377	1268	1243	25
3378	1242	1244	-2
3379	1259	1237	22
3380	1293	1237	56
3381	1301	1240	61
3382	1276	1235	41
3383	1271	1233	38
3384	1266	1239	27
3385	1258	1237	21
3386	1248	1239	9
3387	1262	1243	19
3388	1263	1244	19
3389	1266	1254	12
3390	1245	1251	-6
3391	1246	1244	2
3392	1281	1231	50
3393	1266	1234	32
3394	1251	1238	13
3395	1255	1248	7
3396	1251	1242	9
3397	1270	1243	27
3398	1279	1243	36
3399	1288	1242	46
3400	1260	1255	5
3401	1259	1254	5
3402	1269	1245	24
3403	1276	1248	28
3404	1272	1243	29
3405	1262	1238	24
3406	1245	1238	7
3407	1256	1240	16
3408	1257	1245	12
3409	1266	1238	28
3410	1261	1240	21
3411	1239	1246	-7
3412	1254	1248	6
3413	1264	1244	20
3414	1242	1243	-1
3415	1255	1249	6
3416	1254	1238	16
3417	1256	1239	17
3418	1246	1249	-3
3419	1268	1248	20
3420	1273	1236	37
3421	1260	1236	24
3422	1264	1247	17
3423	1260	1252	8
3424	1253	1240	13
3425	1251	1236	15
3426	1232	1232	0
3427	1264	1242	22
3428	1259	1238	21
3429	1257	1232	25
3430	1264	1243	21
3431	1266	1239	27
3432	1265	1231	34
3433	1274	1237	37
3434	1265	1241	24
3435	1270	1243	27
3436	1258	1239	19
3437	1265	1237	28
3438	1270	1233	37
3439	1261	1232	29
3440	1246	1244	2
3441	1263	1250	13
3442	1259	1247	12
3443	1262	1238	24
3444	1268	1232	36
3445	1284	1240	44
3446	1254	1240	14
3447	1258	1240	18
3448	1254	1240	14
3449	1244	1244	0
3450	1259	1241	18
3451	1287	1240	47
3452	1259	1242	17
3453	1257	1239	18
3454	1259	1248	11
3455	1265	1245	20
3456	1249	1239	10
3457	1262	1247	15
3458	1271	1250	21
3459	1249	1248	1
3460	1249	1244	5
3461	1255	1239	16
3462	1242	1241	1
3463	1257	1235	22
3464	1267	1237	30
3465	1268	1251	17
3466	1258	1252	6
3467	1256	1243	13
3468	1250	1229	21
3469	1265	1243	22
3470	1239	1241	-2
3471	1259	1253	6
3472	1253	1235	18
3473	1250	1239	11
3474	1261	1251	10
3475	1246	1246	0
3476	1251	1247	4
3477	1291	1253	38
3478	1267	1250	17
3479	1262	1247	15
3480	1275	1250	25
3481	1268	1240	28
3482	1258	1238	20
3483	1272	1240	32
3484	1274	1236	38
3485	1280	1243	37
3486	1280	1240	40
3487	1292	1236	56
3488	1284	1236	48
3489	1283	1236	47
3490	1279	1240	39
3491	1266	1237	29
3492	1247	1241	6
3493	1259	1237	22
3494	1262	1235	27
3495	1269	1242	27
3496	1268	1245	23
3497	1291	1244	47
3498	1279	1232	47
3499	1260	1228	32
3500	1257	1234	23
3501	1263	1233	30
3502	1269	1241	28
3503	1281	1241	40
3504	1255	1241	14
3505	1271	1239	32
3506	1257	1242	15
3507	1244	1233	11
3508	1258	1238	20
3509	1284	1240	44
3510	1276	1236	40
3511	1267	1235	32
3512	1279	1226	53
3513	1271	1232	39
3514	1269	1233	36
3515	1277	1233	44
3516	1259	1238	21
3517	1276	1239	37
3518	1264	1240	24
3519	1255	1239	16
3520	1259	1232	27
3521	1281	1231	50
3522	1264	1225	39
3523	1249	1237	12
3524	1257	1237	20
3525	1272	1241	31
3526	1272	1248	24
3527	1295	1236	59
3528	1268	1242	26
3529	1282	1239	43
3530	1278	1255	23
3531	1263	1242	21
3532	1273	1235	38
3533	1274	1233	41
3534	1299	1242	57
3535	1302	1246	56
3536	1259	1242	17
3537	1262	1242	20
3538	1267	1237	30
3539	1281	1232	49
3540	1282	1233	49
3541	1279	1235	44
3542	1268	1237	31
3543	1304	1240	64
3544	1288	1241	47
3545	1278	1228	50
3546	1276	1232	44
3547	1278	1235	43
3548	1260	1234	26
3549	1263	1236	27
3550	1262	1228	34
3551	1282	1248	34
3552	1279	1255	24
3553	1262	1245	17
3554	1262	1236	26
3555	1280	1230	50
3556	1271	1236	35
3557	1260	1244	16
3558	1262	1243	19
3559	1283	1228	55
3560	1285	1236	49
3561	1285	1252	33
3562	1288	1240	48
3563	1293	1235	58
3564	1268	1236	32
3565	1249	1234	15
3566	1247	1235	12
3567	1265	1233	32
3568	1247	1233	14
3569	1255	1241	14
3570	1253	1243	10
3571	1267	1248	19
3572	1287	1246	41
3573	1296	1246	50
3574	1286	1241	45
3575	1277	1241	36
3576	1285	1242	43
3577	1275	1240	35
3578	1260	1228	32
3579	1281	1234	47
3580	1267	1251	16
3581	1267	1247	20
3582	1267	1235	32
3583	1252	1239	13
3584	1260	1237	23
3585	1281	1237	44
3586	1271	1243	28
3587	1277	1247	30
3588	1271	1239	32
3589	1265	1246	19
3590	1279	1244	35
3591	1285	1240	45
3592	1296	1233	63
3593	1305	1231	74
3594	1291	1241	50
3595	1296	1242	54
3596	1275	1245	30
3597	1278	1238	40
3598	1274	1244	30
3599	1283	1242	41
3600	1265	1239	26
3601	1253	1245	8
3602	1276	1245	31
3603	1270	1245	25
3604	1270	1234	36
3605	1293	1234	59
3606	1304	1239	65
3607	1284	1237	47
3608	1263	1236	27
3609	1289	1232	57
3610	1269	1231	38
3611	1282	1236	46
3612	1284	1241	43
3613	1279	1245	34
3614	1261	1240	21
3615	1280	1242	38
3616	1283	1245	38
3617	1298	1244	54
3618	1282	1248	34
3619	1271	1239	32
3620	1278	1240	38
3621	1280	1238	42
3622	1275	1236	39
3623	1269	1232	37
3624	1276	1236	40
3625	1267	1235	32
3626	1264	1232	32
3627	1289	1233	56
3628	1269	1237	32
3629	1279	1247	32
3630	1287	1246	41
3631	1288	1239	49
3632	1263	1236	27
3633	1254	1237	17
3634	1286	1238	48
3635	1313	1235	78
3636	1300	1239	61
3637	1289	1238	51
3638	1287	1239	48
3639	1264	1234	30
3640	1254	1232	22
3641	1279	1246	33
3642	1273	1232	41
3643	1288	1235	53
3644	1289	1235	54
3645	1287	1239	48
3646	1281	1239	42
3647	1281	1235	46
3648	1245	1245	0
