index	original	background	difference
-----------------------------------------------------
1	1701	1149	552
2	1701	1119	582
3	1707	1137	570
4	1704	1150	554
5	1703	1143	560
6	1706	1165	541
7	1715	1156	559
8	1713	1157	556
9	1703	1154	549
10	1701	1146	555
11	1721	1163	558
12	1717	1154	563
13	1710	1148	562
14	1726	1139	587
15	1734	1165	569
16	1736	1170	566
17	1733	1135	598
18	1730	1146	584
19	1712	1165	547
20	1722	1175	547
21	1745	1162	583
22	1746	1143	603
23	1750	1168	582
24	1752	1169	583
25	1752	1157	595
26	1749	1154	595
27	1752	1160	592
28	1750	1177	573
29	1747	1158	589
30	1738	1147	591
31	1737	1165	572
32	1743	1170	573
33	1755	1173	582
34	1747	1165	582
35	1747	1169	578
36	1745	1175	570
37	1747	1170	577
38	1745	1170	575
39	1754	1161	593
40	1755	1176	579
41	1763	1169	594
42	1767	1179	588
43	1760	1186	574
44	1747	1185	562
45	1748	1183	565
46	1761	1161	600
47	1767	1151	616
48	1770	1167	603
49	1779	1167	612
50	1771	1149	622
51	1780	1154	626
52	1783	1163	620
53	1779	1163	616
54	1778	1152	626
55	1781	1158	623
56	1772	1173	599
57	1780	1168	612
58	1773	1163	610
59	1774	1184	590
60	1771	1184	587
61	1777	1175	602
62	1791	1181	610
63	1789	1191	598
64	1777	1188	589
65	1764	1184	580
66	1768	1173	595
67	1778	1170	608
68	1776	1158	618
69	1785	1153	632
70	1791	1153	638
71	1786	1169	617
72	1778	1191	587
73	1785	1172	613
74	1780	1184	596
75	1794	1197	597
76	1798	1202	596
77	1774	1173	601
78	1780	1178	602
79	1785	1192	593
80	1776	1202	574
81	1792	1180	612
82	1791	1181	610
83	1784	1176	608
84	1767	1164	603
85	1780	1166	614
86	1792	1191	601
87	1801	1187	614
88	1795	1163	632
89	1792	1199	593
90	1783	1184	599
91	1802	1180	622
92	1797	1194	603
93	1794	1171	623
94	1802	1160	642
95	1797	1172	625
96	1802	1157	645
97	1799	1180	619
98	1800	1172	628
99	1796	1162	634
100	1795	1176	619
101	1802	1177	625
102	1791	1176	615
103	1797	1199	598
104	1791	1187	604
105	1791	1187	604
106	1795	1182	613
107	1809	1181	628
108	1822	1182	640
109	1823	1197	626
110	1805	1191	614
111	1792	1207	585
112	1787	1212	575
113	1784	1188	596
114	1780	1192	588
115	1776	1188	588
116	1761	1161	600
117	1773	1165	608
118	1765	1172	593
119	1752	1172	580
120	1761	1168	593
121	1762	1184	578
122	1757	1178	579
123	1771	1173	598
124	1791	1195	596
125	1772	1183	589
126	1774	1172	602
127	1781	1202	579
128	1776	1184	592
129	1775	1174	601
130	1790	1175	615
131	1804	1170	634
132	1802	1177	625
133	1808	1168	640
134	1812	1167	645
135	1810	1179	631
136	1804	1176	628
137	1813	1177	636
138	1805	1180	625
139	1803	1170	633
140	1806	1160	646
141	1809	1165	644
142	1801	1170	631
143	1795	1183	612
144	1797	1194	603
145	1797	1183	614
146	1802	1178	624
147	1817	1177	640
148	1809	1206	603
149	1806	1190	616
150	1811	1174	637
151	1826	1180	646
152	1825	1190	635
153	1823	1178	645
154	1827	1173	654
155	1836	1170	666
156	1835	1166	669
157	1837	1192	645
158	1823	1195	628
159	1832	1178	654
160	1825	1170	655
161	1840	1172	668
162	1838	1185	653
163	1829	1195	634
164	1838	1173	665
165	1850	1182	668
166	1846	1176	670
167	1853	1193	660
168	1867	1183	684
169	1860	1163	697
170	1869	1178	691
171	1876	1171	705
172	1870	1167	703
173	1870	1181	689
174	1866	1200	666
175	1867	1201	666
176	1865	1196	669
177	1876	1185	691
178	1866	1183	683
179	1857	1186	671
180	1880	1183	697
181	1889	1182	707
182	1879	1182	697
183	1875	1190	685
184	1865	1176	689
185	1880	1164	716
186	1887	1196	691
187	1868	1209	659
188	1884	1182	702
189	1902	1155	747
190	1903	1178	725
191	1889	1182	707
192	1899	1155	744
193	1903	1165	738
194	1897	1172	725
195	1911	1181	730
196	1891	1165	726
197	1930	1171	759
198	1932	1178	754
199	1911	1165	746
200	1906	1177	729
201	1912	1192	720
202	1917	1162	755
203	1922	1170	752
204	1926	1192	734
205	1935	1186	749
206	1938	1194	744
207	1929	1169	760
208	1942	1174	768
209	1940	1178	762
210	1920	1163	757
211	1931	1150	781
212	1926	1191	735
213	1919	1199	720
214	1929	1186	743
215	1943	1171	772
216	1941	1180	761
217	1950	1161	789
218	1935	1159	776
219	1958	1183	775
220	1955	1172	783
221	1963	1166	797
222	1968	1168	800
223	1965	1170	795
224	1960	1185	775
225	1969	1174	795
226	1979	1166	813
227	1968	1155	813
228	1968	1190	778
229	1967	1171	796
230	1971	1155	816
231	1993	1173	820
232	1984	1175	809
233	1990	1173	817
234	1991	1175	816
235	2007	1172	835
236	2000	1179	821
237	2001	1182	819
238	1998	1189	809
239	1991	1187	804
240	1994	1178	816
241	2005	1182	823
242	2002	1190	812
243	2004	1197	807
244	2007	1165	842
245	2010	1169	841
246	2014	1161	853
247	2030	1175	855
248	2025	1178	847
249	2034	1147	887
250	2042	1141	901
251	2041	1160	881
252	2058	1199	859
253	2064	1207	857
254	2051	1199	852
255	2052	1183	869
256	2074	1174	900
257	2054	1187	867
258	2046	1189	857
259	2044	1177	867
260	2057	1175	882
261	2072	1168	904
262	2070	1177	893
263	2074	1187	887
264	2072	1177	895
265	2074	1175	899
266	2081	1173	908
267	2084	1171	913
268	2085	1177	908
269	2091	1164	927
270	2088	1187	901
271	2091	1188	903
272	2086	1182	904
273	2080	1177	903
274	2091	1181	910
275	2091	1194	897
276	2095	1184	911
277	2112	1190	922
278	2111	1179	932
279	2106	1175	931
280	2110	1183	927
281	2125	1194	931
282	2121	1197	924
283	2114	1181	933
284	2103	1186	917
285	2118	1189	929
286	2131	1198	933
287	2143	1203	940
288	2139	1174	965
289	2146	1175	971
290	2152	1188	964
291	2149	1178	971
292	2156	1184	972
293	2162	1192	970
294	2161	1178	983
295	2149	1184	965
296	2162	1188	974
297	2176	1193	983
298	2175	1177	998
299	2180	1159	1021
300	2155	1172	983
301	2143	1188	955
302	2173	1185	988
303	2179	1185	994
304	2188	1194	994
305	2198	1169	1029
306	2215	1182	1033
307	2189	1175	1014
308	2185	1171	1014
309	2204	1163	1041
310	2195	1192	1003
311	2197	1190	1007
312	2194	1190	1004
313	2205	1184	1021
314	2220	1193	1027
315	2220	1188	1032
316	2204	1198	1006
317	2221	1204	1017
318	2224	1189	1035
319	2229	1179	1050
320	2237	1187	1050
321	2242	1197	1045
322	2239	1178	1061
323	2243	1164	1079
324	2230	1157	1073
325	2252	1175	1077
326	2256	1166	1090
327	2244	1174	1070
328	2237	1192	1045
329	2254	1177	1077
330	2250	1187	1063
331	2266	1200	1066
332	2265	1180	1085
333	2253	1164	1089
334	2249	1172	1077
335	2265	1171	1094
336	2258	1181	1077
337	2274	1187	1087
338	2274	1179	1095
339	2274	1187	1087
340	2279	1190	1089
341	2285	1175	1110
342	2284	1185	1099
343	2285	1170	1115
344	2270	1162	1108
345	2270	1169	1101
346	2279	1156	1123
347	2292	1167	1125
348	2295	1181	1114
349	2304	1183	1121
350	2306	1175	1131
351	2305	1182	1123
352	2285	1177	1108
353	2296	1194	1102
354	2317	1195	1122
355	2316	1174	1142
356	2304	1161	1143
357	2324	1174	1150
358	2292	1196	1096
359	2291	1199	1092
360	2321	1190	1131
361	2321	1185	1136
362	2315	1179	1136
363	2309	1174	1135
364	2315	1184	1131
365	2310	1196	1114
366	2312	1203	1109
367	2340	1213	1127
368	2320	1189	1131
369	2324	1175	1149
370	2326	1185	1141
371	2328	1176	1152
372	2333	1176	1157
373	2337	1198	1139
374	2330	1215	1115
375	2356	1205	1151
376	2342	1195	1147
377	2336	1185	1151
378	2336	1179	1157
379	2346	1175	1171
380	2330	1163	1167
381	2335	1155	1180
382	2333	1168	1165
383	2329	1184	1145
384	2348	1181	1167
385	2352	1194	1158
386	2325	1220	1105
387	2339	1215	1124
388	2354	1194	1160
389	2338	1181	1157
390	2326	1183	1143
391	2341	1163	1178
392	2355	1170	1185
393	2366	1166	1200
394	2358	1165	1193
395	2361	1182	1179
396	2343	1181	1162
397	2343	1177	1166
398	2349	1198	1151
399	2356	1182	1174
400	2359	1175	1184
401	2346	1171	1175
402	2341	1180	1161
403	2353	1173	1180
404	2359	1177	1182
405	2350	1187	1163
406	2350	1193	1157
407	2355	1191	1164
408	2353	1176	1177
409	2347	1192	1155
410	2361	1190	1171
411	2355	1185	1170
412	2334	1175	1159
413	2355	1172	1183
414	2362	1182	1180
415	2366	1193	1173
416	2376	1192	1184
417	2352	1165	1187
418	2360	1163	1197
419	2363	1182	1181
420	2347	1183	1164
421	2363	1178	1185
422	2361	1194	1167
423	2361	1187	1174
424	2361	1190	1171
425	2363	1164	1199
426	2370	1182	1188
427	2358	1205	1153
428	2353	1192	1161
429	2361	1193	1168
430	2388	1187	1201
431	2365	1182	1183
432	2355	1160	1195
433	2374	1143	1231
434	2369	1169	1200
435	2377	1189	1188
436	2358	1162	1196
437	2357	1183	1174
438	2368	1188	1180
439	2381	1197	1184
440	2387	1175	1212
441	2366	1192	1174
442	2356	1170	1186
443	2374	1186	1188
444	2368	1201	1167
445	2360	1187	1173
446	2353	1180	1173
447	2363	1170	1193
448	2383	1162	1221
449	2377	1179	1198
450	2361	1191	1170
451	2343	1176	1167
452	2356	1172	1184
453	2374	1182	1192
454	2357	1182	1175
455	2382	1197	1185
456	2384	1196	1188
457	2374	1169	1205
458	2352	1183	1169
459	2356	1178	1178
460	2360	1171	1189
461	2354	1165	1189
462	2361	1163	1198
463	2365	1166	1199
464	2358	1170	1188
465	2357	1170	1187
466	2371	1181	1190
467	2383	1187	1196
468	2358	1154	1204
469	2368	1173	1195
470	2374	1188	1186
471	2383	1203	1180
472	2377	1180	1197
473	2375	1167	1208
474	2364	1184	1180
475	2373	1182	1191
476	2373	1170	1203
477	2357	1171	1186
478	2362	1192	1170
479	2384	1170	1214
480	2375	1178	1197
481	2368	1182	1186
482	2374	1170	1204
483	2378	1157	1221
484	2375	1179	1196
485	2364	1196	1168
486	2378	1189	1189
487	2391	1200	1191
488	2400	1218	1182
489	2406	1209	1197
490	2398	1181	1217
491	2399	1176	1223
492	2401	1196	1205
493	2399	1198	1201
494	2398	1195	1203
495	2389	1196	1193
496	2382	1188	1194
497	2386	1177	1209
498	2385	1188	1197
499	2377	1182	1195
500	2380	1177	1203
501	2387	1190	1197
502	2404	1177	1227
503	2401	1182	1219
504	2399	1193	1206
505	2401	1195	1206
506	2383	1175	1208
507	2394	1156	1238
508	2391	1175	1216
509	2378	1195	1183
510	2382	1182	1200
511	2384	1169	1215
512	2369	1187	1182
513	2373	1187	1186
514	2387	1185	1202
515	2387	1172	1215
516	2383	1197	1186
517	2397	1208	1189
518	2391	1170	1221
519	2390	1180	1210
520	2413	1198	1215
521	2420	1190	1230
522	2409	1166	1243
523	2392	1177	1215
524	2392	1176	1216
525	2418	1179	1239
526	2424	1221	1203
527	2415	1206	1209
528	2394	1197	1197
529	2412	1190	1222
530	2435	1190	1245
531	2434	1184	1250
532	2441	1186	1255
533	2422	1186	1236
534	2429	1172	1257
535	2438	1169	1269
536	2447	1166	1281
537	2449	1168	1281
538	2443	1176	1267
539	2441	1180	1261
540	2450	1186	1264
541	2458	1178	1280
542	2456	1198	1258
543	2468	1222	1246
544	2460	1217	1243
545	2461	1191	1270
546	2470	1183	1287
547	2473	1189	1284
548	2476	1201	1275
549	2483	1200	1283
550	2486	1204	1282
551	2479	1203	1276
552	2474	1200	1274
553	2491	1198	1293
554	2505	1198	1307
555	2506	1188	1318
556	2510	1184	1326
557	2512	1159	1353
558	2497	1163	1334
559	2503	1193	1310
560	2522	1181	1341
561	2516	1173	1343
562	2518	1167	1351
563	2512	1163	1349
564	2514	1166	1348
565	2516	1163	1353
566	2522	1162	1360
567	2527	1185	1342
568	2533	1186	1347
569	2533	1170	1363
570	2543	1185	1358
571	2552	1187	1365
572	2551	1174	1377
573	2567	1170	1397
574	2563	1170	1393
575	2551	1172	1379
576	2559	1171	1388
577	2572	1175	1397
578	2582	1185	1397
579	2572	1171	1401
580	2553	1158	1395
581	2574	1187	1387
582	2582	1201	1381
583	2594	1191	1403
584	2607	1175	1432
585	2596	1164	1432
586	2608	1183	1425
587	2620	1189	1431
588	2613	1173	1440
589	2605	1195	1410
590	2602	1196	1406
591	2615	1188	1427
592	2603	1164	1439
593	2621	1175	1446
594	2647	1194	1453
595	2633	1201	1432
596	2619	1200	1419
597	2649	1206	1443
598	2645	1204	1441
599	2633	1197	1436
600	2662	1170	1492
601	2669	1172	1497
602	2657	1171	1486
603	2664	1168	1496
604	2666	1173	1493
605	2665	1199	1466
606	2665	1198	1467
607	2669	1190	1479
608	2681	1173	1508
609	2681	1172	1509
610	2684	1179	1505
611	2697	1184	1513
612	2693	1177	1516
613	2687	1184	1503
614	2693	1201	1492
615	2709	1205	1504
616	2721	1208	1513
617	2686	1192	1494
618	2685	1171	1514
619	2729	1182	1547
620	2733	1178	1555
621	2743	1162	1581
622	2744	1157	1587
623	2751	1187	1564
624	2757	1194	1563
625	2763	1196	1567
626	2772	1192	1580
627	2764	1196	1568
628	2739	1191	1548
629	2774	1187	1587
630	2785	1176	1609
631	2785	1173	1612
632	2785	1201	1584
633	2783	1213	1570
634	2783	1190	1593
635	2793	1160	1633
636	2803	1165	1638
637	2801	1182	1619
638	2790	1188	1602
639	2805	1193	1612
640	2811	1202	1609
641	2821	1205	1616
642	2823	1191	1632
643	2830	1167	1663
644	2837	1174	1663
645	2828	1174	1654
646	2823	1181	1642
647	2852	1173	1679
648	2858	1167	1691
649	2860	1182	1678
650	2876	1176	1700
651	2884	1182	1702
652	2859	1197	1662
653	2859	1196	1663
654	2870	1178	1692
655	2883	1166	1717
656	2887	1180	1707
657	2905	1181	1724
658	2921	1179	1742
659	2906	1176	1730
660	2923	1171	1752
661	2917	1163	1754
662	2896	1162	1734
663	2920	1172	1748
664	2917	1202	1715
665	2926	1204	1722
666	2932	1186	1746
667	2938	1162	1776
668	2935	1157	1778
669	2928	1182	1746
670	2941	1188	1753
671	2950	1179	1771
672	2948	1175	1773
673	2964	1176	1788
674	2988	1189	1799
675	2992	1173	1819
676	2984	1180	1804
677	2988	1156	1832
678	2984	1161	1823
679	2964	1169	1795
680	2982	1167	1815
681	2990	1185	1805
682	2985	1184	1801
683	2984	1197	1787
684	2995	1188	1807
685	3012	1163	1849
686	3016	1159	1857
687	3014	1190	1824
688	3013	1183	1830
689	3012	1173	1839
690	3021	1173	1848
691	3033	1184	1849
692	3026	1186	1840
693	3026	1170	1856
694	3042	1162	1880
695	3037	1192	1845
696	3042	1206	1836
697	3048	1203	1845
698	3054	1203	1851
699	3047	1204	1843
700	3057	1193	1864
701	3057	1188	1869
702	3065	1191	1874
703	3071	1174	1897
704	3060	1153	1907
705	3081	1160	1921
706	3082	1162	1920
707	3097	1159	1938
708	3105	1176	1929
709	3093	1178	1915
710	3098	1182	1916
711	3101	1181	1920
712	3098	1177	1921
713	3091	1183	1908
714	3096	1172	1924
715	3096	1165	1931
716	3083	1182	1901
717	3103	1185	1918
718	3108	1168	1940
719	3136	1206	1930
720	3129	1195	1934
721	3134	1199	1935
722	3113	1196	1917
723	3119	1184	1935
724	3111	1174	1937
725	3123	1179	1944
726	3130	1190	1940
727	3124	1189	1935
728	3124	1161	1963
729	3122	1180	1942
730	3129	1185	1944
731	3147	1188	1959
732	3143	1191	1952
733	3183	1185	1998
734	3161	1181	1980
735	3139	1176	1963
736	3160	1187	1973
737	3155	1184	1971
738	3144	1213	1931
739	3151	1206	1945
740	3175	1173	2002
741	3201	1152	2049
742	3163	1174	1989
743	3168	1183	1985
744	3170	1195	1975
745	3165	1186	1979
746	3161	1188	1973
747	3146	1188	1958
748	3153	1169	1984
749	3173	1182	1991
750	3169	1184	1985
751	3179	1179	2000
752	3172	1192	1980
753	3146	1191	1955
754	3159	1185	1974
755	3164	1172	1992
756	3179	1177	2002
757	3156	1194	1962
758	3164	1177	1987
759	3176	1184	1992
760	3191	1195	1996
761	3185	1162	2023
762	3159	1196	1963
763	3183	1205	1978
764	3183	1202	1981
765	3185	1177	2008
766	3174	1163	2011
767	3180	1162	2018
768	3146	1177	1969
769	3142	1177	1965
770	3189	1201	1988
771	3182	1175	2007
772	3174	1169	2005
773	3178	1158	2020
774	3178	1171	2007
775	3190	1192	1998
776	3190	1193	1997
777	3201	1191	2010
778	3204	1190	2014
779	3200	1169	2031
780	3180	1196	1984
781	3188	1197	1991
782	3201	1191	2010
783	3199	1213	1986
784	3189	1200	1989
785	3183	1174	2009
786	3216	1181	2035
787	3206	1172	2034
788	3200	1182	2018
789	3206	1196	2010
790	3175	1167	2008
791	3173	1163	2010
792	3174	1160	2014
793	3206	1198	2008
794	3201	1194	2007
795	3188	1171	2017
796	3195	1196	1999
797	3192	1190	2002
798	3170	1166	2004
799	3184	1173	2011
800	3182	1167	2015
801	3170	1156	2014
802	3172	1168	2004
803	3175	1175	2000
804	3188	1180	2008
805	3182	1176	2006
806	3177	1190	1987
807	3180	1205	1975
808	3181	1198	1983
809	3190	1199	1991
810	3183	1193	1990
811	3181	1200	1981
812	3168	1196	1972
813	3173	1188	1985
814	3178	1186	1992
815	3175	1171	2004
816	3179	1158	2021
817	3178	1170	2008
818	3091	1168	1923
819	3132	1171	1961
820	3169	1174	1995
821	3176	1161	2015
822	3167	1178	1989
823	3171	1182	1989
824	3172	1194	1978
825	3165	1186	1979
826	3176	1173	2003
827	3179	1170	2009
828	3188	1201	1987
829	3175	1193	1982
830	3151	1195	1956
831	3143	1194	1949
832	3129	1184	1945
833	3144	1182	1962
834	3147	1191	1956
835	3137	1185	1952
836	3137	1177	1960
837	3136	1187	1949
838	3130	1165	1965
839	3165	1162	2003
840	3177	1199	1978
841	3156	1196	1960
842	3132	1178	1954
843	3124	1184	1940
844	3116	1186	1930
845	3126	1173	1953
846	3130	1202	1928
847	3132	1211	1921
848	3147	1176	1971
849	3137	1178	1959
850	3122	1175	1947
851	3124	1162	1962
852	3144	1167	1977
853	3146	1162	1984
854	3146	1151	1995
855	3146	1164	1982
856	3144	1172	1972
857	3143	1169	1974
858	3143	1174	1969
859	3134	1184	1950
860	3150	1164	1986
861	3124	1172	1952
862	3111	1170	1941
863	3120	1152	1968
864	3110	1175	1935
865	3111	1188	1923
866	3105	1190	1915
867	3104	1171	1933
868	3101	1166	1935
869	3126	1155	1971
870	3137	1172	1965
871	3129	1179	1950
872	3117	1167	1950
873	3121	1179	1942
874	3102	1189	1913
875	3085	1207	1878
876	3093	1207	1886
877	3101	1167	1934
878	3103	1184	1919
879	3118	1206	1912
880	3103	1165	1938
881	3094	1155	1939
882	3107	1176	1931
883	3116	1178	1938
884	3112	1180	1932
885	3111	1183	1928
886	3102	1210	1892
887	3108	1194	1914
888	3107	1177	1930
889	3109	1180	1929
890	3118	1172	1946
891	3114	1152	1962
892	3117	1155	1962
893	3133	1161	1972
894	3144	1165	1979
895	3117	1173	1944
896	3113	1178	1935
897	3108	1192	1916
898	3103	1180	1923
899	3125	1179	1946
900	3131	1172	1959
901	3130	1174	1956
902	3123	1169	1954
903	3122	1167	1955
904	3112	1176	1936
905	3090	1192	1898
906	3094	1184	1910
907	3099	1186	1913
908	3126	1189	1937
909	3110	1170	1940
910	3110	1177	1933
911	3108	1191	1917
912	3103	1191	1912
913	3118	1207	1911
914	3126	1186	1940
915	3128	1155	1973
916	3136	1164	1972
917	3141	1177	1964
918	3157	1192	1965
919	3173	1171	2002
920	3159	1166	1993
921	3135	1157	1978
922	3135	1164	1971
923	3128	1193	1935
924	3135	1183	1952
925	3132	1182	1950
926	3135	1171	1964
927	3145	1169	1976
928	3152	1180	1972
929	3158	1186	1972
930	3141	1174	1967
931	3149	1192	1957
932	3160	1193	1967
933	3159	1187	1972
934	3150	1181	1969
935	3167	1198	1969
936	3167	1188	1979
937	3159	1169	1990
938	3152	1164	1988
939	3148	1161	1987
940	3167	1170	1997
941	3154	1183	1971
942	3153	1168	1985
943	3171	1165	2006
944	3180	1175	2005
945	3163	1174	1989
946	3151	1174	1977
947	3173	1173	2000
948	3179	1173	2006
949	3169	1180	1989
950	3183	1176	2007
951	3166	1172	1994
952	3185	1170	2015
953	3218	1163	2055
954	3185	1161	2024
955	3177	1187	1990
956	3190	1178	2012
957	3190	1176	2014
958	3208	1193	2015
959	3207	1184	2023
960	3205	1180	2025
961	3216	1181	2035
962	3216	1170	2046
963	3197	1156	2041
964	3197	1153	2044
965	3203	1181	2022
966	3214	1177	2037
967	3230	1177	2053
968	3198	1154	2044
969	3235	1185	2050
970	3252	1161	2091
971	3236	1172	2064
972	3205	1192	2013
973	3221	1209	2012
974	3254	1202	2052
975	3250	1181	2069
976	3241	1158	2083
977	3243	1167	2076
978	3227	1185	2042
979	3250	1195	2055
980	3245	1169	2076
981	3229	1194	2035
982	3261	1185	2076
983	3276	1177	2099
984	3280	1185	2095
985	3256	1185	2071
986	3249	1173	2076
987	3281	1172	2109
988	3291	1184	2107
989	3312	1198	2114
990	3300	1166	2134
991	3291	1162	2129
992	3294	1177	2117
993	3293	1171	2122
994	3294	1172	2122
995	3298	1194	2104
996	3295	1196	2099
997	3305	1174	2131
998	3307	1160	2147
999	3315	1169	2146
1000	3331	1207	2124
1001	3330	1172	2158
1002	3332	1160	2172
1003	3336	1192	2144
1004	3337	1180	2157
1005	3334	1163	2171
1006	3333	1161	2172
1007	3350	1182	2168
1008	3367	1186	2181
1009	3375	1160	2215
1010	3372	1145	2227
1011	3382	1171	2211
1012	3368	1172	2196
1013	3375	1196	2179
1014	3394	1198	2196
1015	3402	1196	2206
1016	3387	1174	2213
1017	3384	1170	2214
1018	3399	1183	2216
1019	3409	1192	2217
1020	3415	1186	2229
1021	3424	1173	2251
1022	3422	1173	2249
1023	3419	1147	2272
1024	3420	1158	2262
1025	3410	1175	2235
1026	3408	1160	2248
1027	3409	1173	2236
1028	3417	1190	2227
1029	3438	1176	2262
1030	3455	1178	2277
1031	3483	1157	2326
1032	3471	1152	2319
1033	3462	1188	2274
1034	3457	1202	2255
1035	3464	1196	2268
1036	3476	1177	2299
1037	3481	1191	2290
1038	3488	1168	2320
1039	3499	1169	2330
1040	3507	1167	2340
1041	3501	1166	2335
1042	3509	1150	2359
1043	3494	1181	2313
1044	3508	1209	2299
1045	3523	1191	2332
1046	3528	1185	2343
1047	3536	1172	2364
1048	3535	1183	2352
1049	3545	1174	2371
1050	3561	1136	2425
1051	3554	1159	2395
1052	3552	1172	2380
1053	3542	1182	2360
1054	3562	1185	2377
1055	3565	1186	2379
1056	3555	1198	2357
1057	3547	1172	2375
1058	3582	1166	2416
1059	3617	1177	2440
1060	3596	1172	2424
1061	3596	1164	2432
1062	3607	1167	2440
1063	3619	1164	2455
1064	3594	1146	2448
1065	3596	1162	2434
1066	3593	1167	2426
1067	3605	1168	2437
1068	3631	1160	2471
1069	3643	1169	2474
1070	3642	1188	2454
1071	3662	1200	2462
1072	3658	1204	2454
1073	3649	1186	2463
1074	3634	1162	2472
1075	3643	1174	2469
1076	3655	1155	2500
1077	3650	1166	2484
1078	3652	1179	2473
1079	3661	1185	2476
1080	3665	1176	2489
1081	3702	1198	2504
1082	3674	1203	2471
1083	3692	1190	2502
1084	3728	1183	2545
1085	3722	1192	2530
1086	3709	1177	2532
1087	3705	1179	2526
1088	3736	1194	2542
1089	3727	1175	2552
1090	3724	1151	2573
1091	3759	1169	2590
1092	3756	1186	2570
1093	3749	1165	2584
1094	3742	1148	2594
1095	3748	1166	2582
1096	3749	1172	2577
1097	3735	1170	2565
1098	3767	1180	2587
1099	3790	1187	2603
1100	3791	1169	2622
1101	3781	1179	2602
1102	3779	1169	2610
1103	3791	1170	2621
1104	3799	1180	2619
1105	3800	1194	2606
1106	3811	1178	2633
1107	3814	1147	2667
1108	3812	1158	2654
1109	3816	1158	2658
1110	3832	1166	2666
1111	3837	1175	2662
1112	3851	1167	2684
1113	3854	1158	2696
1114	3862	1162	2700
1115	3865	1172	2693
1116	3856	1170	2686
1117	3846	1176	2670
1118	3861	1198	2663
1119	3888	1188	2700
1120	3887	1161	2726
1121	3895	1177	2718
1122	3867	1182	2685
1123	3866	1167	2699
1124	3884	1169	2715
1125	3899	1178	2721
1126	3902	1164	2738
1127	3894	1173	2721
1128	3892	1196	2696
1129	3896	1211	2685
1130	3906	1207	2699
1131	3908	1204	2704
1132	3909	1201	2708
1133	3935	1188	2747
1134	3929	1173	2756
1135	3908	1200	2708
1136	3910	1194	2716
1137	3923	1177	2746
1138	3921	1190	2731
1139	3924	1192	2732
1140	3911	1178	2733
1141	3913	1185	2728
1142	3940	1189	2751
1143	3940	1182	2758
1144	3949	1202	2747
1145	3944	1204	2740
1146	3939	1175	2764
1147	3964	1162	2802
1148	3980	1167	2813
1149	3974	1156	2818
1150	3989	1168	2821
1151	3999	1162	2837
1152	3981	1170	2811
1153	3961	1168	2793
1154	3980	1146	2834
1155	4008	1179	2829
1156	4005	1178	2827
1157	4002	1167	2835
1158	3992	1177	2815
1159	3988	1172	2816
1160	4018	1158	2860
1161	4027	1184	2843
1162	4049	1197	2852
1163	4042	1182	2860
1164	4001	1193	2808
1165	4005	1198	2807
1166	4024	1194	2830
1167	4021	1168	2853
1168	4011	1167	2844
1169	4026	1192	2834
1170	4011	1188	2823
1171	4019	1172	2847
1172	4033	1174	2859
1173	4023	1172	2851
1174	4046	1171	2875
1175	4062	1159	2903
1176	4052	1163	2889
1177	4054	1164	2890
1178	4063	1181	2882
1179	4098	1190	2908
1180	4075	1199	2876
1181	4076	1184	2892
1182	4075	1178	2897
1183	4051	1194	2857
1184	4044	1200	2844
1185	4044	1188	2856
1186	4054	1164	2890
1187	4059	1182	2877
1188	4060	1168	2892
1189	4064	1166	2898
1190	4076	1199	2877
1191	4074	1195	2879
1192	4069	1187	2882
1193	4089	1180	2909
1194	4090	1194	2896
1195	4077	1180	2897
1196	4093	1171	2922
1197	4120	1174	2946
1198	4092	1166	2926
1199	4087	1185	2902
1200	4083	1201	2882
1201	4079	1177	2902
1202	4046	1175	2871
1203	4058	1188	2870
1204	4088	1196	2892
1205	4115	1185	2930
1206	4097	1194	2903
1207	4086	1177	2909
1208	4083	1178	2905
1209	4114	1194	2920
1210	4118	1193	2925
1211	4101	1175	2926
1212	4107	1175	2932
1213	4098	1170	2928
1214	4070	1154	2916
1215	4077	1181	2896
1216	4104	1175	2929
1217	4105	1175	2930
1218	4074	1148	2926
1219	4091	1172	2919
1220	4101	1188	2913
1221	4087	1189	2898
1222	4089	1199	2890
1223	4083	1167	2916
1224	4071	1181	2890
1225	4067	1184	2883
1226	4077	1174	2903
1227	4070	1195	2875
1228	4069	1193	2876
1229	4069	1174	2895
1230	4054	1190	2864
1231	4075	1184	2891
1232	4077	1179	2898
1233	4061	1189	2872
1234	4081	1201	2880
1235	4065	1198	2867
1236	4056	1188	2868
1237	4080	1172	2908
1238	4087	1179	2908
1239	4083	1197	2886
1240	4046	1173	2873
1241	4044	1191	2853
1242	4052	1186	2866
1243	4061	1168	2893
1244	4064	1185	2879
1245	4043	1160	2883
1246	4031	1162	2869
1247	4043	1180	2863
1248	4046	1173	2873
1249	4045	1186	2859
1250	4055	1196	2859
1251	4063	1170	2893
1252	4047	1165	2882
1253	4040	1165	2875
1254	4043	1164	2879
1255	4035	1165	2870
1256	4046	1195	2851
1257	4031	1189	2842
1258	4055	1173	2882
1259	4042	1162	2880
1260	4035	1176	2859
1261	4036	1183	2853
1262	4022	1180	2842
1263	4025	1189	2836
1264	4033	1177	2856
1265	4023	1166	2857
1266	3998	1175	2823
1267	4001	1159	2842
1268	3993	1163	2830
1269	4010	1167	2843
1270	4017	1178	2839
1271	4004	1198	2806
1272	3992	1175	2817
1273	3987	1170	2817
1274	3987	1190	2797
1275	3995	1189	2806
1276	4002	1196	2806
1277	4005	1177	2828
1278	4010	1191	2819
1279	4032	1200	2832
1280	4018	1187	2831
1281	3977	1182	2795
1282	3988	1186	2802
1283	4007	1155	2852
1284	4005	1174	2831
1285	4000	1177	2823
1286	4018	1177	2841
1287	4014	1186	2828
1288	4002	1187	2815
1289	3989	1179	2810
1290	3969	1169	2800
1291	3973	1174	2799
1292	3987	1157	2830
1293	4001	1152	2849
1294	3992	1180	2812
1295	3964	1189	2775
1296	3954	1188	2766
1297	3954	1146	2808
1298	3955	1170	2785
1299	3972	1182	2790
1300	3954	1158	2796
1301	3946	1159	2787
1302	3930	1182	2748
1303	3932	1194	2738
1304	3925	1194	2731
1305	3930	1189	2741
1306	3928	1177	2751
1307	3941	1183	2758
1308	3931	1180	2751
1309	3900	1183	2717
1310	3893	1183	2710
1311	3878	1191	2687
1312	3890	1207	2683
1313	3916	1189	2727
1314	3920	1166	2754
1315	3922	1181	2741
1316	3899	1177	2722
1317	3865	1178	2687
1318	3862	1175	2687
1319	3875	1180	2695
1320	3856	1172	2684
1321	3889	1182	2707
1322	3899	1188	2711
1323	3862	1181	2681
1324	3855	1200	2655
1325	3867	1183	2684
1326	3846	1177	2669
1327	3858	1191	2667
1328	3847	1176	2671
1329	3846	1180	2666
1330	3848	1182	2666
1331	3839	1174	2665
1332	3813	1178	2635
1333	3822	1181	2641
1334	3828	1159	2669
1335	3819	1175	2644
1336	3804	1183	2621
1337	3812	1196	2616
1338	3810	1191	2619
1339	3818	1180	2638
1340	3778	1181	2597
1341	3768	1187	2581
1342	3766	1180	2586
1343	3782	1183	2599
1344	3767	1178	2589
1345	3784	1169	2615
1346	3787	1165	2622
1347	3763	1179	2584
1348	3753	1179	2574
1349	3780	1167	2613
1350	3780	1171	2609
1351	3760	1183	2577
1352	3762	1195	2567
1353	3775	1184	2591
1354	3778	1174	2604
1355	3774	1174	2600
1356	3753	1190	2563
1357	3743	1189	2554
1358	3730	1180	2550
1359	3735	1181	2554
1360	3712	1183	2529
1361	3735	1189	2546
1362	3753	1191	2562
1363	3750	1183	2567
1364	3724	1195	2529
1365	3716	1196	2520
1366	3693	1188	2505
1367	3695	1201	2494
1368	3688	1195	2493
1369	3704	1183	2521
1370	3713	1195	2518
1371	3685	1205	2480
1372	3690	1208	2482
1373	3682	1201	2481
1374	3675	1196	2479
1375	3641	1162	2479
1376	3631	1172	2459
1377	3644	1192	2452
1378	3652	1174	2478
1379	3658	1149	2509
1380	3675	1168	2507
1381	3646	1180	2466
1382	3603	1200	2403
1383	3609	1178	2431
1384	3626	1173	2453
1385	3627	1187	2440
1386	3623	1162	2461
1387	3629	1140	2489
1388	3624	1140	2484
1389	3596	1189	2407
1390	3593	1197	2396
1391	3595	1187	2408
1392	3601	1184	2417
1393	3586	1170	2416
1394	3575	1178	2397
1395	3566	1174	2392
1396	3552	1148	2404
1397	3549	1152	2397
1398	3566	1182	2384
1399	3560	1186	2374
1400	3548	1208	2340
1401	3541	1220	2321
1402	3542	1211	2331
1403	3545	1196	2349
1404	3550	1192	2358
1405	3561	1190	2371
1406	3537	1185	2352
1407	3499	1193	2306
1408	3525	1178	2347
1409	3524	1176	2348
1410	3532	1193	2339
1411	3516	1187	2329
1412	3498	1156	2342
1413	3513	1171	2342
1414	3500	1193	2307
1415	3482	1176	2306
1416	3482	1170	2312
1417	3502	1182	2320
1418	3476	1182	2294
1419	3462	1193	2269
1420	3490	1194	2296
1421	3477	1190	2287
1422	3449	1195	2254
1423	3454	1173	2281
1424	3450	1180	2270
1425	3460	1179	2281
1426	3442	1192	2250
1427	3442	1194	2248
1428	3440	1170	2270
1429	3427	1191	2236
1430	3456	1180	2276
1431	3454	1172	2282
1432	3448	1180	2268
1433	3435	1167	2268
1434	3426	1180	2246
1435	3424	1196	2228
1436	3416	1197	2219
1437	3393	1212	2181
1438	3408	1190	2218
1439	3408	1185	2223
1440	3401	1183	2218
1441	3402	1165	2237
1442	3389	1161	2228
1443	3390	1159	2231
1444	3378	1184	2194
1445	3374	1202	2172
1446	3379	1180	2199
1447	3378	1197	2181
1448	3373	1185	2188
1449	3339	1188	2151
1450	3347	1190	2157
1451	3370	1180	2190
1452	3342	1181	2161
1453	3335	1168	2167
1454	3311	1186	2125
1455	3323	1189	2134
1456	3325	1184	2141
1457	3319	1170	2149
1458	3308	1170	2138
1459	3325	1179	2146
1460	3334	1173	2161
1461	3324	1178	2146
1462	3300	1173	2127
1463	3291	1176	2115
1464	3287	1193	2094
1465	3296	1193	2103
1466	3270	1170	2100
1467	3301	1156	2145
1468	3306	1153	2153
1469	3293	1198	2095
1470	3279	1196	2083
1471	3299	1186	2113
1472	3290	1185	2105
1473	3284	1191	2093
1474	3263	1185	2078
1475	3245	1197	2048
1476	3251	1170	2081
1477	3251	1179	2072
1478	3248	1198	2050
1479	3240	1179	2061
1480	3243	1165	2078
1481	3246	1171	2075
1482	3221	1169	2052
1483	3227	1179	2048
1484	3238	1199	2039
1485	3224	1190	2034
1486	3198	1180	2018
1487	3188	1198	1990
1488	3191	1199	1992
1489	3198	1184	2014
1490	3188	1185	2003
1491	3194	1181	2013
1492	3193	1183	2010
1493	3200	1177	2023
1494	3195	1195	2000
1495	3177	1191	1986
1496	3164	1169	1995
1497	3170	1163	2007
1498	3160	1173	1987
1499	3148	1170	1978
1500	3158	1157	2001
1501	3161	1158	2003
1502	3143	1184	1959
1503	3158	1172	1986
1504	3156	1159	1997
1505	3153	1177	1976
1506	3131	1182	1949
1507	3126	1170	1956
1508	3130	1169	1961
1509	3114	1172	1942
1510	3108	1186	1922
1511	3133	1191	1942
1512	3109	1197	1912
1513	3093	1201	1892
1514	3117	1186	1931
1515	3112	1166	1946
1516	3085	1178	1907
1517	3097	1182	1915
1518	3097	1170	1927
1519	3124	1197	1927
1520	3128	1188	1940
1521	3113	1193	1920
1522	3100	1179	1921
1523	3067	1173	1894
1524	3075	1173	1902
1525	3091	1147	1944
1526	3065	1155	1910
1527	3075	1170	1905
1528	3101	1194	1907
1529	3080	1180	1900
1530	3048	1184	1864
1531	3068	1184	1884
1532	3066	1172	1894
1533	3053	1191	1862
1534	3066	1194	1872
1535	3059	1167	1892
1536	3052	1164	1888
1537	3046	1167	1879
1538	3040	1183	1857
1539	3032	1175	1857
1540	3034	1168	1866
1541	3024	1166	1858
1542	3017	1172	1845
1543	3012	1180	1832
1544	3018	1167	1851
1545	3002	1159	1843
1546	3004	1178	1826
1547	2999	1176	1823
1548	2973	1170	1803
1549	2968	1171	1797
1550	2966	1179	1787
1551	2983	1169	1814
1552	2986	1171	1815
1553	2977	1196	1781
1554	2961	1197	1764
1555	2975	1183	1792
1556	2959	1194	1765
1557	2941	1199	1742
1558	2965	1198	1767
1559	2966	1187	1779
1560	2943	1185	1758
1561	2947	1181	1766
1562	2951	1165	1786
1563	2946	1162	1784
1564	2937	1163	1774
1565	2938	1176	1762
1566	2941	1179	1762
1567	2937	1190	1747
1568	2921	1211	1710
1569	2937	1202	1735
1570	2927	1176	1751
1571	2918	1159	1759
1572	2918	1157	1761
1573	2907	1164	1743
1574	2909	1170	1739
1575	2913	1169	1744
1576	2899	1191	1708
1577	2903	1194	1709
1578	2906	1184	1722
1579	2905	1173	1732
1580	2893	1192	1701
1581	2885	1199	1686
1582	2867	1202	1665
1583	2873	1176	1697
1584	2885	1175	1710
1585	2890	1174	1716
1586	2881	1183	1698
1587	2873	1197	1676
1588	2882	1174	1708
1589	2869	1169	1700
1590	2883	1183	1700
1591	2891	1175	1716
1592	2868	1186	1682
1593	2842	1173	1669
1594	2847	1177	1670
1595	2850	1196	1654
1596	2852	1167	1685
1597	2853	1159	1694
1598	2847	1176	1671
1599	2837	1179	1658
1600	2846	1187	1659
1601	2866	1177	1689
1602	2837	1166	1671
1603	2821	1181	1640
1604	2821	1195	1626
1605	2818	1188	1630
1606	2808	1173	1635
1607	2812	1178	1634
1608	2811	1173	1638
1609	2808	1193	1615
1610	2800	1184	1616
1611	2791	1172	1619
1612	2801	1176	1625
1613	2801	1165	1636
1614	2773	1165	1608
1615	2776	1172	1604
1616	2764	1159	1605
1617	2764	1154	1610
1618	2764	1163	1601
1619	2769	1159	1610
1620	2768	1170	1598
1621	2756	1180	1576
1622	2752	1162	1590
1623	2766	1177	1589
1624	2750	1200	1550
1625	2748	1193	1555
1626	2743	1171	1572
1627	2746	1175	1571
1628	2746	1183	1563
1629	2742	1201	1541
1630	2745	1204	1541
1631	2757	1193	1564
1632	2748	1204	1544
1633	2734	1199	1535
1634	2735	1187	1548
1635	2734	1188	1546
1636	2731	1188	1543
1637	2723	1170	1553
1638	2718	1183	1535
1639	2718	1172	1546
1640	2722	1186	1536
1641	2716	1191	1525
1642	2706	1180	1526
1643	2693	1172	1521
1644	2700	1174	1526
1645	2721	1173	1548
1646	2719	1185	1534
1647	2707	1184	1523
1648	2707	1170	1537
1649	2719	1157	1562
1650	2715	1163	1552
1651	2711	1187	1524
1652	2698	1183	1515
1653	2703	1171	1532
1654	2681	1179	1502
1655	2684	1179	1505
1656	2700	1180	1520
1657	2676	1176	1500
1658	2661	1185	1476
1659	2683	1190	1493
1660	2677	1178	1499
1661	2667	1186	1481
1662	2674	1173	1501
1663	2683	1197	1486
1664	2663	1207	1456
1665	2643	1197	1446
1666	2651	1160	1491
1667	2658	1171	1487
1668	2663	1181	1482
1669	2636	1167	1469
1670	2648	1165	1483
1671	2654	1173	1481
1672	2672	1168	1504
1673	2664	1190	1474
1674	2641	1181	1460
1675	2643	1156	1487
1676	2629	1186	1443
1677	2639	1181	1458
1678	2625	1166	1459
1679	2638	1166	1472
1680	2629	1171	1458
1681	2633	1183	1450
1682	2625	1172	1453
1683	2610	1172	1438
1684	2614	1161	1453
1685	2607	1178	1429
1686	2598	1199	1399
1687	2593	1177	1416
1688	2600	1171	1429
1689	2616	1154	1462
1690	2620	1152	1468
1691	2609	1178	1431
1692	2597	1189	1408
1693	2583	1177	1406
1694	2580	1177	1403
1695	2577	1202	1375
1696	2576	1189	1387
1697	2580	1189	1391
1698	2587	1176	1411
1699	2592	1175	1417
1700	2576	1186	1390
1701	2571	1180	1391
1702	2575	1173	1402
1703	2567	1198	1369
1704	2570	1177	1393
1705	2558	1175	1383
1706	2566	1176	1390
1707	2574	1159	1415
1708	2570	1181	1389
1709	2543	1193	1350
1710	2557	1185	1372
1711	2563	1172	1391
1712	2555	1174	1381
1713	2564	1181	1383
1714	2553	1179	1374
1715	2548	1196	1352
1716	2533	1195	1338
1717	2524	1168	1356
1718	2517	1166	1351
1719	2544	1218	1326
1720	2510	1191	1319
1721	2522	1167	1355
1722	2530	1157	1373
1723	2523	1162	1361
1724	2526	1160	1366
1725	2517	1159	1358
1726	2510	1144	1366
1727	2506	1149	1357
1728	2511	1179	1332
1729	2502	1172	1330
1730	2476	1188	1288
1731	2474	1176	1298
1732	2471	1155	1316
1733	2474	1159	1315
1734	2471	1187	1284
1735	2486	1177	1309
1736	2468	1161	1307
1737	2481	1176	1305
1738	2467	1189	1278
1739	2464	1180	1284
1740	2463	1181	1282
1741	2454	1176	1278
1742	2462	1177	1285
1743	2428	1180	1248
1744	2421	1176	1245
1745	2434	1178	1256
1746	2429	1175	1254
1747	2427	1153	1274
1748	2432	1155	1277
1749	2421	1182	1239
1750	2427	1167	1260
1751	2446	1163	1283
1752	2437	1186	1251
1753	2424	1200	1224
1754	2401	1176	1225
1755	2400	1154	1246
1756	2411	1176	1235
1757	2406	1172	1234
1758	2410	1160	1250
1759	2404	1181	1223
1760	2398	1197	1201
1761	2395	1197	1198
1762	2392	1156	1236
1763	2390	1154	1236
1764	2388	1164	1224
1765	2387	1160	1227
1766	2372	1171	1201
1767	2369	1173	1196
1768	2401	1181	1220
1769	2403	1191	1212
1770	2391	1173	1218
1771	2382	1168	1214
1772	2372	1150	1222
1773	2379	1159	1220
1774	2357	1179	1178
1775	2354	1183	1171
1776	2368	1190	1178
1777	2361	1170	1191
1778	2344	1175	1169
1779	2355	1184	1171
1780	2339	1186	1153
1781	2340	1194	1146
1782	2355	1184	1171
1783	2319	1186	1133
1784	2310	1188	1122
1785	2323	1177	1146
1786	2319	1179	1140
1787	2306	1176	1130
1788	2303	1189	1114
1789	2291	1185	1106
1790	2309	1170	1139
1791	2297	1156	1141
1792	2290	1177	1113
1793	2297	1178	1119
1794	2302	1185	1117
1795	2298	1190	1108
1796	2273	1187	1086
1797	2267	1204	1063
1798	2274	1184	1090
1799	2263	1189	1074
1800	2251	1180	1071
1801	2251	1187	1064
1802	2268	1191	1077
1803	2274	1173	1101
1804	2263	1166	1097
1805	2271	1168	1103
1806	2249	1175	1074
1807	2253	1157	1096
1808	2233	1170	1063
1809	2219	1172	1047
1810	2224	1170	1054
1811	2225	1172	1053
1812	2229	1179	1050
1813	2233	1172	1061
1814	2216	1171	1045
1815	2205	1169	1036
1816	2189	1199	990
1817	2183	1209	974
1818	2185	1186	999
1819	2172	1179	993
1820	2184	1201	983
1821	2192	1211	981
1822	2176	1202	974
1823	2169	1167	1002
1824	2151	1177	974
1825	2142	1188	954
1826	2158	1188	970
1827	2152	1177	975
1828	2145	1170	975
1829	2158	1185	973
1830	2147	1183	964
1831	2139	1180	959
1832	2124	1180	944
1833	2115	1180	935
1834	2105	1192	913
1835	2120	1185	935
1836	2117	1162	955
1837	2123	1176	947
1838	2123	1193	930
1839	2108	1190	918
1840	2096	1193	903
1841	2097	1185	912
1842	2094	1174	920
1843	2079	1166	913
1844	2068	1174	894
1845	2069	1175	894
1846	2076	1169	907
1847	2086	1176	910
1848	2078	1162	916
1849	2068	1176	892
1850	2056	1198	858
1851	2052	1178	874
1852	2059	1170	889
1853	2073	1167	906
1854	2071	1179	892
1855	2067	1178	889
1856	2058	1164	894
1857	2054	1155	899
1858	2048	1162	886
1859	2046	1172	874
1860	2048	1171	877
1861	2042	1174	868
1862	2037	1176	861
1863	2030	1192	838
1864	2010	1193	817
1865	2011	1179	832
1866	1999	1183	816
1867	2009	1196	813
1868	2013	1185	828
1869	1988	1165	823
1870	1981	1174	807
1871	1988	1177	811
1872	1973	1180	793
1873	1975	1163	812
1874	1978	1163	815
1875	1970	1169	801
1876	1962	1150	812
1877	1944	1163	781
1878	1943	1177	766
1879	1932	1162	770
1880	1923	1171	752
1881	1909	1159	750
1882	1889	1165	724
1883	1882	1186	696
1884	1879	1176	703
1885	1868	1185	683
1886	1866	1185	681
1887	1872	1179	693
1888	1848	1185	663
1889	1834	1176	658
1890	1824	1177	647
1891	1825	1186	639
1892	1823	1180	643
1893	1814	1178	636
1894	1796	1171	625
1895	1788	1171	617
1896	1780	1182	598
1897	1758	1193	565
1898	1754	1185	569
1899	1764	1167	597
1900	1750	1173	577
1901	1749	1185	564
1902	1734	1190	544
1903	1734	1159	575
1904	1721	1159	562
1905	1727	1178	549
1906	1720	1176	544
1907	1721	1177	544
1908	1727	1178	549
1909	1716	1168	548
1910	1717	1159	558
1911	1720	1173	547
1912	1733	1181	552
1913	1743	1180	563
1914	1727	1184	543
1915	1722	1169	553
1916	1718	1174	544
1917	1729	1176	553
1918	1738	1177	561
1919	1738	1177	561
1920	1745	1159	586
1921	1745	1151	594
1922	1733	1179	554
1923	1726	1176	550
1924	1724	1153	571
1925	1740	1152	588
1926	1748	1163	585
1927	1742	1163	579
1928	1725	1175	550
1929	1726	1172	554
1930	1743	1176	567
1931	1738	1182	556
1932	1731	1169	562
1933	1722	1177	545
1934	1722	1179	543
1935	1729	1164	565
1936	1727	1161	566
1937	1730	1164	566
1938	1718	1179	539
1939	1709	1170	539
1940	1709	1151	558
1941	1706	1168	538
1942	1697	1162	535
1943	1686	1158	528
1944	1680	1173	507
1945	1681	1183	498
1946	1675	1175	500
1947	1674	1176	498
1948	1672	1176	496
1949	1673	1165	508
1950	1677	1160	517
1951	1665	1177	488
1952	1654	1182	472
1953	1663	1178	485
1954	1651	1178	473
1955	1656	1171	485
1956	1658	1165	493
1957	1655	1163	492
1958	1662	1167	495
1959	1654	1165	489
1960	1653	1147	506
1961	1632	1159	473
1962	1623	1172	451
1963	1626	1152	474
1964	1629	1171	458
1965	1627	1202	425
1966	1625	1187	438
1967	1624	1180	444
1968	1585	1171	414
1969	1616	1181	435
1970	1603	1177	426
1971	1592	1191	401
1972	1589	1182	407
1973	1585	1186	399
1974	1600	1180	420
1975	1599	1167	432
1976	1591	1180	411
1977	1592	1192	400
1978	1578	1196	382
1979	1584	1197	387
1980	1578	1175	403
1981	1574	1163	411
1982	1569	1193	376
1983	1568	1186	382
1984	1563	1172	391
1985	1551	1183	368
1986	1551	1173	378
1987	1567	1160	407
1988	1566	1171	395
1989	1561	1170	391
1990	1560	1184	376
1991	1553	1174	379
1992	1532	1166	366
1993	1535	1181	354
1994	1544	1170	374
1995	1536	1173	363
1996	1523	1175	348
1997	1526	1179	347
1998	1530	1200	330
1999	1534	1199	335
2000	1523	1180	343
2001	1511	1170	341
2002	1513	1162	351
2003	1515	1177	338
2004	1523	1178	345
2005	1533	1146	387
2006	1513	1161	352
2007	1509	1174	335
2008	1504	1186	318
2009	1506	1186	320
2010	1510	1190	320
2011	1503	1175	328
2012	1486	1164	322
2013	1488	1186	302
2014	1488	1178	310
2015	1485	1171	314
2016	1476	1189	287
2017	1478	1193	285
2018	1470	1167	303
2019	1473	1159	314
2020	1474	1176	298
2021	1470	1177	293
2022	1458	1165	293
2023	1464	1167	297
2024	1467	1195	272
2025	1464	1184	280
2026	1463	1161	302
2027	1454	1179	275
2028	1449	1180	269
2029	1455	1182	273
2030	1451	1186	265
2031	1449	1181	268
2032	1442	1166	276
2033	1439	1180	259
2034	1444	1187	257
2035	1441	1168	273
2036	1435	1172	263
2037	1444	1176	268
2038	1438	1172	266
2039	1429	1170	259
2040	1423	1180	243
2041	1440	1182	258
2042	1444	1166	278
2043	1438	1166	272
2044	1423	1167	256
2045	1425	1169	256
2046	1415	1186	229
2047	1401	1185	216
2048	1411	1192	219
2049	1410	1178	232
2050	1406	1166	240
2051	1403	1170	233
2052	1404	1170	234
2053	1402	1182	220
2054	1391	1164	227
2055	1388	1179	209
2056	1400	1182	218
2057	1408	1179	229
2058	1390	1152	238
2059	1391	1164	227
2060	1391	1174	217
2061	1393	1174	219
2062	1390	1193	197
2063	1393	1211	182
2064	1381	1193	188
2065	1383	1185	198
2066	1384	1178	206
2067	1380	1167	213
2068	1384	1190	194
2069	1378	1174	204
2070	1375	1190	185
2071	1378	1215	163
2072	1378	1194	184
2073	1377	1189	188
2074	1374	1179	195
2075	1377	1193	184
2076	1374	1195	179
2077	1360	1189	171
2078	1367	1170	197
2079	1360	1151	209
2080	1341	1153	188
2081	1359	1185	174
2082	1362	1188	174
2083	1357	1176	181
2084	1348	1187	161
2085	1346	1186	160
2086	1342	1177	165
2087	1345	1183	162
2088	1336	1191	145
2089	1341	1169	172
2090	1343	1182	161
2091	1342	1196	146
2092	1339	1202	137
2093	1341	1188	153
2094	1349	1190	159
2095	1342	1212	130
2096	1347	1194	153
2097	1356	1168	188
2098	1343	1162	181
2099	1334	1180	154
2100	1331	1189	142
2101	1328	1188	140
2102	1320	1179	141
2103	1328	1183	145
2104	1330	1189	141
2105	1328	1174	154
2106	1328	1171	157
2107	1322	1186	136
2108	1311	1176	135
2109	1314	1185	129
2110	1320	1189	131
2111	1314	1156	158
2112	1306	1158	148
2113	1311	1175	136
2114	1315	1177	138
2115	1312	1177	135
2116	1298	1172	126
2117	1302	1167	135
2118	1307	1187	120
2119	1314	1175	139
2120	1305	1167	138
2121	1306	1183	123
2122	1306	1188	118
2123	1304	1190	114
2124	1308	1195	113
2125	1300	1197	103
2126	1293	1187	106
2127	1296	1196	100
2128	1302	1199	103
2129	1305	1201	104
2130	1308	1191	117
2131	1296	1191	105
2132	1285	1168	117
2133	1291	1185	106
2134	1287	1185	102
2135	1284	1197	87
2136	1282	1185	97
2137	1291	1173	118
2138	1287	1168	119
2139	1280	1185	95
2140	1276	1178	98
2141	1268	1181	87
2142	1276	1182	94
2143	1288	1174	114
2144	1278	1191	87
2145	1274	1187	87
2146	1276	1172	104
2147	1278	1163	115
2148	1275	1159	116
2149	1263	1172	91
2150	1259	1182	77
2151	1273	1198	75
2152	1272	1169	103
2153	1272	1151	121
2154	1268	1177	91
2155	1263	1183	80
2156	1265	1198	67
2157	1262	1190	72
2158	1255	1181	74
2159	1260	1194	66
2160	1258	1196	62
2161	1252	1209	43
2162	1256	1207	49
2163	1256	1179	77
2164	1257	1189	68
2165	1256	1175	81
2166	1260	1184	76
2167	1261	1168	93
2168	1253	1156	97
2169	1263	1184	79
2170	1251	1196	55
2171	1238	1182	56
2172	1246	1196	50
2173	1250	1206	44
2174	1251	1187	64
2175	1251	1178	73
2176	1250	1188	62
2177	1252	1172	80
2178	1254	1163	91
2179	1254	1179	75
2180	1246	1177	69
2181	1243	1202	41
2182	1246	1184	62
2183	1243	1181	62
2184	1244	1218	26
2185	1239	1199	40
2186	1231	1162	69
2187	1242	1161	81
2188	1242	1161	81
2189	1236	1151	85
2190	1237	1177	60
2191	1245	1200	45
2192	1246	1182	64
2193	1239	1192	47
2194	1231	1202	29
2195	1229	1198	31
2196	1226	1189	37
2197	1234	1178	56
2198	1245	1157	88
2199	1240	1147	93
2200	1242	1177	65
2201	1239	1176	63
2202	1234	1195	39
2203	1231	1192	39
2204	1227	1190	37
2205	1236	1171	65
2206	1228	1187	41
2207	1221	1173	48
2208	1227	1171	56
2209	1234	1193	41
2210	1231	1182	49
2211	1230	1168	62
2212	1229	1171	58
2213	1226	1188	38
2214	1225	1167	58
2215	1231	1167	64
2216	1229	1164	65
2217	1231	1160	71
2218	1226	1177	49
2219	1253	1217	36
2220	1239	1180	59
2221	1232	1164	68
2222	1232	1170	62
2223	1231	1188	43
2224	1221	1164	57
2225	1227	1163	64
2226	1223	1188	35
2227	1223	1195	28
2228	1230	1197	33
2229	1232	1173	59
2230	1228	1174	54
2231	1227	1162	65
2232	1232	1156	76
2233	1224	1149	75
2234	1222	1184	38
2235	1230	1185	45
2236	1224	1186	38
2237	1228	1187	41
2238	1234	1186	48
2239	1241	1183	58
2240	1238	1188	50
2241	1230	1177	53
2242	1224	1184	40
2243	1229	1171	58
2244	1230	1164	66
2245	1224	1172	52
2246	1230	1165	65
2247	1231	1173	58
2248	1221	1171	50
2249	1226	1188	38
2250	1237	1177	60
2251	1237	1185	52
2252	1223	1183	40
2253	1226	1156	70
2254	1226	1180	46
2255	1226	1195	31
2256	1224	1159	65
2257	1230	1157	73
2258	1226	1177	49
2259	1228	1174	54
2260	1230	1171	59
2261	1227	1164	63
2262	1233	1158	75
2263	1240	1157	83
2264	1231	1170	61
2265	1228	1177	51
2266	1229	1179	50
2267	1218	1168	50
2268	1209	1164	45
2269	1210	1188	22
2270	1215	1179	36
2271	1231	1172	59
2272	1240	1176	64
2273	1228	1181	47
2274	1219	1183	36
2275	1226	1162	64
2276	1234	1164	70
2277	1229	1189	40
2278	1234	1167	67
2279	1235	1150	85
2280	1223	1187	36
2281	1231	1167	64
2282	1227	1174	53
2283	1221	1179	42
2284	1224	1186	38
2285	1228	1185	43
2286	1230	1178	52
2287	1218	1183	35
2288	1219	1184	35
2289	1222	1175	47
2290	1220	1161	59
2291	1225	1181	44
2292	1223	1190	33
2293	1216	1188	28
2294	1220	1171	49
2295	1218	1165	53
2296	1218	1178	40
2297	1225	1161	64
2298	1216	1178	38
2299	1226	1183	43
2300	1229	1165	64
2301	1226	1184	42
2302	1229	1190	39
2303	1225	1167	58
2304	1216	1171	45
2305	1222	1198	24
2306	1220	1209	11
2307	1214	1200	14
2308	1219	1203	16
2309	1222	1181	41
2310	1221	1189	32
2311	1220	1200	20
2312	1220	1198	22
2313	1211	1204	7
2314	1221	1185	36
2315	1234	1186	48
2316	1220	1169	51
2317	1218	1175	43
2318	1223	1164	59
2319	1227	1140	87
2320	1223	1160	63
2321	1236	1187	49
2322	1234	1178	56
2323	1219	1180	39
2324	1215	1186	29
2325	1221	1180	41
2326	1221	1186	35
2327	1228	1174	54
2328	1219	1177	42
2329	1209	1190	19
2330	1218	1186	32
2331	1228	1178	50
2332	1231	1184	47
2333	1230	1157	73
2334	1228	1180	48
2335	1226	1189	37
2336	1218	1166	52
2337	1217	1174	43
2338	1221	1181	40
2339	1218	1180	38
2340	1220	1186	34
2341	1227	1162	65
2342	1228	1184	44
2343	1229	1185	44
2344	1228	1175	53
2345	1232	1167	65
2346	1228	1177	51
2347	1226	1185	41
2348	1214	1184	30
2349	1219	1182	37
2350	1228	1178	50
2351	1219	1161	58
2352	1217	1175	42
2353	1219	1178	41
2354	1220	1155	65
2355	1230	1153	77
2356	1222	1150	72
2357	1224	1179	45
2358	1226	1192	34
2359	1226	1169	57
2360	1225	1179	46
2361	1230	1162	68
2362	1231	1169	62
2363	1232	1166	66
2364	1231	1168	63
2365	1219	1173	46
2366	1211	1168	43
2367	1213	1185	28
2368	1214	1187	27
2369	1213	1168	45
2370	1222	1185	37
2371	1229	1181	48
2372	1225	1183	42
2373	1221	1190	31
2374	1210	1198	12
2375	1210	1205	5
2376	1225	1186	39
2377	1227	1173	54
2378	1221	1164	57
2379	1227	1172	55
2380	1224	1169	55
2381	1222	1161	61
2382	1225	1194	31
2383	1220	1209	11
2384	1222	1203	19
2385	1227	1193	34
2386	1221	1186	35
2387	1218	1171	47
2388	1222	1189	33
2389	1222	1213	9
2390	1219	1180	39
2391	1220	1179	41
2392	1227	1195	32
2393	1220	1202	18
2394	1218	1206	12
2395	1229	1185	44
2396	1229	1196	33
2397	1223	1193	30
2398	1222	1191	31
2399	1226	1179	47
2400	1228	1177	51
2401	1225	1175	50
2402	1215	1192	23
2403	1214	1185	29
2404	1216	1176	40
2405	1218	1176	42
2406	1223	1165	58
2407	1226	1165	61
2408	1224	1177	47
2409	1231	1169	62
2410	1227	1172	55
2411	1240	1204	36
2412	1231	1200	31
2413	1216	1172	44
2414	1225	1165	60
2415	1219	1181	38
2416	1223	1176	47
2417	1230	1169	61
2418	1230	1181	49
2419	1225	1192	33
2420	1225	1210	15
2421	1227	1182	45
2422	1219	1186	33
2423	1210	1188	22
2424	1209	1187	22
2425	1216	1193	23
2426	1217	1172	45
2427	1226	1161	65
2428	1224	1172	52
2429	1226	1217	9
2430	1228	1200	28
2431	1226	1178	48
2432	1227	1197	30
2433	1234	1195	39
2434	1231	1192	39
2435	1230	1191	39
2436	1233	1175	58
2437	1225	1161	64
2438	1216	1176	40
2439	1222	1192	30
2440	1217	1162	55
2441	1209	1166	43
2442	1217	1171	46
2443	1223	1194	29
2444	1217	1194	23
2445	1225	1184	41
2446	1217	1179	38
2447	1222	1157	65
2448	1228	1164	64
2449	1227	1180	47
2450	1236	1170	66
2451	1238	1183	55
2452	1226	1181	45
2453	1221	1187	34
2454	1217	1178	39
2455	1228	1184	44
2456	1223	1201	22
2457	1223	1204	19
2458	1216	1180	36
2459	1209	1171	38
2460	1222	1180	42
2461	1225	1186	39
2462	1230	1179	51
2463	1225	1176	49
2464	1220	1195	25
2465	1224	1181	43
2466	1219	1169	50
2467	1225	1187	38
2468	1209	1155	54
2469	1226	1183	43
2470	1230	1177	53
2471	1232	1186	46
2472	1224	1181	43
2473	1223	1192	31
2474	1224	1176	48
2475	1220	1174	46
2476	1228	1183	45
2477	1237	1165	72
2478	1235	1169	66
2479	1228	1162	66
2480	1221	1175	46
2481	1218	1168	50
2482	1222	1170	52
2483	1221	1179	42
2484	1232	1157	75
2485	1226	1159	67
2486	1221	1176	45
2487	1227	1153	74
2488	1222	1181	41
2489	1218	1211	7
2490	1220	1194	26
2491	1220	1201	19
2492	1219	1204	15
2493	1210	1167	43
2494	1212	1161	51
2495	1218	1186	32
2496	1214	1175	39
2497	1216	1177	39
2498	1220	1185	35
2499	1215	1172	43
2500	1218	1155	63
2501	1230	1163	67
2502	1228	1170	58
2503	1222	1177	45
2504	1223	1171	52
2505	1232	1170	62
2506	1225	1189	36
2507	1216	1181	35
2508	1212	1183	29
2509	1219	1180	39
2510	1224	1182	42
2511	1232	1193	39
2512	1244	1188	56
2513	1232	1185	47
2514	1232	1193	39
2515	1228	1190	38
2516	1221	1193	28
2517	1229	1186	43
2518	1228	1180	48
2519	1227	1173	54
2520	1222	1200	22
2521	1222	1182	40
2522	1228	1174	54
2523	1228	1185	43
2524	1231	1179	52
2525	1229	1176	53
2526	1222	1168	54
2527	1221	1192	29
2528	1217	1177	40
2529	1225	1166	59
2530	1221	1178	43
2531	1220	1181	39
2532	1231	1183	48
2533	1230	1177	53
2534	1228	1183	45
2535	1236	1193	43
2536	1229	1187	42
2537	1223	1167	56
2538	1222	1157	65
2539	1220	1152	68
2540	1213	1191	22
2541	1229	1196	33
2542	1231	1189	42
2543	1231	1163	68
2544	1233	1185	48
2545	1223	1209	14
2546	1217	1196	21
2547	1216	1198	18
2548	1228	1193	35
2549	1232	1182	50
2550	1229	1170	59
2551	1223	1179	44
2552	1220	1181	39
2553	1225	1203	22
2554	1224	1172	52
2555	1230	1169	61
2556	1222	1175	47
2557	1223	1159	64
2558	1221	1179	42
2559	1226	1213	13
2560	1223	1190	33
2561	1226	1182	44
2562	1223	1194	29
2563	1220	1185	35
2564	1209	1169	40
2565	1216	1171	45
2566	1220	1172	48
2567	1224	1164	60
2568	1223	1159	64
2569	1236	1161	75
2570	1237	1163	74
2571	1224	1175	49
2572	1222	1201	21
2573	1224	1177	47
2574	1218	1167	51
2575	1217	1184	33
2576	1217	1181	36
2577	1215	1185	30
2578	1221	1173	48
2579	1231	1205	26
2580	1222	1203	19
2581	1223	1178	45
2582	1225	1164	61
2583	1229	1163	66
2584	1226	1169	57
2585	1219	1164	55
2586	1224	1169	55
2587	1223	1179	44
2588	1220	1193	27
2589	1224	1176	48
2590	1222	1180	42
2591	1219	1170	49
2592	1216	1179	37
2593	1221	1175	46
2594	1222	1170	52
2595	1224	1182	42
2596	1209	1177	32
2597	1217	1197	20
2598	1218	1195	23
2599	1215	1193	22
2600	1215	1191	24
2601	1217	1170	47
2602	1207	1155	52
2603	1215	1196	19
2604	1209	1210	-1
2605	1210	1206	4
2606	1217	1187	30
2607	1215	1183	32
2608	1213	1188	25
2609	1215	1190	25
2610	1218	1179	39
2611	1218	1180	38
2612	1219	1181	38
2613	1222	1193	29
2614	1214	1189	25
2615	1213	1187	26
2616	1219	1189	30
2617	1224	1181	43
2618	1223	1185	38
2619	1222	1183	39
2620	1215	1150	65
2621	1212	1157	55
2622	1219	1178	41
2623	1219	1171	48
2624	1215	1187	28
2625	1214	1202	12
2626	1223	1207	16
2627	1219	1193	26
2628	1206	1173	33
2629	1219	1187	32
2630	1218	1174	44
2631	1205	1176	29
2632	1218	1166	52
2633	1221	1167	54
2634	1214	1190	24
2635	1217	1193	24
2636	1219	1203	16
2637	1209	1193	16
2638	1215	1201	14
2639	1234	1195	39
2640	1227	1164	63
2641	1225	1161	64
2642	1222	1162	60
2643	1224	1171	53
2644	1221	1183	38
2645	1222	1200	22
2646	1222	1206	16
2647	1231	1195	36
2648	1222	1195	27
2649	1214	1192	22
2650	1214	1180	34
2651	1214	1163	51
2652	1221	1165	56
2653	1227	1160	67
2654	1216	1153	63
2655	1212	1180	32
2656	1216	1199	17
2657	1222	1179	43
2658	1227	1176	51
2659	1227	1188	39
2660	1225	1179	46
2661	1228	1185	43
2662	1215	1165	50
2663	1216	1170	46
2664	1222	1177	45
2665	1219	1188	31
2666	1213	1180	33
2667	1230	1145	85
2668	1228	1170	58
2669	1218	1194	24
2670	1218	1163	55
2671	1231	1157	74
2672	1233	1172	61
2673	1229	1180	49
2674	1229	1179	50
2675	1226	1172	54
2676	1231	1186	45
2677	1229	1175	54
2678	1231	1167	64
2679	1222	1168	54
2680	1227	1184	43
2681	1226	1182	44
2682	1223	1177	46
2683	1217	1184	33
2684	1221	1185	36
2685	1226	1187	39
2686	1220	1192	28
2687	1232	1196	36
2688	1228	1181	47
2689	1226	1166	60
2690	1231	1163	68
2691	1231	1172	59
2692	1227	1178	49
2693	1223	1190	33
2694	1230	1160	70
2695	1228	1151	77
2696	1222	1178	44
2697	1214	1175	39
2698	1214	1199	15
2699	1220	1194	26
2700	1231	1184	47
2701	1233	1177	56
2702	1225	1180	45
2703	1223	1189	34
2704	1220	1166	54
2705	1226	1150	76
2706	1218	1152	66
2707	1226	1171	55
2708	1223	1171	52
2709	1219	1175	44
2710	1222	1165	57
2711	1223	1168	55
2712	1220	1164	56
2713	1228	1195	33
2714	1221	1190	31
2715	1225	1182	43
2716	1219	1163	56
2717	1217	1163	54
2718	1208	1151	57
2719	1235	1193	42
2720	1225	1184	41
2721	1224	1175	49
2722	1213	1171	42
2723	1214	1171	43
2724	1217	1175	42
2725	1215	1177	38
2726	1211	1197	14
2727	1218	1155	63
2728	1225	1160	65
2729	1225	1175	50
2730	1205	1183	22
2731	1214	1187	27
2732	1222	1178	44
2733	1229	1177	52
2734	1221	1195	26
2735	1224	1182	42
2736	1222	1173	49
2737	1225	1167	58
2738	1230	1158	72
2739	1226	1163	63
2740	1226	1174	52
2741	1221	1178	43
2742	1217	1176	41
2743	1213	1157	56
2744	1216	1161	55
2745	1227	1172	55
2746	1223	1169	54
2747	1230	1183	47
2748	1228	1185	43
2749	1227	1185	42
2750	1219	1177	42
2751	1218	1175	43
2752	1223	1174	49
2753	1223	1184	39
2754	1221	1180	41
2755	1231	1165	66
2756	1233	1157	76
2757	1228	1187	41
2758	1231	1183	48
2759	1235	1171	64
2760	1227	1158	69
2761	1226	1182	44
2762	1223	1176	47
2763	1226	1169	57
2764	1221	1165	56
2765	1225	1172	53
2766	1218	1186	32
2767	1221	1190	31
2768	1223	1176	47
2769	1224	1186	38
2770	1225	1194	31
2771	1233	1168	65
2772	1224	1176	48
2773	1223	1177	46
2774	1226	1178	48
2775	1221	1209	12
2776	1227	1195	32
2777	1229	1191	38
2778	1222	1163	59
2779	1213	1173	40
2780	1212	1178	34
2781	1210	1173	37
2782	1214	1163	51
2783	1209	1161	48
2784	1213	1188	25
2785	1226	1197	29
2786	1221	1193	28
2787	1229	1192	37
2788	1225	1191	34
2789	1210	1191	19
2790	1217	1180	37
2791	1229	1183	46
2792	1222	1193	29
2793	1225	1149	76
2794	1215	1174	41
2795	1214	1207	7
2796	1224	1203	21
2797	1228	1182	46
2798	1213	1173	40
2799	1216	1183	33
2800	1223	1207	16
2801	1218	1190	28
2802	1221	1163	58
2803	1226	1163	63
2804	1219	1186	33
2805	1216	1191	25
2806	1217	1169	48
2807	1222	1168	54
2808	1220	1162	58
2809	1218	1163	55
2810	1216	1167	49
2811	1224	1163	61
2812	1218	1174	44
2813	1224	1171	53
2814	1230	1176	54
2815	1231	1182	49
2816	1223	1189	34
2817	1223	1185	38
2818	1227	1176	51
2819	1231	1156	75
2820	1224	1176	48
2821	1217	1201	16
2822	1221	1187	34
2823	1222	1180	42
2824	1225	1176	49
2825	1224	1161	63
2826	1229	1175	54
2827	1221	1198	23
2828	1218	1172	46
2829	1231	1150	81
2830	1218	1146	72
2831	1216	1163	53
2832	1228	1189	39
2833	1232	1187	45
2834	1218	1177	41
2835	1223	1188	35
2836	1227	1185	42
2837	1215	1187	28
2838	1214	1205	9
2839	1219	1165	54
2840	1221	1166	55
2841	1227	1181	46
2842	1220	1182	38
2843	1214	1187	27
2844	1218	1167	51
2845	1222	1182	40
2846	1223	1207	16
2847	1222	1201	21
2848	1228	1191	37
2849	1226	1181	45
2850	1225	1160	65
2851	1222	1169	53
2852	1226	1166	60
2853	1237	1159	78
2854	1227	1172	55
2855	1220	1187	33
2856	1225	1186	39
2857	1222	1177	45
2858	1217	1194	23
2859	1224	1203	21
2860	1221	1199	22
2861	1216	1193	23
2862	1215	1182	33
2863	1215	1168	47
2864	1211	1178	33
2865	1215	1171	44
2866	1216	1188	28
2867	1218	1188	30
2868	1225	1181	44
2869	1231	1172	59
2870	1223	1176	47
2871	1225	1173	52
2872	1224	1192	32
2873	1220	1207	13
2874	1215	1196	19
2875	1215	1193	22
2876	1226	1208	18
2877	1228	1198	30
2878	1217	1205	12
2879	1226	1186	40
2880	1226	1186	40
2881	1228	1190	38
2882	1227	1167	60
2883	1215	1195	20
2884	1220	1198	22
2885	1221	1179	42
2886	1224	1196	28
2887	1228	1179	49
2888	1229	1170	59
2889	1224	1186	38
2890	1217	1185	32
2891	1221	1188	33
2892	1214	1189	25
2893	1217	1203	14
2894	1220	1205	15
2895	1220	1185	35
2896	1225	1189	36
2897	1225	1199	26
2898	1224	1194	30
2899	1215	1193	22
2900	1218	1183	35
2901	1217	1183	34
2902	1216	1162	54
2903	1227	1174	53
2904	1228	1167	61
2905	1223	1154	69
2906	1218	1174	44
2907	1223	1181	42
2908	1219	1182	37
2909	1214	1165	49
2910	1217	1182	35
2911	1223	1191	32
2912	1231	1173	58
2913	1227	1168	59
2914	1222	1160	62
2915	1221	1185	36
2916	1226	1202	24
2917	1228	1206	22
2918	1213	1194	19
2919	1217	1183	34
2920	1218	1168	50
2921	1221	1156	65
2922	1205	1175	30
2923	1201	1202	-1
2924	1218	1210	8
2925	1224	1185	39
2926	1215	1173	42
2927	1218	1200	18
2928	1222	1195	27
2929	1218	1182	36
2930	1214	1196	18
2931	1225	1193	32
2932	1221	1168	53
2933	1225	1157	68
2934	1232	1178	54
2935	1230	1193	37
2936	1223	1191	32
2937	1217	1198	19
2938	1218	1194	24
2939	1220	1169	51
2940	1211	1175	36
2941	1214	1208	6
2942	1211	1209	2
2943	1218	1190	28
2944	1222	1211	11
2945	1228	1198	30
2946	1226	1184	42
2947	1227	1204	23
2948	1219	1198	21
2949	1219	1175	44
2950	1231	1171	60
2951	1229	1164	65
2952	1223	1188	35
2953	1232	1190	42
2954	1229	1187	42
2955	1220	1200	20
2956	1219	1194	25
2957	1220	1187	33
2958	1221	1187	34
2959	1227	1169	58
2960	1237	1166	71
2961	1234	1206	28
2962	1219	1195	24
2963	1220	1180	40
2964	1225	1191	34
2965	1223	1171	52
2966	1224	1195	29
2967	1225	1203	22
2968	1212	1165	47
2969	1232	1168	64
2970	1236	1172	64
2971	1235	1180	55
2972	1230	1192	38
2973	1227	1166	61
2974	1229	1157	72
2975	1235	1180	55
2976	1225	1166	59
2977	1214	1191	23
2978	1220	1194	26
2979	1227	1189	38
2980	1221	1194	27
2981	1231	1169	62
2982	1227	1173	54
2983	1222	1191	31
2984	1218	1212	6
2985	1219	1192	27
2986	1211	1159	52
2987	1209	1167	42
2988	1209	1179	30
2989	1219	1164	55
2990	1229	1159	70
2991	1235	1165	70
2992	1233	1171	62
2993	1220	1171	49
2994	1219	1177	42
2995	1219	1186	33
2996	1223	1196	27
2997	1219	1189	30
2998	1224	1191	33
2999	1220	1182	38
3000	1218	1171	47
3001	1223	1166	57
3002	1216	1188	28
3003	1211	1180	31
3004	1212	1170	42
3005	1223	1200	23
3006	1225	1195	30
3007	1226	1169	57
3008	1216	1182	34
3009	1226	1207	19
3010	1221	1194	27
3011	1222	1168	54
3012	1220	1173	47
3013	1234	1188	46
3014	1233	1177	56
3015	1219	1188	31
3016	1219	1185	34
3017	1219	1180	39
3018	1218	1171	47
3019	1221	1191	30
3020	1220	1201	19
3021	1224	1193	31
3022	1225	1189	36
3023	1219	1171	48
3024	1225	1178	47
3025	1227	1175	52
3026	1222	1172	50
3027	1221	1172	49
3028	1219	1192	27
3029	1222	1184	38
3030	1230	1165	65
3031	1231	1158	73
3032	1230	1169	61
3033	1229	1156	73
3034	1222	1168	54
3035	1222	1200	22
3036	1223	1211	12
3037	1212	1186	26
3038	1212	1168	44
3039	1223	1166	57
3040	1234	1177	57
3041	1236	1201	35
3042	1221	1183	38
3043	1218	1173	45
3044	1221	1172	49
3045	1221	1172	49
3046	1219	1153	66
3047	1223	1174	49
3048	1220	1185	35
3049	1221	1171	50
3050	1217	1157	60
3051	1221	1151	70
3052	1222	1170	52
3053	1221	1169	52
3054	1219	1158	61
3055	1217	1172	45
3056	1223	1165	58
3057	1221	1180	41
3058	1221	1187	34
3059	1228	1184	44
3060	1215	1187	28
3061	1211	1166	45
3062	1222	1163	59
3063	1227	1183	44
3064	1223	1185	38
3065	1221	1188	33
3066	1219	1187	32
3067	1226	1186	40
3068	1226	1169	57
3069	1220	1173	47
3070	1229	1166	63
3071	1228	1183	45
3072	1224	1180	44
3073	1222	1160	62
3074	1214	1147	67
3075	1220	1170	50
3076	1222	1168	54
3077	1225	1163	62
3078	1226	1166	60
3079	1228	1169	59
3080	1223	1190	33
3081	1227	1193	34
3082	1230	1195	35
3083	1236	1206	30
3084	1229	1191	38
3085	1232	1183	49
3086	1229	1189	40
3087	1223	1191	32
3088	1229	1203	26
3089	1217	1190	27
3090	1208	1177	31
3091	1222	1165	57
3092	1213	1173	40
3093	1205	1182	23
3094	1218	1191	27
3095	1228	1204	24
3096	1213	1198	15
3097	1217	1193	24
3098	1213	1186	27
3099	1223	1176	47
3100	1231	1189	42
3101	1228	1192	36
3102	1214	1184	30
3103	1221	1183	38
3104	1219	1194	25
3105	1212	1188	24
3106	1220	1178	42
3107	1222	1192	30
3108	1213	1191	22
3109	1228	1199	29
3110	1224	1181	43
3111	1208	1165	43
3112	1208	1170	38
3113	1215	1181	34
3114	1213	1169	44
3115	1214	1168	46
3116	1206	1179	27
3117	1211	1195	16
3118	1213	1185	28
3119	1216	1182	34
3120	1220	1173	47
3121	1220	1192	28
3122	1218	1193	25
3123	1215	1168	47
3124	1213	1160	53
3125	1217	1167	50
3126	1219	1184	35
3127	1223	1181	42
3128	1219	1183	36
3129	1224	1177	47
3130	1222	1182	40
3131	1215	1198	17
3132	1224	1179	45
3133	1227	1189	38
3134	1227	1199	28
3135	1222	1187	35
3136	1218	1190	28
3137	1220	1195	25
3138	1225	1185	40
3139	1222	1175	47
3140	1214	1201	13
3141	1226	1190	36
3142	1220	1178	42
3143	1225	1186	39
3144	1219	1180	39
3145	1221	1173	48
3146	1218	1181	37
3147	1222	1164	58
3148	1223	1163	60
3149	1218	1179	39
3150	1217	1174	43
3151	1226	1192	34
3152	1225	1191	34
3153	1221	1174	47
3154	1225	1166	59
3155	1221	1181	40
3156	1210	1189	21
3157	1215	1171	44
3158	1230	1172	58
3159	1220	1180	40
3160	1215	1175	40
3161	1216	1180	36
3162	1222	1178	44
3163	1227	1177	50
3164	1221	1179	42
3165	1226	1191	35
3166	1226	1179	47
3167	1222	1170	52
3168	1230	1168	62
3169	1227	1160	67
3170	1216	1189	27
3171	1221	1197	24
3172	1219	1170	49
3173	1225	1186	39
3174	1222	1186	36
3175	1221	1204	17
3176	1228	1190	38
3177	1230	1178	52
3178	1229	1168	61
3179	1229	1177	52
3180	1222	1183	39
3181	1219	1181	38
3182	1228	1177	51
3183	1225	1186	39
3184	1221	1194	27
3185	1213	1182	31
3186	1213	1175	38
3187	1231	1172	59
3188	1231	1156	75
3189	1223	1176	47
3190	1222	1178	44
3191	1220	1172	48
3192	1224	1171	53
3193	1221	1169	52
3194	1213	1178	35
3195	1217	1197	20
3196	1231	1193	38
3197	1237	1173	64
3198	1227	1176	51
3199	1217	1198	19
3200	1220	1185	35
3201	1229	1186	43
3202	1218	1173	45
3203	1228	1172	56
3204	1230	1178	52
3205	1235	1178	57
3206	1229	1179	50
3207	1229	1186	43
3208	1232	1169	63
3209	1229	1186	43
3210	1232	1211	21
3211	1226	1200	26
3212	1224	1183	41
3213	1228	1186	42
3214	1233	1198	35
3215	1230	1195	35
3216	1233	1171	62
3217	1236	1165	71
3218	1215	1173	42
3219	1236	1204	32
3220	1224	1175	49
3221	1223	1172	51
3222	1225	1158	67
3223	1228	1169	59
3224	1224	1170	54
3225	1224	1167	57
3226	1220	1174	46
3227	1225	1181	44
3228	1228	1191	37
3229	1227	1187	40
3230	1221	1190	31
3231	1217	1190	27
3232	1224	1177	47
3233	1220	1160	60
3234	1219	1183	36
3235	1223	1173	50
3236	1216	1176	40
3237	1226	1177	49
3238	1237	1193	44
3239	1238	1184	54
3240	1231	1151	80
3241	1230	1170	60
3242	1226	1170	56
3243	1227	1169	58
3244	1222	1173	49
3245	1229	1182	47
3246	1221	1185	36
3247	1225	1168	57
3248	1234	1172	62
3249	1231	1177	54
3250	1229	1182	47
3251	1233	1181	52
3252	1228	1185	43
3253	1225	1207	18
3254	1226	1191	35
3255	1220	1176	44
3256	1217	1170	47
3257	1227	1170	57
3258	1227	1167	60
3259	1228	1180	48
3260	1222	1189	33
3261	1223	1186	37
3262	1227	1178	49
3263	1223	1189	34
3264	1218	1189	29
3265	1217	1184	33
3266	1218	1158	60
3267	1221	1180	41
3268	1221	1176	45
3269	1223	1178	45
3270	1230	1162	68
3271	1228	1185	43
3272	1220	1203	17
3273	1220	1194	26
3274	1227	1200	27
3275	1233	1196	37
3276	1225	1165	60
3277	1236	1188	48
3278	1236	1179	57
3279	1226	1178	48
3280	1232	1166	66
3281	1230	1147	83
3282	1221	1155	66
3283	1218	1155	63
3284	1223	1182	41
3285	1219	1179	40
3286	1222	1185	37
3287	1228	1200	28
3288	1228	1199	29
3289	1225	1201	24
3290	1221	1190	31
3291	1219	1182	37
3292	1220	1186	34
3293	1224	1182	42
3294	1222	1178	44
3295	1223	1181	42
3296	1219	1175	44
3297	1218	1175	43
3298	1212	1172	40
3299	1225	1181	44
3300	1233	1196	37
3301	1240	1182	58
3302	1231	1177	54
3303	1221	1185	36
3304	1221	1177	44
3305	1225	1170	55
3306	1230	1191	39
3307	1233	1190	43
3308	1229	1187	42
3309	1231	1166	65
3310	1229	1165	64
3311	1226	1195	31
3312	1236	1177	59
3313	1244	1153	91
3314	1232	1176	56
3315	1230	1174	56
3316	1227	1175	52
3317	1229	1193	36
3318	1223	1203	20
3319	1220	1202	18
3320	1222	1192	30
3321	1227	1185	42
3322	1228	1170	58
3323	1224	1155	69
3324	1215	1153	62
3325	1216	1172	44
3326	1220	1174	46
3327	1217	1163	54
3328	1214	1175	39
3329	1225	1186	39
3330	1230	1196	34
3331	1222	1185	37
3332	1229	1181	48
3333	1232	1184	48
3334	1221	1184	37
3335	1225	1185	40
3336	1223	1183	40
3337	1225	1174	51
3338	1233	1172	61
3339	1235	1163	72
3340	1233	1179	54
3341	1230	1181	49
3342	1236	1196	40
3343	1232	1188	44
3344	1224	1185	39
3345	1227	1183	44
3346	1228	1178	50
3347	1234	1170	64
3348	1236	1180	56
3349	1237	1188	49
3350	1232	1182	50
3351	1236	1171	65
3352	1234	1180	54
3353	1222	1165	57
3354	1220	1164	56
3355	1224	1181	43
3356	1226	1165	61
3357	1233	1150	83
3358	1221	1167	54
3359	1216	1187	29
3360	1228	1203	25
3361	1235	1208	27
3362	1221	1204	17
3363	1212	1183	29
3364	1227	1165	62
3365	1215	1181	34
3366	1218	1198	20
3367	1221	1185	36
3368	1216	1188	28
3369	1221	1190	31
3370	1228	1178	50
3371	1227	1182	45
3372	1224	1163	61
3373	1228	1155	73
3374	1227	1174	53
3375	1225	1170	55
3376	1223	1180	43
3377	1222	1162	60
3378	1223	1155	68
3379	1215	1190	25
3380	1210	1192	18
3381	1217	1167	50
3382	1223	1169	54
3383	1227	1183	44
3384	1231	1180	51
3385	1221	1180	41
3386	1213	1169	44
3387	1220	1188	32
3388	1217	1201	16
3389	1227	1179	48
3390	1226	1158	68
3391	1224	1169	55
3392	1227	1177	50
3393	1232	1194	38
3394	1230	1179	51
3395	1224	1174	50
3396	1223	1177	46
3397	1224	1180	44
3398	1217	1184	33
3399	1216	1178	38
3400	1220	1175	45
3401	1229	1173	56
3402	1222	1190	32
3403	1230	1182	48
3404	1229	1195	34
3405	1225	1197	28
3406	1216	1197	19
3407	1222	1179	43
3408	1227	1180	47
3409	1225	1186	39
3410	1227	1178	49
3411	1228	1187	41
3412	1228	1197	31
3413	1232	1186	46
3414	1234	1165	69
3415	1231	1166	65
3416	1228	1188	40
3417	1230	1195	35
3418	1227	1208	19
3419	1231	1182	49
3420	1229	1164	65
3421	1227	1164	63
3422	1223	1179	44
3423	1221	1184	37
3424	1227	1182	45
3425	1224	1165	59
3426	1235	1167	68
3427	1236	1169	67
3428	1231	1161	70
3429	1232	1181	51
3430	1225	1192	33
3431	1229	1169	60
3432	1226	1165	61
3433	1223	1173	50
3434	1221	1178	43
3435	1227	1175	52
3436	1234	1179	55
3437	1231	1170	61
3438	1214	1144	70
3439	1222	1162	60
3440	1229	1155	74
3441	1230	1164	66
3442	1221	1181	40
3443	1225	1188	37
3444	1227	1173	54
3445	1226	1154	72
3446	1230	1172	58
3447	1225	1164	61
3448	1225	1163	62
3449	1223	1189	34
3450	1225	1187	38
3451	1223	1164	59
3452	1219	1141	78
3453	1227	1157	70
3454	1224	1174	50
3455	1222	1175	47
3456	1223	1190	33
3457	1227	1196	31
3458	1223	1181	42
3459	1220	1180	40
3460	1218	1183	35
3461	1218	1172	46
3462	1220	1168	52
3463	1231	1173	58
3464	1235	1169	66
3465	1233	1185	48
3466	1221	1186	35
3467	1219	1166	53
3468	1205	1151	54
3469	1233	1190	43
3470	1234	1196	38
3471	1231	1178	53
3472	1227	1158	69
3473	1231	1156	75
3474	1218	1175	43
3475	1214	1184	30
3476	1226	1185	41
3477	1232	1170	62
3478	1232	1185	47
3479	1222	1192	30
3480	1226	1182	44
3481	1228	1202	26
3482	1225	1212	13
3483	1223	1180	43
3484	1219	1164	55
3485	1220	1173	47
3486	1220	1177	43
3487	1226	1182	44
3488	1228	1197	31
3489	1219	1189	30
3490	1219	1176	43
3491	1222	1168	54
3492	1219	1180	39
3493	1229	1177	52
3494	1233	1180	53
3495	1234	1162	72
3496	1226	1158	68
3497	1216	1175	41
3498	1220	1182	38
3499	1225	1194	31
3500	1225	1194	31
3501	1230	1164	66
3502	1233	1157	76
3503	1232	1178	54
3504	1219	1183	36
3505	1218	1172	46
3506	1231	1182	49
3507	1223	1173	50
3508	1214	1154	60
3509	1224	1182	42
3510	1226	1200	26
3511	1232	1203	29
3512	1232	1173	59
3513	1225	1180	45
3514	1227	1189	38
3515	1226	1167	59
3516	1214	1155	59
3517	1214	1178	36
3518	1223	1189	34
3519	1227	1170	57
3520	1221	1152	69
3521	1225	1159	66
3522	1224	1176	48
3523	1223	1181	42
3524	1209	1195	14
3525	1219	1178	41
3526	1234	1152	82
3527	1218	1170	48
3528	1218	1198	20
3529	1224	1184	40
3530	1216	1171	45
3531	1225	1197	28
3532	1223	1206	17
3533	1223	1195	28
3534	1223	1185	38
3535	1223	1177	46
3536	1228	1180	48
3537	1231	1173	58
3538	1226	1173	53
3539	1233	1178	55
3540	1232	1183	49
3541	1221	1186	35
3542	1222	1166	56
3543	1228	1187	41
3544	1221	1185	36
3545	1223	1165	58
3546	1224	1176	48
3547	1222	1186	36
3548	1219	1177	42
3549	1229	1184	45
3550	1233	1174	59
3551	1230	1171	59
3552	1228	1193	35
3553	1225	1206	19
3554	1228	1194	34
3555	1224	1188	36
3556	1229	1199	30
3557	1234	1185	49
3558	1233	1187	46
3559	1233	1166	67
3560	1224	1173	51
3561	1219	1181	38
3562	1220	1182	38
3563	1222	1196	26
3564	1220	1192	28
3565	1225	1187	38
3566	1232	1195	37
3567	1230	1199	31
3568	1220	1180	40
3569	1224	1159	65
3570	1224	1182	42
3571	1220	1201	19
3572	1214	1175	39
3573	1224	1175	49
3574	1226	1185	41
3575	1226	1177	49
3576	1225	1185	40
3577	1223	1193	30
3578	1224	1176	48
3579	1225	1191	34
3580	1227	1188	39
3581	1235	1172	63
3582	1229	1189	40
3583	1225	1208	17
3584	1223	1185	38
3585	1223	1183	40
3586	1225	1194	31
3587	1226	1172	54
3588	1228	1158	70
3589	1219	1186	33
3590	1215	1196	19
3591	1225	1209	16
3592	1229	1194	35
3593	1234	1172	62
3594	1222	1183	39
3595	1229	1196	33
3596	1233	1192	41
3597	1231	1195	36
3598	1225	1203	22
3599	1218	1196	22
3600	1217	1201	16
3601	1224	1210	14
3602	1226	1173	53
3603	1219	1175	44
3604	1216	1186	30
3605	1219	1197	22
3606	1223	1206	17
3607	1226	1164	62
3608	1230	1167	63
3609	1240	1187	53
3610	1236	1177	59
3611	1226	1177	49
3612	1228	1180	48
3613	1224	1179	45
3614	1226	1214	12
3615	1226	1180	46
3616	1226	1161	65
3617	1229	1170	59
3618	1229	1191	38
3619	1230	1193	37
3620	1225	1187	38
3621	1222	1179	43
3622	1229	1167	62
3623	1230	1158	72
3624	1221	1156	65
3625	1225	1176	49
3626	1224	1187	37
3627	1235	1173	62
3628	1235	1173	62
3629	1233	1190	43
3630	1237	1180	57
3631	1246	1143	103
3632	1236	1163	73
3633	1223	1184	39
3634	1219	1168	51
3635	1239	1176	63
3636	1237	1183	54
3637	1240	1187	53
3638	1233	1195	38
3639	1238	1187	51
3640	1229	1180	49
3641	1236	1189	47
3642	1253	1166	87
3643	1242	1167	75
3644	1228	1165	63
3645	1229	1166	63
3646	1227	1173	54
3647	1233	1177	56
3648	1235	1168	67
