index	original	background	difference
-----------------------------------------------------
1	1240	1188	52
2	1266	1188	78
3	1291	1191	100
4	1298	1188	110
5	1281	1195	86
6	1264	1200	64
7	1272	1200	72
8	1280	1200	80
9	1279	1216	63
10	1289	1207	82
11	1297	1207	90
12	1277	1197	80
13	1277	1200	77
14	1285	1199	86
15	1296	1204	92
16	1287	1198	89
17	1301	1209	92
18	1282	1199	83
19	1294	1212	82
20	1299	1209	90
21	1309	1212	97
22	1284	1209	75
23	1278	1214	64
24	1290	1210	80
25	1318	1203	115
26	1307	1211	96
27	1334	1219	115
28	1335	1212	123
29	1337	1214	123
30	1329	1218	111
31	1315	1217	98
32	1322	1214	108
33	1341	1225	116
34	1333	1220	113
35	1347	1221	126
36	1327	1212	115
37	1328	1214	114
38	1349	1215	134
39	1346	1212	134
40	1331	1209	122
41	1315	1213	102
42	1319	1216	103
43	1332	1211	121
44	1326	1222	104
45	1350	1226	124
46	1353	1223	130
47	1323	1223	100
48	1318	1227	91
49	1341	1232	109
50	1329	1229	100
51	1317	1218	99
52	1350	1218	132
53	1357	1221	136
54	1352	1225	127
55	1360	1237	123
56	1344	1242	102
57	1352	1231	121
58	1357	1222	135
59	1363	1226	137
60	1326	1230	96
61	1342	1235	107
62	1353	1225	128
63	1348	1236	112
64	1344	1227	117
65	1368	1234	134
66	1376	1233	143
67	1385	1228	157
68	1361	1225	136
69	1363	1233	130
70	1370	1238	132
71	1352	1243	109
72	1348	1229	119
73	1333	1225	108
74	1355	1220	135
75	1374	1223	151
76	1346	1226	120
77	1358	1228	130
78	1356	1227	129
79	1362	1232	130
80	1364	1218	146
81	1377	1229	148
82	1347	1229	118
83	1379	1225	154
84	1364	1223	141
85	1377	1224	153
86	1395	1226	169
87	1368	1223	145
88	1373	1230	143
89	1379	1245	134
90	1369	1235	134
91	1369	1241	128
92	1368	1235	133
93	1356	1242	114
94	1352	1230	122
95	1361	1230	131
96	1362	1224	138
97	1367	1226	141
98	1374	1231	143
99	1371	1235	136
100	1382	1232	150
101	1386	1232	154
102	1364	1230	134
103	1367	1236	131
104	1358	1229	129
105	1372	1238	134
106	1363	1236	127
107	1384	1229	155
108	1372	1234	138
109	1363	1243	120
110	1382	1229	153
111	1382	1229	153
112	1359	1226	133
113	1367	1241	126
114	1392	1234	158
115	1403	1234	169
116	1396	1244	152
117	1379	1238	141
118	1368	1238	130
119	1376	1239	137
120	1389	1230	159
121	1415	1233	182
122	1388	1237	151
123	1394	1234	160
124	1401	1220	181
125	1385	1220	165
126	1386	1233	153
127	1418	1241	177
128	1420	1229	191
129	1410	1234	176
130	1393	1227	166
131	1385	1234	151
132	1400	1233	167
133	1409	1232	177
134	1389	1227	162
135	1411	1242	169
136	1393	1245	148
137	1385	1238	147
138	1431	1236	195
139	1412	1244	168
140	1415	1232	183
141	1398	1246	152
142	1390	1235	155
143	1398	1235	163
144	1399	1237	162
145	1407	1248	159
146	1401	1247	154
147	1420	1246	174
148	1410	1243	167
149	1394	1238	156
150	1410	1235	175
151	1430	1244	186
152	1406	1235	171
153	1429	1241	188
154	1431	1233	198
155	1425	1236	189
156	1418	1237	181
157	1423	1244	179
158	1438	1239	199
159	1430	1240	190
160	1422	1245	177
161	1431	1243	188
162	1416	1236	180
163	1437	1237	200
164	1461	1231	230
165	1436	1242	194
166	1445	1236	209
167	1434	1241	193
168	1426	1240	186
169	1450	1236	214
170	1448	1231	217
171	1462	1236	226
172	1453	1235	218
173	1454	1234	220
174	1432	1237	195
175	1437	1244	193
176	1449	1235	214
177	1461	1233	228
178	1478	1229	249
179	1467	1233	234
180	1468	1242	226
181	1500	1248	252
182	1479	1240	239
183	1492	1249	243
184	1472	1247	225
185	1466	1240	226
186	1471	1234	237
187	1495	1243	252
188	1481	1231	250
189	1487	1226	261
190	1487	1226	261
191	1496	1231	265
192	1496	1223	273
193	1494	1234	260
194	1475	1238	237
195	1481	1250	231
196	1497	1242	255
197	1494	1236	258
198	1492	1238	254
199	1488	1246	242
200	1471	1238	233
201	1486	1232	254
202	1483	1232	251
203	1503	1238	265
204	1531	1233	298
205	1557	1236	321
206	1557	1241	316
207	1546	1235	311
208	1515	1232	283
209	1529	1239	290
210	1533	1239	294
211	1547	1247	300
212	1556	1233	323
213	1544	1242	302
214	1532	1244	288
215	1547	1254	293
216	1532	1239	293
217	1557	1240	317
218	1577	1241	336
219	1557	1236	321
220	1550	1232	318
221	1557	1242	315
222	1545	1240	305
223	1545	1231	314
224	1555	1243	312
225	1591	1247	344
226	1564	1233	331
227	1541	1238	303
228	1539	1235	304
229	1575	1239	336
230	1583	1235	348
231	1584	1242	342
232	1586	1243	343
233	1583	1243	340
234	1564	1238	326
235	1582	1240	342
236	1584	1241	343
237	1603	1246	357
238	1619	1238	381
239	1617	1239	378
240	1607	1237	370
241	1587	1243	344
242	1588	1237	351
243	1602	1235	367
244	1621	1249	372
245	1606	1251	355
246	1591	1241	350
247	1604	1241	363
248	1605	1238	367
249	1627	1248	379
250	1620	1247	373
251	1639	1243	396
252	1644	1236	408
253	1657	1242	415
254	1637	1249	388
255	1618	1249	369
256	1612	1227	385
257	1634	1228	406
258	1631	1242	389
259	1630	1246	384
260	1622	1236	386
261	1614	1240	374
262	1652	1243	409
263	1668	1254	414
264	1651	1247	404
265	1655	1240	415
266	1662	1236	426
267	1666	1235	431
268	1657	1232	425
269	1647	1226	421
270	1665	1227	438
271	1713	1233	480
272	1681	1240	441
273	1678	1243	435
274	1637	1224	413
275	1657	1232	425
276	1641	1229	412
277	1646	1240	406
278	1663	1235	428
279	1675	1241	434
280	1671	1233	438
281	1700	1233	467
282	1695	1239	456
283	1683	1255	428
284	1686	1249	437
285	1688	1242	446
286	1688	1242	446
287	1691	1248	443
288	1711	1234	477
289	1717	1240	477
290	1705	1240	465
291	1702	1231	471
292	1714	1226	488
293	1733	1240	493
294	1721	1248	473
295	1706	1240	466
296	1700	1237	463
297	1706	1242	464
298	1712	1233	479
299	1708	1236	472
300	1694	1235	459
301	1711	1224	487
302	1705	1232	473
303	1707	1241	466
304	1707	1236	471
305	1724	1239	485
306	1725	1233	492
307	1699	1243	456
308	1722	1237	485
309	1716	1249	467
310	1714	1252	462
311	1707	1246	461
312	1730	1234	496
313	1728	1234	494
314	1732	1230	502
315	1765	1242	523
316	1758	1242	516
317	1756	1241	515
318	1754	1246	508
319	1748	1238	510
320	1767	1231	536
321	1784	1237	547
322	1768	1234	534
323	1765	1245	520
324	1751	1240	511
325	1794	1235	559
326	1785	1234	551
327	1751	1234	517
328	1717	1224	493
329	1757	1228	529
330	1788	1232	556
331	1779	1239	540
332	1748	1238	510
333	1803	1246	557
334	1812	1234	578
335	1808	1226	582
336	1810	1239	571
337	1823	1251	572
338	1832	1245	587
339	1823	1233	590
340	1822	1217	605
341	1822	1229	593
342	1803	1225	578
343	1835	1232	603
344	1831	1238	593
345	1811	1233	578
346	1837	1233	604
347	1838	1235	603
348	1841	1221	620
349	1843	1231	612
350	1840	1229	611
351	1858	1233	625
352	1849	1230	619
353	1857	1234	623
354	1881	1240	641
355	1874	1240	634
356	1905	1238	667
357	1894	1236	658
358	1863	1241	622
359	1896	1239	657
360	1888	1235	653
361	1875	1236	639
362	1883	1232	651
363	1893	1242	651
364	1884	1243	641
365	1896	1238	658
366	1939	1224	715
367	1929	1225	704
368	1924	1225	699
369	1964	1231	733
370	1957	1232	725
371	1908	1240	668
372	1921	1233	688
373	1967	1239	728
374	1962	1235	727
375	1952	1230	722
376	1967	1230	737
377	1974	1231	743
378	1947	1227	720
379	1971	1235	736
380	2001	1228	773
381	2017	1237	780
382	2008	1238	770
383	1984	1236	748
384	1975	1227	748
385	2034	1234	800
386	2016	1228	788
387	2021	1229	792
388	2028	1223	805
389	2042	1234	808
390	2056	1236	820
391	2058	1236	822
392	2058	1232	826
393	2065	1238	827
394	2055	1235	820
395	2081	1241	840
396	2076	1241	835
397	2078	1239	839
398	2092	1223	869
399	2104	1228	876
400	2122	1235	887
401	2093	1239	854
402	2075	1237	838
403	2105	1241	864
404	2088	1247	841
405	2138	1235	903
406	2163	1231	932
407	2136	1233	903
408	2158	1234	924
409	2161	1237	924
410	2119	1231	888
411	2162	1238	924
412	2176	1239	937
413	2173	1242	931
414	2168	1240	928
415	2185	1244	941
416	2154	1235	919
417	2189	1236	953
418	2202	1235	967
419	2200	1230	970
420	2192	1227	965
421	2244	1240	1004
422	2227	1247	980
423	2220	1250	970
424	2215	1238	977
425	2214	1238	976
426	2219	1225	994
427	2256	1233	1023
428	2241	1240	1001
429	2235	1241	994
430	2272	1235	1037
431	2279	1234	1045
432	2265	1232	1033
433	2308	1242	1066
434	2307	1244	1063
435	2295	1233	1062
436	2284	1235	1049
437	2308	1238	1070
438	2337	1243	1094
439	2329	1233	1096
440	2313	1220	1093
441	2341	1231	1110
442	2348	1227	1121
443	2362	1235	1127
444	2330	1238	1092
445	2357	1248	1109
446	2379	1238	1141
447	2382	1226	1156
448	2380	1222	1158
449	2404	1230	1174
450	2391	1231	1160
451	2395	1234	1161
452	2356	1237	1119
453	2381	1237	1144
454	2376	1224	1152
455	2377	1235	1142
456	2418	1240	1178
457	2424	1233	1191
458	2454	1226	1228
459	2498	1239	1259
460	2480	1225	1255
461	2525	1234	1291
462	2485	1232	1253
463	2509	1240	1269
464	2527	1228	1299
465	2487	1230	1257
466	2477	1225	1252
467	2527	1236	1291
468	2558	1232	1326
469	2537	1237	1300
470	2547	1232	1315
471	2542	1232	1310
472	2546	1225	1321
473	2517	1227	1290
474	2540	1234	1306
475	2573	1235	1338
476	2543	1227	1316
477	2591	1237	1354
478	2594	1231	1363
479	2582	1233	1349
480	2563	1226	1337
481	2589	1223	1366
482	2598	1224	1374
483	2599	1231	1368
484	2615	1234	1381
485	2602	1229	1373
486	2563	1228	1335
487	2575	1230	1345
488	2601	1226	1375
489	2591	1232	1359
490	2573	1230	1343
491	2573	1233	1340
492	2645	1236	1409
493	2642	1238	1404
494	2637	1243	1394
495	2616	1235	1381
496	2638	1231	1407
497	2692	1247	1445
498	2669	1250	1419
499	2653	1249	1404
500	2665	1250	1415
501	2728	1245	1483
502	2688	1231	1457
503	2691	1231	1460
504	2724	1235	1489
505	2746	1232	1514
506	2726	1230	1496
507	2699	1228	1471
508	2692	1231	1461
509	2674	1238	1436
510	2666	1228	1438
511	2700	1227	1473
512	2731	1228	1503
513	2685	1228	1457
514	2682	1227	1455
515	2732	1235	1497
516	2723	1227	1496
517	2721	1230	1491
518	2759	1235	1524
519	2761	1241	1520
520	2752	1237	1515
521	2738	1243	1495
522	2731	1236	1495
523	2726	1233	1493
524	2725	1236	1489
525	2741	1244	1497
526	2747	1229	1518
527	2750	1231	1519
528	2722	1229	1493
529	2753	1236	1517
530	2725	1237	1488
531	2745	1249	1496
532	2765	1242	1523
533	2789	1237	1552
534	2834	1231	1603
535	2775	1242	1533
536	2756	1232	1524
537	2803	1233	1570
538	2811	1237	1574
539	2820	1243	1577
540	2745	1228	1517
541	2798	1231	1567
542	2843	1234	1609
543	2818	1236	1582
544	2818	1225	1593
545	2831	1231	1600
546	2840	1231	1609
547	2842	1237	1605
548	2896	1229	1667
549	2891	1235	1656
550	2852	1238	1614
551	2863	1241	1622
552	2864	1227	1637
553	2862	1236	1626
554	2883	1243	1640
555	2938	1253	1685
556	2918	1237	1681
557	2896	1227	1669
558	2902	1233	1669
559	2923	1229	1694
560	2930	1229	1701
561	2904	1234	1670
562	2855	1232	1623
563	2911	1244	1667
564	2922	1240	1682
565	2910	1238	1672
566	2937	1229	1708
567	2954	1233	1721
568	2987	1229	1758
569	3014	1238	1776
570	2987	1235	1752
571	2960	1240	1720
572	2983	1233	1750
573	3010	1231	1779
574	2968	1239	1729
575	2972	1239	1733
576	3005	1238	1767
577	2985	1237	1748
578	2984	1233	1751
579	2993	1232	1761
580	2995	1230	1765
581	2989	1237	1752
582	3020	1235	1785
583	3063	1235	1828
584	3041	1223	1818
585	3018	1238	1780
586	3019	1237	1782
587	3021	1237	1784
588	3008	1242	1766
589	3045	1244	1801
590	3089	1235	1854
591	3083	1236	1847
592	3078	1231	1847
593	3136	1241	1895
594	3116	1247	1869
595	3082	1243	1839
596	3057	1233	1824
597	3115	1240	1875
598	3143	1234	1909
599	3138	1234	1904
600	3150	1232	1918
601	3135	1236	1899
602	3147	1238	1909
603	3156	1237	1919
604	3140	1238	1902
605	3173	1246	1927
606	3181	1240	1941
607	3194	1240	1954
608	3169	1242	1927
609	3208	1246	1962
610	3242	1237	2005
611	3238	1231	2007
612	3246	1236	2010
613	3259	1235	2024
614	3254	1223	2031
615	3271	1230	2041
616	3274	1225	2049
617	3284	1229	2055
618	3275	1229	2046
619	3304	1233	2071
620	3292	1234	2058
621	3299	1245	2054
622	3342	1233	2109
623	3377	1238	2139
624	3374	1228	2146
625	3408	1231	2177
626	3417	1229	2188
627	3427	1236	2191
628	3375	1243	2132
629	3378	1235	2143
630	3424	1233	2191
631	3410	1231	2179
632	3384	1237	2147
633	3406	1235	2171
634	3429	1228	2201
635	3403	1231	2172
636	3454	1227	2227
637	3486	1239	2247
638	3489	1234	2255
639	3479	1230	2249
640	3481	1227	2254
641	3515	1232	2283
642	3533	1236	2297
643	3587	1247	2340
644	3482	1237	2245
645	3519	1234	2285
646	3607	1232	2375
647	3623	1235	2388
648	3618	1236	2382
649	3602	1236	2366
650	3604	1227	2377
651	3624	1225	2399
652	3611	1223	2388
653	3668	1233	2435
654	3703	1233	2470
655	3697	1239	2458
656	3724	1230	2494
657	3743	1227	2516
658	3728	1234	2494
659	3771	1241	2530
660	3775	1234	2541
661	3833	1230	2603
662	3801	1225	2576
663	3815	1233	2582
664	3831	1239	2592
665	3803	1236	2567
666	3847	1231	2616
667	3930	1229	2701
668	3903	1229	2674
669	3901	1233	2668
670	3903	1224	2679
671	3904	1235	2669
672	3953	1236	2717
673	4004	1239	2765
674	3942	1232	2710
675	3943	1238	2705
676	3996	1227	2769
677	3989	1231	2758
678	4016	1234	2782
679	4082	1244	2838
680	4043	1245	2798
681	4046	1249	2797
682	4063	1238	2825
683	4086	1234	2852
684	4103	1223	2880
685	4095	1231	2864
686	4118	1234	2884
687	4154	1235	2919
688	4172	1233	2939
689	4194	1235	2959
690	4196	1234	2962
691	4186	1232	2954
692	4204	1234	2970
693	4242	1246	2996
694	4213	1234	2979
695	4275	1226	3049
696	4267	1236	3031
697	4262	1241	3021
698	4284	1226	3058
699	4280	1236	3044
700	4274	1234	3040
701	4278	1225	3053
702	4300	1222	3078
703	4289	1244	3045
704	4298	1228	3070
705	4314	1228	3086
706	4339	1232	3107
707	4371	1232	3139
708	4424	1228	3196
709	4425	1228	3197
710	4423	1230	3193
711	4403	1241	3162
712	4430	1231	3199
713	4441	1234	3207
714	4551	1240	3311
715	4508	1236	3272
716	4468	1230	3238
717	4531	1243	3288
718	4518	1242	3276
719	4545	1233	3312
720	4512	1241	3271
721	4542	1242	3300
722	4652	1237	3415
723	4607	1239	3368
724	4601	1239	3362
725	4620	1242	3378
726	4597	1236	3361
727	4692	1238	3454
728	4654	1237	3417
729	4642	1236	3406
730	4628	1236	3392
731	4675	1237	3438
732	4662	1224	3438
733	4665	1233	3432
734	4662	1238	3424
735	4654	1241	3413
736	4732	1232	3500
737	4787	1244	3543
738	4752	1240	3512
739	4735	1240	3495
740	4758	1241	3517
741	4783	1244	3539
742	4778	1235	3543
743	4788	1240	3548
744	4772	1235	3537
745	4780	1248	3532
746	4808	1239	3569
747	4888	1239	3649
748	4808	1243	3565
749	4830	1253	3577
750	4863	1237	3626
751	4815	1246	3569
752	4799	1244	3555
753	4821	1235	3586
754	4835	1234	3601
755	4902	1243	3659
756	4895	1233	3662
757	4904	1235	3669
758	4922	1237	3685
759	4911	1240	3671
760	4871	1235	3636
761	4870	1237	3633
762	4843	1228	3615
763	4894	1228	3666
764	4914	1228	3686
765	4939	1238	3701
766	4961	1231	3730
767	4954	1234	3720
768	4947	1233	3714
769	4999	1232	3767
770	4983	1231	3752
771	4940	1233	3707
772	4971	1230	3741
773	5039	1235	3804
774	5014	1240	3774
775	4964	1240	3724
776	4987	1228	3759
777	4969	1232	3737
778	4938	1227	3711
779	4954	1220	3734
780	4943	1228	3715
781	4950	1239	3711
782	4971	1233	3738
783	4980	1230	3750
784	5000	1217	3783
785	5020	1228	3792
786	5055	1229	3826
787	5038	1234	3804
788	5066	1229	3837
789	5097	1225	3872
790	5013	1219	3794
791	4996	1225	3771
792	5014	1227	3787
793	5053	1238	3815
794	4996	1237	3759
795	5042	1240	3802
796	5063	1234	3829
797	5030	1233	3797
798	5083	1237	3846
799	5056	1235	3821
800	5031	1233	3798
801	5053	1232	3821
802	5072	1230	3842
803	5066	1228	3838
804	5045	1221	3824
805	5051	1224	3827
806	5012	1229	3783
807	5055	1238	3817
808	5051	1242	3809
809	5041	1236	3805
810	5021	1230	3791
811	5082	1237	3845
812	5108	1226	3882
813	5066	1237	3829
814	5076	1239	3837
815	5093	1245	3848
816	5107	1236	3871
817	5093	1231	3862
818	5077	1229	3848
819	4997	1234	3763
820	4853	1237	3616
821	5023	1235	3788
822	5093	1228	3865
823	5044	1236	3808
824	5076	1240	3836
825	5094	1242	3852
826	5089	1232	3857
827	5093	1233	3860
828	5066	1233	3833
829	5057	1233	3824
830	5019	1234	3785
831	5026	1238	3788
832	5014	1238	3776
833	5052	1230	3822
834	5041	1225	3816
835	5035	1238	3797
836	5056	1229	3827
837	5114	1241	3873
838	5046	1246	3800
839	5036	1242	3794
840	5052	1234	3818
841	5081	1238	3843
842	5044	1238	3806
843	5025	1245	3780
844	4976	1233	3743
845	4981	1230	3751
846	5026	1235	3791
847	5005	1234	3771
848	5005	1241	3764
849	5037	1242	3795
850	5006	1228	3778
851	5003	1224	3779
852	5012	1223	3789
853	4983	1233	3750
854	4969	1226	3743
855	5024	1235	3789
856	4985	1238	3747
857	4992	1237	3755
858	5027	1224	3803
859	5025	1228	3797
860	5052	1241	3811
861	5063	1240	3823
862	5030	1230	3800
863	5054	1239	3815
864	5088	1237	3851
865	5114	1249	3865
866	5047	1237	3810
867	5075	1229	3846
868	5093	1231	3862
869	5147	1242	3905
870	5123	1221	3902
871	5103	1214	3889
872	5058	1225	3833
873	5038	1234	3804
874	5015	1229	3786
875	5044	1230	3814
876	5102	1235	3867
877	5077	1234	3843
878	5036	1233	3803
879	5126	1231	3895
880	5109	1228	3881
881	5091	1232	3859
882	5138	1232	3906
883	5069	1228	3841
884	5099	1227	3872
885	5131	1236	3895
886	5079	1240	3839
887	5058	1232	3826
888	5123	1232	3891
889	5128	1243	3885
890	5082	1239	3843
891	5102	1233	3869
892	5089	1235	3854
893	5068	1246	3822
894	5089	1230	3859
895	5148	1230	3918
896	5129	1242	3887
897	5116	1230	3886
898	5163	1236	3927
899	5122	1238	3884
900	5063	1229	3834
901	5164	1229	3935
902	5189	1229	3960
903	5172	1237	3935
904	5125	1239	3886
905	5138	1236	3902
906	5175	1233	3942
907	5186	1238	3948
908	5211	1231	3980
909	5189	1229	3960
910	5154	1233	3921
911	5210	1232	3978
912	5221	1225	3996
913	5217	1234	3983
914	5234	1231	4003
915	5271	1227	4044
916	5294	1230	4064
917	5269	1232	4037
918	5249	1223	4026
919	5268	1231	4037
920	5285	1238	4047
921	5312	1237	4075
922	5382	1230	4152
923	5402	1231	4171
924	5380	1228	4152
925	5430	1223	4207
926	5436	1225	4211
927	5429	1237	4192
928	5416	1235	4181
929	5447	1239	4208
930	5523	1223	4300
931	5525	1228	4297
932	5494	1228	4266
933	5526	1232	4294
934	5525	1236	4289
935	5524	1232	4292
936	5558	1223	4335
937	5566	1234	4332
938	5535	1233	4302
939	5583	1233	4350
940	5540	1232	4308
941	5515	1234	4281
942	5566	1227	4339
943	5631	1231	4400
944	5618	1233	4385
945	5642	1227	4415
946	5679	1232	4447
947	5711	1246	4465
948	5749	1234	4515
949	5757	1232	4525
950	5745	1232	4513
951	5744	1229	4515
952	5726	1230	4496
953	5717	1237	4480
954	5803	1231	4572
955	5823	1231	4592
956	5873	1231	4642
957	5841	1243	4598
958	5816	1235	4581
959	5860	1236	4624
960	5957	1232	4725
961	5954	1232	4722
962	5860	1228	4632
963	5906	1231	4675
964	5933	1227	4706
965	5947	1234	4713
966	5943	1227	4716
967	6009	1225	4784
968	5963	1224	4739
969	5994	1234	4760
970	5954	1237	4717
971	6000	1235	4765
972	6021	1236	4785
973	6038	1233	4805
974	6097	1232	4865
975	6108	1231	4877
976	6188	1228	4960
977	6236	1237	4999
978	6143	1231	4912
979	6221	1235	4986
980	6150	1235	4915
981	6161	1243	4918
982	6252	1244	5008
983	6334	1242	5092
984	6352	1239	5113
985	6286	1242	5044
986	6261	1232	5029
987	6306	1227	5079
988	6296	1226	5070
989	6408	1228	5180
990	6442	1229	5213
991	6421	1230	5191
992	6441	1228	5213
993	6436	1238	5198
994	6393	1230	5163
995	6443	1233	5210
996	6557	1226	5331
997	6558	1238	5320
998	6528	1237	5291
999	6548	1237	5311
1000	6552	1243	5309
1001	6559	1247	5312
1002	6558	1241	5317
1003	6624	1231	5393
1004	6560	1235	5325
1005	6687	1242	5445
1006	6731	1242	5489
1007	6734	1235	5499
1008	6761	1229	5532
1009	6741	1239	5502
1010	6753	1228	5525
1011	6755	1235	5520
1012	6844	1228	5616
1013	6876	1226	5650
1014	6796	1222	5574
1015	6893	1227	5666
1016	6920	1230	5690
1017	6912	1235	5677
1018	6926	1233	5693
1019	6945	1234	5711
1020	6939	1240	5699
1021	7044	1239	5805
1022	7066	1235	5831
1023	7080	1240	5840
1024	7149	1239	5910
1025	7141	1228	5913
1026	7061	1234	5827
1027	7087	1247	5840
1028	7041	1241	5800
1029	7101	1250	5851
1030	7167	1253	5914
1031	7153	1239	5914
1032	7182	1224	5958
1033	7225	1225	6000
1034	7233	1226	6007
1035	7223	1234	5989
1036	7355	1245	6110
1037	7304	1250	6054
1038	7242	1240	6002
1039	7301	1240	6061
1040	7324	1236	6088
1041	7320	1230	6090
1042	7393	1232	6161
1043	7436	1236	6200
1044	7404	1236	6168
1045	7428	1239	6189
1046	7425	1246	6179
1047	7451	1247	6204
1048	7468	1248	6220
1049	7504	1244	6260
1050	7535	1234	6301
1051	7465	1242	6223
1052	7486	1234	6252
1053	7567	1238	6329
1054	7633	1234	6399
1055	7607	1237	6370
1056	7553	1242	6311
1057	7610	1245	6365
1058	7637	1243	6394
1059	7697	1241	6456
1060	7656	1231	6425
1061	7622	1225	6397
1062	7662	1234	6428
1063	7585	1244	6341
1064	7568	1241	6327
1065	7635	1244	6391
1066	7639	1228	6411
1067	7680	1235	6445
1068	7675	1239	6436
1069	7711	1240	6471
1070	7647	1237	6410
1071	7666	1243	6423
1072	7792	1244	6548
1073	7840	1241	6599
1074	7854	1237	6617
1075	7791	1239	6552
1076	7765	1240	6525
1077	7740	1235	6505
1078	7727	1228	6499
1079	7751	1238	6513
1080	7788	1229	6559
1081	7838	1231	6607
1082	7760	1232	6528
1083	7736	1245	6491
1084	7895	1233	6662
1085	7982	1238	6744
1086	7934	1238	6696
1087	7953	1238	6715
1088	7945	1222	6723
1089	7847	1229	6618
1090	7885	1229	6656
1091	7991	1239	6752
1092	7959	1232	6727
1093	7940	1232	6708
1094	7904	1223	6681
1095	7902	1235	6667
1096	7895	1239	6656
1097	7907	1235	6672
1098	7965	1231	6734
1099	8006	1248	6758
1100	8057	1241	6816
1101	8067	1240	6827
1102	8009	1241	6768
1103	8015	1242	6773
1104	8057	1243	6814
1105	8118	1241	6877
1106	8066	1229	6837
1107	8053	1242	6811
1108	8053	1234	6819
1109	8069	1240	6829
1110	8114	1242	6872
1111	8100	1237	6863
1112	8068	1234	6834
1113	8056	1245	6811
1114	8090	1238	6852
1115	8115	1237	6878
1116	8163	1232	6931
1117	8189	1237	6952
1118	8150	1228	6922
1119	8091	1232	6859
1120	8181	1225	6956
1121	8168	1237	6931
1122	8098	1243	6855
1123	8135	1249	6886
1124	8179	1235	6944
1125	8207	1244	6963
1126	8110	1236	6874
1127	8177	1235	6942
1128	8159	1227	6932
1129	8150	1233	6917
1130	8080	1235	6845
1131	8028	1237	6791
1132	8098	1244	6854
1133	8142	1243	6899
1134	8070	1224	6846
1135	8149	1235	6914
1136	8202	1242	6960
1137	8107	1247	6860
1138	8168	1232	6936
1139	8211	1240	6971
1140	8133	1231	6902
1141	8146	1236	6910
1142	8160	1240	6920
1143	8136	1251	6885
1144	8089	1239	6850
1145	8122	1234	6888
1146	8106	1244	6862
1147	8150	1249	6901
1148	8102	1232	6870
1149	8079	1229	6850
1150	8125	1227	6898
1151	8145	1233	6912
1152	8096	1240	6856
1153	8065	1247	6818
1154	8054	1239	6815
1155	8032	1241	6791
1156	8012	1231	6781
1157	8005	1227	6778
1158	8024	1224	6800
1159	7999	1233	6766
1160	7993	1229	6764
1161	7999	1230	6769
1162	7972	1227	6745
1163	7972	1239	6733
1164	7987	1232	6755
1165	8001	1231	6770
1166	7970	1231	6739
1167	7899	1239	6660
1168	7896	1235	6661
1169	7867	1235	6632
1170	7895	1225	6670
1171	7926	1241	6685
1172	7890	1241	6649
1173	7941	1234	6707
1174	7931	1225	6706
1175	7970	1237	6733
1176	7961	1234	6727
1177	7989	1239	6750
1178	7961	1241	6720
1179	8002	1246	6756
1180	8005	1234	6771
1181	7952	1234	6718
1182	7946	1240	6706
1183	7941	1235	6706
1184	7890	1226	6664
1185	7836	1244	6592
1186	7813	1237	6576
1187	7838	1242	6596
1188	7863	1231	6632
1189	7776	1234	6542
1190	7810	1232	6578
1191	7893	1234	6659
1192	7905	1238	6667
1193	7880	1241	6639
1194	7817	1239	6578
1195	7889	1233	6656
1196	7945	1230	6715
1197	7864	1225	6639
1198	7723	1228	6495
1199	7768	1240	6528
1200	7756	1239	6517
1201	7792	1238	6554
1202	7868	1235	6633
1203	7825	1236	6589
1204	7708	1231	6477
1205	7807	1233	6574
1206	7805	1232	6573
1207	7787	1242	6545
1208	7830	1235	6595
1209	7787	1234	6553
1210	7715	1234	6481
1211	7739	1230	6509
1212	7783	1225	6558
1213	7844	1243	6601
1214	7797	1243	6554
1215	7755	1229	6526
1216	7790	1222	6568
1217	7775	1235	6540
1218	7788	1234	6554
1219	7778	1233	6545
1220	7697	1244	6453
1221	7650	1249	6401
1222	7704	1236	6468
1223	7641	1238	6403
1224	7631	1233	6398
1225	7700	1236	6464
1226	7702	1235	6467
1227	7714	1233	6481
1228	7759	1223	6536
1229	7790	1227	6563
1230	7772	1230	6542
1231	7694	1234	6460
1232	7726	1240	6486
1233	7741	1239	6502
1234	7722	1229	6493
1235	7633	1228	6405
1236	7659	1236	6423
1237	7672	1240	6432
1238	7582	1235	6347
1239	7548	1241	6307
1240	7667	1233	6434
1241	7730	1241	6489
1242	7765	1244	6521
1243	7697	1237	6460
1244	7730	1224	6506
1245	7702	1227	6475
1246	7644	1230	6414
1247	7612	1224	6388
1248	7643	1232	6411
1249	7747	1241	6506
1250	7751	1234	6517
1251	7786	1241	6545
1252	7727	1230	6497
1253	7627	1234	6393
1254	7650	1238	6412
1255	7626	1239	6387
1256	7616	1232	6384
1257	7637	1242	6395
1258	7689	1232	6457
1259	7789	1235	6554
1260	7690	1235	6455
1261	7687	1239	6448
1262	7749	1239	6510
1263	7801	1236	6565
1264	7763	1228	6535
1265	7716	1235	6481
1266	7705	1225	6480
1267	7798	1236	6562
1268	7861	1233	6628
1269	7910	1241	6669
1270	7810	1232	6578
1271	7881	1228	6653
1272	7951	1224	6727
1273	7859	1230	6629
1274	7831	1232	6599
1275	7896	1225	6671
1276	7893	1242	6651
1277	7879	1227	6652
1278	7948	1217	6731
1279	7984	1221	6763
1280	7938	1232	6706
1281	7867	1233	6634
1282	7894	1222	6672
1283	7934	1222	6712
1284	7981	1231	6750
1285	8022	1236	6786
1286	7893	1230	6663
1287	7968	1237	6731
1288	8025	1225	6800
1289	8058	1232	6826
1290	7972	1233	6739
1291	7960	1237	6723
1292	8013	1241	6772
1293	8047	1240	6807
1294	8083	1237	6846
1295	8063	1238	6825
1296	8035	1234	6801
1297	8093	1245	6848
1298	8162	1235	6927
1299	8210	1240	6970
1300	8150	1245	6905
1301	8181	1238	6943
1302	8104	1234	6870
1303	8176	1239	6937
1304	8209	1234	6975
1305	8233	1247	6986
1306	8250	1239	7011
1307	8259	1232	7027
1308	8198	1227	6971
1309	8296	1230	7066
1310	8281	1233	7048
1311	8335	1234	7101
1312	8376	1228	7148
1313	8349	1228	7121
1314	8317	1226	7091
1315	8369	1241	7128
1316	8329	1240	7089
1317	8338	1240	7098
1318	8471	1236	7235
1319	8521	1251	7270
1320	8529	1238	7291
1321	8539	1231	7308
1322	8532	1225	7307
1323	8520	1238	7282
1324	8546	1230	7316
1325	8553	1228	7325
1326	8599	1231	7368
1327	8629	1244	7385
1328	8668	1235	7433
1329	8706	1231	7475
1330	8717	1235	7482
1331	8675	1234	7441
1332	8705	1228	7477
1333	8681	1238	7443
1334	8723	1225	7498
1335	8785	1236	7549
1336	8781	1248	7533
1337	8834	1247	7587
1338	8832	1235	7597
1339	8807	1236	7571
1340	8900	1234	7666
1341	8895	1242	7653
1342	8922	1239	7683
1343	9017	1244	7773
1344	8982	1244	7738
1345	8972	1245	7727
1346	8987	1242	7745
1347	9040	1244	7796
1348	9070	1239	7831
1349	9029	1241	7788
1350	9061	1241	7820
1351	9109	1251	7858
1352	9186	1242	7944
1353	9197	1235	7962
1354	9190	1234	7956
1355	9186	1239	7947
1356	9233	1236	7997
1357	9234	1238	7996
1358	9179	1244	7935
1359	9178	1241	7937
1360	9242	1233	8009
1361	9273	1241	8032
1362	9306	1238	8068
1363	9370	1248	8122
1364	9444	1245	8199
1365	9357	1230	8127
1366	9325	1232	8093
1367	9426	1244	8182
1368	9438	1241	8197
1369	9510	1243	8267
1370	9479	1239	8240
1371	9601	1241	8360
1372	9612	1233	8379
1373	9589	1239	8350
1374	9657	1230	8427
1375	9650	1237	8413
1376	9641	1229	8412
1377	9737	1237	8500
1378	9725	1243	8482
1379	9679	1242	8437
1380	9759	1225	8534
1381	9863	1234	8629
1382	9960	1231	8729
1383	9935	1240	8695
1384	9769	1235	8534
1385	9841	1238	8603
1386	9868	1230	8638
1387	9855	1230	8625
1388	9859	1225	8634
1389	9867	1230	8637
1390	9933	1234	8699
1391	10023	1238	8785
1392	10056	1234	8822
1393	10094	1235	8859
1394	10088	1227	8861
1395	10095	1231	8864
1396	10161	1238	8923
1397	10107	1242	8865
1398	10052	1229	8823
1399	10209	1229	8980
1400	10194	1233	8961
1401	10155	1234	8921
1402	10263	1230	9033
1403	10323	1226	9097
1404	10318	1231	9087
1405	10294	1245	9049
1406	10296	1236	9060
1407	10305	1230	9075
1408	10337	1230	9107
1409	10383	1236	9147
1410	10377	1229	9148
1411	10376	1246	9130
1412	10465	1240	9225
1413	10531	1243	9288
1414	10496	1237	9259
1415	10488	1233	9255
1416	10516	1244	9272
1417	10510	1246	9264
1418	10575	1245	9330
1419	10658	1247	9411
1420	10630	1238	9392
1421	10671	1240	9431
1422	10707	1235	9472
1423	10736	1238	9498
1424	10789	1230	9559
1425	10776	1249	9527
1426	10790	1250	9540
1427	10827	1249	9578
1428	10850	1236	9614
1429	10851	1235	9616
1430	10805	1234	9571
1431	10831	1244	9587
1432	10837	1239	9598
1433	10825	1235	9590
1434	10871	1235	9636
1435	10847	1236	9611
1436	10902	1235	9667
1437	11033	1230	9803
1438	11003	1225	9778
1439	11007	1227	9780
1440	11070	1224	9846
1441	11121	1228	9893
1442	11123	1223	9900
1443	11131	1237	9894
1444	11076	1236	9840
1445	11155	1237	9918
1446	11184	1232	9952
1447	11168	1232	9936
1448	11174	1235	9939
1449	11126	1244	9882
1450	11135	1230	9905
1451	11199	1228	9971
1452	11192	1224	9968
1453	11172	1229	9943
1454	11175	1238	9937
1455	11156	1231	9925
1456	11209	1230	9979
1457	11352	1235	10117
1458	11344	1225	10119
1459	11225	1229	9996
1460	11279	1233	10046
1461	11276	1239	10037
1462	11314	1236	10078
1463	11414	1240	10174
1464	11458	1241	10217
1465	11359	1241	10118
1466	11383	1239	10144
1467	11425	1247	10178
1468	11449	1248	10201
1469	11515	1247	10268
1470	11489	1234	10255
1471	11452	1236	10216
1472	11442	1233	10209
1473	11399	1245	10154
1474	11388	1238	10150
1475	11449	1231	10218
1476	11438	1225	10213
1477	11404	1231	10173
1478	11384	1230	10154
1479	11460	1241	10219
1480	11445	1236	10209
1481	11510	1234	10276
1482	11498	1222	10276
1483	11409	1222	10187
1484	11510	1235	10275
1485	11558	1241	10317
1486	11456	1234	10222
1487	11532	1233	10299
1488	11481	1225	10256
1489	11474	1232	10242
1490	11551	1233	10318
1491	11579	1237	10342
1492	11604	1235	10369
1493	11669	1233	10436
1494	11622	1224	10398
1495	11636	1235	10401
1496	11729	1238	10491
1497	11704	1239	10465
1498	11722	1238	10484
1499	11754	1231	10523
1500	11669	1235	10434
1501	11570	1243	10327
1502	11671	1233	10438
1503	11697	1236	10461
1504	11697	1231	10466
1505	11658	1241	10417
1506	11721	1227	10494
1507	11756	1237	10519
1508	11781	1237	10544
1509	11730	1232	10498
1510	11654	1233	10421
1511	11705	1241	10464
1512	11718	1228	10490
1513	11702	1232	10470
1514	11725	1235	10490
1515	11727	1237	10490
1516	11686	1236	10450
1517	11658	1239	10419
1518	11691	1239	10452
1519	11690	1235	10455
1520	11740	1228	10512
1521	11655	1226	10429
1522	11728	1225	10503
1523	11686	1232	10454
1524	11700	1232	10468
1525	11847	1238	10609
1526	11679	1250	10429
1527	11637	1245	10392
1528	11727	1240	10487
1529	11712	1244	10468
1530	11730	1238	10492
1531	11664	1241	10423
1532	11655	1231	10424
1533	11750	1237	10513
1534	11681	1238	10443
1535	11627	1242	10385
1536	11617	1240	10377
1537	11700	1238	10462
1538	11741	1234	10507
1539	11707	1239	10468
1540	11674	1236	10438
1541	11691	1241	10450
1542	11641	1240	10401
1543	11554	1240	10314
1544	11553	1240	10313
1545	11600	1247	10353
1546	11529	1239	10290
1547	11536	1244	10292
1548	11575	1239	10336
1549	11618	1238	10380
1550	11624	1236	10388
1551	11574	1237	10337
1552	11582	1228	10354
1553	11588	1240	10348
1554	11571	1242	10329
1555	11508	1237	10271
1556	11597	1232	10365
1557	11643	1232	10411
1558	11552	1234	10318
1559	11450	1237	10213
1560	11549	1242	10307
1561	11512	1245	10267
1562	11486	1243	10243
1563	11516	1251	10265
1564	11381	1241	10140
1565	11366	1243	10123
1566	11485	1236	10249
1567	11457	1234	10223
1568	11313	1225	10088
1569	11335	1236	10099
1570	11421	1240	10181
1571	11411	1236	10175
1572	11465	1233	10232
1573	11454	1237	10217
1574	11419	1241	10178
1575	11356	1241	10115
1576	11400	1239	10161
1577	11452	1230	10222
1578	11362	1229	10133
1579	11336	1235	10101
1580	11333	1242	10091
1581	11380	1231	10149
1582	11225	1229	9996
1583	11164	1241	9923
1584	11406	1232	10174
1585	11375	1234	10141
1586	11386	1230	10156
1587	11354	1229	10125
1588	11274	1230	10044
1589	11181	1230	9951
1590	11136	1228	9908
1591	11236	1236	10000
1592	11096	1235	9861
1593	11088	1246	9842
1594	11193	1235	9958
1595	11182	1226	9956
1596	11165	1231	9934
1597	11142	1231	9911
1598	11091	1224	9867
1599	11097	1229	9868
1600	11003	1227	9776
1601	10985	1239	9746
1602	11093	1225	9868
1603	11066	1229	9837
1604	11030	1228	9802
1605	10913	1227	9686
1606	10877	1221	9656
1607	10893	1234	9659
1608	10980	1243	9737
1609	10916	1238	9678
1610	10927	1221	9706
1611	10971	1227	9744
1612	10889	1232	9657
1613	10931	1238	9693
1614	10986	1238	9748
1615	10905	1241	9664
1616	10928	1237	9691
1617	10898	1228	9670
1618	10876	1227	9649
1619	10884	1238	9646
1620	10962	1248	9714
1621	10947	1237	9710
1622	10855	1235	9620
1623	10775	1241	9534
1624	10786	1227	9559
1625	10720	1229	9491
1626	10706	1230	9476
1627	10771	1239	9532
1628	10793	1237	9556
1629	10736	1246	9490
1630	10647	1237	9410
1631	10712	1226	9486
1632	10723	1222	9501
1633	10729	1233	9496
1634	10823	1223	9600
1635	10830	1237	9593
1636	10738	1239	9499
1637	10693	1237	9456
1638	10632	1225	9407
1639	10660	1232	9428
1640	10698	1231	9467
1641	10735	1232	9503
1642	10690	1227	9463
1643	10702	1231	9471
1644	10712	1237	9475
1645	10749	1237	9512
1646	10607	1236	9371
1647	10639	1243	9396
1648	10585	1227	9358
1649	10579	1231	9348
1650	10597	1230	9367
1651	10584	1236	9348
1652	10678	1245	9433
1653	10645	1252	9393
1654	10691	1234	9457
1655	10666	1232	9434
1656	10564	1228	9336
1657	10498	1227	9271
1658	10538	1231	9307
1659	10557	1232	9325
1660	10610	1227	9383
1661	10623	1230	9393
1662	10575	1228	9347
1663	10576	1236	9340
1664	10546	1229	9317
1665	10537	1226	9311
1666	10531	1222	9309
1667	10554	1240	9314
1668	10600	1236	9364
1669	10608	1236	9372
1670	10564	1235	9329
1671	10517	1237	9280
1672	10472	1237	9235
1673	10438	1245	9193
1674	10427	1243	9184
1675	10513	1241	9272
1676	10527	1243	9284
1677	10630	1240	9390
1678	10583	1241	9342
1679	10501	1244	9257
1680	10429	1249	9180
1681	10455	1247	9208
1682	10463	1235	9228
1683	10520	1245	9275
1684	10401	1240	9161
1685	10440	1236	9204
1686	10513	1234	9279
1687	10401	1243	9158
1688	10434	1235	9199
1689	10419	1238	9181
1690	10353	1231	9122
1691	10446	1226	9220
1692	10405	1229	9176
1693	10389	1231	9158
1694	10388	1236	9152
1695	10402	1245	9157
1696	10515	1229	9286
1697	10506	1228	9278
1698	10512	1223	9289
1699	10460	1235	9225
1700	10425	1235	9190
1701	10458	1235	9223
1702	10393	1246	9147
1703	10433	1239	9194
1704	10436	1229	9207
1705	10364	1237	9127
1706	10467	1231	9236
1707	10448	1236	9212
1708	10388	1242	9146
1709	10335	1236	9099
1710	10396	1235	9161
1711	10397	1241	9156
1712	10457	1238	9219
1713	10547	1234	9313
1714	10514	1233	9281
1715	10422	1242	9180
1716	10517	1234	9283
1717	10545	1236	9309
1718	10505	1242	9263
1719	10411	1246	9165
1720	10371	1243	9128
1721	10383	1251	9132
1722	10367	1243	9124
1723	10357	1233	9124
1724	10515	1228	9287
1725	10494	1241	9253
1726	10441	1234	9207
1727	10386	1237	9149
1728	10334	1237	9097
1729	10418	1240	9178
1730	10442	1237	9205
1731	10404	1242	9162
1732	10448	1238	9210
1733	10464	1233	9231
1734	10486	1234	9252
1735	10441	1239	9202
1736	10408	1228	9180
1737	10351	1230	9121
1738	10383	1227	9156
1739	10454	1233	9221
1740	10480	1230	9250
1741	10544	1238	9306
1742	10530	1239	9291
1743	10458	1242	9216
1744	10443	1234	9209
1745	10465	1236	9229
1746	10531	1235	9296
1747	10519	1243	9276
1748	10477	1240	9237
1749	10494	1243	9251
1750	10573	1230	9343
1751	10517	1241	9276
1752	10491	1247	9244
1753	10454	1241	9213
1754	10434	1236	9198
1755	10488	1246	9242
1756	10459	1244	9215
1757	10538	1245	9293
1758	10534	1241	9293
1759	10562	1249	9313
1760	10553	1240	9313
1761	10611	1240	9371
1762	10613	1235	9378
1763	10538	1236	9302
1764	10575	1234	9341
1765	10582	1241	9341
1766	10509	1236	9273
1767	10541	1240	9301
1768	10532	1242	9290
1769	10685	1248	9437
1770	10734	1237	9497
1771	10646	1239	9407
1772	10633	1244	9389
1773	10636	1245	9391
1774	10585	1242	9343
1775	10597	1241	9356
1776	10643	1244	9399
1777	10652	1245	9407
1778	10741	1240	9501
1779	10713	1244	9469
1780	10671	1237	9434
1781	10680	1242	9438
1782	10631	1234	9397
1783	10640	1241	9399
1784	10696	1232	9464
1785	10644	1243	9401
1786	10634	1249	9385
1787	10659	1240	9419
1788	10681	1230	9451
1789	10637	1227	9410
1790	10754	1227	9527
1791	10717	1232	9485
1792	10680	1235	9445
1793	10781	1235	9546
1794	10807	1226	9581
1795	10710	1230	9480
1796	10763	1228	9535
1797	10789	1239	9550
1798	10763	1235	9528
1799	10813	1238	9575
1800	10866	1240	9626
1801	10812	1238	9574
1802	10798	1231	9567
1803	10746	1232	9514
1804	10794	1238	9556
1805	10795	1241	9554
1806	10809	1233	9576
1807	10922	1232	9690
1808	10931	1234	9697
1809	10860	1246	9614
1810	10901	1231	9670
1811	10853	1231	9622
1812	10902	1229	9673
1813	10990	1238	9752
1814	10981	1240	9741
1815	10954	1245	9709
1816	10929	1240	9689
1817	10916	1234	9682
1818	11021	1226	9795
1819	11037	1234	9803
1820	11009	1240	9769
1821	10978	1244	9734
1822	10988	1245	9743
1823	10974	1243	9731
1824	10939	1229	9710
1825	11067	1228	9839
1826	11131	1232	9899
1827	11084	1241	9843
1828	11099	1236	9863
1829	11164	1240	9924
1830	11194	1236	9958
1831	11224	1233	9991
1832	11161	1240	9921
1833	11152	1243	9909
1834	11225	1234	9991
1835	11196	1241	9955
1836	11251	1234	10017
1837	11329	1238	10091
1838	11360	1238	10122
1839	11248	1244	10004
1840	11266	1236	10030
1841	11334	1235	10099
1842	11255	1233	10022
1843	11313	1238	10075
1844	11356	1247	10109
1845	11348	1243	10105
1846	11317	1244	10073
1847	11287	1250	10037
1848	11241	1229	10012
1849	11291	1240	10051
1850	11312	1249	10063
1851	11339	1252	10087
1852	11333	1246	10087
1853	11310	1247	10063
1854	11452	1234	10218
1855	11503	1234	10269
1856	11435	1232	10203
1857	11467	1239	10228
1858	11521	1233	10288
1859	11432	1236	10196
1860	11395	1239	10156
1861	11327	1232	10095
1862	11325	1229	10096
1863	11351	1245	10106
1864	11395	1238	10157
1865	11464	1241	10223
1866	11523	1233	10290
1867	11579	1233	10346
1868	11545	1234	10311
1869	11564	1240	10324
1870	11546	1234	10312
1871	11571	1230	10341
1872	11534	1230	10304
1873	11638	1245	10393
1874	11655	1238	10417
1875	11632	1239	10393
1876	11646	1241	10405
1877	11607	1235	10372
1878	11614	1236	10378
1879	11625	1236	10389
1880	11649	1228	10421
1881	11720	1235	10485
1882	11763	1237	10526
1883	11734	1240	10494
1884	11704	1231	10473
1885	11694	1229	10465
1886	11711	1225	10486
1887	11784	1240	10544
1888	11822	1237	10585
1889	11834	1240	10594
1890	11810	1242	10568
1891	11784	1239	10545
1892	11838	1230	10608
1893	11823	1241	10582
1894	11739	1240	10499
1895	11821	1243	10578
1896	11876	1237	10639
1897	11870	1242	10628
1898	11776	1243	10533
1899	11722	1236	10486
1900	11823	1228	10595
1901	11907	1226	10681
1902	11916	1235	10681
1903	11986	1242	10744
1904	11847	1229	10618
1905	11867	1222	10645
1906	11878	1235	10643
1907	11968	1235	10733
1908	12021	1234	10787
1909	12039	1239	10800
1910	12040	1229	10811
1911	11963	1233	10730
1912	11919	1223	10696
1913	11961	1229	10732
1914	12059	1227	10832
1915	12136	1230	10906
1916	12076	1236	10840
1917	12033	1236	10797
1918	12083	1235	10848
1919	12124	1238	10886
1920	12127	1229	10898
1921	12091	1236	10855
1922	12072	1236	10836
1923	12083	1227	10856
1924	12140	1230	10910
1925	12134	1238	10896
1926	12124	1240	10884
1927	12190	1238	10952
1928	12209	1229	10980
1929	12298	1236	11062
1930	12288	1234	11054
1931	12297	1235	11062
1932	12299	1231	11068
1933	12324	1237	11087
1934	12307	1233	11074
1935	12193	1224	10969
1936	12301	1224	11077
1937	12468	1236	11232
1938	12413	1233	11180
1939	12387	1243	11144
1940	12373	1235	11138
1941	12392	1242	11150
1942	12436	1228	11208
1943	12490	1239	11251
1944	12417	1237	11180
1945	12333	1232	11101
1946	12379	1239	11140
1947	12388	1236	11152
1948	12443	1232	11211
1949	12478	1245	11233
1950	12493	1235	11258
1951	12585	1230	11355
1952	12508	1228	11280
1953	12513	1231	11282
1954	12461	1244	11217
1955	12499	1243	11256
1956	12598	1234	11364
1957	12494	1238	11256
1958	12456	1232	11224
1959	12552	1238	11314
1960	12573	1233	11340
1961	12519	1230	11289
1962	12594	1239	11355
1963	12619	1243	11376
1964	12492	1231	11261
1965	12418	1227	11191
1966	12471	1230	11241
1967	12510	1234	11276
1968	12510	1224	11286
1969	12486	1232	11254
1970	12525	1234	11291
1971	12573	1234	11339
1972	12553	1233	11320
1973	12523	1239	11284
1974	12496	1230	11266
1975	12491	1235	11256
1976	12519	1235	11284
1977	12498	1243	11255
1978	12580	1246	11334
1979	12570	1234	11336
1980	12516	1231	11285
1981	12561	1243	11318
1982	12569	1239	11330
1983	12600	1254	11346
1984	12628	1237	11391
1985	12594	1224	11370
1986	12640	1224	11416
1987	12746	1235	11511
1988	12789	1229	11560
1989	12755	1242	11513
1990	12726	1240	11486
1991	12678	1236	11442
1992	12745	1235	11510
1993	12734	1237	11497
1994	12769	1231	11538
1995	12788	1238	11550
1996	12808	1239	11569
1997	12828	1242	11586
1998	12860	1240	11620
1999	12849	1243	11606
2000	12762	1245	11517
2001	12879	1244	11635
2002	12908	1242	11666
2003	12846	1237	11609
2004	12846	1231	11615
2005	12928	1232	11696
2006	12834	1236	11598
2007	12787	1238	11549
2008	12799	1238	11561
2009	12875	1232	11643
2010	12894	1226	11668
2011	12922	1228	11694
2012	12903	1229	11674
2013	12845	1236	11609
2014	12930	1235	11695
2015	12875	1244	11631
2016	12915	1236	11679
2017	12879	1235	11644
2018	12943	1230	11713
2019	12891	1233	11658
2020	12875	1232	11643
2021	12934	1234	11700
2022	12949	1233	11716
2023	12885	1236	11649
2024	12928	1234	11694
2025	12966	1247	11719
2026	12936	1245	11691
2027	12938	1231	11707
2028	12902	1233	11669
2029	12949	1240	11709
2030	12887	1236	11651
2031	12864	1247	11617
2032	12894	1229	11665
2033	12953	1224	11729
2034	13020	1226	11794
2035	12980	1228	11752
2036	12953	1224	11729
2037	12993	1237	11756
2038	13025	1232	11793
2039	12994	1238	11756
2040	12933	1234	11699
2041	12905	1246	11659
2042	12931	1236	11695
2043	12801	1232	11569
2044	12844	1225	11619
2045	12996	1234	11762
2046	12906	1235	11671
2047	12996	1237	11759
2048	13041	1233	11808
2049	13056	1240	11816
2050	12960	1241	11719
2051	13019	1238	11781
2052	12958	1236	11722
2053	12952	1234	11718
2054	13063	1237	11826
2055	12987	1240	11747
2056	12977	1240	11737
2057	12996	1237	11759
2058	12987	1228	11759
2059	13025	1235	11790
2060	12983	1229	11754
2061	12864	1229	11635
2062	12944	1239	11705
2063	12926	1246	11680
2064	12792	1237	11555
2065	12836	1239	11597
2066	12892	1235	11657
2067	12887	1242	11645
2068	12875	1251	11624
2069	12872	1245	11627
2070	12910	1242	11668
2071	12992	1242	11750
2072	12980	1225	11755
2073	12988	1242	11746
2074	12938	1243	11695
2075	12840	1239	11601
2076	12925	1230	11695
2077	12948	1233	11715
2078	12908	1236	11672
2079	12869	1234	11635
2080	12875	1225	11650
2081	12895	1238	11657
2082	12836	1246	11590
2083	12856	1247	11609
2084	12786	1243	11543
2085	12828	1244	11584
2086	12828	1243	11585
2087	12824	1247	11577
2088	12913	1241	11672
2089	12929	1241	11688
2090	12885	1241	11644
2091	12817	1236	11581
2092	12795	1235	11560
2093	12879	1245	11634
2094	12957	1243	11714
2095	12825	1233	11592
2096	12877	1234	11643
2097	12787	1240	11547
2098	12824	1226	11598
2099	12866	1229	11637
2100	12727	1234	11493
2101	12706	1240	11466
2102	12835	1235	11600
2103	12826	1242	11584
2104	12811	1238	11573
2105	12806	1237	11569
2106	12816	1243	11573
2107	12764	1238	11526
2108	12709	1233	11476
2109	12797	1241	11556
2110	12815	1236	11579
2111	12789	1241	11548
2112	12813	1233	11580
2113	12770	1235	11535
2114	12716	1235	11481
2115	12759	1241	11518
2116	12767	1242	11525
2117	12787	1239	11548
2118	12707	1228	11479
2119	12646	1236	11410
2120	12623	1237	11386
2121	12688	1233	11455
2122	12716	1228	11488
2123	12674	1241	11433
2124	12625	1235	11390
2125	12622	1235	11387
2126	12631	1241	11390
2127	12695	1243	11452
2128	12690	1236	11454
2129	12693	1238	11455
2130	12647	1232	11415
2131	12588	1237	11351
2132	12610	1236	11374
2133	12629	1227	11402
2134	12532	1228	11304
2135	12557	1233	11324
2136	12513	1227	11286
2137	12514	1224	11290
2138	12549	1221	11328
2139	12539	1235	11304
2140	12528	1235	11293
2141	12473	1237	11236
2142	12432	1234	11198
2143	12460	1233	11227
2144	12461	1234	11227
2145	12458	1235	11223
2146	12428	1232	11196
2147	12465	1234	11231
2148	12554	1240	11314
2149	12552	1246	11306
2150	12397	1229	11168
2151	12298	1224	11074
2152	12353	1225	11128
2153	12259	1243	11016
2154	12403	1234	11169
2155	12333	1227	11106
2156	12250	1240	11010
2157	12289	1246	11043
2158	12318	1234	11084
2159	12293	1241	11052
2160	12278	1238	11040
2161	12253	1231	11022
2162	12246	1218	11028
2163	12256	1230	11026
2164	12208	1237	10971
2165	12121	1234	10887
2166	12104	1233	10871
2167	12111	1236	10875
2168	12115	1225	10890
2169	12102	1236	10866
2170	12189	1237	10952
2171	12162	1235	10927
2172	12106	1237	10869
2173	12114	1234	10880
2174	12092	1237	10855
2175	12103	1246	10857
2176	12062	1250	10812
2177	12058	1247	10811
2178	11987	1221	10766
2179	12010	1226	10784
2180	12010	1227	10783
2181	11851	1234	10617
2182	11952	1225	10727
2183	12003	1240	10763
2184	11958	1238	10720
2185	11934	1241	10693
2186	11889	1239	10650
2187	11875	1233	10642
2188	11832	1234	10598
2189	11898	1244	10654
2190	11939	1240	10699
2191	11776	1237	10539
2192	11763	1232	10531
2193	11857	1241	10616
2194	11908	1236	10672
2195	11886	1242	10644
2196	11878	1235	10643
2197	11897	1248	10649
2198	11816	1241	10575
2199	11743	1234	10509
2200	11684	1237	10447
2201	11653	1246	10407
2202	11670	1241	10429
2203	11733	1239	10494
2204	11655	1234	10421
2205	11646	1241	10405
2206	11557	1238	10319
2207	11542	1229	10313
2208	11538	1231	10307
2209	11440	1237	10203
2210	11375	1225	10150
2211	11352	1225	10127
2212	11298	1232	10066
2213	11286	1237	10049
2214	11241	1227	10014
2215	11182	1235	9947
2216	11181	1235	9946
2217	11165	1243	9922
2218	11077	1231	9846
2219	10990	1238	9752
2220	10997	1234	9763
2221	10966	1236	9730
2222	10847	1241	9606
2223	10765	1241	9524
2224	10690	1229	9461
2225	10720	1232	9488
2226	10661	1241	9420
2227	10512	1237	9275
2228	10438	1221	9217
2229	10385	1233	9152
2230	10201	1241	8960
2231	10206	1241	8965
2232	10095	1227	8868
2233	10040	1223	8817
2234	10004	1221	8783
2235	10005	1234	8771
2236	9975	1229	8746
2237	9859	1236	8623
2238	9889	1238	8651
2239	9851	1239	8612
2240	9849	1230	8619
2241	9862	1234	8628
2242	9882	1230	8652
2243	9867	1236	8631
2244	9822	1232	8590
2245	9853	1244	8609
2246	9917	1242	8675
2247	10046	1236	8810
2248	9960	1229	8731
2249	9949	1238	8711
2250	9926	1235	8691
2251	9963	1246	8717
2252	9991	1236	8755
2253	10048	1229	8819
2254	10192	1228	8964
2255	10237	1229	9008
2256	10214	1233	8981
2257	10269	1233	9036
2258	10366	1228	9138
2259	10436	1237	9199
2260	10441	1245	9196
2261	10536	1246	9290
2262	10656	1237	9419
2263	10719	1245	9474
2264	10693	1239	9454
2265	10737	1244	9493
2266	10786	1240	9546
2267	10742	1240	9502
2268	10784	1234	9550
2269	10863	1236	9627
2270	10858	1230	9628
2271	10941	1231	9710
2272	10887	1224	9663
2273	10841	1228	9613
2274	10928	1227	9701
2275	10936	1231	9705
2276	10877	1230	9647
2277	10821	1230	9591
2278	10845	1235	9610
2279	10865	1237	9628
2280	10840	1230	9610
2281	10880	1230	9650
2282	10864	1232	9632
2283	10825	1240	9585
2284	10913	1235	9678
2285	10912	1229	9683
2286	10894	1223	9671
2287	10929	1238	9691
2288	10794	1237	9557
2289	10777	1239	9538
2290	10887	1239	9648
2291	10794	1242	9552
2292	10754	1247	9507
2293	10732	1245	9487
2294	10818	1222	9596
2295	10862	1221	9641
2296	10828	1223	9605
2297	10849	1238	9611
2298	10771	1234	9537
2299	10633	1235	9398
2300	10671	1226	9445
2301	10704	1236	9468
2302	10647	1229	9418
2303	10733	1240	9493
2304	10708	1235	9473
2305	10680	1236	9444
2306	10595	1233	9362
2307	10652	1247	9405
2308	10672	1239	9433
2309	10647	1238	9409
2310	10646	1251	9395
2311	10608	1246	9362
2312	10556	1245	9311
2313	10548	1250	9298
2314	10586	1236	9350
2315	10649	1234	9415
2316	10596	1244	9352
2317	10587	1247	9340
2318	10514	1234	9280
2319	10513	1224	9289
2320	10451	1226	9225
2321	10446	1235	9211
2322	10533	1230	9303
2323	10472	1241	9231
2324	10453	1232	9221
2325	10476	1233	9243
2326	10469	1231	9238
2327	10506	1235	9271
2328	10457	1232	9225
2329	10427	1241	9186
2330	10418	1249	9169
2331	10376	1243	9133
2332	10450	1239	9211
2333	10411	1245	9166
2334	10414	1224	9190
2335	10365	1230	9135
2336	10269	1242	9027
2337	10314	1240	9074
2338	10345	1235	9110
2339	10357	1247	9110
2340	10296	1238	9058
2341	10366	1238	9128
2342	10306	1236	9070
2343	10251	1235	9016
2344	10355	1227	9128
2345	10286	1228	9058
2346	10197	1233	8964
2347	10227	1233	8994
2348	10292	1233	9059
2349	10244	1241	9003
2350	10209	1242	8967
2351	10269	1243	9026
2352	10252	1234	9018
2353	10202	1238	8964
2354	10231	1237	8994
2355	10230	1236	8994
2356	10235	1232	9003
2357	10150	1235	8915
2358	10078	1233	8845
2359	10164	1233	8931
2360	10074	1233	8841
2361	10025	1238	8787
2362	10122	1233	8889
2363	10171	1237	8934
2364	10212	1235	8977
2365	10119	1234	8885
2366	10087	1233	8854
2367	10090	1231	8859
2368	9964	1227	8737
2369	10027	1237	8790
2370	10050	1235	8815
2371	10096	1241	8855
2372	10094	1234	8860
2373	10119	1238	8881
2374	10004	1232	8772
2375	9948	1235	8713
2376	9926	1233	8693
2377	9941	1239	8702
2378	9963	1245	8718
2379	9962	1243	8719
2380	9960	1233	8727
2381	10001	1236	8765
2382	9930	1243	8687
2383	9877	1240	8637
2384	9863	1228	8635
2385	9877	1239	8638
2386	9909	1240	8669
2387	9849	1235	8614
2388	9752	1247	8505
2389	9740	1239	8501
2390	9770	1230	8540
2391	9796	1245	8551
2392	9754	1245	8509
2393	9697	1242	8455
2394	9747	1236	8511
2395	9920	1238	8682
2396	9795	1239	8556
2397	9746	1242	8504
2398	9747	1236	8511
2399	9761	1239	8522
2400	9719	1229	8490
2401	9683	1225	8458
2402	9727	1240	8487
2403	9809	1251	8558
2404	9783	1246	8537
2405	9734	1249	8485
2406	9659	1242	8417
2407	9629	1235	8394
2408	9653	1232	8421
2409	9730	1234	8496
2410	9733	1239	8494
2411	9646	1246	8400
2412	9690	1234	8456
2413	9715	1236	8479
2414	9643	1238	8405
2415	9619	1233	8386
2416	9619	1226	8393
2417	9644	1234	8410
2418	9608	1232	8376
2419	9585	1235	8350
2420	9579	1243	8336
2421	9667	1247	8420
2422	9682	1230	8452
2423	9573	1233	8340
2424	9517	1228	8289
2425	9640	1235	8405
2426	9642	1233	8409
2427	9518	1238	8280
2428	9567	1240	8327
2429	9490	1234	8256
2430	9504	1223	8281
2431	9528	1241	8287
2432	9442	1250	8192
2433	9423	1242	8181
2434	9447	1242	8205
2435	9462	1248	8214
2436	9460	1231	8229
2437	9473	1238	8235
2438	9480	1234	8246
2439	9489	1238	8251
2440	9404	1247	8157
2441	9407	1236	8171
2442	9385	1232	8153
2443	9314	1238	8076
2444	9353	1239	8114
2445	9395	1245	8150
2446	9355	1237	8118
2447	9391	1239	8152
2448	9427	1232	8195
2449	9401	1240	8161
2450	9356	1232	8124
2451	9455	1234	8221
2452	9428	1241	8187
2453	9388	1245	8143
2454	9267	1231	8036
2455	9339	1235	8104
2456	9397	1226	8171
2457	9368	1230	8138
2458	9366	1232	8134
2459	9370	1233	8137
2460	9361	1232	8129
2461	9380	1231	8149
2462	9331	1225	8106
2463	9325	1231	8094
2464	9330	1237	8093
2465	9259	1243	8016
2466	9250	1236	8014
2467	9292	1234	8058
2468	9324	1215	8109
2469	9411	1241	8170
2470	9402	1225	8177
2471	9368	1243	8125
2472	9302	1234	8068
2473	9214	1232	7982
2474	9213	1234	7979
2475	9292	1242	8050
2476	9416	1237	8179
2477	9326	1236	8090
2478	9307	1236	8071
2479	9273	1231	8042
2480	9247	1225	8022
2481	9221	1240	7981
2482	9141	1235	7906
2483	9186	1225	7961
2484	9205	1221	7984
2485	9258	1237	8021
2486	9322	1238	8084
2487	9205	1241	7964
2488	9184	1242	7942
2489	9300	1239	8061
2490	9280	1226	8054
2491	9249	1231	8018
2492	9226	1238	7988
2493	9165	1235	7930
2494	9193	1237	7956
2495	9211	1236	7975
2496	9245	1233	8012
2497	9255	1236	8019
2498	9240	1229	8011
2499	9209	1233	7976
2500	9251	1229	8022
2501	9348	1236	8112
2502	9339	1226	8113
2503	9190	1234	7956
2504	9183	1241	7942
2505	9165	1235	7930
2506	9140	1220	7920
2507	9164	1231	7933
2508	9278	1235	8043
2509	9212	1237	7975
2510	9214	1230	7984
2511	9193	1229	7964
2512	9133	1234	7899
2513	9148	1232	7916
2514	9141	1233	7908
2515	9112	1236	7876
2516	9136	1241	7895
2517	9250	1242	8008
2518	9274	1221	8053
2519	9199	1230	7969
2520	9106	1233	7873
2521	9181	1235	7946
2522	9173	1231	7942
2523	9252	1249	8003
2524	9282	1243	8039
2525	9226	1238	7988
2526	9245	1240	8005
2527	9256	1240	8016
2528	9235	1232	8003
2529	9324	1238	8086
2530	9248	1238	8010
2531	9188	1245	7943
2532	9191	1233	7958
2533	9250	1225	8025
2534	9226	1230	7996
2535	9228	1243	7985
2536	9169	1235	7934
2537	9146	1236	7910
2538	9125	1237	7888
2539	9156	1241	7915
2540	9233	1236	7997
2541	9289	1243	8046
2542	9190	1223	7967
2543	9150	1236	7914
2544	9221	1242	7979
2545	9233	1243	7990
2546	9140	1242	7898
2547	9206	1244	7962
2548	9234	1235	7999
2549	9226	1238	7988
2550	9258	1230	8028
2551	9322	1232	8090
2552	9275	1226	8049
2553	9256	1232	8024
2554	9288	1228	8060
2555	9181	1227	7954
2556	9185	1220	7965
2557	9288	1245	8043
2558	9230	1238	7992
2559	9157	1228	7929
2560	9159	1232	7927
2561	9205	1239	7966
2562	9204	1230	7974
2563	9199	1237	7962
2564	9169	1239	7930
2565	9223	1237	7986
2566	9223	1230	7993
2567	9272	1233	8039
2568	9287	1238	8049
2569	9287	1234	8053
2570	9388	1237	8151
2571	9287	1239	8048
2572	9273	1237	8036
2573	9349	1233	8116
2574	9293	1230	8063
2575	9244	1245	7999
2576	9233	1242	7991
2577	9271	1238	8033
2578	9283	1231	8052
2579	9210	1234	7976
2580	9242	1223	8019
2581	9275	1237	8038
2582	9345	1231	8114
2583	9349	1226	8123
2584	9284	1228	8056
2585	9254	1235	8019
2586	9319	1232	8087
2587	9302	1234	8068
2588	9300	1228	8072
2589	9362	1225	8137
2590	9337	1221	8116
2591	9320	1241	8079
2592	9300	1240	8060
2593	9301	1237	8064
2594	9286	1233	8053
2595	9300	1236	8064
2596	9417	1227	8190
2597	9370	1230	8140
2598	9339	1235	8104
2599	9391	1233	8158
2600	9418	1227	8191
2601	9469	1239	8230
2602	9369	1227	8142
2603	9312	1224	8088
2604	9368	1233	8135
2605	9354	1240	8114
2606	9361	1239	8122
2607	9390	1236	8154
2608	9402	1228	8174
2609	9374	1239	8135
2610	9398	1247	8151
2611	9436	1243	8193
2612	9416	1232	8184
2613	9419	1241	8178
2614	9427	1237	8190
2615	9388	1235	8153
2616	9393	1233	8160
2617	9423	1248	8175
2618	9430	1240	8190
2619	9427	1235	8192
2620	9481	1220	8261
2621	9465	1232	8233
2622	9457	1241	8216
2623	9402	1236	8166
2624	9437	1239	8198
2625	9534	1242	8292
2626	9600	1240	8360
2627	9563	1240	8323
2628	9427	1236	8191
2629	9438	1240	8198
2630	9457	1239	8218
2631	9449	1231	8218
2632	9441	1235	8206
2633	9574	1241	8333
2634	9579	1226	8353
2635	9505	1229	8276
2636	9532	1231	8301
2637	9567	1232	8335
2638	9542	1233	8309
2639	9567	1238	8329
2640	9542	1234	8308
2641	9486	1246	8240
2642	9531	1238	8293
2643	9584	1235	8349
2644	9565	1241	8324
2645	9651	1242	8409
2646	9613	1228	8385
2647	9576	1234	8342
2648	9494	1231	8263
2649	9442	1235	8207
2650	9479	1231	8248
2651	9507	1247	8260
2652	9600	1238	8362
2653	9724	1228	8496
2654	9697	1234	8463
2655	9624	1234	8390
2656	9675	1223	8452
2657	9626	1236	8390
2658	9684	1230	8454
2659	9643	1236	8407
2660	9704	1242	8462
2661	9710	1242	8468
2662	9684	1230	8454
2663	9678	1233	8445
2664	9635	1232	8403
2665	9757	1235	8522
2666	9727	1232	8495
2667	9714	1239	8475
2668	9744	1238	8506
2669	9733	1234	8499
2670	9806	1231	8575
2671	9780	1235	8545
2672	9745	1238	8507
2673	9730	1250	8480
2674	9759	1238	8521
2675	9709	1236	8473
2676	9705	1238	8467
2677	9809	1232	8577
2678	9790	1228	8562
2679	9688	1239	8449
2680	9695	1240	8455
2681	9663	1244	8419
2682	9702	1238	8464
2683	9634	1234	8400
2684	9665	1238	8427
2685	9744	1241	8503
2686	9700	1236	8464
2687	9683	1236	8447
2688	9721	1238	8483
2689	9766	1244	8522
2690	9715	1233	8482
2691	9702	1240	8462
2692	9771	1237	8534
2693	9797	1234	8563
2694	9867	1237	8630
2695	9795	1240	8555
2696	9627	1230	8397
2697	9692	1237	8455
2698	9720	1242	8478
2699	9731	1243	8488
2700	9763	1235	8528
2701	9829	1225	8604
2702	9826	1228	8598
2703	9795	1243	8552
2704	9758	1237	8521
2705	9835	1228	8607
2706	9793	1231	8562
2707	9772	1241	8531
2708	9762	1239	8523
2709	9782	1246	8536
2710	9887	1234	8653
2711	9885	1227	8658
2712	9754	1231	8523
2713	9803	1240	8563
2714	9863	1240	8623
2715	9842	1240	8602
2716	9797	1240	8557
2717	9706	1242	8464
2718	9727	1241	8486
2719	9817	1250	8567
2720	9908	1235	8673
2721	9851	1234	8617
2722	9767	1221	8546
2723	9870	1232	8638
2724	9903	1241	8662
2725	9858	1232	8626
2726	9854	1228	8626
2727	9856	1234	8622
2728	9923	1234	8689
2729	9888	1230	8658
2730	9767	1224	8543
2731	9836	1237	8599
2732	9761	1233	8528
2733	9776	1241	8535
2734	9763	1247	8516
2735	9760	1243	8517
2736	9768	1231	8537
2737	9782	1234	8548
2738	9861	1229	8632
2739	9863	1230	8633
2740	9730	1237	8493
2741	9652	1247	8405
2742	9731	1240	8491
2743	9763	1237	8526
2744	9717	1240	8477
2745	9763	1237	8526
2746	9789	1227	8562
2747	9793	1238	8555
2748	9813	1241	8572
2749	9864	1237	8627
2750	9774	1231	8543
2751	9809	1229	8580
2752	9838	1226	8612
2753	9849	1227	8622
2754	9869	1228	8641
2755	9727	1235	8492
2756	9732	1244	8488
2757	9792	1251	8541
2758	9776	1243	8533
2759	9761	1241	8520
2760	9699	1234	8465
2761	9753	1242	8511
2762	9769	1236	8533
2763	9715	1240	8475
2764	9665	1237	8428
2765	9790	1239	8551
2766	9800	1230	8570
2767	9701	1229	8472
2768	9756	1237	8519
2769	9711	1237	8474
2770	9653	1237	8416
2771	9701	1244	8457
2772	9709	1232	8477
2773	9770	1238	8532
2774	9752	1228	8524
2775	9705	1232	8473
2776	9775	1227	8548
2777	9697	1237	8460
2778	9661	1234	8427
2779	9690	1237	8453
2780	9725	1232	8493
2781	9796	1227	8569
2782	9808	1227	8581
2783	9759	1239	8520
2784	9756	1245	8511
2785	9763	1247	8516
2786	9691	1229	8462
2787	9667	1233	8434
2788	9683	1238	8445
2789	9587	1236	8351
2790	9666	1246	8420
2791	9714	1241	8473
2792	9641	1237	8404
2793	9569	1241	8328
2794	9547	1243	8304
2795	9601	1238	8363
2796	9655	1232	8423
2797	9592	1242	8350
2798	9609	1240	8369
2799	9625	1232	8393
2800	9616	1225	8391
2801	9680	1235	8445
2802	9660	1231	8429
2803	9588	1237	8351
2804	9551	1235	8316
2805	9515	1238	8277
2806	9487	1236	8251
2807	9539	1241	8298
2808	9537	1241	8296
2809	9464	1232	8232
2810	9479	1228	8251
2811	9458	1241	8217
2812	9505	1239	8266
2813	9525	1239	8286
2814	9513	1222	8291
2815	9524	1219	8305
2816	9468	1223	8245
2817	9544	1236	8308
2818	9469	1233	8236
2819	9374	1243	8131
2820	9303	1239	8064
2821	9331	1243	8088
2822	9396	1243	8153
2823	9410	1233	8177
2824	9322	1230	8092
2825	9343	1232	8111
2826	9395	1228	8167
2827	9372	1225	8147
2828	9320	1234	8086
2829	9292	1239	8053
2830	9349	1235	8114
2831	9340	1240	8100
2832	9346	1237	8109
2833	9384	1237	8147
2834	9302	1230	8072
2835	9271	1234	8037
2836	9237	1231	8006
2837	9169	1238	7931
2838	9186	1235	7951
2839	9141	1231	7910
2840	9197	1226	7971
2841	9206	1239	7967
2842	9188	1229	7959
2843	9226	1235	7991
2844	9205	1228	7977
2845	9156	1235	7921
2846	9115	1228	7887
2847	9033	1235	7798
2848	9024	1225	7799
2849	9040	1228	7812
2850	9033	1230	7803
2851	9042	1239	7803
2852	9057	1238	7819
2853	9037	1234	7803
2854	8995	1234	7761
2855	9004	1238	7766
2856	9044	1227	7817
2857	9020	1225	7795
2858	8924	1232	7692
2859	8905	1236	7669
2860	8905	1243	7662
2861	8868	1247	7621
2862	8868	1233	7635
2863	8903	1235	7668
2864	8997	1237	7760
2865	8910	1236	7674
2866	8762	1236	7526
2867	8716	1234	7482
2868	8733	1238	7495
2869	8786	1252	7534
2870	8786	1234	7552
2871	8741	1229	7512
2872	8727	1230	7497
2873	8775	1250	7525
2874	8731	1244	7487
2875	8671	1239	7432
2876	8624	1229	7395
2877	8649	1224	7425
2878	8640	1216	7424
2879	8610	1221	7389
2880	8697	1230	7467
2881	8582	1243	7339
2882	8496	1232	7264
2883	8542	1231	7311
2884	8566	1233	7333
2885	8571	1245	7326
2886	8577	1247	7330
2887	8517	1233	7284
2888	8433	1224	7209
2889	8517	1231	7286
2890	8478	1234	7244
2891	8459	1245	7214
2892	8419	1241	7178
2893	8388	1242	7146
2894	8383	1229	7154
2895	8407	1225	7182
2896	8355	1224	7131
2897	8395	1233	7162
2898	8406	1237	7169
2899	8305	1238	7067
2900	8321	1228	7093
2901	8284	1222	7062
2902	8234	1222	7012
2903	8257	1232	7025
2904	8121	1230	6891
2905	8092	1235	6857
2906	8117	1228	6889
2907	8205	1237	6968
2908	8130	1238	6892
2909	8138	1232	6906
2910	8044	1225	6819
2911	8071	1236	6835
2912	8072	1238	6834
2913	7989	1237	6752
2914	8000	1230	6770
2915	8026	1236	6790
2916	7968	1227	6741
2917	7955	1239	6716
2918	7964	1234	6730
2919	7966	1226	6740
2920	7953	1229	6724
2921	7919	1239	6680
2922	7878	1233	6645
2923	7853	1231	6622
2924	7857	1239	6618
2925	7752	1240	6512
2926	7744	1236	6508
2927	7848	1252	6596
2928	7795	1241	6554
2929	7706	1229	6477
2930	7783	1230	6553
2931	7801	1235	6566
2932	7729	1228	6501
2933	7723	1228	6495
2934	7665	1233	6432
2935	7674	1241	6433
2936	7714	1237	6477
2937	7669	1237	6432
2938	7654	1232	6422
2939	7639	1233	6406
2940	7654	1233	6421
2941	7598	1235	6363
2942	7564	1233	6331
2943	7541	1234	6307
2944	7500	1227	6273
2945	7521	1234	6287
2946	7496	1233	6263
2947	7398	1234	6164
2948	7397	1225	6172
2949	7419	1233	6186
2950	7340	1233	6107
2951	7315	1236	6079
2952	7353	1230	6123
2953	7347	1227	6120
2954	7278	1226	6052
2955	7285	1237	6048
2956	7291	1233	6058
2957	7260	1232	6028
2958	7192	1227	5965
2959	7256	1237	6019
2960	7299	1242	6057
2961	7221	1241	5980
2962	7198	1235	5963
2963	7260	1235	6025
2964	7224	1231	5993
2965	7195	1228	5967
2966	7132	1236	5896
2967	7179	1247	5932
2968	7251	1241	6010
2969	7142	1241	5901
2970	7155	1237	5918
2971	7086	1239	5847
2972	7062	1226	5836
2973	7042	1228	5814
2974	6980	1229	5751
2975	6943	1232	5711
2976	6968	1235	5733
2977	6984	1233	5751
2978	6904	1231	5673
2979	6898	1244	5654
2980	6936	1242	5694
2981	6879	1254	5625
2982	6881	1248	5633
2983	6815	1241	5574
2984	6837	1238	5599
2985	6879	1239	5640
2986	6801	1231	5570
2987	6711	1245	5466
2988	6716	1235	5481
2989	6748	1245	5503
2990	6734	1248	5486
2991	6763	1248	5515
2992	6686	1235	5451
2993	6640	1233	5407
2994	6586	1233	5353
2995	6587	1243	5344
2996	6585	1240	5345
2997	6547	1243	5304
2998	6567	1235	5332
2999	6499	1235	5264
3000	6451	1227	5224
3001	6432	1235	5197
3002	6410	1230	5180
3003	6395	1229	5166
3004	6351	1222	5129
3005	6339	1231	5108
3006	6234	1220	5014
3007	6196	1223	4973
3008	6204	1233	4971
3009	6215	1242	4973
3010	6170	1241	4929
3011	6156	1246	4910
3012	6230	1232	4998
3013	6206	1229	4977
3014	6158	1226	4932
3015	6227	1238	4989
3016	6245	1237	5008
3017	6189	1241	4948
3018	6164	1235	4929
3019	6139	1228	4911
3020	6141	1235	4906
3021	6180	1237	4943
3022	6203	1233	4970
3023	6176	1233	4943
3024	6132	1233	4899
3025	6087	1237	4850
3026	6051	1235	4816
3027	6069	1243	4826
3028	6033	1241	4792
3029	6051	1236	4815
3030	6049	1242	4807
3031	5996	1237	4759
3032	5951	1225	4726
3033	5925	1233	4692
3034	5965	1230	4735
3035	5932	1231	4701
3036	5874	1238	4636
3037	5857	1239	4618
3038	5831	1229	4602
3039	5824	1237	4587
3040	5831	1229	4602
3041	5828	1236	4592
3042	5864	1234	4630
3043	5879	1223	4656
3044	5789	1226	4563
3045	5714	1237	4477
3046	5729	1241	4488
3047	5732	1237	4495
3048	5700	1237	4463
3049	5717	1237	4480
3050	5666	1243	4423
3051	5659	1240	4419
3052	5687	1235	4452
3053	5644	1250	4394
3054	5583	1247	4336
3055	5559	1241	4318
3056	5534	1238	4296
3057	5530	1244	4286
3058	5495	1237	4258
3059	5495	1235	4260
3060	5485	1226	4259
3061	5500	1230	4270
3062	5435	1234	4201
3063	5447	1231	4216
3064	5433	1221	4212
3065	5412	1231	4181
3066	5432	1233	4199
3067	5422	1234	4188
3068	5373	1238	4135
3069	5371	1236	4135
3070	5340	1223	4117
3071	5352	1224	4128
3072	5326	1225	4101
3073	5270	1224	4046
3074	5264	1227	4037
3075	5247	1240	4007
3076	5232	1233	3999
3077	5192	1231	3961
3078	5146	1243	3903
3079	5198	1243	3955
3080	5168	1230	3938
3081	5149	1234	3915
3082	5114	1243	3871
3083	5131	1248	3883
3084	5110	1232	3878
3085	5055	1235	3820
3086	5023	1234	3789
3087	5025	1244	3781
3088	5087	1246	3841
3089	5116	1240	3876
3090	4998	1229	3769
3091	5013	1233	3780
3092	4982	1235	3747
3093	4965	1230	3735
3094	4955	1223	3732
3095	4963	1227	3736
3096	4962	1231	3731
3097	4980	1246	3734
3098	4917	1239	3678
3099	4906	1236	3670
3100	4849	1224	3625
3101	4831	1229	3602
3102	4770	1230	3540
3103	4739	1237	3502
3104	4780	1234	3546
3105	4780	1242	3538
3106	4771	1238	3533
3107	4748	1241	3507
3108	4679	1232	3447
3109	4687	1242	3445
3110	4679	1237	3442
3111	4667	1228	3439
3112	4673	1228	3445
3113	4605	1233	3372
3114	4589	1228	3361
3115	4632	1229	3403
3116	4617	1224	3393
3117	4584	1232	3352
3118	4570	1230	3340
3119	4519	1237	3282
3120	4519	1235	3284
3121	4568	1233	3335
3122	4579	1220	3359
3123	4536	1223	3313
3124	4500	1219	3281
3125	4503	1229	3274
3126	4475	1232	3243
3127	4443	1239	3204
3128	4410	1231	3179
3129	4450	1229	3221
3130	4415	1235	3180
3131	4422	1233	3189
3132	4404	1223	3181
3133	4341	1228	3113
3134	4291	1232	3059
3135	4353	1242	3111
3136	4299	1230	3069
3137	4238	1229	3009
3138	4235	1235	3000
3139	4234	1235	2999
3140	4197	1226	2971
3141	4269	1223	3046
3142	4231	1224	3007
3143	4207	1240	2967
3144	4169	1224	2945
3145	4155	1232	2923
3146	4116	1228	2888
3147	4123	1237	2886
3148	4143	1249	2894
3149	4101	1244	2857
3150	4066	1234	2832
3151	4092	1239	2853
3152	4074	1235	2839
3153	4039	1241	2798
3154	4004	1234	2770
3155	4000	1244	2756
3156	3993	1241	2752
3157	3986	1241	2745
3158	3959	1227	2732
3159	3956	1228	2728
3160	3862	1232	2630
3161	3863	1231	2632
3162	3845	1226	2619
3163	3860	1229	2631
3164	3799	1218	2581
3165	3808	1227	2581
3166	3826	1229	2597
3167	3864	1236	2628
3168	3848	1233	2615
3169	3791	1235	2556
3170	3757	1228	2529
3171	3759	1233	2526
3172	3748	1230	2518
3173	3676	1237	2439
3174	3696	1241	2455
3175	3699	1238	2461
3176	3621	1232	2389
3177	3630	1240	2390
3178	3623	1235	2388
3179	3624	1239	2385
3180	3603	1239	2364
3181	3566	1238	2328
3182	3598	1236	2362
3183	3589	1241	2348
3184	3529	1241	2288
3185	3578	1238	2340
3186	3596	1233	2363
3187	3603	1251	2352
3188	3551	1240	2311
3189	3495	1234	2261
3190	3443	1232	2211
3191	3452	1232	2220
3192	3423	1238	2185
3193	3384	1248	2136
3194	3372	1240	2132
3195	3354	1233	2121
3196	3391	1238	2153
3197	3381	1244	2137
3198	3345	1229	2116
3199	3328	1229	2099
3200	3345	1236	2109
3201	3358	1239	2119
3202	3268	1229	2039
3203	3274	1240	2034
3204	3259	1236	2023
3205	3237	1244	1993
3206	3217	1237	1980
3207	3190	1235	1955
3208	3204	1227	1977
3209	3245	1228	2017
3210	3204	1227	1977
3211	3142	1240	1902
3212	3106	1242	1864
3213	3118	1241	1877
3214	3154	1227	1927
3215	3116	1231	1885
3216	3080	1236	1844
3217	3088	1236	1852
3218	3087	1229	1858
3219	3088	1232	1856
3220	3097	1226	1871
3221	3056	1225	1831
3222	3019	1224	1795
3223	2999	1236	1763
3224	2967	1235	1732
3225	2979	1233	1746
3226	2973	1233	1740
3227	2968	1233	1735
3228	2913	1225	1688
3229	2880	1230	1650
3230	2915	1230	1685
3231	2923	1228	1695
3232	2904	1230	1674
3233	2895	1234	1661
3234	2836	1242	1594
3235	2824	1241	1583
3236	2821	1232	1589
3237	2803	1231	1572
3238	2783	1227	1556
3239	2761	1237	1524
3240	2737	1228	1509
3241	2744	1237	1507
3242	2729	1236	1493
3243	2733	1233	1500
3244	2751	1231	1520
3245	2700	1236	1464
3246	2664	1240	1424
3247	2674	1238	1436
3248	2671	1223	1448
3249	2689	1233	1456
3250	2650	1245	1405
3251	2648	1243	1405
3252	2608	1250	1358
3253	2633	1248	1385
3254	2602	1233	1369
3255	2553	1247	1306
3256	2585	1240	1345
3257	2568	1240	1328
3258	2538	1235	1303
3259	2554	1233	1321
3260	2541	1243	1298
3261	2538	1239	1299
3262	2522	1229	1293
3263	2522	1234	1288
3264	2521	1234	1287
3265	2494	1228	1266
3266	2434	1223	1211
3267	2422	1226	1196
3268	2426	1227	1199
3269	2447	1242	1205
3270	2411	1240	1171
3271	2417	1241	1176
3272	2415	1236	1179
3273	2365	1239	1126
3274	2362	1237	1125
3275	2362	1236	1126
3276	2336	1234	1102
3277	2358	1232	1126
3278	2318	1239	1079
3279	2264	1246	1018
3280	2256	1233	1023
3281	2269	1240	1029
3282	2278	1233	1045
3283	2262	1241	1021
3284	2233	1245	988
3285	2242	1251	991
3286	2253	1239	1014
3287	2215	1239	976
3288	2206	1225	981
3289	2248	1235	1013
3290	2255	1231	1024
3291	2218	1225	993
3292	2190	1230	960
3293	2166	1234	932
3294	2147	1227	920
3295	2142	1232	910
3296	2140	1235	905
3297	2152	1236	916
3298	2115	1227	888
3299	2108	1236	872
3300	2092	1234	858
3301	2084	1239	845
3302	2069	1239	830
3303	2042	1242	800
3304	2048	1242	806
3305	2034	1243	791
3306	2006	1240	766
3307	2023	1240	783
3308	2028	1237	791
3309	2025	1243	782
3310	2021	1245	776
3311	1990	1249	741
3312	1954	1240	714
3313	1969	1245	724
3314	1995	1237	758
3315	1952	1232	720
3316	1941	1232	709
3317	1961	1245	716
3318	1926	1239	687
3319	1935	1239	696
3320	1931	1233	698
3321	1916	1230	686
3322	1917	1229	688
3323	1902	1236	666
3324	1858	1233	625
3325	1856	1234	622
3326	1849	1230	619
3327	1873	1230	643
3328	1875	1239	636
3329	1845	1235	610
3330	1821	1232	589
3331	1815	1238	577
3332	1798	1236	562
3333	1784	1241	543
3334	1777	1240	537
3335	1795	1242	553
3336	1781	1235	546
3337	1763	1238	525
3338	1770	1241	529
3339	1769	1243	526
3340	1742	1234	508
3341	1757	1242	515
3342	1716	1235	481
3343	1698	1234	464
3344	1716	1246	470
3345	1692	1242	450
3346	1689	1236	453
3347	1690	1240	450
3348	1684	1235	449
3349	1682	1238	444
3350	1659	1240	419
3351	1657	1233	424
3352	1636	1231	405
3353	1643	1244	399
3354	1646	1231	415
3355	1655	1230	425
3356	1630	1237	393
3357	1616	1245	371
3358	1605	1231	374
3359	1610	1238	372
3360	1620	1228	392
3361	1596	1230	366
3362	1588	1230	358
3363	1586	1243	343
3364	1581	1237	344
3365	1573	1239	334
3366	1549	1242	307
3367	1568	1240	328
3368	1549	1235	314
3369	1545	1238	307
3370	1540	1236	304
3371	1531	1245	286
3372	1513	1238	275
3373	1527	1239	288
3374	1512	1235	277
3375	1503	1237	266
3376	1504	1241	263
3377	1509	1237	272
3378	1485	1242	243
3379	1497	1247	250
3380	1486	1232	254
3381	1474	1236	238
3382	1449	1242	207
3383	1432	1241	191
3384	1420	1239	181
3385	1449	1239	210
3386	1444	1227	217
3387	1465	1227	238
3388	1454	1243	211
3389	1458	1242	216
3390	1443	1243	200
3391	1437	1252	185
3392	1458	1240	218
3393	1463	1241	222
3394	1431	1231	200
3395	1424	1231	193
3396	1439	1238	201
3397	1458	1243	215
3398	1437	1236	201
3399	1434	1233	201
3400	1410	1230	180
3401	1395	1230	165
3402	1404	1228	176
3403	1424	1246	178
3404	1413	1242	171
3405	1424	1242	182
3406	1419	1236	183
3407	1405	1242	163
3408	1394	1248	146
3409	1419	1246	173
3410	1425	1236	189
3411	1432	1244	188
3412	1416	1246	170
3413	1426	1245	181
3414	1415	1236	179
3415	1397	1239	158
3416	1379	1234	145
3417	1399	1234	165
3418	1426	1232	194
3419	1427	1235	192
3420	1394	1237	157
3421	1407	1237	170
3422	1428	1243	185
3423	1409	1244	165
3424	1419	1229	190
3425	1431	1235	196
3426	1409	1236	173
3427	1403	1246	157
3428	1396	1246	150
3429	1409	1247	162
3430	1404	1240	164
3431	1386	1236	150
3432	1380	1231	149
3433	1429	1241	188
3434	1446	1244	202
3435	1431	1240	191
3436	1404	1239	165
3437	1375	1236	139
3438	1383	1240	143
3439	1373	1239	134
3440	1380	1238	142
3441	1410	1252	158
3442	1377	1249	128
3443	1371	1241	130
3444	1381	1236	145
3445	1381	1238	143
3446	1393	1230	163
3447	1395	1236	159
3448	1396	1234	162
3449	1409	1234	175
3450	1393	1231	162
3451	1386	1235	151
3452	1386	1235	151
3453	1391	1247	144
3454	1380	1245	135
3455	1368	1247	121
3456	1376	1236	140
3457	1391	1231	160
3458	1382	1225	157
3459	1395	1222	173
3460	1391	1218	173
3461	1371	1228	143
3462	1368	1224	144
3463	1376	1231	145
3464	1367	1232	135
3465	1371	1243	128
3466	1368	1243	125
3467	1372	1245	127
3468	1359	1237	122
3469	1376	1237	139
3470	1361	1236	125
3471	1369	1239	130
3472	1387	1234	153
3473	1384	1232	152
3474	1370	1230	140
3475	1355	1231	124
3476	1385	1231	154
3477	1370	1233	137
3478	1359	1228	131
3479	1387	1233	154
3480	1369	1230	139
3481	1374	1248	126
3482	1367	1240	127
3483	1359	1236	123
3484	1381	1234	147
3485	1408	1239	169
3486	1377	1236	141
3487	1368	1247	121
3488	1371	1241	130
3489	1388	1241	147
3490	1377	1239	138
3491	1355	1234	121
3492	1361	1232	129
3493	1366	1229	137
3494	1367	1223	144
3495	1396	1226	170
3496	1382	1225	157
3497	1369	1227	142
3498	1358	1229	129
3499	1363	1231	132
3500	1367	1228	139
3501	1375	1236	139
3502	1347	1238	109
3503	1362	1246	116
3504	1369	1237	132
3505	1362	1230	132
3506	1370	1234	136
3507	1355	1237	118
3508	1343	1223	120
3509	1341	1228	113
3510	1367	1236	131
3511	1403	1238	165
3512	1377	1233	144
3513	1347	1240	107
3514	1338	1237	101
3515	1350	1232	118
3516	1352	1236	116
3517	1356	1237	119
3518	1350	1229	121
3519	1368	1245	123
3520	1358	1238	120
3521	1354	1238	116
3522	1359	1239	120
3523	1336	1233	103
3524	1335	1225	110
3525	1354	1227	127
3526	1365	1232	133
3527	1363	1239	124
3528	1343	1220	123
3529	1344	1220	124
3530	1368	1229	139
3531	1356	1234	122
3532	1329	1229	100
3533	1337	1242	95
3534	1331	1245	86
3535	1344	1246	98
3536	1351	1237	114
3537	1346	1244	102
3538	1352	1244	108
3539	1342	1243	99
3540	1338	1240	98
3541	1356	1237	119
3542	1327	1232	95
3543	1325	1237	88
3544	1310	1236	74
3545	1318	1237	81
3546	1351	1233	118
3547	1361	1232	129
3548	1335	1231	104
3549	1334	1231	103
3550	1360	1237	123
3551	1367	1238	129
3552	1332	1234	98
3553	1337	1241	96
3554	1347	1231	116
3555	1326	1234	92
3556	1307	1234	73
3557	1333	1243	90
3558	1351	1236	115
3559	1363	1233	130
3560	1360	1231	129
3561	1353	1228	125
3562	1335	1224	111
3563	1352	1237	115
3564	1358	1243	115
3565	1349	1241	108
3566	1331	1227	104
3567	1340	1234	106
3568	1345	1226	119
3569	1341	1236	105
3570	1333	1246	87
3571	1337	1243	94
3572	1340	1234	106
3573	1336	1242	94
3574	1314	1242	72
3575	1328	1241	87
3576	1351	1227	124
3577	1332	1223	109
3578	1308	1223	85
3579	1317	1236	81
3580	1314	1237	77
3581	1313	1238	75
3582	1304	1235	69
3583	1335	1238	97
3584	1337	1237	100
3585	1340	1234	106
3586	1329	1236	93
3587	1325	1243	82
3588	1322	1238	84
3589	1330	1242	88
3590	1327	1243	84
3591	1329	1240	89
3592	1335	1232	103
3593	1332	1243	89
3594	1334	1239	95
3595	1343	1234	109
3596	1314	1227	87
3597	1332	1230	102
3598	1328	1226	102
3599	1325	1233	92
3600	1315	1232	83
3601	1321	1232	89
3602	1302	1227	75
3603	1301	1237	64
3604	1306	1229	77
3605	1307	1231	76
3606	1309	1228	81
3607	1324	1238	86
3608	1323	1228	95
3609	1322	1244	78
3610	1334	1250	84
3611	1341	1239	102
3612	1321	1239	82
3613	1292	1237	55
3614	1301	1234	67
3615	1335	1246	89
3616	1330	1246	84
3617	1324	1238	86
3618	1333	1230	103
3619	1341	1237	104
3620	1311	1234	77
3621	1314	1239	75
3622	1322	1234	88
3623	1315	1237	78
3624	1295	1233	62
3625	1308	1242	66
3626	1317	1245	72
3627	1342	1234	108
3628	1331	1230	101
3629	1313	1235	78
3630	1314	1242	72
3631	1309	1236	73
3632	1304	1226	78
3633	1331	1235	96
3634	1308	1231	77
3635	1301	1234	67
3636	1314	1236	78
3637	1318	1238	80
3638	1298	1242	56
3639	1307	1244	63
3640	1318	1236	82
3641	1312	1240	72
3642	1303	1237	66
3643	1317	1242	75
3644	1309	1243	66
3645	1321	1234	87
3646	1330	1228	102
3647	1317	1234	83
3648	1287	1225	62
