index	original	background	difference
-----------------------------------------------------
1	1259	1188	71
2	1267	1188	79
3	1292	1191	101
4	1280	1188	92
5	1278	1195	83
6	1300	1200	100
7	1305	1200	105
8	1316	1200	116
9	1298	1216	82
10	1290	1207	83
11	1281	1207	74
12	1283	1197	86
13	1287	1200	87
14	1292	1199	93
15	1304	1204	100
16	1321	1198	123
17	1331	1209	122
18	1324	1199	125
19	1310	1212	98
20	1316	1209	107
21	1328	1212	116
22	1325	1209	116
23	1310	1214	96
24	1326	1210	116
25	1308	1203	105
26	1321	1211	110
27	1327	1219	108
28	1318	1212	106
29	1309	1214	95
30	1330	1218	112
31	1340	1217	123
32	1349	1214	135
33	1350	1225	125
34	1333	1220	113
35	1333	1221	112
36	1336	1212	124
37	1340	1214	126
38	1356	1215	141
39	1351	1212	139
40	1339	1209	130
41	1325	1213	112
42	1355	1216	139
43	1343	1211	132
44	1335	1222	113
45	1336	1226	110
46	1333	1223	110
47	1337	1223	114
48	1352	1227	125
49	1348	1232	116
50	1354	1229	125
51	1367	1218	149
52	1368	1218	150
53	1361	1221	140
54	1364	1225	139
55	1375	1237	138
56	1360	1242	118
57	1362	1231	131
58	1361	1222	139
59	1349	1226	123
60	1359	1230	129
61	1368	1235	133
62	1387	1225	162
63	1384	1236	148
64	1405	1227	178
65	1396	1234	162
66	1388	1233	155
67	1383	1228	155
68	1370	1225	145
69	1374	1233	141
70	1358	1238	120
71	1384	1243	141
72	1387	1229	158
73	1378	1225	153
74	1394	1220	174
75	1389	1223	166
76	1387	1226	161
77	1406	1228	178
78	1399	1227	172
79	1399	1232	167
80	1409	1218	191
81	1391	1229	162
82	1373	1229	144
83	1362	1225	137
84	1373	1223	150
85	1386	1224	162
86	1389	1226	163
87	1379	1223	156
88	1384	1230	154
89	1402	1245	157
90	1413	1235	178
91	1408	1241	167
92	1395	1235	160
93	1392	1242	150
94	1403	1230	173
95	1397	1230	167
96	1395	1224	171
97	1385	1226	159
98	1399	1231	168
99	1404	1235	169
100	1411	1232	179
101	1390	1232	158
102	1383	1230	153
103	1399	1236	163
104	1423	1229	194
105	1424	1238	186
106	1403	1236	167
107	1381	1229	152
108	1378	1234	144
109	1351	1243	108
110	1353	1229	124
111	1396	1229	167
112	1409	1226	183
113	1412	1241	171
114	1393	1234	159
115	1401	1234	167
116	1395	1244	151
117	1393	1238	155
118	1394	1238	156
119	1416	1239	177
120	1433	1230	203
121	1395	1233	162
122	1394	1237	157
123	1401	1234	167
124	1405	1220	185
125	1408	1220	188
126	1423	1233	190
127	1432	1241	191
128	1433	1229	204
129	1422	1234	188
130	1441	1227	214
131	1452	1234	218
132	1456	1233	223
133	1405	1232	173
134	1399	1227	172
135	1417	1242	175
136	1430	1245	185
137	1416	1238	178
138	1423	1236	187
139	1447	1244	203
140	1433	1232	201
141	1433	1246	187
142	1439	1235	204
143	1459	1235	224
144	1435	1237	198
145	1435	1248	187
146	1467	1247	220
147	1439	1246	193
148	1414	1243	171
149	1429	1238	191
150	1473	1235	238
151	1481	1244	237
152	1474	1235	239
153	1451	1241	210
154	1426	1233	193
155	1452	1236	216
156	1448	1237	211
157	1435	1244	191
158	1442	1239	203
159	1444	1240	204
160	1451	1245	206
161	1440	1243	197
162	1461	1236	225
163	1458	1237	221
164	1444	1231	213
165	1448	1242	206
166	1480	1236	244
167	1477	1241	236
168	1455	1240	215
169	1467	1236	231
170	1476	1231	245
171	1461	1236	225
172	1480	1235	245
173	1478	1234	244
174	1459	1237	222
175	1464	1244	220
176	1477	1235	242
177	1466	1233	233
178	1458	1229	229
179	1453	1233	220
180	1469	1242	227
181	1454	1248	206
182	1462	1240	222
183	1471	1249	222
184	1480	1247	233
185	1487	1240	247
186	1493	1234	259
187	1477	1243	234
188	1503	1231	272
189	1501	1226	275
190	1515	1226	289
191	1521	1231	290
192	1519	1223	296
193	1488	1234	254
194	1506	1238	268
195	1526	1250	276
196	1508	1242	266
197	1502	1236	266
198	1483	1238	245
199	1535	1246	289
200	1549	1238	311
201	1520	1232	288
202	1528	1232	296
203	1557	1238	319
204	1572	1233	339
205	1543	1236	307
206	1539	1241	298
207	1523	1235	288
208	1518	1232	286
209	1553	1239	314
210	1583	1239	344
211	1570	1247	323
212	1541	1233	308
213	1539	1242	297
214	1559	1244	315
215	1533	1254	279
216	1524	1239	285
217	1556	1240	316
218	1593	1241	352
219	1583	1236	347
220	1568	1232	336
221	1566	1242	324
222	1565	1240	325
223	1559	1231	328
224	1590	1243	347
225	1597	1247	350
226	1579	1233	346
227	1564	1238	326
228	1575	1235	340
229	1584	1239	345
230	1569	1235	334
231	1593	1242	351
232	1611	1243	368
233	1610	1243	367
234	1606	1238	368
235	1608	1240	368
236	1623	1241	382
237	1606	1246	360
238	1585	1238	347
239	1597	1239	358
240	1599	1237	362
241	1613	1243	370
242	1601	1237	364
243	1606	1235	371
244	1662	1249	413
245	1659	1251	408
246	1640	1241	399
247	1606	1241	365
248	1647	1238	409
249	1648	1248	400
250	1642	1247	395
251	1640	1243	397
252	1644	1236	408
253	1644	1242	402
254	1663	1249	414
255	1678	1249	429
256	1639	1227	412
257	1639	1228	411
258	1684	1242	442
259	1659	1246	413
260	1686	1236	450
261	1692	1240	452
262	1681	1243	438
263	1666	1254	412
264	1689	1247	442
265	1673	1240	433
266	1683	1236	447
267	1703	1235	468
268	1685	1232	453
269	1638	1226	412
270	1657	1227	430
271	1683	1233	450
272	1681	1240	441
273	1671	1243	428
274	1696	1224	472
275	1684	1232	452
276	1694	1229	465
277	1695	1240	455
278	1709	1235	474
279	1709	1241	468
280	1726	1233	493
281	1714	1233	481
282	1701	1239	462
283	1736	1255	481
284	1728	1249	479
285	1708	1242	466
286	1719	1242	477
287	1696	1248	448
288	1712	1234	478
289	1702	1240	462
290	1720	1240	480
291	1739	1231	508
292	1741	1226	515
293	1735	1240	495
294	1757	1248	509
295	1746	1240	506
296	1713	1237	476
297	1722	1242	480
298	1745	1233	512
299	1753	1236	517
300	1765	1235	530
301	1758	1224	534
302	1741	1232	509
303	1722	1241	481
304	1726	1236	490
305	1759	1239	520
306	1774	1233	541
307	1759	1243	516
308	1769	1237	532
309	1781	1249	532
310	1739	1252	487
311	1765	1246	519
312	1795	1234	561
313	1794	1234	560
314	1774	1230	544
315	1790	1242	548
316	1833	1242	591
317	1799	1241	558
318	1793	1246	547
319	1787	1238	549
320	1786	1231	555
321	1800	1237	563
322	1802	1234	568
323	1825	1245	580
324	1816	1240	576
325	1836	1235	601
326	1844	1234	610
327	1816	1234	582
328	1834	1224	610
329	1833	1228	605
330	1817	1232	585
331	1815	1239	576
332	1814	1238	576
333	1799	1246	553
334	1820	1234	586
335	1853	1226	627
336	1852	1239	613
337	1868	1251	617
338	1885	1245	640
339	1866	1233	633
340	1854	1217	637
341	1871	1229	642
342	1871	1225	646
343	1862	1232	630
344	1873	1238	635
345	1877	1233	644
346	1868	1233	635
347	1870	1235	635
348	1889	1221	668
349	1905	1231	674
350	1904	1229	675
351	1910	1233	677
352	1893	1230	663
353	1899	1234	665
354	1875	1240	635
355	1915	1240	675
356	1950	1238	712
357	1955	1236	719
358	1956	1241	715
359	1931	1239	692
360	1956	1235	721
361	1974	1236	738
362	1969	1232	737
363	1970	1242	728
364	1971	1243	728
365	1955	1238	717
366	1972	1224	748
367	1986	1225	761
368	1993	1225	768
369	1951	1231	720
370	1996	1232	764
371	2007	1240	767
372	1995	1233	762
373	2019	1239	780
374	2053	1235	818
375	2039	1230	809
376	2042	1230	812
377	2026	1231	795
378	2049	1227	822
379	2062	1235	827
380	2058	1228	830
381	2074	1237	837
382	2053	1238	815
383	2080	1236	844
384	2099	1227	872
385	2060	1234	826
386	2091	1228	863
387	2139	1229	910
388	2139	1223	916
389	2151	1234	917
390	2131	1236	895
391	2099	1236	863
392	2111	1232	879
393	2151	1238	913
394	2144	1235	909
395	2146	1241	905
396	2149	1241	908
397	2158	1239	919
398	2201	1223	978
399	2226	1228	998
400	2229	1235	994
401	2202	1239	963
402	2198	1237	961
403	2211	1241	970
404	2250	1247	1003
405	2238	1235	1003
406	2225	1231	994
407	2251	1233	1018
408	2248	1234	1014
409	2265	1237	1028
410	2284	1231	1053
411	2271	1238	1033
412	2244	1239	1005
413	2256	1242	1014
414	2286	1240	1046
415	2270	1244	1026
416	2273	1235	1038
417	2313	1236	1077
418	2309	1235	1074
419	2314	1230	1084
420	2317	1227	1090
421	2332	1240	1092
422	2350	1247	1103
423	2350	1250	1100
424	2374	1238	1136
425	2351	1238	1113
426	2362	1225	1137
427	2327	1233	1094
428	2337	1240	1097
429	2365	1241	1124
430	2380	1235	1145
431	2372	1234	1138
432	2401	1232	1169
433	2389	1242	1147
434	2400	1244	1156
435	2410	1233	1177
436	2426	1235	1191
437	2415	1238	1177
438	2430	1243	1187
439	2440	1233	1207
440	2447	1220	1227
441	2469	1231	1238
442	2485	1227	1258
443	2501	1235	1266
444	2518	1238	1280
445	2551	1248	1303
446	2542	1238	1304
447	2504	1226	1278
448	2470	1222	1248
449	2460	1230	1230
450	2495	1231	1264
451	2543	1234	1309
452	2550	1237	1313
453	2489	1237	1252
454	2495	1224	1271
455	2558	1235	1323
456	2548	1240	1308
457	2531	1233	1298
458	2579	1226	1353
459	2581	1239	1342
460	2611	1225	1386
461	2602	1234	1368
462	2596	1232	1364
463	2569	1240	1329
464	2613	1228	1385
465	2611	1230	1381
466	2599	1225	1374
467	2601	1236	1365
468	2640	1232	1408
469	2677	1237	1440
470	2669	1232	1437
471	2681	1232	1449
472	2676	1225	1451
473	2652	1227	1425
474	2657	1234	1423
475	2674	1235	1439
476	2690	1227	1463
477	2711	1237	1474
478	2684	1231	1453
479	2642	1233	1409
480	2654	1226	1428
481	2731	1223	1508
482	2707	1224	1483
483	2676	1231	1445
484	2727	1234	1493
485	2736	1229	1507
486	2748	1228	1520
487	2750	1230	1520
488	2775	1226	1549
489	2770	1232	1538
490	2794	1230	1564
491	2778	1233	1545
492	2752	1236	1516
493	2762	1238	1524
494	2805	1243	1562
495	2847	1235	1612
496	2811	1231	1580
497	2807	1247	1560
498	2845	1250	1595
499	2821	1249	1572
500	2822	1250	1572
501	2841	1245	1596
502	2813	1231	1582
503	2824	1231	1593
504	2817	1235	1582
505	2821	1232	1589
506	2836	1230	1606
507	2825	1228	1597
508	2839	1231	1608
509	2829	1238	1591
510	2812	1228	1584
511	2818	1227	1591
512	2863	1228	1635
513	2827	1228	1599
514	2807	1227	1580
515	2860	1235	1625
516	2822	1227	1595
517	2803	1230	1573
518	2861	1235	1626
519	2885	1241	1644
520	2882	1237	1645
521	2887	1243	1644
522	2938	1236	1702
523	2916	1233	1683
524	2874	1236	1638
525	2883	1244	1639
526	2931	1229	1702
527	2910	1231	1679
528	2919	1229	1690
529	2903	1236	1667
530	2931	1237	1694
531	2907	1249	1658
532	2888	1242	1646
533	2906	1237	1669
534	2912	1231	1681
535	2917	1242	1675
536	2949	1232	1717
537	2950	1233	1717
538	2954	1237	1717
539	2983	1243	1740
540	2982	1228	1754
541	2958	1231	1727
542	2962	1234	1728
543	2967	1236	1731
544	2967	1225	1742
545	3029	1231	1798
546	3049	1231	1818
547	3010	1237	1773
548	2998	1229	1769
549	2974	1235	1739
550	2959	1238	1721
551	2993	1241	1752
552	3043	1227	1816
553	3064	1236	1828
554	3110	1243	1867
555	3071	1253	1818
556	3025	1237	1788
557	2986	1227	1759
558	2993	1233	1760
559	3004	1229	1775
560	3005	1229	1776
561	3076	1234	1842
562	3057	1232	1825
563	3096	1244	1852
564	3098	1240	1858
565	3075	1238	1837
566	3094	1229	1865
567	3089	1233	1856
568	3099	1229	1870
569	3116	1238	1878
570	3098	1235	1863
571	3077	1240	1837
572	3155	1233	1922
573	3154	1231	1923
574	3111	1239	1872
575	3100	1239	1861
576	3123	1238	1885
577	3130	1237	1893
578	3170	1233	1937
579	3132	1232	1900
580	3188	1230	1958
581	3189	1237	1952
582	3146	1235	1911
583	3178	1235	1943
584	3169	1223	1946
585	3151	1238	1913
586	3201	1237	1964
587	3182	1237	1945
588	3176	1242	1934
589	3204	1244	1960
590	3265	1235	2030
591	3252	1236	2016
592	3225	1231	1994
593	3212	1241	1971
594	3222	1247	1975
595	3187	1243	1944
596	3212	1233	1979
597	3251	1240	2011
598	3264	1234	2030
599	3308	1234	2074
600	3305	1232	2073
601	3263	1236	2027
602	3297	1238	2059
603	3288	1237	2051
604	3324	1238	2086
605	3352	1246	2106
606	3348	1240	2108
607	3374	1240	2134
608	3357	1242	2115
609	3331	1246	2085
610	3376	1237	2139
611	3404	1231	2173
612	3427	1236	2191
613	3427	1235	2192
614	3429	1223	2206
615	3417	1230	2187
616	3429	1225	2204
617	3470	1229	2241
618	3492	1229	2263
619	3508	1233	2275
620	3510	1234	2276
621	3525	1245	2280
622	3488	1233	2255
623	3491	1238	2253
624	3497	1228	2269
625	3525	1231	2294
626	3579	1229	2350
627	3577	1236	2341
628	3550	1243	2307
629	3551	1235	2316
630	3596	1233	2363
631	3616	1231	2385
632	3640	1237	2403
633	3679	1235	2444
634	3632	1228	2404
635	3578	1231	2347
636	3619	1227	2392
637	3625	1239	2386
638	3653	1234	2419
639	3675	1230	2445
640	3667	1227	2440
641	3730	1232	2498
642	3772	1236	2536
643	3724	1247	2477
644	3712	1237	2475
645	3735	1234	2501
646	3736	1232	2504
647	3754	1235	2519
648	3779	1236	2543
649	3756	1236	2520
650	3812	1227	2585
651	3821	1225	2596
652	3800	1223	2577
653	3828	1233	2595
654	3850	1233	2617
655	3888	1239	2649
656	3950	1230	2720
657	3962	1227	2735
658	3954	1234	2720
659	3950	1241	2709
660	3989	1234	2755
661	3997	1230	2767
662	3992	1225	2767
663	3965	1233	2732
664	4004	1239	2765
665	3983	1236	2747
666	4011	1231	2780
667	4045	1229	2816
668	4080	1229	2851
669	4040	1233	2807
670	4085	1224	2861
671	4116	1235	2881
672	4149	1236	2913
673	4145	1239	2906
674	4162	1232	2930
675	4212	1238	2974
676	4197	1227	2970
677	4217	1231	2986
678	4259	1234	3025
679	4216	1244	2972
680	4227	1245	2982
681	4247	1249	2998
682	4243	1238	3005
683	4327	1234	3093
684	4286	1223	3063
685	4305	1231	3074
686	4356	1234	3122
687	4340	1235	3105
688	4360	1233	3127
689	4359	1235	3124
690	4409	1234	3175
691	4450	1232	3218
692	4427	1234	3193
693	4482	1246	3236
694	4480	1234	3246
695	4472	1226	3246
696	4452	1236	3216
697	4461	1241	3220
698	4455	1226	3229
699	4497	1236	3261
700	4534	1234	3300
701	4557	1225	3332
702	4599	1222	3377
703	4600	1244	3356
704	4560	1228	3332
705	4588	1228	3360
706	4656	1232	3424
707	4667	1232	3435
708	4647	1228	3419
709	4689	1228	3461
710	4690	1230	3460
711	4726	1241	3485
712	4730	1231	3499
713	4711	1234	3477
714	4713	1240	3473
715	4674	1236	3438
716	4656	1230	3426
717	4697	1243	3454
718	4722	1242	3480
719	4810	1233	3577
720	4801	1241	3560
721	4754	1242	3512
722	4804	1237	3567
723	4817	1239	3578
724	4817	1239	3578
725	4810	1242	3568
726	4863	1236	3627
727	4906	1238	3668
728	4934	1237	3697
729	4946	1236	3710
730	4942	1236	3706
731	4942	1237	3705
732	4927	1224	3703
733	4951	1233	3718
734	4963	1238	3725
735	4943	1241	3702
736	4982	1232	3750
737	4999	1244	3755
738	5008	1240	3768
739	5015	1240	3775
740	5030	1241	3789
741	4998	1244	3754
742	4962	1235	3727
743	4971	1240	3731
744	4969	1235	3734
745	5020	1248	3772
746	5084	1239	3845
747	5077	1239	3838
748	5163	1243	3920
749	5163	1253	3910
750	5091	1237	3854
751	5067	1246	3821
752	5123	1244	3879
753	5128	1235	3893
754	5097	1234	3863
755	5107	1243	3864
756	5179	1233	3946
757	5183	1235	3948
758	5199	1237	3962
759	5193	1240	3953
760	5205	1235	3970
761	5214	1237	3977
762	5178	1228	3950
763	5181	1228	3953
764	5178	1228	3950
765	5185	1238	3947
766	5158	1231	3927
767	5229	1234	3995
768	5271	1233	4038
769	5232	1232	4000
770	5226	1231	3995
771	5255	1233	4022
772	5262	1230	4032
773	5217	1235	3982
774	5184	1240	3944
775	5258	1240	4018
776	5292	1228	4064
777	5257	1232	4025
778	5244	1227	4017
779	5303	1220	4083
780	5250	1228	4022
781	5255	1239	4016
782	5321	1233	4088
783	5355	1230	4125
784	5332	1217	4115
785	5372	1228	4144
786	5304	1229	4075
787	5273	1234	4039
788	5300	1229	4071
789	5328	1225	4103
790	5343	1219	4124
791	5314	1225	4089
792	5280	1227	4053
793	5297	1238	4059
794	5233	1237	3996
795	5251	1240	4011
796	5284	1234	4050
797	5277	1233	4044
798	5245	1237	4008
799	5296	1235	4061
800	5359	1233	4126
801	5320	1232	4088
802	5336	1230	4106
803	5319	1228	4091
804	5331	1221	4110
805	5296	1224	4072
806	5292	1229	4063
807	5315	1238	4077
808	5355	1242	4113
809	5317	1236	4081
810	5327	1230	4097
811	5361	1237	4124
812	5337	1226	4111
813	5290	1237	4053
814	5304	1239	4065
815	5297	1245	4052
816	5297	1236	4061
817	5415	1231	4184
818	5421	1229	4192
819	5284	1234	4050
820	5156	1237	3919
821	5279	1235	4044
822	5403	1228	4175
823	5427	1236	4191
824	5410	1240	4170
825	5389	1242	4147
826	5376	1232	4144
827	5356	1233	4123
828	5381	1233	4148
829	5315	1233	4082
830	5234	1234	4000
831	5250	1238	4012
832	5302	1238	4064
833	5289	1230	4059
834	5310	1225	4085
835	5344	1238	4106
836	5339	1229	4110
837	5306	1241	4065
838	5320	1246	4074
839	5367	1242	4125
840	5350	1234	4116
841	5284	1238	4046
842	5250	1238	4012
843	5299	1245	4054
844	5289	1233	4056
845	5250	1230	4020
846	5336	1235	4101
847	5325	1234	4091
848	5307	1241	4066
849	5310	1242	4068
850	5308	1228	4080
851	5304	1224	4080
852	5328	1223	4105
853	5333	1233	4100
854	5308	1226	4082
855	5281	1235	4046
856	5301	1238	4063
857	5298	1237	4061
858	5303	1224	4079
859	5325	1228	4097
860	5280	1241	4039
861	5316	1240	4076
862	5228	1230	3998
863	5258	1239	4019
864	5327	1237	4090
865	5330	1249	4081
866	5307	1237	4070
867	5322	1229	4093
868	5342	1231	4111
869	5405	1242	4163
870	5314	1221	4093
871	5312	1214	4098
872	5357	1225	4132
873	5370	1234	4136
874	5310	1229	4081
875	5356	1230	4126
876	5377	1235	4142
877	5320	1234	4086
878	5332	1233	4099
879	5297	1231	4066
880	5322	1228	4094
881	5411	1232	4179
882	5405	1232	4173
883	5386	1228	4158
884	5327	1227	4100
885	5334	1236	4098
886	5368	1240	4128
887	5358	1232	4126
888	5385	1232	4153
889	5441	1243	4198
890	5448	1239	4209
891	5385	1233	4152
892	5321	1235	4086
893	5339	1246	4093
894	5405	1230	4175
895	5429	1230	4199
896	5392	1242	4150
897	5337	1230	4107
898	5349	1236	4113
899	5440	1238	4202
900	5441	1229	4212
901	5437	1229	4208
902	5477	1229	4248
903	5388	1237	4151
904	5347	1239	4108
905	5352	1236	4116
906	5405	1233	4172
907	5408	1238	4170
908	5441	1231	4210
909	5470	1229	4241
910	5462	1233	4229
911	5446	1232	4214
912	5464	1225	4239
913	5467	1234	4233
914	5523	1231	4292
915	5509	1227	4282
916	5499	1230	4269
917	5534	1232	4302
918	5574	1223	4351
919	5576	1231	4345
920	5641	1238	4403
921	5580	1237	4343
922	5613	1230	4383
923	5629	1231	4398
924	5670	1228	4442
925	5726	1223	4503
926	5668	1225	4443
927	5701	1237	4464
928	5764	1235	4529
929	5770	1239	4531
930	5755	1223	4532
931	5728	1228	4500
932	5768	1228	4540
933	5830	1232	4598
934	5795	1236	4559
935	5795	1232	4563
936	5833	1223	4610
937	5845	1234	4611
938	5844	1233	4611
939	5880	1233	4647
940	5936	1232	4704
941	5933	1234	4699
942	5891	1227	4664
943	5857	1231	4626
944	5893	1233	4660
945	5917	1227	4690
946	5913	1232	4681
947	5988	1246	4742
948	6028	1234	4794
949	6007	1232	4775
950	6073	1232	4841
951	6085	1229	4856
952	6068	1230	4838
953	6046	1237	4809
954	6098	1231	4867
955	6101	1231	4870
956	6119	1231	4888
957	6100	1243	4857
958	6142	1235	4907
959	6165	1236	4929
960	6170	1232	4938
961	6200	1232	4968
962	6222	1228	4994
963	6213	1231	4982
964	6241	1227	5014
965	6220	1234	4986
966	6293	1227	5066
967	6311	1225	5086
968	6315	1224	5091
969	6361	1234	5127
970	6397	1237	5160
971	6352	1235	5117
972	6393	1236	5157
973	6415	1233	5182
974	6418	1232	5186
975	6409	1231	5178
976	6453	1228	5225
977	6394	1237	5157
978	6400	1231	5169
979	6541	1235	5306
980	6552	1235	5317
981	6547	1243	5304
982	6547	1244	5303
983	6560	1242	5318
984	6598	1239	5359
985	6614	1242	5372
986	6673	1232	5441
987	6668	1227	5441
988	6593	1226	5367
989	6635	1228	5407
990	6725	1229	5496
991	6714	1230	5484
992	6677	1228	5449
993	6723	1238	5485
994	6740	1230	5510
995	6847	1233	5614
996	6917	1226	5691
997	6922	1238	5684
998	6861	1237	5624
999	6839	1237	5602
1000	6907	1243	5664
1001	6905	1247	5658
1002	6971	1241	5730
1003	6970	1231	5739
1004	6953	1235	5718
1005	7023	1242	5781
1006	7040	1242	5798
1007	7042	1235	5807
1008	7023	1229	5794
1009	7089	1239	5850
1010	7158	1228	5930
1011	7188	1235	5953
1012	7206	1228	5978
1013	7157	1226	5931
1014	7166	1222	5944
1015	7239	1227	6012
1016	7325	1230	6095
1017	7295	1235	6060
1018	7287	1233	6054
1019	7295	1234	6061
1020	7384	1240	6144
1021	7388	1239	6149
1022	7391	1235	6156
1023	7396	1240	6156
1024	7391	1239	6152
1025	7424	1228	6196
1026	7450	1234	6216
1027	7493	1247	6246
1028	7560	1241	6319
1029	7609	1250	6359
1030	7587	1253	6334
1031	7526	1239	6287
1032	7587	1224	6363
1033	7593	1225	6368
1034	7604	1226	6378
1035	7543	1234	6309
1036	7516	1245	6271
1037	7610	1250	6360
1038	7608	1240	6368
1039	7568	1240	6328
1040	7704	1236	6468
1041	7711	1230	6481
1042	7719	1232	6487
1043	7767	1236	6531
1044	7752	1236	6516
1045	7805	1239	6566
1046	7770	1246	6524
1047	7826	1247	6579
1048	7843	1248	6595
1049	7826	1244	6582
1050	7841	1234	6607
1051	7955	1242	6713
1052	7956	1234	6722
1053	7955	1238	6717
1054	7944	1234	6710
1055	8021	1237	6784
1056	7994	1242	6752
1057	7923	1245	6678
1058	7959	1243	6716
1059	7956	1241	6715
1060	7941	1231	6710
1061	8049	1225	6824
1062	8034	1234	6800
1063	7997	1244	6753
1064	8032	1241	6791
1065	8053	1244	6809
1066	8039	1228	6811
1067	8127	1235	6892
1068	8130	1239	6891
1069	8189	1240	6949
1070	8158	1237	6921
1071	8138	1243	6895
1072	8167	1244	6923
1073	8158	1241	6917
1074	8158	1237	6921
1075	8093	1239	6854
1076	8082	1240	6842
1077	8103	1235	6868
1078	8150	1228	6922
1079	8180	1238	6942
1080	8182	1229	6953
1081	8138	1231	6907
1082	8198	1232	6966
1083	8201	1245	6956
1084	8180	1233	6947
1085	8221	1238	6983
1086	8285	1238	7047
1087	8334	1238	7096
1088	8215	1222	6993
1089	8204	1229	6975
1090	8262	1229	7033
1091	8285	1239	7046
1092	8277	1232	7045
1093	8241	1232	7009
1094	8289	1223	7066
1095	8281	1235	7046
1096	8351	1239	7112
1097	8368	1235	7133
1098	8351	1231	7120
1099	8383	1248	7135
1100	8437	1241	7196
1101	8465	1240	7225
1102	8418	1241	7177
1103	8355	1242	7113
1104	8413	1243	7170
1105	8488	1241	7247
1106	8504	1229	7275
1107	8542	1242	7300
1108	8501	1234	7267
1109	8505	1240	7265
1110	8440	1242	7198
1111	8391	1237	7154
1112	8462	1234	7228
1113	8488	1245	7243
1114	8492	1238	7254
1115	8513	1237	7276
1116	8466	1232	7234
1117	8457	1237	7220
1118	8418	1228	7190
1119	8457	1232	7225
1120	8469	1225	7244
1121	8458	1237	7221
1122	8436	1243	7193
1123	8509	1249	7260
1124	8552	1235	7317
1125	8520	1244	7276
1126	8491	1236	7255
1127	8418	1235	7183
1128	8468	1227	7241
1129	8565	1233	7332
1130	8483	1235	7248
1131	8452	1237	7215
1132	8415	1244	7171
1133	8375	1243	7132
1134	8396	1224	7172
1135	8433	1235	7198
1136	8445	1242	7203
1137	8539	1247	7292
1138	8514	1232	7282
1139	8470	1240	7230
1140	8469	1231	7238
1141	8492	1236	7256
1142	8434	1240	7194
1143	8440	1251	7189
1144	8502	1239	7263
1145	8511	1234	7277
1146	8503	1244	7259
1147	8489	1249	7240
1148	8496	1232	7264
1149	8510	1229	7281
1150	8444	1227	7217
1151	8392	1233	7159
1152	8472	1240	7232
1153	8533	1247	7286
1154	8464	1239	7225
1155	8415	1241	7174
1156	8371	1231	7140
1157	8332	1227	7105
1158	8385	1224	7161
1159	8400	1233	7167
1160	8366	1229	7137
1161	8354	1230	7124
1162	8412	1227	7185
1163	8361	1239	7122
1164	8386	1232	7154
1165	8395	1231	7164
1166	8331	1231	7100
1167	8316	1239	7077
1168	8270	1235	7035
1169	8252	1235	7017
1170	8312	1225	7087
1171	8307	1241	7066
1172	8238	1241	6997
1173	8219	1234	6985
1174	8252	1225	7027
1175	8317	1237	7080
1176	8285	1234	7051
1177	8229	1239	6990
1178	8264	1241	7023
1179	8198	1246	6952
1180	8186	1234	6952
1181	8137	1234	6903
1182	8226	1240	6986
1183	8307	1235	7072
1184	8297	1226	7071
1185	8223	1244	6979
1186	8195	1237	6958
1187	8166	1242	6924
1188	8238	1231	7007
1189	8209	1234	6975
1190	8209	1232	6977
1191	8244	1234	7010
1192	8152	1238	6914
1193	8136	1241	6895
1194	8143	1239	6904
1195	8158	1233	6925
1196	8089	1230	6859
1197	8017	1225	6792
1198	8073	1228	6845
1199	8092	1240	6852
1200	8082	1239	6843
1201	8070	1238	6832
1202	8108	1235	6873
1203	8096	1236	6860
1204	8036	1231	6805
1205	8043	1233	6810
1206	8135	1232	6903
1207	8144	1242	6902
1208	8095	1235	6860
1209	8082	1234	6848
1210	8098	1234	6864
1211	8101	1230	6871
1212	8049	1225	6824
1213	8047	1243	6804
1214	8076	1243	6833
1215	8046	1229	6817
1216	8011	1222	6789
1217	8018	1235	6783
1218	7968	1234	6734
1219	7966	1233	6733
1220	7999	1244	6755
1221	8027	1249	6778
1222	8013	1236	6777
1223	7957	1238	6719
1224	7978	1233	6745
1225	8085	1236	6849
1226	8055	1235	6820
1227	8009	1233	6776
1228	8059	1223	6836
1229	7973	1227	6746
1230	7984	1230	6754
1231	8074	1234	6840
1232	8017	1240	6777
1233	7995	1239	6756
1234	7973	1229	6744
1235	7941	1228	6713
1236	7997	1236	6761
1237	7957	1240	6717
1238	7945	1235	6710
1239	7980	1241	6739
1240	7969	1233	6736
1241	7979	1241	6738
1242	8004	1244	6760
1243	7999	1237	6762
1244	7923	1224	6699
1245	7973	1227	6746
1246	8055	1230	6825
1247	8018	1224	6794
1248	8070	1232	6838
1249	8055	1241	6814
1250	7977	1234	6743
1251	7936	1241	6695
1252	7883	1230	6653
1253	7923	1234	6689
1254	7945	1238	6707
1255	8036	1239	6797
1256	8050	1232	6818
1257	7970	1242	6728
1258	7973	1232	6741
1259	8035	1235	6800
1260	8059	1235	6824
1261	7974	1239	6735
1262	7946	1239	6707
1263	8043	1236	6807
1264	8005	1228	6777
1265	8043	1235	6808
1266	8015	1225	6790
1267	8017	1236	6781
1268	8078	1233	6845
1269	8080	1241	6839
1270	8120	1232	6888
1271	8113	1228	6885
1272	8100	1224	6876
1273	8139	1230	6909
1274	8110	1232	6878
1275	8066	1225	6841
1276	8175	1242	6933
1277	8163	1227	6936
1278	8063	1217	6846
1279	8163	1221	6942
1280	8260	1232	7028
1281	8228	1233	6995
1282	8177	1222	6955
1283	8205	1222	6983
1284	8210	1231	6979
1285	8204	1236	6968
1286	8264	1230	7034
1287	8263	1237	7026
1288	8252	1225	7027
1289	8219	1232	6987
1290	8323	1233	7090
1291	8265	1237	7028
1292	8235	1241	6994
1293	8283	1240	7043
1294	8303	1237	7066
1295	8267	1238	7029
1296	8286	1234	7052
1297	8334	1245	7089
1298	8325	1235	7090
1299	8415	1240	7175
1300	8359	1245	7114
1301	8362	1238	7124
1302	8385	1234	7151
1303	8392	1239	7153
1304	8449	1234	7215
1305	8446	1247	7199
1306	8412	1239	7173
1307	8418	1232	7186
1308	8514	1227	7287
1309	8558	1230	7328
1310	8553	1233	7320
1311	8562	1234	7328
1312	8636	1228	7408
1313	8622	1228	7394
1314	8625	1226	7399
1315	8555	1241	7314
1316	8558	1240	7318
1317	8576	1240	7336
1318	8629	1236	7393
1319	8624	1251	7373
1320	8667	1238	7429
1321	8737	1231	7506
1322	8743	1225	7518
1323	8757	1238	7519
1324	8766	1230	7536
1325	8764	1228	7536
1326	8800	1231	7569
1327	8836	1244	7592
1328	8858	1235	7623
1329	8920	1231	7689
1330	8876	1235	7641
1331	8892	1234	7658
1332	8923	1228	7695
1333	8883	1238	7645
1334	8852	1225	7627
1335	8933	1236	7697
1336	9025	1248	7777
1337	9055	1247	7808
1338	9092	1235	7857
1339	9028	1236	7792
1340	9086	1234	7852
1341	9092	1242	7850
1342	9150	1239	7911
1343	9215	1244	7971
1344	9192	1244	7948
1345	9245	1245	8000
1346	9234	1242	7992
1347	9245	1244	8001
1348	9302	1239	8063
1349	9275	1241	8034
1350	9240	1241	7999
1351	9274	1251	8023
1352	9356	1242	8114
1353	9333	1235	8098
1354	9290	1234	8056
1355	9307	1239	8068
1356	9317	1236	8081
1357	9389	1238	8151
1358	9506	1244	8262
1359	9492	1241	8251
1360	9428	1233	8195
1361	9484	1241	8243
1362	9652	1238	8414
1363	9572	1248	8324
1364	9522	1245	8277
1365	9542	1230	8312
1366	9654	1232	8422
1367	9712	1244	8468
1368	9736	1241	8495
1369	9799	1243	8556
1370	9797	1239	8558
1371	9721	1241	8480
1372	9573	1233	8340
1373	9684	1239	8445
1374	9766	1230	8536
1375	9805	1237	8568
1376	9866	1229	8637
1377	9873	1237	8636
1378	9822	1243	8579
1379	9846	1242	8604
1380	9942	1225	8717
1381	9915	1234	8681
1382	9933	1231	8702
1383	10046	1240	8806
1384	10054	1235	8819
1385	10088	1238	8850
1386	10115	1230	8885
1387	10118	1230	8888
1388	10105	1225	8880
1389	10185	1230	8955
1390	10208	1234	8974
1391	10179	1238	8941
1392	10212	1234	8978
1393	10289	1235	9054
1394	10261	1227	9034
1395	10249	1231	9018
1396	10324	1238	9086
1397	10383	1242	9141
1398	10332	1229	9103
1399	10306	1229	9077
1400	10287	1233	9054
1401	10274	1234	9040
1402	10421	1230	9191
1403	10569	1226	9343
1404	10539	1231	9308
1405	10442	1245	9197
1406	10524	1236	9288
1407	10629	1230	9399
1408	10599	1230	9369
1409	10548	1236	9312
1410	10636	1229	9407
1411	10615	1246	9369
1412	10580	1240	9340
1413	10610	1243	9367
1414	10585	1237	9348
1415	10664	1233	9431
1416	10767	1244	9523
1417	10759	1246	9513
1418	10793	1245	9548
1419	10893	1247	9646
1420	10917	1238	9679
1421	10848	1240	9608
1422	10846	1235	9611
1423	10805	1238	9567
1424	10872	1230	9642
1425	10877	1249	9628
1426	10872	1250	9622
1427	11001	1249	9752
1428	10961	1236	9725
1429	10940	1235	9705
1430	11039	1234	9805
1431	11081	1244	9837
1432	11035	1239	9796
1433	11048	1235	9813
1434	11108	1235	9873
1435	11122	1236	9886
1436	11148	1235	9913
1437	11060	1230	9830
1438	11107	1225	9882
1439	11140	1227	9913
1440	11147	1224	9923
1441	11167	1228	9939
1442	11251	1223	10028
1443	11187	1237	9950
1444	11186	1236	9950
1445	11270	1237	10033
1446	11211	1232	9979
1447	11297	1232	10065
1448	11354	1235	10119
1449	11301	1244	10057
1450	11242	1230	10012
1451	11235	1228	10007
1452	11212	1224	9988
1453	11262	1229	10033
1454	11314	1238	10076
1455	11277	1231	10046
1456	11318	1230	10088
1457	11324	1235	10089
1458	11341	1225	10116
1459	11343	1229	10114
1460	11469	1233	10236
1461	11528	1239	10289
1462	11488	1236	10252
1463	11459	1240	10219
1464	11410	1241	10169
1465	11499	1241	10258
1466	11501	1239	10262
1467	11471	1247	10224
1468	11539	1248	10291
1469	11464	1247	10217
1470	11462	1234	10228
1471	11493	1236	10257
1472	11470	1233	10237
1473	11619	1245	10374
1474	11564	1238	10326
1475	11522	1231	10291
1476	11500	1225	10275
1477	11498	1231	10267
1478	11397	1230	10167
1479	11479	1241	10238
1480	11577	1236	10341
1481	11543	1234	10309
1482	11532	1222	10310
1483	11545	1222	10323
1484	11660	1235	10425
1485	11655	1241	10414
1486	11597	1234	10363
1487	11580	1233	10347
1488	11604	1225	10379
1489	11618	1232	10386
1490	11675	1233	10442
1491	11715	1237	10478
1492	11732	1235	10497
1493	11674	1233	10441
1494	11681	1224	10457
1495	11701	1235	10466
1496	11758	1238	10520
1497	11707	1239	10468
1498	11691	1238	10453
1499	11768	1231	10537
1500	11790	1235	10555
1501	11771	1243	10528
1502	11738	1233	10505
1503	11712	1236	10476
1504	11718	1231	10487
1505	11763	1241	10522
1506	11822	1227	10595
1507	11800	1237	10563
1508	11683	1237	10446
1509	11714	1232	10482
1510	11752	1233	10519
1511	11744	1241	10503
1512	11796	1228	10568
1513	11733	1232	10501
1514	11643	1235	10408
1515	11791	1237	10554
1516	11776	1236	10540
1517	11681	1239	10442
1518	11712	1239	10473
1519	11783	1235	10548
1520	11838	1228	10610
1521	11720	1226	10494
1522	11715	1225	10490
1523	11699	1232	10467
1524	11655	1232	10423
1525	11699	1238	10461
1526	11749	1250	10499
1527	11678	1245	10433
1528	11588	1240	10348
1529	11605	1244	10361
1530	11676	1238	10438
1531	11731	1241	10490
1532	11736	1231	10505
1533	11689	1237	10452
1534	11727	1238	10489
1535	11635	1242	10393
1536	11614	1240	10374
1537	11674	1238	10436
1538	11581	1234	10347
1539	11531	1239	10292
1540	11505	1236	10269
1541	11557	1241	10316
1542	11591	1240	10351
1543	11587	1240	10347
1544	11592	1240	10352
1545	11599	1247	10352
1546	11654	1239	10415
1547	11504	1244	10260
1548	11457	1239	10218
1549	11418	1238	10180
1550	11353	1236	10117
1551	11455	1237	10218
1552	11617	1228	10389
1553	11560	1240	10320
1554	11525	1242	10283
1555	11493	1237	10256
1556	11418	1232	10186
1557	11396	1232	10164
1558	11451	1234	10217
1559	11446	1237	10209
1560	11427	1242	10185
1561	11370	1245	10125
1562	11477	1243	10234
1563	11512	1251	10261
1564	11399	1241	10158
1565	11316	1243	10073
1566	11333	1236	10097
1567	11292	1234	10058
1568	11311	1225	10086
1569	11289	1236	10053
1570	11270	1240	10030
1571	11334	1236	10098
1572	11410	1233	10177
1573	11387	1237	10150
1574	11237	1241	9996
1575	11253	1241	10012
1576	11245	1239	10006
1577	11267	1230	10037
1578	11300	1229	10071
1579	11267	1235	10032
1580	11145	1242	9903
1581	11197	1231	9966
1582	11212	1229	9983
1583	11089	1241	9848
1584	11116	1232	9884
1585	11120	1234	9886
1586	11125	1230	9895
1587	11143	1229	9914
1588	11031	1230	9801
1589	11060	1230	9830
1590	10996	1228	9768
1591	10982	1236	9746
1592	10999	1235	9764
1593	11000	1246	9754
1594	10970	1235	9735
1595	11008	1226	9782
1596	10913	1231	9682
1597	10962	1231	9731
1598	10997	1224	9773
1599	10933	1229	9704
1600	10866	1227	9639
1601	10764	1239	9525
1602	10796	1225	9571
1603	10847	1229	9618
1604	10843	1228	9615
1605	10856	1227	9629
1606	10841	1221	9620
1607	10834	1234	9600
1608	10771	1243	9528
1609	10661	1238	9423
1610	10747	1221	9526
1611	10748	1227	9521
1612	10685	1232	9453
1613	10741	1238	9503
1614	10789	1238	9551
1615	10761	1241	9520
1616	10692	1237	9455
1617	10666	1228	9438
1618	10588	1227	9361
1619	10581	1238	9343
1620	10638	1248	9390
1621	10690	1237	9453
1622	10657	1235	9422
1623	10636	1241	9395
1624	10609	1227	9382
1625	10539	1229	9310
1626	10499	1230	9269
1627	10491	1239	9252
1628	10529	1237	9292
1629	10517	1246	9271
1630	10492	1237	9255
1631	10517	1226	9291
1632	10571	1222	9349
1633	10547	1233	9314
1634	10409	1223	9186
1635	10387	1237	9150
1636	10433	1239	9194
1637	10423	1237	9186
1638	10417	1225	9192
1639	10387	1232	9155
1640	10395	1231	9164
1641	10496	1232	9264
1642	10511	1227	9284
1643	10499	1231	9268
1644	10490	1237	9253
1645	10375	1237	9138
1646	10438	1236	9202
1647	10452	1243	9209
1648	10427	1227	9200
1649	10413	1231	9182
1650	10346	1230	9116
1651	10289	1236	9053
1652	10401	1245	9156
1653	10449	1252	9197
1654	10346	1234	9112
1655	10242	1232	9010
1656	10335	1228	9107
1657	10410	1227	9183
1658	10313	1231	9082
1659	10271	1232	9039
1660	10283	1227	9056
1661	10263	1230	9033
1662	10292	1228	9064
1663	10282	1236	9046
1664	10302	1229	9073
1665	10230	1226	9004
1666	10225	1222	9003
1667	10220	1240	8980
1668	10192	1236	8956
1669	10152	1236	8916
1670	10153	1235	8918
1671	10074	1237	8837
1672	10024	1237	8787
1673	10061	1245	8816
1674	10100	1243	8857
1675	10144	1241	8903
1676	10120	1243	8877
1677	10116	1240	8876
1678	10137	1241	8896
1679	10186	1244	8942
1680	10173	1249	8924
1681	10115	1247	8868
1682	10010	1235	8775
1683	10003	1245	8758
1684	10041	1240	8801
1685	10010	1236	8774
1686	10089	1234	8855
1687	10060	1243	8817
1688	10021	1235	8786
1689	10031	1238	8793
1690	10087	1231	8856
1691	9999	1226	8773
1692	10039	1229	8810
1693	10030	1231	8799
1694	10088	1236	8852
1695	10098	1245	8853
1696	9989	1229	8760
1697	10019	1228	8791
1698	10066	1223	8843
1699	10001	1235	8766
1700	10007	1235	8772
1701	9976	1235	8741
1702	9929	1246	8683
1703	9938	1239	8699
1704	9955	1229	8726
1705	9906	1237	8669
1706	9901	1231	8670
1707	10017	1236	8781
1708	9994	1242	8752
1709	9981	1236	8745
1710	10055	1235	8820
1711	10038	1241	8797
1712	9974	1238	8736
1713	9966	1234	8732
1714	10040	1233	8807
1715	10031	1242	8789
1716	9936	1234	8702
1717	9873	1236	8637
1718	9878	1242	8636
1719	9900	1246	8654
1720	9868	1243	8625
1721	9999	1251	8748
1722	9950	1243	8707
1723	9943	1233	8710
1724	9978	1228	8750
1725	9875	1241	8634
1726	9913	1234	8679
1727	9927	1237	8690
1728	9912	1237	8675
1729	9837	1240	8597
1730	9817	1237	8580
1731	9840	1242	8598
1732	9939	1238	8701
1733	9881	1233	8648
1734	9843	1234	8609
1735	9852	1239	8613
1736	9885	1228	8657
1737	9857	1230	8627
1738	9832	1227	8605
1739	9781	1233	8548
1740	9853	1230	8623
1741	9891	1238	8653
1742	9878	1239	8639
1743	9881	1242	8639
1744	9937	1234	8703
1745	9938	1236	8702
1746	9918	1235	8683
1747	9890	1243	8647
1748	9857	1240	8617
1749	9851	1243	8608
1750	9839	1230	8609
1751	9830	1241	8589
1752	9927	1247	8680
1753	9941	1241	8700
1754	9873	1236	8637
1755	9861	1246	8615
1756	9874	1244	8630
1757	9875	1245	8630
1758	9973	1241	8732
1759	9981	1249	8732
1760	9919	1240	8679
1761	9862	1240	8622
1762	9996	1235	8761
1763	9933	1236	8697
1764	9864	1234	8630
1765	9911	1241	8670
1766	9978	1236	8742
1767	9953	1240	8713
1768	9878	1242	8636
1769	9915	1248	8667
1770	9856	1237	8619
1771	9834	1239	8595
1772	9840	1244	8596
1773	9920	1245	8675
1774	9887	1242	8645
1775	9826	1241	8585
1776	9922	1244	8678
1777	9958	1245	8713
1778	9914	1240	8674
1779	9922	1244	8678
1780	9948	1237	8711
1781	9933	1242	8691
1782	9951	1234	8717
1783	9935	1241	8694
1784	10005	1232	8773
1785	9996	1243	8753
1786	9912	1249	8663
1787	9947	1240	8707
1788	9984	1230	8754
1789	9986	1227	8759
1790	10038	1227	8811
1791	9995	1232	8763
1792	10012	1235	8777
1793	10046	1235	8811
1794	9985	1226	8759
1795	9903	1230	8673
1796	9962	1228	8734
1797	9909	1239	8670
1798	9945	1235	8710
1799	9962	1238	8724
1800	10025	1240	8785
1801	10001	1238	8763
1802	10017	1231	8786
1803	10054	1232	8822
1804	10110	1238	8872
1805	10093	1241	8852
1806	10045	1233	8812
1807	10025	1232	8793
1808	10046	1234	8812
1809	10136	1246	8890
1810	10163	1231	8932
1811	10046	1231	8815
1812	10109	1229	8880
1813	10100	1238	8862
1814	10063	1240	8823
1815	9977	1245	8732
1816	10020	1240	8780
1817	10142	1234	8908
1818	10152	1226	8926
1819	10030	1234	8796
1820	9959	1240	8719
1821	10016	1244	8772
1822	10049	1245	8804
1823	10060	1243	8817
1824	10116	1229	8887
1825	10118	1228	8890
1826	10183	1232	8951
1827	10206	1241	8965
1828	10152	1236	8916
1829	10075	1240	8835
1830	10121	1236	8885
1831	10210	1233	8977
1832	10198	1240	8958
1833	10135	1243	8892
1834	10133	1234	8899
1835	10177	1241	8936
1836	10206	1234	8972
1837	10232	1238	8994
1838	10296	1238	9058
1839	10331	1244	9087
1840	10277	1236	9041
1841	10257	1235	9022
1842	10280	1233	9047
1843	10286	1238	9048
1844	10355	1247	9108
1845	10355	1243	9112
1846	10307	1244	9063
1847	10268	1250	9018
1848	10291	1229	9062
1849	10233	1240	8993
1850	10281	1249	9032
1851	10332	1252	9080
1852	10432	1246	9186
1853	10353	1247	9106
1854	10271	1234	9037
1855	10366	1234	9132
1856	10398	1232	9166
1857	10400	1239	9161
1858	10357	1233	9124
1859	10298	1236	9062
1860	10282	1239	9043
1861	10249	1232	9017
1862	10275	1229	9046
1863	10305	1245	9060
1864	10294	1238	9056
1865	10333	1241	9092
1866	10422	1233	9189
1867	10452	1233	9219
1868	10505	1234	9271
1869	10445	1240	9205
1870	10408	1234	9174
1871	10368	1230	9138
1872	10398	1230	9168
1873	10357	1245	9112
1874	10320	1238	9082
1875	10350	1239	9111
1876	10451	1241	9210
1877	10444	1235	9209
1878	10514	1236	9278
1879	10456	1236	9220
1880	10473	1228	9245
1881	10428	1235	9193
1882	10487	1237	9250
1883	10438	1240	9198
1884	10451	1231	9220
1885	10467	1229	9238
1886	10525	1225	9300
1887	10572	1240	9332
1888	10592	1237	9355
1889	10537	1240	9297
1890	10513	1242	9271
1891	10562	1239	9323
1892	10552	1230	9322
1893	10554	1241	9313
1894	10525	1240	9285
1895	10623	1243	9380
1896	10595	1237	9358
1897	10478	1242	9236
1898	10551	1243	9308
1899	10572	1236	9336
1900	10507	1228	9279
1901	10557	1226	9331
1902	10625	1235	9390
1903	10604	1242	9362
1904	10583	1229	9354
1905	10621	1222	9399
1906	10636	1235	9401
1907	10581	1235	9346
1908	10619	1234	9385
1909	10719	1239	9480
1910	10711	1229	9482
1911	10605	1233	9372
1912	10561	1223	9338
1913	10581	1229	9352
1914	10614	1227	9387
1915	10598	1230	9368
1916	10610	1236	9374
1917	10613	1236	9377
1918	10715	1235	9480
1919	10656	1238	9418
1920	10653	1229	9424
1921	10656	1236	9420
1922	10653	1236	9417
1923	10730	1227	9503
1924	10787	1230	9557
1925	10768	1238	9530
1926	10752	1240	9512
1927	10776	1238	9538
1928	10868	1229	9639
1929	10825	1236	9589
1930	10784	1234	9550
1931	10783	1235	9548
1932	10803	1231	9572
1933	10875	1237	9638
1934	10905	1233	9672
1935	10849	1224	9625
1936	10832	1224	9608
1937	10825	1236	9589
1938	10804	1233	9571
1939	10824	1243	9581
1940	10809	1235	9574
1941	10789	1242	9547
1942	10771	1228	9543
1943	10787	1239	9548
1944	10901	1237	9664
1945	10878	1232	9646
1946	10863	1239	9624
1947	10853	1236	9617
1948	10799	1232	9567
1949	10870	1245	9625
1950	10927	1235	9692
1951	10942	1230	9712
1952	10859	1228	9631
1953	10849	1231	9618
1954	10866	1244	9622
1955	10789	1243	9546
1956	10737	1234	9503
1957	10800	1238	9562
1958	10769	1232	9537
1959	10820	1238	9582
1960	10914	1233	9681
1961	10799	1230	9569
1962	10821	1239	9582
1963	10870	1243	9627
1964	10870	1231	9639
1965	10790	1227	9563
1966	10820	1230	9590
1967	10768	1234	9534
1968	10793	1224	9569
1969	10827	1232	9595
1970	10799	1234	9565
1971	10781	1234	9547
1972	10779	1233	9546
1973	10766	1239	9527
1974	10819	1230	9589
1975	10858	1235	9623
1976	10754	1235	9519
1977	10746	1243	9503
1978	10781	1246	9535
1979	10799	1234	9565
1980	10754	1231	9523
1981	10705	1243	9462
1982	10716	1239	9477
1983	10733	1254	9479
1984	10787	1237	9550
1985	10811	1224	9587
1986	10736	1224	9512
1987	10822	1235	9587
1988	10826	1229	9597
1989	10909	1242	9667
1990	10852	1240	9612
1991	10831	1236	9595
1992	10903	1235	9668
1993	10876	1237	9639
1994	10847	1231	9616
1995	10833	1238	9595
1996	10856	1239	9617
1997	10899	1242	9657
1998	10915	1240	9675
1999	10931	1243	9688
2000	10961	1245	9716
2001	10922	1244	9678
2002	10948	1242	9706
2003	10956	1237	9719
2004	10877	1231	9646
2005	10881	1232	9649
2006	10847	1236	9611
2007	10891	1238	9653
2008	10915	1238	9677
2009	10849	1232	9617
2010	10801	1226	9575
2011	10842	1228	9614
2012	10872	1229	9643
2013	10838	1236	9602
2014	10855	1235	9620
2015	10842	1244	9598
2016	10815	1236	9579
2017	10849	1235	9614
2018	10887	1230	9657
2019	10876	1233	9643
2020	10903	1232	9671
2021	10900	1234	9666
2022	10937	1233	9704
2023	10918	1236	9682
2024	10878	1234	9644
2025	10792	1247	9545
2026	10795	1245	9550
2027	10903	1231	9672
2028	10828	1233	9595
2029	10803	1240	9563
2030	10944	1236	9708
2031	10861	1247	9614
2032	10786	1229	9557
2033	10755	1224	9531
2034	10805	1226	9579
2035	10869	1228	9641
2036	10845	1224	9621
2037	10818	1237	9581
2038	10804	1232	9572
2039	10781	1238	9543
2040	10691	1234	9457
2041	10660	1246	9414
2042	10677	1236	9441
2043	10705	1232	9473
2044	10663	1225	9438
2045	10719	1234	9485
2046	10784	1235	9549
2047	10763	1237	9526
2048	10786	1233	9553
2049	10777	1240	9537
2050	10786	1241	9545
2051	10743	1238	9505
2052	10691	1236	9455
2053	10692	1234	9458
2054	10730	1237	9493
2055	10661	1240	9421
2056	10727	1240	9487
2057	10703	1237	9466
2058	10730	1228	9502
2059	10674	1235	9439
2060	10633	1229	9404
2061	10643	1229	9414
2062	10633	1239	9394
2063	10638	1246	9392
2064	10582	1237	9345
2065	10560	1239	9321
2066	10599	1235	9364
2067	10625	1242	9383
2068	10575	1251	9324
2069	10557	1245	9312
2070	10517	1242	9275
2071	10493	1242	9251
2072	10513	1225	9288
2073	10472	1242	9230
2074	10581	1243	9338
2075	10569	1239	9330
2076	10431	1230	9201
2077	10454	1233	9221
2078	10497	1236	9261
2079	10469	1234	9235
2080	10392	1225	9167
2081	10415	1238	9177
2082	10498	1246	9252
2083	10540	1247	9293
2084	10422	1243	9179
2085	10373	1244	9129
2086	10380	1243	9137
2087	10426	1247	9179
2088	10383	1241	9142
2089	10388	1241	9147
2090	10381	1241	9140
2091	10408	1236	9172
2092	10324	1235	9089
2093	10272	1245	9027
2094	10335	1243	9092
2095	10333	1233	9100
2096	10248	1234	9014
2097	10308	1240	9068
2098	10329	1226	9103
2099	10253	1229	9024
2100	10288	1234	9054
2101	10311	1240	9071
2102	10349	1235	9114
2103	10334	1242	9092
2104	10237	1238	8999
2105	10197	1237	8960
2106	10266	1243	9023
2107	10219	1238	8981
2108	10181	1233	8948
2109	10247	1241	9006
2110	10295	1236	9059
2111	10234	1241	8993
2112	10177	1233	8944
2113	10123	1235	8888
2114	10144	1235	8909
2115	10138	1241	8897
2116	10075	1242	8833
2117	10060	1239	8821
2118	10129	1228	8901
2119	10154	1236	8918
2120	10146	1237	8909
2121	10070	1233	8837
2122	10033	1228	8805
2123	10032	1241	8791
2124	9931	1235	8696
2125	9999	1235	8764
2126	10104	1241	8863
2127	10071	1243	8828
2128	9986	1236	8750
2129	9974	1238	8736
2130	10023	1232	8791
2131	9969	1237	8732
2132	9946	1236	8710
2133	9985	1227	8758
2134	9893	1228	8665
2135	9865	1233	8632
2136	9909	1227	8682
2137	9834	1224	8610
2138	9775	1221	8554
2139	9803	1235	8568
2140	9770	1235	8535
2141	9642	1237	8405
2142	9730	1234	8496
2143	9706	1233	8473
2144	9729	1234	8495
2145	9713	1235	8478
2146	9706	1232	8474
2147	9726	1234	8492
2148	9666	1240	8426
2149	9550	1246	8304
2150	9671	1229	8442
2151	9686	1224	8462
2152	9632	1225	8407
2153	9529	1243	8286
2154	9618	1234	8384
2155	9652	1227	8425
2156	9572	1240	8332
2157	9513	1246	8267
2158	9548	1234	8314
2159	9523	1241	8282
2160	9402	1238	8164
2161	9356	1231	8125
2162	9366	1218	8148
2163	9354	1230	8124
2164	9353	1237	8116
2165	9366	1234	8132
2166	9370	1233	8137
2167	9297	1236	8061
2168	9202	1225	7977
2169	9245	1236	8009
2170	9242	1237	8005
2171	9248	1235	8013
2172	9248	1237	8011
2173	9221	1234	7987
2174	9207	1237	7970
2175	9267	1246	8021
2176	9136	1250	7886
2177	9197	1247	7950
2178	9187	1221	7966
2179	9168	1226	7942
2180	9180	1227	7953
2181	9148	1234	7914
2182	9119	1225	7894
2183	9147	1240	7907
2184	9065	1238	7827
2185	8954	1241	7713
2186	8934	1239	7695
2187	8989	1233	7756
2188	8998	1234	7764
2189	8973	1244	7729
2190	8960	1240	7720
2191	9053	1237	7816
2192	8993	1232	7761
2193	9025	1241	7784
2194	8977	1236	7741
2195	8904	1242	7662
2196	8911	1235	7676
2197	8946	1248	7698
2198	8908	1241	7667
2199	8944	1234	7710
2200	8913	1237	7676
2201	8818	1246	7572
2202	8814	1241	7573
2203	8841	1239	7602
2204	8811	1234	7577
2205	8755	1241	7514
2206	8748	1238	7510
2207	8709	1229	7480
2208	8703	1231	7472
2209	8581	1237	7344
2210	8470	1225	7245
2211	8463	1225	7238
2212	8389	1232	7157
2213	8405	1237	7168
2214	8338	1227	7111
2215	8305	1235	7070
2216	8304	1235	7069
2217	8297	1243	7054
2218	8293	1231	7062
2219	8163	1238	6925
2220	8087	1234	6853
2221	8179	1236	6943
2222	8075	1241	6834
2223	7980	1241	6739
2224	7950	1229	6721
2225	7942	1232	6710
2226	7991	1241	6750
2227	7894	1237	6657
2228	7765	1221	6544
2229	7606	1233	6373
2230	7665	1241	6424
2231	7604	1241	6363
2232	7527	1227	6300
2233	7429	1223	6206
2234	7413	1221	6192
2235	7361	1234	6127
2236	7380	1229	6151
2237	7381	1236	6145
2238	7361	1238	6123
2239	7308	1239	6069
2240	7292	1230	6062
2241	7355	1234	6121
2242	7296	1230	6066
2243	7251	1236	6015
2244	7313	1232	6081
2245	7294	1244	6050
2246	7272	1242	6030
2247	7318	1236	6082
2248	7347	1229	6118
2249	7282	1238	6044
2250	7294	1235	6059
2251	7378	1246	6132
2252	7360	1236	6124
2253	7401	1229	6172
2254	7450	1228	6222
2255	7463	1229	6234
2256	7514	1233	6281
2257	7523	1233	6290
2258	7521	1228	6293
2259	7581	1237	6344
2260	7651	1245	6406
2261	7626	1246	6380
2262	7584	1237	6347
2263	7724	1245	6479
2264	7758	1239	6519
2265	7795	1244	6551
2266	7732	1240	6492
2267	7694	1240	6454
2268	7686	1234	6452
2269	7792	1236	6556
2270	7843	1230	6613
2271	7798	1231	6567
2272	7861	1224	6637
2273	7841	1228	6613
2274	7796	1227	6569
2275	7806	1231	6575
2276	7789	1230	6559
2277	7804	1230	6574
2278	7863	1235	6628
2279	7789	1237	6552
2280	7744	1230	6514
2281	7753	1230	6523
2282	7787	1232	6555
2283	7747	1240	6507
2284	7720	1235	6485
2285	7764	1229	6535
2286	7699	1223	6476
2287	7664	1238	6426
2288	7639	1237	6402
2289	7673	1239	6434
2290	7664	1239	6425
2291	7657	1242	6415
2292	7657	1247	6410
2293	7696	1245	6451
2294	7624	1222	6402
2295	7605	1221	6384
2296	7614	1223	6391
2297	7602	1238	6364
2298	7551	1234	6317
2299	7487	1235	6252
2300	7566	1226	6340
2301	7639	1236	6403
2302	7564	1229	6335
2303	7492	1240	6252
2304	7474	1235	6239
2305	7465	1236	6229
2306	7490	1233	6257
2307	7449	1247	6202
2308	7396	1239	6157
2309	7457	1238	6219
2310	7466	1251	6215
2311	7469	1246	6223
2312	7347	1245	6102
2313	7304	1250	6054
2314	7353	1236	6117
2315	7350	1234	6116
2316	7317	1244	6073
2317	7349	1247	6102
2318	7403	1234	6169
2319	7329	1224	6105
2320	7289	1226	6063
2321	7292	1235	6057
2322	7316	1230	6086
2323	7315	1241	6074
2324	7317	1232	6085
2325	7216	1233	5983
2326	7237	1231	6006
2327	7297	1235	6062
2328	7277	1232	6045
2329	7265	1241	6024
2330	7174	1249	5925
2331	7182	1243	5939
2332	7249	1239	6010
2333	7169	1245	5924
2334	7069	1224	5845
2335	7130	1230	5900
2336	7080	1242	5838
2337	7038	1240	5798
2338	7125	1235	5890
2339	7035	1247	5788
2340	6961	1238	5723
2341	7028	1238	5790
2342	7025	1236	5789
2343	7047	1235	5812
2344	7082	1227	5855
2345	7019	1228	5791
2346	6970	1233	5737
2347	7022	1233	5789
2348	7028	1233	5795
2349	6986	1241	5745
2350	6940	1242	5698
2351	6846	1243	5603
2352	6921	1234	5687
2353	7033	1238	5795
2354	7015	1237	5778
2355	6936	1236	5700
2356	6941	1232	5709
2357	6911	1235	5676
2358	6945	1233	5712
2359	6937	1233	5704
2360	6846	1233	5613
2361	6841	1238	5603
2362	6868	1233	5635
2363	6841	1237	5604
2364	6809	1235	5574
2365	6822	1234	5588
2366	6823	1233	5590
2367	6832	1231	5601
2368	6780	1227	5553
2369	6722	1237	5485
2370	6736	1235	5501
2371	6729	1241	5488
2372	6707	1234	5473
2373	6697	1238	5459
2374	6706	1232	5474
2375	6650	1235	5415
2376	6627	1233	5394
2377	6656	1239	5417
2378	6663	1245	5418
2379	6641	1243	5398
2380	6713	1233	5480
2381	6637	1236	5401
2382	6613	1243	5370
2383	6621	1240	5381
2384	6593	1228	5365
2385	6587	1239	5348
2386	6541	1240	5301
2387	6541	1235	5306
2388	6547	1247	5300
2389	6497	1239	5258
2390	6477	1230	5247
2391	6522	1245	5277
2392	6533	1245	5288
2393	6538	1242	5296
2394	6498	1236	5262
2395	6448	1238	5210
2396	6446	1239	5207
2397	6476	1242	5234
2398	6467	1236	5231
2399	6448	1239	5209
2400	6437	1229	5208
2401	6413	1225	5188
2402	6398	1240	5158
2403	6394	1251	5143
2404	6422	1246	5176
2405	6427	1249	5178
2406	6435	1242	5193
2407	6343	1235	5108
2408	6338	1232	5106
2409	6378	1234	5144
2410	6450	1239	5211
2411	6455	1246	5209
2412	6448	1234	5214
2413	6398	1236	5162
2414	6343	1238	5105
2415	6262	1233	5029
2416	6259	1226	5033
2417	6264	1234	5030
2418	6284	1232	5052
2419	6333	1235	5098
2420	6329	1243	5086
2421	6251	1247	5004
2422	6224	1230	4994
2423	6296	1233	5063
2424	6279	1228	5051
2425	6187	1235	4952
2426	6204	1233	4971
2427	6171	1238	4933
2428	6213	1240	4973
2429	6260	1234	5026
2430	6199	1223	4976
2431	6225	1241	4984
2432	6274	1250	5024
2433	6178	1242	4936
2434	6168	1242	4926
2435	6143	1248	4895
2436	6139	1231	4908
2437	6148	1238	4910
2438	6190	1234	4956
2439	6180	1238	4942
2440	6091	1247	4844
2441	5983	1236	4747
2442	6009	1232	4777
2443	6106	1238	4868
2444	6107	1239	4868
2445	6158	1245	4913
2446	6133	1237	4896
2447	6059	1239	4820
2448	6042	1232	4810
2449	6072	1240	4832
2450	6070	1232	4838
2451	6071	1234	4837
2452	6051	1241	4810
2453	6081	1245	4836
2454	6046	1231	4815
2455	5979	1235	4744
2456	5993	1226	4767
2457	6066	1230	4836
2458	6029	1232	4797
2459	6029	1233	4796
2460	6014	1232	4782
2461	6010	1231	4779
2462	6031	1225	4806
2463	5980	1231	4749
2464	5966	1237	4729
2465	6017	1243	4774
2466	5963	1236	4727
2467	5877	1234	4643
2468	5915	1215	4700
2469	6073	1241	4832
2470	5994	1225	4769
2471	5960	1243	4717
2472	6007	1234	4773
2473	5991	1232	4759
2474	5999	1234	4765
2475	6011	1242	4769
2476	5989	1237	4752
2477	5939	1236	4703
2478	5973	1236	4737
2479	5957	1231	4726
2480	5946	1225	4721
2481	5941	1240	4701
2482	5889	1235	4654
2483	5842	1225	4617
2484	5839	1221	4618
2485	5888	1237	4651
2486	5869	1238	4631
2487	5876	1241	4635
2488	5908	1242	4666
2489	5894	1239	4655
2490	5867	1226	4641
2491	5850	1231	4619
2492	5868	1238	4630
2493	5868	1235	4633
2494	5840	1237	4603
2495	5833	1236	4597
2496	5831	1233	4598
2497	5870	1236	4634
2498	5838	1229	4609
2499	5847	1233	4614
2500	5849	1229	4620
2501	5837	1236	4601
2502	5871	1226	4645
2503	5820	1234	4586
2504	5811	1241	4570
2505	5816	1235	4581
2506	5869	1220	4649
2507	5865	1231	4634
2508	5771	1235	4536
2509	5776	1237	4539
2510	5777	1230	4547
2511	5793	1229	4564
2512	5794	1234	4560
2513	5823	1232	4591
2514	5773	1233	4540
2515	5758	1236	4522
2516	5729	1241	4488
2517	5762	1242	4520
2518	5768	1221	4547
2519	5805	1230	4575
2520	5780	1233	4547
2521	5778	1235	4543
2522	5809	1231	4578
2523	5734	1249	4485
2524	5718	1243	4475
2525	5802	1238	4564
2526	5791	1240	4551
2527	5761	1240	4521
2528	5776	1232	4544
2529	5810	1238	4572
2530	5814	1238	4576
2531	5785	1245	4540
2532	5777	1233	4544
2533	5750	1225	4525
2534	5705	1230	4475
2535	5699	1243	4456
2536	5650	1235	4415
2537	5742	1236	4506
2538	5795	1237	4558
2539	5788	1241	4547
2540	5766	1236	4530
2541	5776	1243	4533
2542	5757	1223	4534
2543	5757	1236	4521
2544	5787	1242	4545
2545	5793	1243	4550
2546	5797	1242	4555
2547	5753	1244	4509
2548	5674	1235	4439
2549	5670	1238	4432
2550	5779	1230	4549
2551	5763	1232	4531
2552	5690	1226	4464
2553	5670	1232	4438
2554	5671	1228	4443
2555	5689	1227	4462
2556	5722	1220	4502
2557	5697	1245	4452
2558	5720	1238	4482
2559	5717	1228	4489
2560	5733	1232	4501
2561	5700	1239	4461
2562	5660	1230	4430
2563	5640	1237	4403
2564	5707	1239	4468
2565	5714	1237	4477
2566	5675	1230	4445
2567	5656	1233	4423
2568	5641	1238	4403
2569	5666	1234	4432
2570	5712	1237	4475
2571	5704	1239	4465
2572	5676	1237	4439
2573	5716	1233	4483
2574	5705	1230	4475
2575	5659	1245	4414
2576	5658	1242	4416
2577	5649	1238	4411
2578	5666	1231	4435
2579	5577	1234	4343
2580	5567	1223	4344
2581	5652	1237	4415
2582	5642	1231	4411
2583	5626	1226	4400
2584	5643	1228	4415
2585	5612	1235	4377
2586	5593	1232	4361
2587	5598	1234	4364
2588	5602	1228	4374
2589	5587	1225	4362
2590	5625	1221	4404
2591	5697	1241	4456
2592	5692	1240	4452
2593	5652	1237	4415
2594	5692	1233	4459
2595	5659	1236	4423
2596	5629	1227	4402
2597	5669	1230	4439
2598	5630	1235	4395
2599	5572	1233	4339
2600	5662	1227	4435
2601	5678	1239	4439
2602	5637	1227	4410
2603	5614	1224	4390
2604	5652	1233	4419
2605	5621	1240	4381
2606	5638	1239	4399
2607	5574	1236	4338
2608	5529	1228	4301
2609	5546	1239	4307
2610	5584	1247	4337
2611	5551	1243	4308
2612	5561	1232	4329
2613	5554	1241	4313
2614	5559	1237	4322
2615	5505	1235	4270
2616	5563	1233	4330
2617	5587	1248	4339
2618	5532	1240	4292
2619	5611	1235	4376
2620	5569	1220	4349
2621	5542	1232	4310
2622	5584	1241	4343
2623	5573	1236	4337
2624	5575	1239	4336
2625	5548	1242	4306
2626	5535	1240	4295
2627	5566	1240	4326
2628	5571	1236	4335
2629	5493	1240	4253
2630	5513	1239	4274
2631	5541	1231	4310
2632	5473	1235	4238
2633	5479	1241	4238
2634	5533	1226	4307
2635	5530	1229	4301
2636	5600	1231	4369
2637	5567	1232	4335
2638	5549	1233	4316
2639	5536	1238	4298
2640	5486	1234	4252
2641	5521	1246	4275
2642	5590	1238	4352
2643	5533	1235	4298
2644	5466	1241	4225
2645	5488	1242	4246
2646	5501	1228	4273
2647	5473	1234	4239
2648	5469	1231	4238
2649	5513	1235	4278
2650	5517	1231	4286
2651	5485	1247	4238
2652	5473	1238	4235
2653	5411	1228	4183
2654	5399	1234	4165
2655	5410	1234	4176
2656	5419	1223	4196
2657	5424	1236	4188
2658	5462	1230	4232
2659	5449	1236	4213
2660	5408	1242	4166
2661	5424	1242	4182
2662	5400	1230	4170
2663	5386	1233	4153
2664	5422	1232	4190
2665	5436	1235	4201
2666	5439	1232	4207
2667	5433	1239	4194
2668	5450	1238	4212
2669	5394	1234	4160
2670	5365	1231	4134
2671	5368	1235	4133
2672	5361	1238	4123
2673	5306	1250	4056
2674	5274	1238	4036
2675	5332	1236	4096
2676	5358	1238	4120
2677	5343	1232	4111
2678	5330	1228	4102
2679	5278	1239	4039
2680	5283	1240	4043
2681	5332	1244	4088
2682	5294	1238	4056
2683	5282	1234	4048
2684	5271	1238	4033
2685	5261	1241	4020
2686	5272	1236	4036
2687	5282	1236	4046
2688	5214	1238	3976
2689	5172	1244	3928
2690	5234	1233	4001
2691	5205	1240	3965
2692	5210	1237	3973
2693	5208	1234	3974
2694	5191	1237	3954
2695	5190	1240	3950
2696	5178	1230	3948
2697	5206	1237	3969
2698	5209	1242	3967
2699	5167	1243	3924
2700	5164	1235	3929
2701	5124	1225	3899
2702	5150	1228	3922
2703	5178	1243	3935
2704	5133	1237	3896
2705	5067	1228	3839
2706	5098	1231	3867
2707	5103	1241	3862
2708	5123	1239	3884
2709	5070	1246	3824
2710	5016	1234	3782
2711	5071	1227	3844
2712	5092	1231	3861
2713	5048	1240	3808
2714	5030	1240	3790
2715	5098	1240	3858
2716	5097	1240	3857
2717	4996	1242	3754
2718	4951	1241	3710
2719	4976	1250	3726
2720	4964	1235	3729
2721	4966	1234	3732
2722	4905	1221	3684
2723	4931	1232	3699
2724	4965	1241	3724
2725	4934	1232	3702
2726	4987	1228	3759
2727	4921	1234	3687
2728	4849	1234	3615
2729	4881	1230	3651
2730	4816	1224	3592
2731	4784	1237	3547
2732	4825	1233	3592
2733	4831	1241	3590
2734	4801	1247	3554
2735	4817	1243	3574
2736	4831	1231	3600
2737	4821	1234	3587
2738	4753	1229	3524
2739	4728	1230	3498
2740	4767	1237	3530
2741	4784	1247	3537
2742	4720	1240	3480
2743	4723	1237	3486
2744	4772	1240	3532
2745	4744	1237	3507
2746	4721	1227	3494
2747	4662	1238	3424
2748	4665	1241	3424
2749	4706	1237	3469
2750	4653	1231	3422
2751	4582	1229	3353
2752	4603	1226	3377
2753	4614	1227	3387
2754	4597	1228	3369
2755	4534	1235	3299
2756	4517	1244	3273
2757	4524	1251	3273
2758	4621	1243	3378
2759	4589	1241	3348
2760	4521	1234	3287
2761	4504	1242	3262
2762	4523	1236	3287
2763	4490	1240	3250
2764	4477	1237	3240
2765	4468	1239	3229
2766	4489	1230	3259
2767	4458	1229	3229
2768	4368	1237	3131
2769	4335	1237	3098
2770	4349	1237	3112
2771	4352	1244	3108
2772	4391	1232	3159
2773	4389	1238	3151
2774	4397	1228	3169
2775	4315	1232	3083
2776	4340	1227	3113
2777	4302	1237	3065
2778	4321	1234	3087
2779	4323	1237	3086
2780	4309	1232	3077
2781	4289	1227	3062
2782	4349	1227	3122
2783	4253	1239	3014
2784	4218	1245	2973
2785	4168	1247	2921
2786	4168	1229	2939
2787	4191	1233	2958
2788	4174	1238	2936
2789	4181	1236	2945
2790	4141	1246	2895
2791	4121	1241	2880
2792	4075	1237	2838
2793	4085	1241	2844
2794	4107	1243	2864
2795	4108	1238	2870
2796	4118	1232	2886
2797	4168	1242	2926
2798	4053	1240	2813
2799	4032	1232	2800
2800	4082	1225	2857
2801	4032	1235	2797
2802	3992	1231	2761
2803	4014	1237	2777
2804	4001	1235	2766
2805	3978	1238	2740
2806	3994	1236	2758
2807	3930	1241	2689
2808	3901	1241	2660
2809	3890	1232	2658
2810	3853	1228	2625
2811	3803	1241	2562
2812	3795	1239	2556
2813	3860	1239	2621
2814	3835	1222	2613
2815	3836	1219	2617
2816	3808	1223	2585
2817	3774	1236	2538
2818	3731	1233	2498
2819	3747	1243	2504
2820	3799	1239	2560
2821	3762	1243	2519
2822	3732	1243	2489
2823	3734	1233	2501
2824	3751	1230	2521
2825	3692	1232	2460
2826	3717	1228	2489
2827	3671	1225	2446
2828	3697	1234	2463
2829	3631	1239	2392
2830	3579	1235	2344
2831	3619	1240	2379
2832	3615	1237	2378
2833	3656	1237	2419
2834	3598	1230	2368
2835	3592	1234	2358
2836	3570	1231	2339
2837	3550	1238	2312
2838	3509	1235	2274
2839	3495	1231	2264
2840	3501	1226	2275
2841	3535	1239	2296
2842	3480	1229	2251
2843	3460	1235	2225
2844	3471	1228	2243
2845	3421	1235	2186
2846	3411	1228	2183
2847	3413	1235	2178
2848	3415	1225	2190
2849	3406	1228	2178
2850	3339	1230	2109
2851	3305	1239	2066
2852	3312	1238	2074
2853	3278	1234	2044
2854	3272	1234	2038
2855	3299	1238	2061
2856	3324	1227	2097
2857	3286	1225	2061
2858	3249	1232	2017
2859	3292	1236	2056
2860	3255	1243	2012
2861	3225	1247	1978
2862	3238	1233	2005
2863	3205	1235	1970
2864	3184	1237	1947
2865	3175	1236	1939
2866	3178	1236	1942
2867	3168	1234	1934
2868	3122	1238	1884
2869	3135	1252	1883
2870	3140	1234	1906
2871	3124	1229	1895
2872	3118	1230	1888
2873	3080	1250	1830
2874	3075	1244	1831
2875	3058	1239	1819
2876	3060	1229	1831
2877	3077	1224	1853
2878	3066	1216	1850
2879	3026	1221	1805
2880	2989	1230	1759
2881	2982	1243	1739
2882	2982	1232	1750
2883	2942	1231	1711
2884	2973	1233	1740
2885	2964	1245	1719
2886	2952	1247	1705
2887	2926	1233	1693
2888	2884	1224	1660
2889	2884	1231	1653
2890	2848	1234	1614
2891	2823	1245	1578
2892	2880	1241	1639
2893	2877	1242	1635
2894	2829	1229	1600
2895	2842	1225	1617
2896	2848	1224	1624
2897	2832	1233	1599
2898	2835	1237	1598
2899	2788	1238	1550
2900	2806	1228	1578
2901	2807	1222	1585
2902	2740	1222	1518
2903	2705	1232	1473
2904	2773	1230	1543
2905	2754	1235	1519
2906	2720	1228	1492
2907	2698	1237	1461
2908	2689	1238	1451
2909	2692	1232	1460
2910	2712	1225	1487
2911	2711	1236	1475
2912	2671	1238	1433
2913	2647	1237	1410
2914	2650	1230	1420
2915	2641	1236	1405
2916	2646	1227	1419
2917	2635	1239	1396
2918	2648	1234	1414
2919	2591	1226	1365
2920	2541	1229	1312
2921	2613	1239	1374
2922	2588	1233	1355
2923	2562	1231	1331
2924	2596	1239	1357
2925	2560	1240	1320
2926	2583	1236	1347
2927	2593	1252	1341
2928	2580	1241	1339
2929	2557	1229	1328
2930	2550	1230	1320
2931	2539	1235	1304
2932	2536	1228	1308
2933	2525	1228	1297
2934	2491	1233	1258
2935	2459	1241	1218
2936	2518	1237	1281
2937	2493	1237	1256
2938	2470	1232	1238
2939	2457	1233	1224
2940	2458	1233	1225
2941	2429	1235	1194
2942	2432	1233	1199
2943	2426	1234	1192
2944	2410	1227	1183
2945	2419	1234	1185
2946	2395	1233	1162
2947	2372	1234	1138
2948	2358	1225	1133
2949	2373	1233	1140
2950	2418	1233	1185
2951	2427	1236	1191
2952	2402	1230	1172
2953	2389	1227	1162
2954	2369	1226	1143
2955	2359	1237	1122
2956	2336	1233	1103
2957	2327	1232	1095
2958	2342	1227	1115
2959	2361	1237	1124
2960	2337	1242	1095
2961	2314	1241	1073
2962	2304	1235	1069
2963	2314	1235	1079
2964	2303	1231	1072
2965	2296	1228	1068
2966	2311	1236	1075
2967	2291	1247	1044
2968	2313	1241	1072
2969	2339	1241	1098
2970	2320	1237	1083
2971	2310	1239	1071
2972	2303	1226	1077
2973	2263	1228	1035
2974	2243	1229	1014
2975	2244	1232	1012
2976	2240	1235	1005
2977	2254	1233	1021
2978	2256	1231	1025
2979	2277	1244	1033
2980	2270	1242	1028
2981	2249	1254	995
2982	2248	1248	1000
2983	2255	1241	1014
2984	2236	1238	998
2985	2230	1239	991
2986	2201	1231	970
2987	2214	1245	969
2988	2215	1235	980
2989	2184	1245	939
2990	2179	1248	931
2991	2205	1248	957
2992	2186	1235	951
2993	2173	1233	940
2994	2172	1233	939
2995	2174	1243	931
2996	2152	1240	912
2997	2125	1243	882
2998	2123	1235	888
2999	2129	1235	894
3000	2136	1227	909
3001	2105	1235	870
3002	2147	1230	917
3003	2169	1229	940
3004	2135	1222	913
3005	2128	1231	897
3006	2142	1220	922
3007	2082	1223	859
3008	2119	1233	886
3009	2147	1242	905
3010	2120	1241	879
3011	2104	1246	858
3012	2087	1232	855
3013	2103	1229	874
3014	2106	1226	880
3015	2130	1238	892
3016	2109	1237	872
3017	2105	1241	864
3018	2096	1235	861
3019	2112	1228	884
3020	2078	1235	843
3021	2044	1237	807
3022	2076	1233	843
3023	2097	1233	864
3024	2084	1233	851
3025	2082	1237	845
3026	2122	1235	887
3027	2074	1243	831
3028	2067	1241	826
3029	2077	1236	841
3030	2067	1242	825
3031	2044	1237	807
3032	2049	1225	824
3033	2039	1233	806
3034	2049	1230	819
3035	2058	1231	827
3036	2063	1238	825
3037	2054	1239	815
3038	2038	1229	809
3039	2065	1237	828
3040	2082	1229	853
3041	2066	1236	830
3042	2074	1234	840
3043	2039	1223	816
3044	2017	1226	791
3045	2019	1237	782
3046	2026	1241	785
3047	2067	1237	830
3048	2088	1237	851
3049	2073	1237	836
3050	2044	1243	801
3051	2084	1240	844
3052	2068	1235	833
3053	2032	1250	782
3054	2027	1247	780
3055	2026	1241	785
3056	2024	1238	786
3057	2041	1244	797
3058	2046	1237	809
3059	2029	1235	794
3060	2026	1226	800
3061	1995	1230	765
3062	1973	1234	739
3063	1986	1231	755
3064	1991	1221	770
3065	1999	1231	768
3066	2037	1233	804
3067	2031	1234	797
3068	2032	1238	794
3069	2014	1236	778
3070	2022	1223	799
3071	2003	1224	779
3072	2009	1225	784
3073	2001	1224	777
3074	1983	1227	756
3075	1997	1240	757
3076	2016	1233	783
3077	2011	1231	780
3078	2012	1243	769
3079	2005	1243	762
3080	2009	1230	779
3081	1952	1234	718
3082	1978	1243	735
3083	1986	1248	738
3084	1993	1232	761
3085	1973	1235	738
3086	1991	1234	757
3087	1973	1244	729
3088	1977	1246	731
3089	1990	1240	750
3090	2004	1229	775
3091	1985	1233	752
3092	1983	1235	748
3093	1989	1230	759
3094	1982	1223	759
3095	2006	1227	779
3096	1997	1231	766
3097	1975	1246	729
3098	1965	1239	726
3099	1949	1236	713
3100	1951	1224	727
3101	1979	1229	750
3102	1960	1230	730
3103	1934	1237	697
3104	1962	1234	728
3105	1984	1242	742
3106	2012	1238	774
3107	1995	1241	754
3108	2004	1232	772
3109	1989	1242	747
3110	1994	1237	757
3111	1975	1228	747
3112	1967	1228	739
3113	1987	1233	754
3114	1971	1228	743
3115	1948	1229	719
3116	1957	1224	733
3117	1955	1232	723
3118	1967	1230	737
3119	1967	1237	730
3120	1975	1235	740
3121	1970	1233	737
3122	1957	1220	737
3123	1931	1223	708
3124	1960	1219	741
3125	1963	1229	734
3126	1998	1232	766
3127	1985	1239	746
3128	1986	1231	755
3129	1967	1229	738
3130	1962	1235	727
3131	1967	1233	734
3132	1963	1223	740
3133	1964	1228	736
3134	1952	1232	720
3135	1943	1242	701
3136	1965	1230	735
3137	1963	1229	734
3138	1952	1235	717
3139	1970	1235	735
3140	1958	1226	732
3141	1943	1223	720
3142	1969	1224	745
3143	1978	1240	738
3144	1966	1224	742
3145	1996	1232	764
3146	1987	1228	759
3147	1948	1237	711
3148	1957	1249	708
3149	1956	1244	712
3150	1952	1234	718
3151	1967	1239	728
3152	1928	1235	693
3153	1965	1241	724
3154	1990	1234	756
3155	1975	1244	731
3156	1961	1241	720
3157	1954	1241	713
3158	1950	1227	723
3159	1961	1228	733
3160	1960	1232	728
3161	1968	1231	737
3162	1960	1226	734
3163	1943	1229	714
3164	1947	1218	729
3165	1948	1227	721
3166	1948	1229	719
3167	1942	1236	706
3168	1958	1233	725
3169	1963	1235	728
3170	1941	1228	713
3171	1925	1233	692
3172	1934	1230	704
3173	1908	1237	671
3174	1947	1241	706
3175	1968	1238	730
3176	1966	1232	734
3177	1919	1240	679
3178	1922	1235	687
3179	1939	1239	700
3180	1934	1239	695
3181	1929	1238	691
3182	1927	1236	691
3183	1943	1241	702
3184	1952	1241	711
3185	1932	1238	694
3186	1945	1233	712
3187	1928	1251	677
3188	1885	1240	645
3189	1881	1234	647
3190	1890	1232	658
3191	1891	1232	659
3192	1929	1238	691
3193	1933	1248	685
3194	1930	1240	690
3195	1919	1233	686
3196	1934	1238	696
3197	1943	1244	699
3198	1904	1229	675
3199	1895	1229	666
3200	1912	1236	676
3201	1907	1239	668
3202	1894	1229	665
3203	1928	1240	688
3204	1899	1236	663
3205	1897	1244	653
3206	1924	1237	687
3207	1888	1235	653
3208	1886	1227	659
3209	1878	1228	650
3210	1930	1227	703
3211	1933	1240	693
3212	1891	1242	649
3213	1892	1241	651
3214	1935	1227	708
3215	1901	1231	670
3216	1897	1236	661
3217	1867	1236	631
3218	1862	1229	633
3219	1875	1232	643
3220	1875	1226	649
3221	1894	1225	669
3222	1903	1224	679
3223	1893	1236	657
3224	1884	1235	649
3225	1898	1233	665
3226	1876	1233	643
3227	1847	1233	614
3228	1874	1225	649
3229	1889	1230	659
3230	1860	1230	630
3231	1859	1228	631
3232	1871	1230	641
3233	1867	1234	633
3234	1859	1242	617
3235	1849	1241	608
3236	1861	1232	629
3237	1861	1231	630
3238	1890	1227	663
3239	1855	1237	618
3240	1830	1228	602
3241	1841	1237	604
3242	1858	1236	622
3243	1796	1233	563
3244	1816	1231	585
3245	1856	1236	620
3246	1863	1240	623
3247	1833	1238	595
3248	1822	1223	599
3249	1829	1233	596
3250	1838	1245	593
3251	1818	1243	575
3252	1818	1250	568
3253	1832	1248	584
3254	1842	1233	609
3255	1846	1247	599
3256	1853	1240	613
3257	1821	1240	581
3258	1809	1235	574
3259	1808	1233	575
3260	1808	1243	565
3261	1800	1239	561
3262	1786	1229	557
3263	1790	1234	556
3264	1792	1234	558
3265	1785	1228	557
3266	1794	1223	571
3267	1802	1226	576
3268	1784	1227	557
3269	1770	1242	528
3270	1776	1240	536
3271	1766	1241	525
3272	1751	1236	515
3273	1736	1239	497
3274	1727	1237	490
3275	1728	1236	492
3276	1777	1234	543
3277	1766	1232	534
3278	1756	1239	517
3279	1756	1246	510
3280	1741	1233	508
3281	1724	1240	484
3282	1743	1233	510
3283	1732	1241	491
3284	1706	1245	461
3285	1705	1251	454
3286	1690	1239	451
3287	1684	1239	445
3288	1711	1225	486
3289	1703	1235	468
3290	1718	1231	487
3291	1697	1225	472
3292	1682	1230	452
3293	1675	1234	441
3294	1678	1227	451
3295	1711	1232	479
3296	1706	1235	471
3297	1684	1236	448
3298	1686	1227	459
3299	1672	1236	436
3300	1682	1234	448
3301	1694	1239	455
3302	1671	1239	432
3303	1630	1242	388
3304	1642	1242	400
3305	1621	1243	378
3306	1617	1240	377
3307	1640	1240	400
3308	1623	1237	386
3309	1628	1243	385
3310	1622	1245	377
3311	1597	1249	348
3312	1590	1240	350
3313	1568	1245	323
3314	1588	1237	351
3315	1593	1232	361
3316	1594	1232	362
3317	1561	1245	316
3318	1577	1239	338
3319	1572	1239	333
3320	1579	1233	346
3321	1562	1230	332
3322	1541	1229	312
3323	1559	1236	323
3324	1604	1233	371
3325	1585	1234	351
3326	1538	1230	308
3327	1540	1230	310
3328	1555	1239	316
3329	1555	1235	320
3330	1555	1232	323
3331	1554	1238	316
3332	1548	1236	312
3333	1528	1241	287
3334	1545	1240	305
3335	1524	1242	282
3336	1500	1235	265
3337	1498	1238	260
3338	1512	1241	271
3339	1514	1243	271
3340	1491	1234	257
3341	1477	1242	235
3342	1478	1235	243
3343	1485	1234	251
3344	1498	1246	252
3345	1481	1242	239
3346	1466	1236	230
3347	1482	1240	242
3348	1454	1235	219
3349	1450	1238	212
3350	1470	1240	230
3351	1451	1233	218
3352	1445	1231	214
3353	1424	1244	180
3354	1429	1231	198
3355	1439	1230	209
3356	1431	1237	194
3357	1408	1245	163
3358	1411	1231	180
3359	1395	1238	157
3360	1410	1228	182
3361	1374	1230	144
3362	1366	1230	136
3363	1387	1243	144
3364	1383	1237	146
3365	1397	1239	158
3366	1397	1242	155
3367	1375	1240	135
3368	1366	1235	131
3369	1376	1238	138
3370	1375	1236	139
3371	1380	1245	135
3372	1379	1238	141
3373	1376	1239	137
3374	1367	1235	132
3375	1341	1237	104
3376	1340	1241	99
3377	1336	1237	99
3378	1348	1242	106
3379	1343	1247	96
3380	1344	1232	112
3381	1350	1236	114
3382	1358	1242	116
3383	1348	1241	107
3384	1347	1239	108
3385	1337	1239	98
3386	1347	1227	120
3387	1314	1227	87
3388	1326	1243	83
3389	1357	1242	115
3390	1339	1243	96
3391	1314	1252	62
3392	1322	1240	82
3393	1337	1241	96
3394	1323	1231	92
3395	1298	1231	67
3396	1300	1238	62
3397	1325	1243	82
3398	1325	1236	89
3399	1302	1233	69
3400	1294	1230	64
3401	1311	1230	81
3402	1326	1228	98
3403	1320	1246	74
3404	1291	1242	49
3405	1312	1242	70
3406	1329	1236	93
3407	1318	1242	76
3408	1304	1248	56
3409	1294	1246	48
3410	1304	1236	68
3411	1307	1244	63
3412	1306	1246	60
3413	1314	1245	69
3414	1324	1236	88
3415	1315	1239	76
3416	1292	1234	58
3417	1287	1234	53
3418	1282	1232	50
3419	1288	1235	53
3420	1312	1237	75
3421	1298	1237	61
3422	1313	1243	70
3423	1322	1244	78
3424	1296	1229	67
3425	1274	1235	39
3426	1272	1236	36
3427	1277	1246	31
3428	1309	1246	63
3429	1319	1247	72
3430	1296	1240	56
3431	1284	1236	48
3432	1267	1231	36
3433	1280	1241	39
3434	1307	1244	63
3435	1305	1240	65
3436	1317	1239	78
3437	1317	1236	81
3438	1312	1240	72
3439	1302	1239	63
3440	1328	1238	90
3441	1326	1252	74
3442	1317	1249	68
3443	1293	1241	52
3444	1300	1236	64
3445	1290	1238	52
3446	1304	1230	74
3447	1300	1236	64
3448	1304	1234	70
3449	1298	1234	64
3450	1303	1231	72
3451	1273	1235	38
3452	1292	1235	57
3453	1294	1247	47
3454	1302	1245	57
3455	1298	1247	51
3456	1296	1236	60
3457	1301	1231	70
3458	1303	1225	78
3459	1299	1222	77
3460	1314	1218	96
3461	1308	1228	80
3462	1320	1224	96
3463	1311	1231	80
3464	1331	1232	99
3465	1324	1243	81
3466	1307	1243	64
3467	1298	1245	53
3468	1319	1237	82
3469	1303	1237	66
3470	1280	1236	44
3471	1292	1239	53
3472	1293	1234	59
3473	1291	1232	59
3474	1302	1230	72
3475	1293	1231	62
3476	1305	1231	74
3477	1340	1233	107
3478	1351	1228	123
3479	1308	1233	75
3480	1283	1230	53
3481	1278	1248	30
3482	1305	1240	65
3483	1297	1236	61
3484	1279	1234	45
3485	1281	1239	42
3486	1261	1236	25
3487	1275	1247	28
3488	1295	1241	54
3489	1300	1241	59
3490	1290	1239	51
3491	1271	1234	37
3492	1281	1232	49
3493	1291	1229	62
3494	1289	1223	66
3495	1275	1226	49
3496	1298	1225	73
3497	1299	1227	72
3498	1291	1229	62
3499	1267	1231	36
3500	1262	1228	34
3501	1283	1236	47
3502	1286	1238	48
3503	1285	1246	39
3504	1290	1237	53
3505	1278	1230	48
3506	1303	1234	69
3507	1309	1237	72
3508	1307	1223	84
3509	1317	1228	89
3510	1305	1236	69
3511	1298	1238	60
3512	1290	1233	57
3513	1297	1240	57
3514	1291	1237	54
3515	1283	1232	51
3516	1319	1236	83
3517	1303	1237	66
3518	1300	1229	71
3519	1315	1245	70
3520	1302	1238	64
3521	1259	1238	21
3522	1265	1239	26
3523	1282	1233	49
3524	1294	1225	69
3525	1310	1227	83
3526	1296	1232	64
3527	1274	1239	35
3528	1276	1220	56
3529	1273	1220	53
3530	1275	1229	46
3531	1270	1234	36
3532	1267	1229	38
3533	1274	1242	32
3534	1275	1245	30
3535	1249	1246	3
3536	1258	1237	21
3537	1292	1244	48
3538	1300	1244	56
3539	1305	1243	62
3540	1297	1240	57
3541	1284	1237	47
3542	1275	1232	43
3543	1277	1237	40
3544	1282	1236	46
3545	1261	1237	24
3546	1272	1233	39
3547	1275	1232	43
3548	1308	1231	77
3549	1297	1231	66
3550	1285	1237	48
3551	1304	1238	66
3552	1311	1234	77
3553	1300	1241	59
3554	1291	1231	60
3555	1275	1234	41
3556	1274	1234	40
3557	1292	1243	49
3558	1294	1236	58
3559	1293	1233	60
3560	1300	1231	69
3561	1288	1228	60
3562	1274	1224	50
3563	1274	1237	37
3564	1304	1243	61
3565	1331	1241	90
3566	1297	1227	70
3567	1276	1234	42
3568	1279	1226	53
3569	1293	1236	57
3570	1297	1246	51
3571	1284	1243	41
3572	1277	1234	43
3573	1285	1242	43
3574	1307	1242	65
3575	1279	1241	38
3576	1305	1227	78
3577	1295	1223	72
3578	1278	1223	55
3579	1293	1236	57
3580	1306	1237	69
3581	1287	1238	49
3582	1291	1235	56
3583	1307	1238	69
3584	1278	1237	41
3585	1284	1234	50
3586	1290	1236	54
3587	1271	1243	28
3588	1290	1238	52
3589	1288	1242	46
3590	1296	1243	53
3591	1298	1240	58
3592	1295	1232	63
3593	1275	1243	32
3594	1275	1239	36
3595	1282	1234	48
3596	1295	1227	68
3597	1289	1230	59
3598	1300	1226	74
3599	1287	1233	54
3600	1287	1232	55
3601	1276	1232	44
3602	1282	1227	55
3603	1283	1237	46
3604	1277	1229	48
3605	1265	1231	34
3606	1285	1228	57
3607	1289	1238	51
3608	1293	1228	65
3609	1298	1244	54
3610	1287	1250	37
3611	1281	1239	42
3612	1279	1239	40
3613	1298	1237	61
3614	1296	1234	62
3615	1281	1246	35
3616	1291	1246	45
3617	1300	1238	62
3618	1289	1230	59
3619	1282	1237	45
3620	1278	1234	44
3621	1276	1239	37
3622	1286	1234	52
3623	1289	1237	52
3624	1284	1233	51
3625	1277	1242	35
3626	1283	1245	38
3627	1281	1234	47
3628	1289	1230	59
3629	1280	1235	45
3630	1268	1242	26
3631	1286	1236	50
3632	1292	1226	66
3633	1303	1235	68
3634	1308	1231	77
3635	1281	1234	47
3636	1287	1236	51
3637	1308	1238	70
3638	1307	1242	65
3639	1278	1244	34
3640	1274	1236	38
3641	1273	1240	33
3642	1258	1237	21
3643	1277	1242	35
3644	1292	1243	49
3645	1295	1234	61
3646	1289	1228	61
3647	1269	1234	35
3648	1282	1225	57
