index	original	background	difference
-----------------------------------------------------
1	1217	1193	24
2	1217	1181	36
3	1227	1193	34
4	1222	1189	33
5	1232	1182	50
6	1232	1192	40
7	1234	1204	30
8	1228	1197	31
9	1236	1187	49
10	1230	1192	38
11	1234	1191	43
12	1232	1194	38
13	1237	1203	34
14	1241	1208	33
15	1243	1211	32
16	1239	1212	27
17	1246	1216	30
18	1247	1211	36
19	1246	1208	38
20	1240	1205	35
21	1244	1204	40
22	1248	1205	43
23	1252	1208	44
24	1250	1207	43
25	1257	1218	39
26	1247	1222	25
27	1241	1215	26
28	1252	1215	37
29	1260	1206	54
30	1259	1196	63
31	1265	1212	53
32	1256	1221	35
33	1255	1220	35
34	1259	1214	45
35	1263	1212	51
36	1252	1211	41
37	1258	1210	48
38	1263	1212	51
39	1262	1210	52
40	1252	1204	48
41	1256	1205	51
42	1262	1211	51
43	1269	1214	55
44	1264	1211	53
45	1258	1213	45
46	1259	1208	51
47	1271	1205	66
48	1270	1218	52
49	1269	1221	48
50	1258	1222	36
51	1263	1234	29
52	1261	1219	42
53	1268	1217	51
54	1273	1218	55
55	1270	1218	52
56	1268	1227	41
57	1268	1227	41
58	1263	1214	49
59	1265	1213	52
60	1267	1214	53
61	1271	1214	57
62	1258	1214	44
63	1264	1219	45
64	1250	1218	32
65	1256	1220	36
66	1261	1223	38
67	1264	1225	39
68	1272	1214	58
69	1280	1216	64
70	1275	1217	58
71	1275	1224	51
72	1275	1222	53
73	1281	1214	67
74	1278	1209	69
75	1281	1224	57
76	1280	1222	58
77	1286	1224	62
78	1275	1220	55
79	1276	1234	42
80	1272	1227	45
81	1278	1228	50
82	1287	1227	60
83	1289	1223	66
84	1282	1226	56
85	1280	1224	56
86	1274	1229	45
87	1293	1238	55
88	1287	1225	62
89	1294	1220	74
90	1286	1235	51
91	1287	1237	50
92	1297	1226	71
93	1300	1211	89
94	1287	1220	67
95	1286	1228	58
96	1286	1231	55
97	1291	1225	66
98	1281	1214	67
99	1285	1219	66
100	1288	1227	61
101	1293	1230	63
102	1291	1232	59
103	1293	1218	75
104	1295	1223	72
105	1302	1229	73
106	1295	1226	69
107	1294	1213	81
108	1297	1215	82
109	1305	1219	86
110	1289	1216	73
111	1292	1229	63
112	1300	1230	70
113	1303	1227	76
114	1301	1235	66
115	1299	1233	66
116	1299	1227	72
117	1304	1240	64
118	1302	1234	68
119	1304	1223	81
120	1299	1220	79
121	1310	1234	76
122	1314	1229	85
123	1309	1235	74
124	1307	1234	73
125	1313	1232	81
126	1316	1229	87
127	1315	1230	85
128	1316	1219	97
129	1321	1229	92
130	1317	1229	88
131	1317	1229	88
132	1308	1234	74
133	1311	1241	70
134	1319	1233	86
135	1324	1236	88
136	1332	1239	93
137	1322	1233	89
138	1327	1217	110
139	1334	1220	114
140	1312	1227	85
141	1327	1228	99
142	1330	1223	107
143	1328	1223	105
144	1336	1231	105
145	1342	1240	102
146	1334	1222	112
147	1338	1220	118
148	1331	1228	103
149	1335	1228	107
150	1332	1226	106
151	1335	1232	103
152	1342	1237	105
153	1355	1235	120
154	1346	1233	113
155	1345	1233	112
156	1347	1219	128
157	1345	1229	116
158	1341	1227	114
159	1353	1220	133
160	1351	1223	128
161	1351	1232	119
162	1342	1234	108
163	1347	1230	117
164	1350	1229	121
165	1360	1226	134
166	1349	1231	118
167	1345	1233	112
168	1348	1226	122
169	1353	1226	127
170	1354	1231	123
171	1358	1233	125
172	1357	1232	125
173	1363	1226	137
174	1367	1225	142
175	1380	1238	142
176	1378	1232	146
177	1370	1230	140
178	1367	1233	134
179	1373	1227	146
180	1375	1226	149
181	1377	1234	143
182	1375	1231	144
183	1374	1225	149
184	1380	1229	151
185	1389	1233	156
186	1386	1225	161
187	1392	1233	159
188	1393	1243	150
189	1393	1242	151
190	1394	1235	159
191	1393	1235	158
192	1386	1233	153
193	1394	1230	164
194	1397	1232	165
195	1389	1245	144
196	1384	1231	153
197	1391	1229	162
198	1396	1229	167
199	1403	1224	179
200	1403	1223	180
201	1402	1221	181
202	1399	1231	168
203	1401	1235	166
204	1406	1232	174
205	1405	1239	166
206	1401	1235	166
207	1411	1230	181
208	1406	1231	175
209	1408	1224	184
210	1406	1216	190
211	1412	1222	190
212	1411	1230	181
213	1411	1235	176
214	1407	1224	183
215	1404	1236	168
216	1404	1235	169
217	1406	1232	174
218	1390	1217	173
219	1429	1251	178
220	1422	1235	187
221	1411	1230	181
222	1407	1233	174
223	1419	1235	184
224	1408	1232	176
225	1410	1233	177
226	1408	1231	177
227	1415	1236	179
228	1406	1232	174
229	1410	1230	180
230	1419	1236	183
231	1419	1236	183
232	1416	1236	180
233	1405	1236	169
234	1409	1230	179
235	1417	1236	181
236	1417	1228	189
237	1432	1230	202
238	1428	1236	192
239	1420	1235	185
240	1422	1232	190
241	1429	1233	196
242	1421	1237	184
243	1421	1229	192
244	1423	1223	200
245	1436	1230	206
246	1430	1230	200
247	1428	1230	198
248	1417	1234	183
249	1425	1234	191
250	1426	1225	201
251	1426	1230	196
252	1425	1230	195
253	1447	1241	206
254	1445	1238	207
255	1433	1231	202
256	1431	1224	207
257	1443	1227	216
258	1438	1228	210
259	1449	1232	217
260	1450	1224	226
261	1444	1227	217
262	1447	1219	228
263	1450	1223	227
264	1437	1229	208
265	1440	1241	199
266	1447	1239	208
267	1458	1234	224
268	1457	1231	226
269	1457	1231	226
270	1448	1228	220
271	1456	1232	224
272	1453	1230	223
273	1452	1239	213
274	1456	1235	221
275	1458	1231	227
276	1459	1236	223
277	1462	1229	233
278	1462	1222	240
279	1466	1221	245
280	1466	1222	244
281	1458	1234	224
282	1453	1230	223
283	1467	1227	240
284	1462	1235	227
285	1460	1241	219
286	1452	1235	217
287	1455	1230	225
288	1454	1225	229
289	1459	1235	224
290	1459	1237	222
291	1454	1230	224
292	1458	1231	227
293	1451	1238	213
294	1447	1236	211
295	1458	1244	214
296	1460	1243	217
297	1461	1243	218
298	1459	1234	225
299	1460	1232	228
300	1471	1237	234
301	1478	1235	243
302	1467	1233	234
303	1464	1233	231
304	1464	1231	233
305	1481	1234	247
306	1482	1226	256
307	1498	1230	268
308	1497	1235	262
309	1490	1222	268
310	1487	1223	264
311	1490	1227	263
312	1485	1234	251
313	1497	1237	260
314	1500	1235	265
315	1485	1237	248
316	1488	1229	259
317	1515	1232	283
318	1521	1226	295
319	1519	1230	289
320	1514	1240	274
321	1524	1245	279
322	1526	1232	294
323	1534	1233	301
324	1532	1236	296
325	1549	1237	312
326	1549	1229	320
327	1554	1229	325
328	1548	1225	323
329	1550	1228	322
330	1548	1225	323
331	1543	1220	323
332	1541	1224	317
333	1549	1230	319
334	1553	1225	328
335	1559	1222	337
336	1557	1225	332
337	1551	1235	316
338	1554	1227	327
339	1556	1223	333
340	1561	1232	329
341	1553	1237	316
342	1545	1228	317
343	1548	1228	320
344	1549	1222	327
345	1549	1222	327
346	1548	1230	318
347	1561	1237	324
348	1570	1227	343
349	1575	1239	336
350	1569	1238	331
351	1571	1230	341
352	1578	1226	352
353	1589	1222	367
354	1591	1218	373
355	1604	1221	383
356	1608	1235	373
357	1610	1240	370
358	1601	1236	365
359	1611	1242	369
360	1616	1237	379
361	1614	1234	380
362	1607	1233	374
363	1622	1225	397
364	1621	1232	389
365	1629	1232	397
366	1620	1217	403
367	1622	1220	402
368	1635	1222	413
369	1649	1231	418
370	1643	1229	414
371	1667	1234	433
372	1672	1228	444
373	1669	1234	435
374	1665	1227	438
375	1658	1231	427
376	1662	1231	431
377	1689	1230	459
378	1700	1219	481
379	1699	1224	475
380	1696	1226	470
381	1698	1236	462
382	1691	1235	456
383	1685	1240	445
384	1703	1228	475
385	1706	1235	471
386	1697	1227	470
387	1719	1225	494
388	1721	1226	495
389	1733	1232	501
390	1743	1230	513
391	1738	1231	507
392	1744	1227	517
393	1743	1224	519
394	1744	1229	515
395	1762	1238	524
396	1752	1248	504
397	1774	1235	539
398	1784	1231	553
399	1784	1240	544
400	1781	1229	552
401	1770	1231	539
402	1763	1231	532
403	1780	1235	545
404	1780	1229	551
405	1804	1234	570
406	1819	1225	594
407	1840	1219	621
408	1857	1231	626
409	1852	1232	620
410	1869	1223	646
411	1886	1226	660
412	1885	1236	649
413	1890	1233	657
414	1895	1227	668
415	1912	1227	685
416	1909	1231	678
417	1895	1238	657
418	1897	1239	658
419	1898	1235	663
420	1895	1233	662
421	1906	1236	670
422	1899	1231	668
423	1904	1227	677
424	1911	1229	682
425	1913	1229	684
426	1925	1234	691
427	1929	1222	707
428	1909	1219	690
429	1929	1230	699
430	1930	1237	693
431	1960	1230	730
432	1956	1229	727
433	1952	1233	719
434	1946	1227	719
435	1944	1232	712
436	1951	1228	723
437	1956	1228	728
438	1944	1229	715
439	1952	1229	723
440	1944	1224	720
441	1938	1227	711
442	1941	1226	715
443	1945	1238	707
444	1925	1227	698
445	1935	1224	711
446	1946	1233	713
447	1968	1236	732
448	1976	1229	747
449	1962	1228	734
450	1961	1241	720
451	1962	1231	731
452	1956	1229	727
453	1959	1239	720
454	1955	1226	729
455	1958	1222	736
456	1967	1232	735
457	1962	1242	720
458	1955	1236	719
459	1955	1230	725
460	1938	1228	710
461	1943	1227	716
462	1949	1233	716
463	1951	1230	721
464	1956	1233	723
465	1965	1245	720
466	1952	1240	712
467	1947	1233	714
468	1945	1207	738
469	1978	1243	735
470	1955	1226	729
471	1952	1233	719
472	1963	1234	729
473	1953	1237	716
474	1952	1238	714
475	1959	1241	718
476	1959	1239	720
477	1967	1237	730
478	1953	1241	712
479	1971	1246	725
480	1963	1241	722
481	1950	1232	718
482	1949	1234	715
483	1956	1242	714
484	1948	1243	705
485	1954	1229	725
486	1950	1220	730
487	1948	1238	710
488	1963	1237	726
489	1973	1240	733
490	1959	1232	727
491	1950	1234	716
492	1951	1235	716
493	1955	1230	725
494	1950	1244	706
495	1966	1241	725
496	1967	1235	732
497	1961	1230	731
498	1945	1231	714
499	1949	1235	714
500	1940	1236	704
501	1948	1236	712
502	1955	1233	722
503	1950	1229	721
504	1937	1228	709
505	1950	1234	716
506	1935	1234	701
507	1932	1238	694
508	1947	1240	707
509	1966	1232	734
510	1949	1223	726
511	1952	1228	724
512	1959	1227	732
513	1955	1228	727
514	1954	1243	711
515	1971	1249	722
516	1975	1235	740
517	1977	1234	743
518	1974	1230	744
519	1973	1233	740
520	1987	1228	759
521	1993	1223	770
522	1972	1235	737
523	1965	1237	728
524	1971	1235	736
525	1985	1238	747
526	1982	1234	748
527	1983	1223	760
528	1993	1230	763
529	1992	1228	764
530	1997	1235	762
531	2004	1246	758
532	1989	1229	760
533	2005	1223	782
534	2019	1219	800
535	2032	1228	804
536	2034	1235	799
537	2030	1238	792
538	2032	1234	798
539	2059	1234	825
540	2061	1241	820
541	2053	1239	814
542	2057	1231	826
543	2054	1228	826
544	2059	1228	831
545	2066	1234	832
546	2059	1237	822
547	2066	1233	833
548	2068	1228	840
549	2083	1228	855
550	2072	1230	842
551	2061	1237	824
552	2067	1224	843
553	2059	1227	832
554	2063	1234	829
555	2069	1240	829
556	2056	1227	829
557	2070	1220	850
558	2068	1220	848
559	2059	1223	836
560	2062	1224	838
561	2065	1233	832
562	2046	1232	814
563	2050	1227	823
564	2059	1240	819
565	2058	1236	822
566	2063	1229	834
567	2062	1235	827
568	2051	1225	826
569	2062	1233	829
570	2059	1237	822
571	2066	1236	830
572	2060	1231	829
573	2050	1229	821
574	2063	1229	834
575	2085	1236	849
576	2096	1230	866
577	2137	1228	909
578	2137	1227	910
579	2141	1220	921
580	2159	1215	944
581	2169	1231	938
582	2190	1240	950
583	2178	1228	950
584	2180	1223	957
585	2215	1224	991
586	2237	1219	1018
587	2247	1220	1027
588	2236	1224	1012
589	2252	1241	1011
590	2266	1242	1024
591	2281	1240	1041
592	2288	1233	1055
593	2298	1236	1062
594	2313	1231	1082
595	2308	1225	1083
596	2328	1227	1101
597	2340	1224	1116
598	2340	1227	1113
599	2331	1228	1103
600	2328	1232	1096
601	2327	1241	1086
602	2302	1242	1060
603	2308	1233	1075
604	2328	1229	1099
605	2303	1228	1075
606	2294	1216	1078
607	2296	1211	1085
608	2305	1221	1084
609	2310	1228	1082
610	2301	1225	1076
611	2311	1235	1076
612	2328	1236	1092
613	2344	1236	1108
614	2353	1232	1121
615	2360	1239	1121
616	2344	1245	1099
617	2343	1236	1107
618	2358	1228	1130
619	2360	1232	1128
620	2353	1222	1131
621	2371	1225	1146
622	2381	1241	1140
623	2381	1237	1144
624	2366	1238	1128
625	2356	1241	1115
626	2344	1237	1107
627	2350	1238	1112
628	2354	1231	1123
629	2359	1223	1136
630	2344	1223	1121
631	2324	1232	1092
632	2336	1237	1099
633	2354	1233	1121
634	2368	1232	1136
635	2374	1235	1139
636	2385	1241	1144
637	2370	1242	1128
638	2374	1234	1140
639	2382	1222	1160
640	2388	1228	1160
641	2412	1240	1172
642	2424	1237	1187
643	2425	1231	1194
644	2433	1226	1207
645	2440	1227	1213
646	2435	1221	1214
647	2458	1230	1228
648	2472	1239	1233
649	2475	1232	1243
650	2479	1227	1252
651	2500	1224	1276
652	2513	1228	1285
653	2516	1237	1279
654	2518	1240	1278
655	2520	1240	1280
656	2545	1231	1314
657	2572	1227	1345
658	2585	1231	1354
659	2574	1240	1334
660	2581	1227	1354
661	2574	1232	1342
662	2555	1235	1320
663	2561	1243	1318
664	2571	1239	1332
665	2572	1235	1337
666	2561	1225	1336
667	2579	1231	1348
668	2592	1233	1359
669	2587	1229	1358
670	2586	1227	1359
671	2614	1238	1376
672	2620	1235	1385
673	2625	1234	1391
674	2628	1236	1392
675	2629	1236	1393
676	2616	1232	1384
677	2622	1225	1397
678	2609	1224	1385
679	2613	1234	1379
680	2587	1234	1353
681	2602	1238	1364
682	2591	1237	1354
683	2589	1242	1347
684	2580	1227	1353
685	2603	1234	1369
686	2612	1233	1379
687	2616	1236	1380
688	2612	1231	1381
689	2614	1221	1393
690	2624	1215	1409
691	2635	1229	1406
692	2620	1234	1386
693	2628	1237	1391
694	2631	1240	1391
695	2635	1237	1398
696	2659	1229	1430
697	2664	1225	1439
698	2635	1232	1403
699	2635	1230	1405
700	2657	1227	1430
701	2644	1228	1416
702	2635	1226	1409
703	2657	1227	1430
704	2674	1231	1443
705	2674	1234	1440
706	2690	1234	1456
707	2715	1241	1474
708	2717	1238	1479
709	2717	1230	1487
710	2693	1231	1462
711	2701	1233	1468
712	2703	1233	1470
713	2714	1240	1474
714	2733	1240	1493
715	2737	1239	1498
716	2721	1234	1487
717	2715	1237	1478
718	2692	1215	1477
719	2716	1236	1480
720	2725	1223	1502
721	2712	1229	1483
722	2714	1232	1482
723	2738	1232	1506
724	2715	1236	1479
725	2725	1236	1489
726	2742	1225	1517
727	2732	1234	1498
728	2725	1235	1490
729	2751	1233	1518
730	2743	1231	1512
731	2749	1235	1514
732	2766	1232	1534
733	2763	1235	1528
734	2775	1234	1541
735	2802	1234	1568
736	2805	1230	1575
737	2846	1236	1610
738	2863	1233	1630
739	2854	1227	1627
740	2893	1232	1661
741	2929	1235	1694
742	2941	1233	1708
743	2984	1229	1755
744	3025	1232	1793
745	3079	1233	1846
746	3127	1239	1888
747	3167	1238	1929
748	3294	1233	2061
749	3533	1231	2302
750	3729	1224	2505
751	3891	1233	2658
752	4008	1233	2775
753	4021	1243	2778
754	3994	1241	2753
755	3971	1233	2738
756	3933	1237	2696
757	3932	1239	2693
758	3910	1238	2672
759	3810	1232	2578
760	3591	1230	2361
761	3353	1230	2123
762	3208	1222	1986
763	3136	1223	1913
764	3071	1226	1845
765	3062	1234	1828
766	3023	1226	1797
767	2967	1231	1736
768	2921	1222	1699
769	2917	1230	1687
770	2911	1231	1680
771	2896	1232	1664
772	2860	1232	1628
773	2828	1235	1593
774	2798	1234	1564
775	2803	1235	1568
776	2796	1229	1567
777	2803	1235	1568
778	2778	1235	1543
779	2756	1238	1518
780	2753	1236	1517
781	2766	1238	1528
782	2753	1235	1518
783	2748	1244	1504
784	2738	1238	1500
785	2725	1232	1493
786	2712	1233	1479
787	2690	1239	1451
788	2674	1229	1445
789	2669	1229	1440
790	2663	1230	1433
791	2665	1223	1442
792	2632	1219	1413
793	2627	1229	1398
794	2604	1238	1366
795	2614	1235	1379
796	2601	1237	1364
797	2592	1234	1358
798	2578	1235	1343
799	2580	1239	1341
800	2575	1241	1334
801	2565	1250	1315
802	2553	1236	1317
803	2524	1224	1300
804	2514	1224	1290
805	2525	1223	1302
806	2520	1231	1289
807	2523	1235	1288
808	2512	1235	1277
809	2505	1229	1276
810	2486	1227	1259
811	2513	1228	1285
812	2514	1229	1285
813	2485	1241	1244
814	2473	1238	1235
815	2472	1242	1230
816	2474	1243	1231
817	2474	1236	1238
818	2464	1225	1239
819	2430	1232	1198
820	2360	1230	1130
821	2401	1240	1161
822	2443	1225	1218
823	2420	1225	1195
824	2406	1226	1180
825	2408	1221	1187
826	2373	1222	1151
827	2369	1231	1138
828	2376	1241	1135
829	2405	1240	1165
830	2404	1245	1159
831	2396	1249	1147
832	2413	1227	1186
833	2416	1233	1183
834	2416	1231	1185
835	2416	1231	1185
836	2405	1238	1167
837	2411	1232	1179
838	2413	1242	1171
839	2401	1243	1158
840	2377	1237	1140
841	2364	1237	1127
842	2349	1235	1114
843	2337	1231	1106
844	2322	1235	1087
845	2337	1234	1103
846	2330	1231	1099
847	2342	1230	1112
848	2363	1236	1127
849	2383	1226	1157
850	2362	1225	1137
851	2379	1226	1153
852	2391	1226	1165
853	2380	1231	1149
854	2350	1225	1125
855	2370	1231	1139
856	2364	1231	1133
857	2364	1234	1130
858	2369	1226	1143
859	2383	1213	1170
860	2388	1219	1169
861	2384	1222	1162
862	2367	1224	1143
863	2370	1234	1136
864	2375	1229	1146
865	2383	1230	1153
866	2373	1237	1136
867	2378	1232	1146
868	2404	1225	1179
869	2424	1236	1188
870	2413	1241	1172
871	2411	1234	1177
872	2418	1238	1180
873	2416	1231	1185
874	2403	1226	1177
875	2401	1233	1168
876	2438	1229	1209
877	2464	1225	1239
878	2475	1232	1243
879	2474	1230	1244
880	2462	1217	1245
881	2434	1227	1207
882	2450	1226	1224
883	2482	1228	1254
884	2499	1227	1272
885	2490	1237	1253
886	2493	1233	1260
887	2500	1233	1267
888	2487	1234	1253
889	2482	1236	1246
890	2479	1236	1243
891	2484	1221	1263
892	2497	1222	1275
893	2496	1230	1266
894	2482	1231	1251
895	2462	1245	1217
896	2458	1245	1213
897	2455	1233	1222
898	2436	1235	1201
899	2472	1241	1231
900	2480	1225	1255
901	2469	1226	1243
902	2468	1230	1238
903	2480	1232	1248
904	2478	1217	1261
905	2484	1228	1256
906	2481	1226	1255
907	2482	1227	1255
908	2471	1231	1240
909	2479	1234	1245
910	2483	1232	1251
911	2479	1230	1249
912	2469	1233	1236
913	2468	1235	1233
914	2472	1230	1242
915	2463	1231	1232
916	2463	1219	1244
917	2464	1225	1239
918	2452	1232	1220
919	2471	1229	1242
920	2491	1222	1269
921	2522	1234	1288
922	2533	1236	1297
923	2526	1238	1288
924	2530	1228	1302
925	2547	1229	1318
926	2565	1235	1330
927	2581	1244	1337
928	2563	1232	1331
929	2564	1224	1340
930	2585	1232	1353
931	2560	1234	1326
932	2554	1231	1323
933	2552	1231	1321
934	2567	1229	1338
935	2568	1231	1337
936	2564	1234	1330
937	2557	1227	1330
938	2545	1223	1322
939	2538	1238	1300
940	2531	1236	1295
941	2532	1225	1307
942	2527	1228	1299
943	2521	1237	1284
944	2508	1235	1273
945	2514	1241	1273
946	2533	1233	1300
947	2511	1236	1275
948	2502	1245	1257
949	2500	1239	1261
950	2503	1236	1267
951	2518	1242	1276
952	2504	1238	1266
953	2504	1240	1264
954	2485	1238	1247
955	2489	1238	1251
956	2479	1228	1251
957	2464	1234	1230
958	2452	1237	1215
959	2460	1237	1223
960	2459	1233	1226
961	2459	1239	1220
962	2466	1232	1234
963	2445	1233	1212
964	2425	1232	1193
965	2423	1220	1203
966	2427	1221	1206
967	2440	1232	1208
968	2421	1212	1209
969	2436	1248	1188
970	2408	1237	1171
971	2388	1240	1148
972	2385	1228	1157
973	2387	1224	1163
974	2401	1227	1174
975	2416	1240	1176
976	2403	1240	1163
977	2380	1240	1140
978	2355	1245	1110
979	2355	1244	1111
980	2363	1231	1132
981	2365	1238	1127
982	2369	1230	1139
983	2371	1233	1138
984	2363	1237	1126
985	2362	1237	1125
986	2362	1241	1121
987	2371	1244	1127
988	2369	1234	1135
989	2385	1234	1151
990	2381	1234	1147
991	2362	1235	1127
992	2367	1227	1140
993	2380	1223	1157
994	2365	1223	1142
995	2361	1230	1131
996	2345	1230	1115
997	2345	1233	1112
998	2336	1237	1099
999	2340	1226	1114
1000	2349	1226	1123
1001	2347	1223	1124
1002	2328	1228	1100
1003	2337	1241	1096
1004	2352	1233	1119
1005	2348	1238	1110
1006	2345	1237	1108
1007	2335	1237	1098
1008	2343	1241	1102
1009	2367	1231	1136
1010	2365	1231	1134
1011	2352	1233	1119
1012	2351	1232	1119
1013	2357	1228	1129
1014	2361	1222	1139
1015	2366	1232	1134
1016	2358	1233	1125
1017	2348	1233	1115
1018	2347	1236	1111
1019	2359	1233	1126
1020	2358	1231	1127
1021	2351	1232	1119
1022	2352	1227	1125
1023	2348	1231	1117
1024	2323	1231	1092
1025	2338	1230	1108
1026	2340	1232	1108
1027	2332	1232	1100
1028	2358	1229	1129
1029	2351	1229	1122
1030	2343	1228	1115
1031	2365	1234	1131
1032	2367	1230	1137
1033	2368	1228	1140
1034	2356	1237	1119
1035	2349	1236	1113
1036	2334	1227	1107
1037	2341	1232	1109
1038	2347	1226	1121
1039	2358	1236	1122
1040	2353	1236	1117
1041	2349	1225	1124
1042	2372	1220	1152
1043	2389	1224	1165
1044	2380	1225	1155
1045	2386	1224	1162
1046	2403	1226	1177
1047	2404	1225	1179
1048	2382	1225	1157
1049	2399	1231	1168
1050	2398	1220	1178
1051	2396	1225	1171
1052	2395	1230	1165
1053	2404	1235	1169
1054	2412	1228	1184
1055	2402	1228	1174
1056	2396	1230	1166
1057	2429	1224	1205
1058	2416	1228	1188
1059	2415	1231	1184
1060	2419	1226	1193
1061	2418	1234	1184
1062	2413	1244	1169
1063	2405	1235	1170
1064	2409	1230	1179
1065	2437	1231	1206
1066	2432	1229	1203
1067	2430	1227	1203
1068	2430	1223	1207
1069	2437	1228	1209
1070	2441	1229	1212
1071	2457	1226	1231
1072	2439	1226	1213
1073	2441	1234	1207
1074	2444	1231	1213
1075	2448	1236	1212
1076	2453	1229	1224
1077	2440	1228	1212
1078	2432	1236	1196
1079	2433	1236	1197
1080	2423	1231	1192
1081	2451	1242	1209
1082	2434	1236	1198
1083	2441	1230	1211
1084	2447	1231	1216
1085	2455	1233	1222
1086	2457	1231	1226
1087	2465	1220	1245
1088	2464	1226	1238
1089	2450	1235	1215
1090	2431	1232	1199
1091	2436	1234	1202
1092	2438	1229	1209
1093	2412	1229	1183
1094	2396	1228	1168
1095	2398	1234	1164
1096	2392	1233	1159
1097	2400	1228	1172
1098	2402	1234	1168
1099	2410	1235	1175
1100	2394	1234	1160
1101	2405	1227	1178
1102	2400	1229	1171
1103	2406	1230	1176
1104	2387	1228	1159
1105	2379	1222	1157
1106	2395	1232	1163
1107	2391	1232	1159
1108	2395	1222	1173
1109	2399	1232	1167
1110	2368	1229	1139
1111	2378	1218	1160
1112	2388	1227	1161
1113	2382	1236	1146
1114	2378	1236	1142
1115	2386	1235	1151
1116	2391	1234	1157
1117	2395	1238	1157
1118	2384	1237	1147
1119	2405	1240	1165
1120	2424	1234	1190
1121	2421	1222	1199
1122	2403	1225	1178
1123	2402	1238	1164
1124	2397	1242	1155
1125	2390	1228	1162
1126	2388	1225	1163
1127	2366	1232	1134
1128	2382	1234	1148
1129	2388	1240	1148
1130	2350	1232	1118
1131	2350	1230	1120
1132	2331	1227	1104
1133	2327	1233	1094
1134	2346	1223	1123
1135	2352	1232	1120
1136	2329	1240	1089
1137	2340	1231	1109
1138	2346	1219	1127
1139	2325	1233	1092
1140	2318	1238	1080
1141	2321	1235	1086
1142	2305	1229	1076
1143	2286	1230	1056
1144	2289	1232	1057
1145	2274	1228	1046
1146	2250	1218	1032
1147	2260	1221	1039
1148	2249	1224	1025
1149	2249	1231	1018
1150	2256	1232	1024
1151	2246	1233	1013
1152	2237	1244	993
1153	2229	1244	985
1154	2220	1229	991
1155	2219	1226	993
1156	2222	1228	994
1157	2235	1230	1005
1158	2243	1224	1019
1159	2249	1232	1017
1160	2246	1230	1016
1161	2235	1229	1006
1162	2232	1222	1010
1163	2240	1233	1007
1164	2247	1238	1009
1165	2244	1238	1006
1166	2234	1228	1006
1167	2228	1227	1001
1168	2217	1233	984
1169	2223	1233	990
1170	2213	1226	987
1171	2213	1222	991
1172	2216	1233	983
1173	2219	1229	990
1174	2199	1219	980
1175	2202	1236	966
1176	2197	1230	967
1177	2212	1229	983
1178	2206	1227	979
1179	2208	1230	978
1180	2191	1232	959
1181	2194	1229	965
1182	2202	1227	975
1183	2203	1234	969
1184	2202	1232	970
1185	2213	1231	982
1186	2219	1244	975
1187	2231	1246	985
1188	2225	1236	989
1189	2225	1239	986
1190	2232	1228	1004
1191	2235	1227	1008
1192	2224	1230	994
1193	2223	1241	982
1194	2223	1243	980
1195	2226	1225	1001
1196	2239	1234	1005
1197	2240	1241	999
1198	2226	1237	989
1199	2237	1242	995
1200	2231	1246	985
1201	2227	1240	987
1202	2227	1243	984
1203	2245	1240	1005
1204	2224	1225	999
1205	2252	1237	1015
1206	2256	1236	1020
1207	2255	1237	1018
1208	2250	1226	1024
1209	2246	1231	1015
1210	2248	1232	1016
1211	2246	1232	1014
1212	2234	1224	1010
1213	2240	1226	1014
1214	2229	1234	995
1215	2241	1233	1008
1216	2235	1227	1008
1217	2237	1235	1002
1218	2222	1211	1011
1219	2244	1241	1003
1220	2218	1238	980
1221	2207	1235	972
1222	2223	1232	991
1223	2225	1237	988
1224	2227	1228	999
1225	2256	1238	1018
1226	2270	1232	1038
1227	2286	1225	1061
1228	2275	1217	1058
1229	2288	1223	1065
1230	2318	1226	1092
1231	2314	1237	1077
1232	2299	1237	1062
1233	2314	1234	1080
1234	2320	1241	1079
1235	2330	1239	1091
1236	2329	1236	1093
1237	2341	1244	1097
1238	2354	1237	1117
1239	2359	1232	1127
1240	2337	1228	1109
1241	2326	1232	1094
1242	2330	1228	1102
1243	2337	1232	1105
1244	2327	1224	1103
1245	2317	1228	1089
1246	2303	1234	1069
1247	2309	1230	1079
1248	2307	1223	1084
1249	2307	1228	1079
1250	2316	1238	1078
1251	2293	1240	1053
1252	2298	1240	1058
1253	2310	1236	1074
1254	2321	1231	1090
1255	2314	1231	1083
1256	2314	1238	1076
1257	2316	1233	1083
1258	2294	1224	1070
1259	2302	1237	1065
1260	2309	1235	1074
1261	2312	1230	1082
1262	2311	1226	1085
1263	2325	1233	1092
1264	2331	1243	1088
1265	2336	1242	1094
1266	2334	1229	1105
1267	2328	1228	1100
1268	2326	1229	1097
1269	2348	1230	1118
1270	2361	1233	1128
1271	2367	1226	1141
1272	2362	1226	1136
1273	2379	1227	1152
1274	2355	1224	1131
1275	2357	1217	1140
1276	2364	1223	1141
1277	2366	1239	1127
1278	2347	1233	1114
1279	2349	1234	1115
1280	2349	1239	1110
1281	2356	1230	1126
1282	2348	1231	1117
1283	2364	1244	1120
1284	2345	1232	1113
1285	2351	1229	1122
1286	2343	1236	1107
1287	2337	1228	1109
1288	2334	1226	1108
1289	2343	1231	1112
1290	2329	1232	1097
1291	2334	1239	1095
1292	2342	1240	1102
1293	2339	1237	1102
1294	2333	1234	1099
1295	2338	1232	1106
1296	2342	1239	1103
1297	2352	1231	1121
1298	2347	1223	1124
1299	2345	1213	1132
1300	2351	1218	1133
1301	2342	1228	1114
1302	2321	1238	1083
1303	2315	1236	1079
1304	2308	1227	1081
1305	2316	1235	1081
1306	2316	1229	1087
1307	2292	1221	1071
1308	2288	1223	1065
1309	2293	1230	1063
1310	2272	1234	1038
1311	2257	1231	1026
1312	2264	1233	1031
1313	2292	1225	1067
1314	2285	1230	1055
1315	2264	1234	1030
1316	2247	1225	1022
1317	2238	1221	1017
1318	2253	1229	1024
1319	2261	1241	1020
1320	2256	1237	1019
1321	2255	1236	1019
1322	2253	1223	1030
1323	2255	1225	1030
1324	2269	1221	1048
1325	2268	1233	1035
1326	2259	1240	1019
1327	2263	1232	1031
1328	2272	1223	1049
1329	2308	1233	1075
1330	2313	1225	1088
1331	2313	1230	1083
1332	2319	1237	1082
1333	2322	1234	1088
1334	2333	1237	1096
1335	2338	1237	1101
1336	2331	1235	1096
1337	2334	1244	1090
1338	2336	1233	1103
1339	2334	1223	1111
1340	2319	1234	1085
1341	2338	1233	1105
1342	2324	1225	1099
1343	2326	1220	1106
1344	2324	1223	1101
1345	2316	1225	1091
1346	2317	1226	1091
1347	2309	1223	1086
1348	2311	1223	1088
1349	2298	1228	1070
1350	2303	1230	1073
1351	2318	1233	1085
1352	2321	1235	1086
1353	2326	1229	1097
1354	2331	1226	1105
1355	2316	1226	1090
1356	2329	1229	1100
1357	2323	1234	1089
1358	2332	1230	1102
1359	2347	1230	1117
1360	2351	1220	1131
1361	2357	1231	1126
1362	2350	1235	1115
1363	2340	1226	1114
1364	2353	1228	1125
1365	2373	1244	1129
1366	2355	1238	1117
1367	2391	1239	1152
1368	2388	1225	1163
1369	2364	1226	1138
1370	2382	1226	1156
1371	2412	1224	1188
1372	2394	1232	1162
1373	2375	1233	1142
1374	2385	1223	1162
1375	2405	1224	1181
1376	2422	1224	1198
1377	2437	1220	1217
1378	2430	1224	1206
1379	2429	1235	1194
1380	2436	1219	1217
1381	2462	1220	1242
1382	2485	1226	1259
1383	2518	1231	1287
1384	2542	1233	1309
1385	2579	1241	1338
1386	2605	1229	1376
1387	2640	1223	1417
1388	2641	1234	1407
1389	2670	1229	1441
1390	2714	1224	1490
1391	2732	1234	1498
1392	2750	1236	1514
1393	2771	1231	1540
1394	2812	1237	1575
1395	2870	1246	1624
1396	2899	1242	1657
1397	2927	1238	1689
1398	2967	1242	1725
1399	2993	1236	1757
1400	3013	1217	1796
1401	3066	1223	1843
1402	3139	1230	1909
1403	3180	1230	1950
1404	3230	1233	1997
1405	3271	1242	2029
1406	3301	1233	2068
1407	3332	1236	2096
1408	3400	1243	2157
1409	3440	1250	2190
1410	3468	1238	2230
1411	3518	1233	2285
1412	3555	1222	2333
1413	3583	1236	2347
1414	3599	1243	2356
1415	3618	1241	2377
1416	3649	1231	2418
1417	3691	1231	2460
1418	3730	1237	2493
1419	3761	1237	2524
1420	3766	1226	2540
1421	3841	1224	2617
1422	3867	1232	2635
1423	3882	1243	2639
1424	3910	1242	2668
1425	3910	1236	2674
1426	3892	1243	2649
1427	3921	1243	2678
1428	3922	1234	2688
1429	3929	1232	2697
1430	3949	1228	2721
1431	3989	1237	2752
1432	4011	1227	2784
1433	4045	1225	2820
1434	4100	1229	2871
1435	4145	1230	2915
1436	4159	1236	2923
1437	4225	1235	2990
1438	4276	1227	3049
1439	4345	1226	3119
1440	4413	1230	3183
1441	4474	1226	3248
1442	4491	1222	3269
1443	4509	1229	3280
1444	4515	1236	3279
1445	4521	1241	3280
1446	4526	1236	3290
1447	4580	1225	3355
1448	4565	1219	3346
1449	4565	1224	3341
1450	4552	1230	3322
1451	4564	1228	3336
1452	4544	1232	3312
1453	4537	1236	3301
1454	4556	1228	3328
1455	4554	1238	3316
1456	4582	1246	3336
1457	4632	1240	3392
1458	4664	1225	3439
1459	4679	1227	3452
1460	4704	1229	3475
1461	4787	1237	3550
1462	4849	1232	3617
1463	4885	1226	3659
1464	4916	1221	3695
1465	4968	1231	3737
1466	4987	1226	3761
1467	5038	1232	3806
1468	5093	1228	3865
1469	5185	1243	3942
1470	5217	1229	3988
1471	5258	1239	4019
1472	5265	1242	4023
1473	5265	1239	4026
1474	5287	1227	4060
1475	5254	1227	4027
1476	5199	1222	3977
1477	5174	1227	3947
1478	5115	1231	3884
1479	5030	1236	3794
1480	4985	1232	3753
1481	4957	1229	3728
1482	4935	1228	3707
1483	4948	1234	3714
1484	4953	1234	3719
1485	4975	1233	3742
1486	5014	1237	3777
1487	5054	1241	3813
1488	5110	1228	3882
1489	5187	1226	3961
1490	5255	1225	4030
1491	5269	1227	4042
1492	5276	1224	4052
1493	5329	1227	4102
1494	5367	1228	4139
1495	5453	1230	4223
1496	5515	1224	4291
1497	5601	1235	4366
1498	5673	1235	4438
1499	5710	1240	4470
1500	5787	1235	4552
1501	5841	1236	4605
1502	5886	1238	4648
1503	5891	1235	4656
1504	5883	1237	4646
1505	5867	1227	4640
1506	5790	1222	4568
1507	5656	1228	4428
1508	5488	1229	4259
1509	5326	1236	4090
1510	5216	1244	3972
1511	5090	1238	3852
1512	4967	1237	3730
1513	4843	1228	3615
1514	4731	1226	3505
1515	4656	1235	3421
1516	4622	1234	3388
1517	4582	1239	3343
1518	4562	1228	3334
1519	4535	1223	3312
1520	4521	1223	3298
1521	4560	1231	3329
1522	4600	1248	3352
1523	4622	1250	3372
1524	4662	1242	3420
1525	4733	1240	3493
1526	4749	1240	3509
1527	4763	1234	3529
1528	4752	1239	3513
1529	4779	1239	3540
1530	4788	1239	3549
1531	4785	1240	3545
1532	4787	1231	3556
1533	4771	1235	3536
1534	4766	1231	3535
1535	4709	1238	3471
1536	4624	1232	3392
1537	4551	1237	3314
1538	4507	1241	3266
1539	4473	1229	3244
1540	4418	1229	3189
1541	4391	1224	3167
1542	4357	1223	3134
1543	4333	1230	3103
1544	4303	1232	3071
1545	4317	1243	3074
1546	4313	1245	3068
1547	4340	1228	3112
1548	4343	1232	3111
1549	4317	1224	3093
1550	4309	1230	3079
1551	4304	1232	3072
1552	4273	1230	3043
1553	4239	1235	3004
1554	4190	1239	2951
1555	4152	1236	2916
1556	4107	1235	2872
1557	4051	1235	2816
1558	3975	1221	2754
1559	3908	1227	2681
1560	3834	1237	2597
1561	3796	1247	2549
1562	3740	1237	2503
1563	3709	1239	2470
1564	3672	1240	2432
1565	3621	1236	2385
1566	3569	1225	2344
1567	3525	1229	2296
1568	3521	1243	2278
1569	3496	1240	2256
1570	3486	1232	2254
1571	3499	1232	2267
1572	3476	1226	2250
1573	3439	1233	2206
1574	3420	1238	2182
1575	3414	1237	2177
1576	3427	1228	2199
1577	3434	1234	2200
1578	3427	1239	2188
1579	3441	1235	2206
1580	3436	1235	2201
1581	3438	1245	2193
1582	3437	1231	2206
1583	3462	1227	2235
1584	3487	1231	2256
1585	3512	1233	2279
1586	3543	1223	2320
1587	3611	1233	2378
1588	3662	1229	2433
1589	3682	1222	2460
1590	3703	1230	2473
1591	3737	1230	2507
1592	3772	1227	2545
1593	3786	1229	2557
1594	3839	1230	2609
1595	3889	1232	2657
1596	3845	1231	2614
1597	3822	1237	2585
1598	3785	1243	2542
1599	3754	1230	2524
1600	3716	1224	2492
1601	3684	1238	2446
1602	3642	1241	2401
1603	3623	1226	2397
1604	3638	1233	2405
1605	3632	1240	2392
1606	3605	1240	2365
1607	3607	1251	2356
1608	3612	1240	2372
1609	3596	1227	2369
1610	3603	1233	2370
1611	3590	1238	2352
1612	3602	1220	2382
1613	3605	1233	2372
1614	3549	1236	2313
1615	3499	1226	2273
1616	3469	1228	2241
1617	3420	1231	2189
1618	3407	1223	2184
1619	3406	1234	2172
1620	3350	1233	2117
1621	3317	1232	2085
1622	3299	1239	2060
1623	3294	1231	2063
1624	3297	1232	2065
1625	3302	1230	2072
1626	3306	1233	2073
1627	3320	1227	2093
1628	3318	1225	2093
1629	3332	1233	2099
1630	3338	1229	2109
1631	3315	1229	2086
1632	3334	1231	2103
1633	3378	1236	2142
1634	3377	1229	2148
1635	3390	1225	2165
1636	3410	1228	2182
1637	3439	1229	2210
1638	3467	1226	2241
1639	3479	1239	2240
1640	3479	1227	2252
1641	3507	1228	2279
1642	3518	1238	2280
1643	3529	1237	2292
1644	3550	1230	2320
1645	3537	1232	2305
1646	3534	1226	2308
1647	3519	1231	2288
1648	3503	1228	2275
1649	3493	1231	2262
1650	3473	1223	2250
1651	3499	1227	2272
1652	3509	1235	2274
1653	3500	1231	2269
1654	3505	1229	2276
1655	3497	1234	2263
1656	3519	1233	2286
1657	3497	1228	2269
1658	3523	1228	2295
1659	3535	1234	2301
1660	3515	1230	2285
1661	3517	1234	2283
1662	3531	1233	2298
1663	3516	1234	2282
1664	3498	1231	2267
1665	3505	1227	2278
1666	3468	1233	2235
1667	3472	1242	2230
1668	3498	1235	2263
1669	3515	1228	2287
1670	3536	1230	2306
1671	3550	1243	2307
1672	3552	1236	2316
1673	3564	1231	2333
1674	3562	1232	2330
1675	3583	1229	2354
1676	3584	1229	2355
1677	3553	1237	2316
1678	3528	1232	2296
1679	3528	1234	2294
1680	3497	1231	2266
1681	3497	1230	2267
1682	3473	1233	2240
1683	3460	1227	2233
1684	3446	1226	2220
1685	3397	1238	2159
1686	3362	1236	2126
1687	3350	1235	2115
1688	3358	1225	2133
1689	3356	1223	2133
1690	3358	1221	2137
1691	3369	1231	2138
1692	3360	1239	2121
1693	3381	1235	2146
1694	3384	1233	2151
1695	3370	1239	2131
1696	3378	1230	2148
1697	3368	1225	2143
1698	3354	1230	2124
1699	3357	1237	2120
1700	3337	1230	2107
1701	3326	1239	2087
1702	3307	1229	2078
1703	3291	1228	2063
1704	3274	1235	2039
1705	3260	1245	2015
1706	3269	1233	2036
1707	3251	1230	2021
1708	3248	1231	2017
1709	3262	1236	2026
1710	3222	1236	1986
1711	3205	1229	1976
1712	3207	1235	1972
1713	3214	1242	1972
1714	3226	1231	1995
1715	3231	1227	2004
1716	3208	1226	1982
1717	3189	1219	1970
1718	3173	1199	1974
1719	3187	1240	1947
1720	3146	1232	1914
1721	3164	1239	1925
1722	3159	1236	1923
1723	3132	1229	1903
1724	3115	1228	1887
1725	3141	1234	1907
1726	3174	1226	1948
1727	3179	1228	1951
1728	3178	1234	1944
1729	3179	1242	1937
1730	3190	1235	1955
1731	3177	1224	1953
1732	3164	1237	1927
1733	3173	1239	1934
1734	3174	1234	1940
1735	3148	1236	1912
1736	3130	1229	1901
1737	3141	1238	1903
1738	3129	1233	1896
1739	3103	1238	1865
1740	3103	1240	1863
1741	3105	1236	1869
1742	3081	1225	1856
1743	3075	1235	1840
1744	3064	1237	1827
1745	3070	1236	1834
1746	3085	1241	1844
1747	3067	1238	1829
1748	3059	1235	1824
1749	3061	1238	1823
1750	3043	1239	1804
1751	3036	1239	1797
1752	3043	1232	1811
1753	3017	1236	1781
1754	3002	1231	1771
1755	3017	1230	1787
1756	3045	1221	1824
1757	3046	1233	1813
1758	3018	1234	1784
1759	3019	1234	1785
1760	3008	1233	1775
1761	2996	1231	1765
1762	2991	1228	1763
1763	2998	1224	1774
1764	2983	1233	1750
1765	2953	1243	1710
1766	2940	1244	1696
1767	2942	1235	1707
1768	2940	1228	1712
1769	2930	1230	1700
1770	2918	1225	1693
1771	2926	1232	1694
1772	2911	1240	1671
1773	2906	1230	1676
1774	2897	1222	1675
1775	2884	1228	1656
1776	2874	1235	1639
1777	2861	1241	1620
1778	2811	1237	1574
1779	2808	1230	1578
1780	2784	1232	1552
1781	2762	1229	1533
1782	2752	1234	1518
1783	2741	1238	1503
1784	2749	1238	1511
1785	2758	1235	1523
1786	2743	1226	1517
1787	2713	1229	1484
1788	2725	1234	1491
1789	2725	1231	1494
1790	2728	1233	1495
1791	2706	1236	1470
1792	2685	1233	1452
1793	2712	1239	1473
1794	2688	1230	1458
1795	2673	1227	1446
1796	2673	1232	1441
1797	2670	1232	1438
1798	2655	1231	1424
1799	2631	1227	1404
1800	2616	1237	1379
1801	2609	1243	1366
1802	2592	1239	1353
1803	2602	1236	1366
1804	2591	1233	1358
1805	2601	1231	1370
1806	2611	1222	1389
1807	2633	1230	1403
1808	2612	1229	1383
1809	2609	1242	1367
1810	2602	1233	1369
1811	2597	1229	1368
1812	2591	1225	1366
1813	2574	1218	1356
1814	2571	1234	1337
1815	2563	1236	1327
1816	2529	1229	1300
1817	2536	1241	1295
1818	2550	1241	1309
1819	2545	1238	1307
1820	2527	1235	1292
1821	2527	1227	1300
1822	2532	1227	1305
1823	2541	1231	1310
1824	2528	1226	1302
1825	2544	1230	1314
1826	2568	1227	1341
1827	2576	1222	1354
1828	2574	1219	1355
1829	2583	1233	1350
1830	2588	1233	1355
1831	2596	1229	1367
1832	2597	1226	1371
1833	2595	1231	1364
1834	2601	1241	1360
1835	2607	1239	1368
1836	2590	1231	1359
1837	2579	1234	1345
1838	2574	1226	1348
1839	2583	1228	1355
1840	2593	1229	1364
1841	2591	1232	1359
1842	2564	1226	1338
1843	2552	1234	1318
1844	2567	1235	1332
1845	2547	1235	1312
1846	2533	1241	1292
1847	2534	1237	1297
1848	2530	1228	1302
1849	2510	1237	1273
1850	2511	1238	1273
1851	2513	1243	1270
1852	2502	1239	1263
1853	2479	1237	1242
1854	2452	1238	1214
1855	2455	1224	1231
1856	2446	1225	1221
1857	2443	1225	1218
1858	2415	1230	1185
1859	2412	1234	1178
1860	2414	1228	1186
1861	2405	1230	1175
1862	2381	1221	1160
1863	2381	1231	1150
1864	2394	1231	1163
1865	2404	1234	1170
1866	2414	1246	1168
1867	2415	1242	1173
1868	2415	1228	1187
1869	2406	1236	1170
1870	2400	1230	1170
1871	2412	1225	1187
1872	2397	1228	1169
1873	2381	1223	1158
1874	2383	1220	1163
1875	2373	1234	1139
1876	2373	1230	1143
1877	2360	1230	1130
1878	2368	1232	1136
1879	2373	1231	1142
1880	2361	1233	1128
1881	2361	1228	1133
1882	2380	1224	1156
1883	2375	1223	1152
1884	2364	1221	1143
1885	2378	1225	1153
1886	2359	1228	1131
1887	2361	1233	1128
1888	2354	1234	1120
1889	2348	1240	1108
1890	2328	1224	1104
1891	2345	1227	1118
1892	2333	1231	1102
1893	2309	1236	1073
1894	2297	1234	1063
1895	2311	1232	1079
1896	2313	1229	1084
1897	2311	1233	1078
1898	2300	1227	1073
1899	2321	1232	1089
1900	2333	1233	1100
1901	2302	1229	1073
1902	2284	1231	1053
1903	2299	1240	1059
1904	2289	1231	1058
1905	2275	1240	1035
1906	2273	1239	1034
1907	2271	1233	1038
1908	2284	1231	1053
1909	2268	1227	1041
1910	2255	1224	1031
1911	2259	1234	1025
1912	2262	1229	1033
1913	2258	1228	1030
1914	2226	1232	994
1915	2242	1232	1010
1916	2244	1232	1012
1917	2247	1233	1014
1918	2259	1238	1021
1919	2248	1224	1024
1920	2257	1224	1033
1921	2254	1234	1020
1922	2247	1233	1014
1923	2271	1241	1030
1924	2282	1232	1050
1925	2260	1234	1026
1926	2251	1226	1025
1927	2268	1224	1044
1928	2294	1224	1070
1929	2291	1226	1065
1930	2275	1225	1050
1931	2286	1229	1057
1932	2280	1224	1056
1933	2281	1232	1049
1934	2283	1235	1048
1935	2301	1229	1072
1936	2306	1230	1076
1937	2314	1227	1087
1938	2322	1230	1092
1939	2323	1235	1088
1940	2340	1232	1108
1941	2343	1233	1110
1942	2326	1233	1093
1943	2344	1238	1106
1944	2350	1229	1121
1945	2345	1231	1114
1946	2335	1229	1106
1947	2330	1227	1103
1948	2317	1222	1095
1949	2317	1227	1090
1950	2311	1229	1082
1951	2294	1229	1065
1952	2300	1235	1065
1953	2295	1230	1065
1954	2306	1232	1074
1955	2313	1224	1089
1956	2301	1221	1080
1957	2309	1222	1087
1958	2307	1232	1075
1959	2319	1231	1088
1960	2312	1226	1086
1961	2314	1230	1084
1962	2319	1222	1097
1963	2320	1227	1093
1964	2302	1232	1070
1965	2299	1236	1063
1966	2290	1233	1057
1967	2288	1229	1059
1968	2261	1210	1051
1969	2286	1246	1040
1970	2258	1234	1024
1971	2252	1228	1024
1972	2246	1230	1016
1973	2244	1219	1025
1974	2246	1224	1022
1975	2251	1235	1016
1976	2226	1232	994
1977	2230	1239	991
1978	2236	1227	1009
1979	2226	1226	1000
1980	2203	1231	972
1981	2210	1237	973
1982	2201	1228	973
1983	2203	1222	981
1984	2206	1233	973
1985	2198	1236	962
1986	2183	1225	958
1987	2181	1227	954
1988	2185	1232	953
1989	2190	1235	955
1990	2181	1228	953
1991	2187	1239	948
1992	2176	1236	940
1993	2188	1235	953
1994	2187	1225	962
1995	2180	1225	955
1996	2174	1230	944
1997	2182	1231	951
1998	2182	1229	953
1999	2180	1232	948
2000	2178	1235	943
2001	2182	1237	945
2002	2182	1230	952
2003	2179	1237	942
2004	2171	1231	940
2005	2177	1233	944
2006	2174	1234	940
2007	2173	1236	937
2008	2147	1239	908
2009	2152	1236	916
2010	2146	1237	909
2011	2137	1237	900
2012	2137	1227	910
2013	2151	1218	933
2014	2149	1215	934
2015	2143	1222	921
2016	2127	1235	892
2017	2146	1238	908
2018	2143	1234	909
2019	2137	1230	907
2020	2141	1230	911
2021	2141	1234	907
2022	2137	1223	914
2023	2127	1229	898
2024	2120	1234	886
2025	2132	1234	898
2026	2129	1228	901
2027	2125	1242	883
2028	2122	1243	879
2029	2133	1237	896
2030	2133	1230	903
2031	2135	1226	909
2032	2149	1228	921
2033	2160	1235	925
2034	2137	1228	909
2035	2141	1232	909
2036	2134	1236	898
2037	2154	1236	918
2038	2153	1232	921
2039	2181	1236	945
2040	2182	1240	942
2041	2166	1246	920
2042	2163	1236	927
2043	2157	1229	928
2044	2172	1226	946
2045	2182	1232	950
2046	2173	1222	951
2047	2161	1221	940
2048	2155	1224	931
2049	2139	1223	916
2050	2133	1222	911
2051	2142	1230	912
2052	2145	1233	912
2053	2174	1227	947
2054	2150	1232	918
2055	2136	1231	905
2056	2136	1231	905
2057	2142	1236	906
2058	2135	1230	905
2059	2133	1230	903
2060	2130	1231	899
2061	2146	1234	912
2062	2166	1236	930
2063	2200	1245	955
2064	2229	1239	990
2065	2265	1235	1030
2066	2300	1231	1069
2067	2308	1233	1075
2068	2309	1233	1076
2069	2297	1229	1068
2070	2323	1224	1099
2071	2374	1234	1140
2072	2390	1233	1157
2073	2417	1239	1178
2074	2444	1244	1200
2075	2506	1239	1267
2076	2553	1239	1314
2077	2642	1231	1411
2078	2765	1229	1536
2079	2887	1231	1656
2080	3068	1223	1845
2081	3282	1231	2051
2082	3547	1234	2313
2083	3913	1237	2676
2084	4249	1228	3021
2085	4531	1232	3299
2086	4803	1239	3564
2087	5036	1233	3803
2088	5234	1232	4002
2089	5394	1235	4159
2090	5515	1239	4276
2091	5554	1235	4319
2092	5672	1230	4442
2093	6064	1231	4833
2094	6595	1228	5367
2095	7229	1233	5996
2096	7971	1232	6739
2097	8869	1232	7637
2098	9805	1232	8573
2099	10776	1233	9543
2100	11607	1237	10370
2101	12172	1240	10932
2102	12595	1238	11357
2103	12793	1237	11556
2104	12818	1225	11593
2105	12413	1232	11181
2106	11689	1236	10453
2107	10837	1234	9603
2108	9898	1230	8668
2109	8895	1231	7664
2110	7849	1232	6617
2111	6858	1231	5627
2112	6070	1227	4843
2113	5412	1228	4184
2114	4908	1230	3678
2115	4513	1235	3278
2116	4111	1240	2871
2117	3754	1243	2511
2118	3456	1237	2219
2119	3259	1237	2022
2120	3143	1235	1908
2121	3027	1230	1797
2122	2913	1231	1682
2123	2812	1232	1580
2124	2761	1232	1529
2125	2726	1233	1493
2126	2668	1233	1435
2127	2622	1236	1386
2128	2585	1232	1353
2129	2538	1236	1302
2130	2450	1239	1211
2131	2388	1235	1153
2132	2342	1223	1119
2133	2312	1232	1080
2134	2269	1226	1043
2135	2253	1236	1017
2136	2224	1238	986
2137	2187	1227	960
2138	2165	1230	935
2139	2158	1230	928
2140	2145	1224	921
2141	2119	1227	892
2142	2085	1225	860
2143	2079	1237	842
2144	2063	1241	822
2145	2048	1236	812
2146	2024	1236	788
2147	2014	1237	777
2148	2015	1235	780
2149	2009	1240	769
2150	1988	1232	756
2151	1973	1230	743
2152	1975	1224	751
2153	1985	1231	754
2154	1969	1239	730
2155	1950	1237	713
2156	1934	1238	696
2157	1942	1235	707
2158	1944	1232	712
2159	1930	1242	688
2160	1943	1238	705
2161	1956	1239	717
2162	1949	1228	721
2163	1946	1226	720
2164	1939	1226	713
2165	1946	1236	710
2166	1951	1240	711
2167	1943	1237	706
2168	1931	1225	706
2169	1953	1225	728
2170	1955	1227	728
2171	1943	1226	717
2172	1934	1229	705
2173	1949	1233	716
2174	1950	1246	704
2175	1946	1245	701
2176	1934	1236	698
2177	1944	1241	703
2178	1949	1238	711
2179	1949	1243	706
2180	1950	1246	704
2181	1949	1250	699
2182	1932	1240	692
2183	1929	1227	702
2184	1923	1226	697
2185	1927	1240	687
2186	1925	1225	700
2187	1930	1222	708
2188	1910	1230	680
2189	1916	1239	677
2190	1917	1239	678
2191	1929	1226	703
2192	1924	1230	694
2193	1920	1232	688
2194	1912	1226	686
2195	1921	1236	685
2196	1930	1237	693
2197	1949	1240	709
2198	1936	1241	695
2199	1925	1235	690
2200	1937	1230	707
2201	1937	1239	698
2202	1932	1238	694
2203	1942	1230	712
2204	1946	1230	716
2205	1957	1234	723
2206	1925	1231	694
2207	1921	1236	685
2208	1933	1236	697
2209	1946	1240	706
2210	1942	1233	709
2211	1944	1231	713
2212	1951	1229	722
2213	1968	1236	732
2214	1959	1237	722
2215	1967	1240	727
2216	1969	1238	731
2217	1971	1231	740
2218	1939	1217	722
2219	1956	1251	705
2220	1959	1232	727
2221	1949	1236	713
2222	1938	1227	711
2223	1949	1239	710
2224	1960	1239	721
2225	1954	1234	720
2226	1943	1233	710
2227	1947	1227	720
2228	1961	1227	734
2229	1964	1226	738
2230	1955	1226	729
2231	1962	1227	735
2232	1957	1236	721
2233	1947	1243	704
2234	1952	1238	714
2235	1947	1228	719
2236	1926	1224	702
2237	1918	1224	694
2238	1925	1226	699
2239	1931	1219	712
2240	1923	1220	703
2241	1917	1231	686
2242	1912	1228	684
2243	1909	1237	672
2244	1894	1229	665
2245	1883	1231	652
2246	1872	1230	642
2247	1870	1228	642
2248	1888	1236	652
2249	1892	1240	652
2250	1882	1237	645
2251	1884	1240	644
2252	1874	1223	651
2253	1887	1226	661
2254	1885	1234	651
2255	1884	1237	647
2256	1887	1233	654
2257	1906	1225	681
2258	1917	1229	688
2259	1938	1230	708
2260	1948	1227	721
2261	1951	1241	710
2262	1939	1236	703
2263	1957	1235	722
2264	1974	1228	746
2265	1957	1228	729
2266	1972	1226	746
2267	2000	1227	773
2268	2000	1229	771
2269	1999	1227	772
2270	2003	1225	778
2271	2015	1236	779
2272	2025	1225	800
2273	2023	1229	794
2274	2024	1225	799
2275	2025	1227	798
2276	2038	1241	797
2277	2052	1238	814
2278	2060	1234	826
2279	2064	1239	825
2280	2050	1231	819
2281	2072	1239	833
2282	2054	1235	819
2283	2061	1231	830
2284	2071	1234	837
2285	2062	1234	828
2286	2072	1232	840
2287	2082	1234	848
2288	2072	1235	837
2289	2070	1237	833
2290	2087	1237	850
2291	2089	1239	850
2292	2091	1237	854
2293	2090	1232	858
2294	2081	1237	844
2295	2070	1230	840
2296	2071	1222	849
2297	2075	1225	850
2298	2074	1227	847
2299	2072	1243	829
2300	2069	1246	823
2301	2074	1237	837
2302	2064	1236	828
2303	2059	1246	813
2304	2056	1249	807
2305	2063	1246	817
2306	2065	1238	827
2307	2051	1241	810
2308	2034	1232	802
2309	2058	1232	826
2310	2058	1233	825
2311	2052	1241	811
2312	2043	1233	810
2313	2061	1230	831
2314	2042	1234	808
2315	2037	1231	806
2316	2044	1228	816
2317	2049	1238	811
2318	2040	1235	805
2319	2037	1237	800
2320	2023	1231	792
2321	2028	1230	798
2322	2035	1234	801
2323	2022	1222	800
2324	2034	1214	820
2325	2041	1237	804
2326	2039	1242	797
2327	2052	1240	812
2328	2066	1234	832
2329	2070	1231	839
2330	2054	1233	821
2331	2066	1241	825
2332	2058	1227	831
2333	2065	1232	833
2334	2075	1231	844
2335	2091	1227	864
2336	2081	1227	854
2337	2071	1222	849
2338	2068	1230	838
2339	2078	1240	838
2340	2067	1240	827
2341	2076	1233	843
2342	2079	1225	854
2343	2085	1227	858
2344	2077	1229	848
2345	2073	1237	836
2346	2070	1238	832
2347	2073	1241	832
2348	2054	1235	819
2349	2051	1238	813
2350	2051	1239	812
2351	2036	1233	803
2352	2035	1233	802
2353	2032	1232	800
2354	2006	1234	772
2355	2009	1227	782
2356	2005	1219	786
2357	2016	1236	780
2358	2012	1242	770
2359	2011	1242	769
2360	2002	1236	766
2361	1998	1231	767
2362	1991	1232	759
2363	2000	1234	766
2364	1985	1235	750
2365	1976	1240	736
2366	1983	1239	744
2367	1976	1243	733
2368	1948	1235	713
2369	1961	1228	733
2370	1954	1223	731
2371	1936	1224	712
2372	1941	1222	719
2373	1959	1231	728
2374	1959	1237	722
2375	1943	1236	707
2376	1945	1234	711
2377	1951	1234	717
2378	1944	1225	719
2379	1948	1234	714
2380	1938	1235	703
2381	1926	1240	686
2382	1912	1238	674
2383	1915	1233	682
2384	1927	1230	697
2385	1932	1237	695
2386	1929	1235	694
2387	1938	1232	706
2388	1935	1222	713
2389	1940	1236	704
2390	1951	1238	713
2391	1955	1230	725
2392	1943	1226	717
2393	1947	1231	716
2394	1947	1230	717
2395	1939	1240	699
2396	1938	1236	702
2397	1944	1235	709
2398	1939	1231	708
2399	1936	1237	699
2400	1935	1230	705
2401	1933	1232	701
2402	1921	1237	684
2403	1913	1232	681
2404	1915	1231	684
2405	1927	1235	692
2406	1924	1239	685
2407	1926	1237	689
2408	1915	1227	688
2409	1912	1226	686
2410	1902	1222	680
2411	1912	1227	685
2412	1900	1231	669
2413	1895	1225	670
2414	1898	1227	671
2415	1902	1230	672
2416	1893	1226	667
2417	1887	1233	654
2418	1876	1236	640
2419	1872	1236	636
2420	1882	1235	647
2421	1895	1241	654
2422	1878	1230	648
2423	1869	1220	649
2424	1881	1223	658
2425	1890	1230	660
2426	1878	1228	650
2427	1880	1231	649
2428	1885	1230	655
2429	1893	1237	656
2430	1879	1221	658
2431	1868	1226	642
2432	1882	1229	653
2433	1895	1229	666
2434	1884	1232	652
2435	1898	1238	660
2436	1898	1231	667
2437	1897	1233	664
2438	1910	1236	674
2439	1907	1237	670
2440	1895	1228	667
2441	1908	1228	680
2442	1913	1224	689
2443	1914	1236	678
2444	1913	1242	671
2445	1916	1244	672
2446	1919	1230	689
2447	1909	1234	675
2448	1902	1238	664
2449	1902	1236	666
2450	1899	1242	657
2451	1907	1242	665
2452	1903	1230	673
2453	1897	1234	663
2454	1900	1239	661
2455	1888	1234	654
2456	1875	1230	645
2457	1872	1231	641
2458	1860	1223	637
2459	1884	1227	657
2460	1881	1234	647
2461	1885	1244	641
2462	1878	1235	643
2463	1894	1238	656
2464	1895	1248	647
2465	1887	1239	648
2466	1884	1232	652
2467	1893	1242	651
2468	1864	1217	647
2469	1893	1237	656
2470	1886	1233	653
2471	1888	1236	652
2472	1861	1231	630
2473	1864	1234	630
2474	1874	1237	637
2475	1890	1239	651
2476	1891	1235	656
2477	1886	1242	644
2478	1879	1238	641
2479	1893	1240	653
2480	1886	1233	653
2481	1888	1224	664
2482	1888	1224	664
2483	1899	1232	667
2484	1896	1230	666
2485	1896	1231	665
2486	1894	1227	667
2487	1913	1233	680
2488	1908	1234	674
2489	1910	1230	680
2490	1910	1232	678
2491	1926	1235	691
2492	1911	1230	681
2493	1902	1236	666
2494	1886	1227	659
2495	1893	1226	667
2496	1897	1235	662
2497	1909	1247	662
2498	1900	1230	670
2499	1897	1228	669
2500	1898	1229	669
2501	1908	1233	675
2502	1916	1240	676
2503	1917	1238	679
2504	1905	1239	666
2505	1916	1231	685
2506	1914	1226	688
2507	1928	1236	692
2508	1949	1233	716
2509	1947	1229	718
2510	1925	1228	697
2511	1926	1227	699
2512	1942	1227	715
2513	1945	1231	714
2514	1938	1229	709
2515	1951	1228	723
2516	1974	1233	741
2517	1978	1236	742
2518	1965	1230	735
2519	1979	1235	744
2520	1991	1237	754
2521	2007	1237	770
2522	2027	1228	799
2523	2040	1221	819
2524	2035	1236	799
2525	2055	1241	814
2526	2047	1234	813
2527	2038	1227	811
2528	2040	1221	819
2529	2049	1223	826
2530	2043	1234	809
2531	2027	1240	787
2532	2022	1238	784
2533	2023	1239	784
2534	2010	1224	786
2535	2000	1236	764
2536	1986	1242	744
2537	1982	1249	733
2538	1985	1235	750
2539	1999	1232	767
2540	2001	1237	764
2541	2007	1236	771
2542	1998	1233	765
2543	1996	1230	766
2544	1981	1230	751
2545	1983	1238	745
2546	1976	1214	762
2547	1969	1216	753
2548	1973	1230	743
2549	2001	1228	773
2550	1989	1223	766
2551	1996	1230	766
2552	2006	1235	771
2553	1996	1235	761
2554	2002	1227	775
2555	1996	1227	769
2556	1993	1235	758
2557	2002	1237	765
2558	1989	1227	762
2559	2008	1222	786
2560	1996	1221	775
2561	1993	1228	765
2562	1990	1233	757
2563	1993	1233	760
2564	1993	1224	769
2565	1991	1235	756
2566	1978	1232	746
2567	1989	1234	755
2568	1996	1236	760
2569	2005	1227	778
2570	1990	1221	769
2571	1991	1237	754
2572	1991	1229	762
2573	2014	1229	785
2574	2022	1227	795
2575	2023	1230	793
2576	2024	1232	792
2577	2019	1233	786
2578	2003	1229	774
2579	2004	1229	775
2580	2008	1226	782
2581	2035	1238	797
2582	2040	1232	808
2583	2049	1224	825
2584	2041	1224	817
2585	2034	1223	811
2586	2027	1221	806
2587	2032	1227	805
2588	2026	1225	801
2589	2024	1230	794
2590	2016	1225	791
2591	2036	1228	808
2592	2034	1239	795
2593	2030	1239	791
2594	2014	1229	785
2595	2030	1223	807
2596	2013	1228	785
2597	2008	1236	772
2598	1999	1232	767
2599	1996	1230	766
2600	1989	1232	757
2601	2010	1242	768
2602	1999	1241	758
2603	1989	1241	748
2604	1993	1243	750
2605	1975	1237	738
2606	1972	1228	744
2607	1987	1240	747
2608	1977	1237	740
2609	1982	1234	748
2610	1977	1230	747
2611	1984	1226	758
2612	1980	1231	749
2613	1981	1238	743
2614	1976	1243	733
2615	1984	1238	746
2616	1989	1234	755
2617	1977	1237	740
2618	1978	1241	737
2619	1993	1242	751
2620	1996	1235	761
2621	1996	1240	756
2622	1999	1234	765
2623	2008	1235	773
2624	2012	1241	771
2625	2021	1233	788
2626	1996	1230	766
2627	2005	1231	774
2628	1998	1232	766
2629	1993	1234	759
2630	1995	1232	763
2631	1997	1240	757
2632	2000	1238	762
2633	1996	1232	764
2634	1988	1224	764
2635	1991	1226	765
2636	1990	1231	759
2637	1990	1231	759
2638	1986	1227	759
2639	1985	1229	756
2640	1995	1226	769
2641	2012	1232	780
2642	1999	1231	768
2643	1996	1238	758
2644	1991	1234	757
2645	1984	1234	750
2646	1974	1222	752
2647	1988	1220	768
2648	1986	1227	759
2649	1983	1229	754
2650	1974	1242	732
2651	1972	1238	734
2652	1995	1234	761
2653	1996	1240	756
2654	1976	1236	740
2655	1967	1234	733
2656	1957	1227	730
2657	1972	1230	742
2658	1967	1235	732
2659	1975	1239	736
2660	1977	1239	738
2661	1974	1237	737
2662	1977	1233	744
2663	1984	1235	749
2664	1985	1232	753
2665	1988	1224	764
2666	1973	1223	750
2667	1985	1238	747
2668	1980	1242	738
2669	1985	1232	753
2670	1992	1232	760
2671	1985	1239	746
2672	1987	1239	748
2673	2003	1246	757
2674	2004	1244	760
2675	2018	1250	768
2676	2018	1244	774
2677	2024	1235	789
2678	2020	1232	788
2679	2008	1229	779
2680	2016	1230	786
2681	2039	1229	810
2682	2032	1231	801
2683	2038	1230	808
2684	2029	1225	804
2685	2014	1235	779
2686	2003	1229	774
2687	2018	1232	786
2688	2029	1232	797
2689	2038	1241	797
2690	2031	1242	789
2691	2024	1240	784
2692	2014	1241	773
2693	2014	1246	768
2694	2005	1234	771
2695	2010	1230	780
2696	1984	1228	756
2697	1991	1235	756
2698	2002	1229	773
2699	1992	1223	769
2700	2001	1224	777
2701	2015	1236	779
2702	2028	1240	788
2703	2021	1235	786
2704	2006	1226	780
2705	2011	1226	785
2706	2013	1228	785
2707	2012	1234	778
2708	2015	1229	786
2709	2020	1228	792
2710	2035	1223	812
2711	2047	1227	820
2712	2031	1232	799
2713	2038	1220	818
2714	2028	1222	806
2715	2029	1228	801
2716	2026	1231	795
2717	2037	1230	807
2718	2021	1217	804
2719	2052	1241	811
2720	2033	1234	799
2721	2052	1236	816
2722	2062	1231	831
2723	2058	1227	831
2724	2078	1230	848
2725	2076	1226	850
2726	2074	1229	845
2727	2069	1225	844
2728	2063	1225	838
2729	2083	1236	847
2730	2083	1243	840
2731	2067	1235	832
2732	2055	1219	836
2733	2058	1224	834
2734	2040	1230	810
2735	2043	1235	808
2736	2039	1237	802
2737	2049	1242	807
2738	2055	1235	820
2739	2046	1226	820
2740	2048	1228	820
2741	2046	1229	817
2742	2044	1236	808
2743	2036	1233	803
2744	2025	1228	797
2745	2031	1234	797
2746	2051	1235	816
2747	2060	1229	831
2748	2052	1223	829
2749	2062	1223	839
2750	2051	1224	827
2751	2069	1231	838
2752	2068	1235	833
2753	2067	1228	839
2754	2058	1230	828
2755	2051	1232	819
2756	2060	1229	831
2757	2074	1233	841
2758	2040	1226	814
2759	2036	1227	809
2760	2031	1232	799
2761	2034	1245	789
2762	2050	1231	819
2763	2036	1230	806
2764	2021	1230	791
2765	2020	1229	791
2766	2001	1227	774
2767	2007	1228	779
2768	2010	1225	785
2769	1984	1241	743
2770	1975	1236	739
2771	1978	1232	746
2772	1976	1225	751
2773	1990	1229	761
2774	1989	1223	766
2775	1999	1223	776
2776	1997	1226	771
2777	1997	1231	766
2778	1984	1221	763
2779	1965	1221	744
2780	1963	1229	734
2781	1964	1237	727
2782	1946	1228	718
2783	1945	1232	713
2784	1944	1234	710
2785	1921	1227	694
2786	1905	1235	670
2787	1905	1232	673
2788	1907	1229	678
2789	1916	1231	685
2790	1916	1236	680
2791	1905	1230	675
2792	1903	1222	681
2793	1921	1220	701
2794	1929	1232	697
2795	1933	1232	701
2796	1914	1219	695
2797	1917	1227	690
2798	1918	1224	694
2799	1920	1226	694
2800	1909	1233	676
2801	1905	1233	672
2802	1895	1236	659
2803	1901	1235	666
2804	1891	1229	662
2805	1875	1234	641
2806	1861	1226	635
2807	1867	1219	648
2808	1853	1223	630
2809	1849	1221	628
2810	1847	1220	627
2811	1840	1223	617
2812	1830	1230	600
2813	1819	1237	582
2814	1815	1242	573
2815	1825	1242	583
2816	1803	1224	579
2817	1807	1226	581
2818	1802	1235	567
2819	1808	1232	576
2820	1804	1225	579
2821	1804	1227	577
2822	1801	1232	569
2823	1803	1230	573
2824	1797	1231	566
2825	1799	1237	562
2826	1805	1240	565
2827	1797	1230	567
2828	1797	1235	562
2829	1788	1234	554
2830	1773	1237	536
2831	1783	1235	548
2832	1785	1226	559
2833	1770	1223	547
2834	1758	1230	528
2835	1772	1234	538
2836	1778	1227	551
2837	1777	1229	548
2838	1771	1222	549
2839	1775	1221	554
2840	1782	1224	558
2841	1779	1231	548
2842	1777	1227	550
2843	1773	1231	542
2844	1770	1233	537
2845	1780	1230	550
2846	1773	1228	545
2847	1758	1237	521
2848	1749	1233	516
2849	1767	1226	541
2850	1771	1243	528
2851	1766	1232	534
2852	1758	1219	539
2853	1770	1235	535
2854	1772	1235	537
2855	1777	1231	546
2856	1765	1232	533
2857	1775	1235	540
2858	1786	1241	545
2859	1785	1244	541
2860	1786	1237	549
2861	1814	1221	593
2862	1811	1231	580
2863	1801	1241	560
2864	1796	1227	569
2865	1812	1224	588
2866	1811	1229	582
2867	1811	1226	585
2868	1815	1229	586
2869	1829	1221	608
2870	1812	1222	590
2871	1817	1229	588
2872	1810	1233	577
2873	1812	1233	579
2874	1813	1229	584
2875	1815	1236	579
2876	1816	1239	577
2877	1812	1242	570
2878	1814	1231	583
2879	1822	1231	591
2880	1824	1222	602
2881	1824	1218	606
2882	1839	1219	620
2883	1847	1230	617
2884	1832	1239	593
2885	1839	1243	596
2886	1857	1237	620
2887	1853	1245	608
2888	1849	1232	617
2889	1855	1226	629
2890	1853	1227	626
2891	1857	1232	625
2892	1858	1228	630
2893	1866	1224	642
2894	1855	1231	624
2895	1848	1233	615
2896	1861	1221	640
2897	1872	1231	641
2898	1864	1230	634
2899	1848	1228	620
2900	1826	1221	605
2901	1843	1223	620
2902	1859	1232	627
2903	1851	1242	609
2904	1834	1233	601
2905	1835	1240	595
2906	1841	1230	611
2907	1828	1222	606
2908	1824	1227	597
2909	1833	1237	596
2910	1827	1228	599
2911	1834	1227	607
2912	1837	1234	603
2913	1846	1235	611
2914	1861	1233	628
2915	1866	1231	635
2916	1862	1233	629
2917	1885	1238	647
2918	1871	1230	641
2919	1880	1232	648
2920	1883	1230	653
2921	1889	1221	668
2922	1887	1231	656
2923	1886	1230	656
2924	1891	1219	672
2925	1894	1223	671
2926	1905	1237	668
2927	1907	1234	673
2928	1915	1237	678
2929	1918	1235	683
2930	1925	1235	690
2931	1938	1240	698
2932	1930	1245	685
2933	1939	1248	691
2934	1934	1239	695
2935	1952	1239	713
2936	1947	1234	713
2937	1942	1238	704
2938	1944	1231	713
2939	1952	1228	724
2940	1957	1231	726
2941	1966	1232	734
2942	1962	1225	737
2943	1970	1223	747
2944	1975	1225	750
2945	1984	1234	750
2946	2006	1226	780
2947	2010	1230	780
2948	2009	1235	774
2949	2003	1230	773
2950	1993	1221	772
2951	2006	1226	780
2952	2015	1224	791
2953	2021	1236	785
2954	2029	1231	798
2955	2018	1244	774
2956	2018	1254	764
2957	2014	1238	776
2958	2001	1222	779
2959	1998	1230	768
2960	1997	1232	765
2961	2025	1232	793
2962	2017	1233	784
2963	2019	1232	787
2964	2011	1239	772
2965	1996	1232	764
2966	2002	1234	768
2967	2006	1232	774
2968	1999	1215	784
2969	2030	1244	786
2970	1996	1231	765
2971	1995	1228	767
2972	1981	1229	752
2973	1986	1234	752
2974	1999	1229	770
2975	1998	1232	766
2976	1987	1226	761
2977	2000	1225	775
2978	1984	1224	760
2979	1982	1227	755
2980	1980	1227	753
2981	1977	1232	745
2982	1964	1231	733
2983	1964	1231	733
2984	1962	1231	731
2985	1944	1238	706
2986	1943	1231	712
2987	1956	1232	724
2988	1943	1226	717
2989	1938	1229	709
2990	1925	1226	699
2991	1915	1229	686
2992	1919	1224	695
2993	1918	1225	693
2994	1920	1229	691
2995	1931	1233	698
2996	1930	1233	697
2997	1941	1228	713
2998	1944	1224	720
2999	1943	1225	718
3000	1931	1226	705
3001	1926	1240	686
3002	1934	1231	703
3003	1940	1228	712
3004	1932	1230	702
3005	1927	1231	696
3006	1928	1226	702
3007	1926	1229	697
3008	1931	1234	697
3009	1937	1233	704
3010	1923	1234	689
3011	1914	1239	675
3012	1922	1230	692
3013	1934	1231	703
3014	1925	1233	692
3015	1937	1234	703
3016	1945	1236	709
3017	1945	1238	707
3018	1936	1236	700
3019	1934	1242	692
3020	1934	1229	705
3021	1923	1234	689
3022	1907	1228	679
3023	1911	1230	681
3024	1894	1237	657
3025	1875	1227	648
3026	1858	1228	630
3027	1864	1229	635
3028	1866	1221	645
3029	1856	1221	635
3030	1850	1228	622
3031	1832	1231	601
3032	1829	1227	602
3033	1837	1231	606
3034	1837	1234	603
3035	1845	1238	607
3036	1852	1229	623
3037	1838	1230	608
3038	1842	1231	611
3039	1854	1227	627
3040	1858	1222	636
3041	1865	1215	650
3042	1874	1228	646
3043	1888	1239	649
3044	1895	1228	667
3045	1891	1233	658
3046	1892	1232	660
3047	1887	1229	658
3048	1881	1223	658
3049	1903	1235	668
3050	1906	1239	667
3051	1903	1232	671
3052	1897	1220	677
3053	1886	1215	671
3054	1887	1225	662
3055	1893	1234	659
3056	1882	1226	656
3057	1877	1235	642
3058	1876	1234	642
3059	1870	1229	641
3060	1861	1225	636
3061	1872	1237	635
3062	1875	1241	634
3063	1861	1234	627
3064	1847	1226	621
3065	1849	1230	619
3066	1840	1232	608
3067	1844	1221	623
3068	1830	1231	599
3069	1830	1234	596
3070	1825	1226	599
3071	1816	1236	580
3072	1811	1238	573
3073	1817	1236	581
3074	1803	1234	569
3075	1803	1234	569
3076	1799	1237	562
3077	1788	1240	548
3078	1785	1232	553
3079	1789	1231	558
3080	1777	1232	545
3081	1775	1239	536
3082	1765	1242	523
3083	1778	1239	539
3084	1765	1230	535
3085	1754	1232	522
3086	1751	1226	525
3087	1750	1232	518
3088	1751	1240	511
3089	1753	1237	516
3090	1730	1236	494
3091	1726	1232	494
3092	1743	1224	519
3093	1730	1225	505
3094	1698	1233	465
3095	1703	1233	470
3096	1710	1231	479
3097	1704	1240	464
3098	1697	1244	453
3099	1698	1237	461
3100	1691	1238	453
3101	1690	1239	451
3102	1688	1237	451
3103	1690	1227	463
3104	1680	1228	452
3105	1685	1230	455
3106	1670	1222	448
3107	1671	1230	441
3108	1676	1233	443
3109	1682	1240	442
3110	1657	1243	414
3111	1652	1235	417
3112	1648	1232	416
3113	1668	1237	431
3114	1665	1238	427
3115	1664	1239	425
3116	1672	1234	438
3117	1673	1235	438
3118	1664	1233	431
3119	1675	1237	438
3120	1662	1234	428
3121	1661	1228	433
3122	1653	1235	418
3123	1657	1235	422
3124	1647	1220	427
3125	1638	1226	412
3126	1639	1229	410
3127	1660	1233	427
3128	1654	1234	420
3129	1644	1239	405
3130	1644	1235	409
3131	1653	1246	407
3132	1642	1230	412
3133	1659	1227	432
3134	1655	1230	425
3135	1649	1231	418
3136	1655	1234	421
3137	1671	1230	441
3138	1662	1233	429
3139	1665	1228	437
3140	1646	1228	418
3141	1649	1235	414
3142	1648	1228	420
3143	1651	1224	427
3144	1636	1227	409
3145	1641	1240	401
3146	1645	1244	401
3147	1637	1236	401
3148	1626	1226	400
3149	1622	1232	390
3150	1612	1229	383
3151	1614	1232	382
3152	1627	1231	396
3153	1640	1236	404
3154	1636	1228	408
3155	1635	1239	396
3156	1638	1230	408
3157	1630	1230	400
3158	1635	1228	407
3159	1648	1224	424
3160	1641	1233	408
3161	1629	1235	394
3162	1623	1224	399
3163	1625	1226	399
3164	1613	1230	383
3165	1615	1225	390
3166	1604	1223	381
3167	1609	1230	379
3168	1609	1229	380
3169	1611	1227	384
3170	1611	1229	382
3171	1606	1226	380
3172	1589	1228	361
3173	1592	1239	353
3174	1607	1233	374
3175	1603	1233	370
3176	1592	1230	362
3177	1586	1224	362
3178	1580	1227	353
3179	1587	1229	358
3180	1582	1236	346
3181	1581	1241	340
3182	1579	1234	345
3183	1574	1244	330
3184	1570	1237	333
3185	1573	1230	343
3186	1565	1228	337
3187	1566	1232	334
3188	1563	1231	332
3189	1559	1238	321
3190	1558	1231	327
3191	1562	1221	341
3192	1554	1229	325
3193	1555	1230	325
3194	1549	1230	319
3195	1551	1229	322
3196	1564	1236	328
3197	1558	1236	322
3198	1553	1234	319
3199	1554	1234	320
3200	1562	1230	332
3201	1557	1235	322
3202	1536	1237	299
3203	1541	1241	300
3204	1544	1238	306
3205	1537	1233	304
3206	1527	1235	292
3207	1540	1234	306
3208	1539	1227	312
3209	1538	1233	305
3210	1533	1231	302
3211	1531	1234	297
3212	1532	1236	296
3213	1533	1238	295
3214	1513	1234	279
3215	1520	1248	272
3216	1520	1246	274
3217	1524	1229	295
3218	1505	1216	289
3219	1543	1246	297
3220	1531	1226	305
3221	1533	1232	301
3222	1531	1223	308
3223	1533	1223	310
3224	1516	1226	290
3225	1518	1234	284
3226	1524	1245	279
3227	1521	1247	274
3228	1510	1234	276
3229	1502	1229	273
3230	1495	1234	261
3231	1503	1231	272
3232	1500	1239	261
3233	1492	1242	250
3234	1496	1226	270
3235	1483	1238	245
3236	1467	1244	223
3237	1474	1228	246
3238	1460	1232	228
3239	1463	1236	227
3240	1459	1230	229
3241	1460	1231	229
3242	1454	1233	221
3243	1453	1237	216
3244	1446	1233	213
3245	1444	1232	212
3246	1451	1232	219
3247	1459	1226	233
3248	1454	1232	222
3249	1442	1235	207
3250	1439	1236	203
3251	1441	1229	212
3252	1434	1218	216
3253	1439	1219	220
3254	1437	1231	206
3255	1432	1239	193
3256	1420	1237	183
3257	1426	1228	198
3258	1423	1225	198
3259	1421	1227	194
3260	1419	1237	182
3261	1418	1239	179
3262	1418	1240	178
3263	1420	1245	175
3264	1410	1225	185
3265	1406	1229	177
3266	1414	1241	173
3267	1422	1236	186
3268	1425	1228	197
3269	1423	1231	192
3270	1412	1227	185
3271	1428	1233	195
3272	1423	1231	192
3273	1418	1238	180
3274	1417	1239	178
3275	1416	1237	179
3276	1416	1241	175
3277	1422	1249	173
3278	1423	1236	187
3279	1424	1229	195
3280	1421	1225	196
3281	1422	1231	191
3282	1422	1239	183
3283	1417	1235	182
3284	1410	1228	182
3285	1421	1235	186
3286	1422	1235	187
3287	1404	1230	174
3288	1393	1228	165
3289	1401	1241	160
3290	1407	1229	178
3291	1402	1227	175
3292	1384	1226	158
3293	1396	1225	171
3294	1395	1231	164
3295	1380	1233	147
3296	1376	1236	140
3297	1377	1239	138
3298	1365	1232	133
3299	1377	1225	152
3300	1380	1220	160
3301	1382	1230	152
3302	1371	1229	142
3303	1374	1226	148
3304	1361	1240	121
3305	1352	1239	113
3306	1350	1231	119
3307	1364	1226	138
3308	1367	1227	140
3309	1357	1226	131
3310	1352	1229	123
3311	1354	1236	118
3312	1354	1236	118
3313	1353	1231	122
3314	1349	1230	119
3315	1340	1240	100
3316	1335	1239	96
3317	1338	1241	97
3318	1341	1230	111
3319	1343	1235	108
3320	1337	1234	103
3321	1343	1236	107
3322	1325	1241	84
3323	1333	1237	96
3324	1332	1227	105
3325	1331	1241	90
3326	1322	1229	93
3327	1332	1227	105
3328	1332	1233	99
3329	1334	1233	101
3330	1327	1231	96
3331	1316	1238	78
3332	1308	1236	72
3333	1316	1231	85
3334	1319	1238	81
3335	1315	1239	76
3336	1313	1228	85
3337	1323	1233	90
3338	1313	1234	79
3339	1315	1248	67
3340	1305	1246	59
3341	1305	1229	76
3342	1306	1223	83
3343	1308	1230	78
3344	1302	1226	76
3345	1311	1229	82
3346	1297	1227	70
3347	1302	1233	69
3348	1302	1230	72
3349	1300	1231	69
3350	1293	1227	66
3351	1297	1230	67
3352	1288	1235	53
3353	1288	1242	46
3354	1290	1231	59
3355	1289	1234	55
3356	1292	1239	53
3357	1289	1224	65
3358	1293	1221	72
3359	1281	1230	51
3360	1282	1239	43
3361	1291	1254	37
3362	1284	1240	44
3363	1280	1243	37
3364	1276	1238	38
3365	1270	1240	30
3366	1281	1240	41
3367	1284	1236	48
3368	1276	1233	43
3369	1268	1239	29
3370	1265	1232	33
3371	1289	1236	53
3372	1277	1229	48
3373	1272	1232	40
3374	1273	1229	44
3375	1269	1233	36
3376	1257	1232	25
3377	1262	1236	26
3378	1271	1237	34
3379	1278	1230	48
3380	1268	1229	39
3381	1262	1230	32
3382	1260	1227	33
3383	1270	1224	46
3384	1253	1229	24
3385	1256	1240	16
3386	1275	1242	33
3387	1274	1236	38
3388	1262	1230	32
3389	1261	1237	24
3390	1256	1231	25
3391	1264	1223	41
3392	1261	1232	29
3393	1255	1233	22
3394	1250	1232	18
3395	1258	1236	22
3396	1254	1235	19
3397	1267	1236	31
3398	1263	1236	27
3399	1257	1231	26
3400	1250	1233	17
3401	1262	1240	22
3402	1271	1235	36
3403	1262	1229	33
3404	1258	1223	35
3405	1265	1228	37
3406	1261	1232	29
3407	1263	1234	29
3408	1253	1237	16
3409	1246	1240	6
3410	1251	1240	11
3411	1253	1250	3
3412	1249	1232	17
3413	1250	1227	23
3414	1259	1239	20
3415	1250	1244	6
3416	1251	1243	8
3417	1253	1239	14
3418	1249	1228	21
3419	1245	1233	12
3420	1236	1225	11
3421	1249	1228	21
3422	1249	1231	18
3423	1251	1228	23
3424	1248	1232	16
3425	1243	1237	6
3426	1248	1230	18
3427	1247	1233	14
3428	1245	1237	8
3429	1254	1241	13
3430	1253	1232	21
3431	1257	1234	23
3432	1251	1237	14
3433	1256	1240	16
3434	1253	1237	16
3435	1258	1241	17
3436	1252	1233	19
3437	1244	1226	18
3438	1235	1223	12
3439	1246	1222	24
3440	1256	1223	33
3441	1252	1230	22
3442	1242	1234	8
3443	1247	1244	3
3444	1248	1232	16
3445	1249	1229	20
3446	1252	1232	20
3447	1250	1234	16
3448	1243	1238	5
3449	1247	1243	4
3450	1235	1230	5
3451	1241	1242	-1
3452	1247	1239	8
3453	1252	1235	17
3454	1241	1235	6
3455	1234	1241	-7
3456	1233	1241	-8
3457	1245	1232	13
3458	1243	1233	10
3459	1261	1233	28
3460	1259	1223	36
3461	1251	1226	25
3462	1245	1224	21
3463	1250	1225	25
3464	1246	1218	28
3465	1253	1229	24
3466	1248	1227	21
3467	1261	1242	19
3468	1241	1223	18
3469	1254	1240	14
3470	1242	1229	13
3471	1245	1237	8
3472	1235	1231	4
3473	1245	1228	17
3474	1242	1228	14
3475	1242	1233	9
3476	1249	1233	16
3477	1247	1234	13
3478	1250	1245	5
3479	1245	1237	8
3480	1253	1230	23
3481	1266	1239	27
3482	1241	1240	1
3483	1236	1241	-5
3484	1249	1237	12
3485	1258	1233	25
3486	1247	1225	22
3487	1241	1229	12
3488	1243	1227	16
3489	1251	1223	28
3490	1254	1224	30
3491	1253	1229	24
3492	1238	1233	5
3493	1244	1227	17
3494	1241	1223	18
3495	1248	1230	18
3496	1244	1231	13
3497	1247	1238	9
3498	1244	1231	13
3499	1252	1226	26
3500	1249	1230	19
3501	1247	1235	12
3502	1238	1235	3
3503	1235	1228	7
3504	1239	1223	16
3505	1245	1226	19
3506	1244	1229	15
3507	1245	1234	11
3508	1237	1222	15
3509	1235	1226	9
3510	1236	1232	4
3511	1240	1240	0
3512	1238	1225	13
3513	1240	1217	23
3514	1247	1231	16
3515	1247	1240	7
3516	1239	1237	2
3517	1241	1234	7
3518	1243	1230	13
3519	1248	1224	24
3520	1246	1226	20
3521	1252	1238	14
3522	1240	1230	10
3523	1247	1227	20
3524	1247	1232	15
3525	1250	1235	15
3526	1239	1220	19
3527	1243	1224	19
3528	1249	1225	24
3529	1244	1226	18
3530	1230	1242	-12
3531	1234	1227	7
3532	1238	1225	13
3533	1239	1238	1
3534	1236	1223	13
3535	1232	1235	-3
3536	1233	1230	3
3537	1244	1226	18
3538	1237	1234	3
3539	1235	1241	-6
3540	1247	1236	11
3541	1254	1228	26
3542	1251	1220	31
3543	1240	1231	9
3544	1246	1230	16
3545	1252	1237	15
3546	1241	1239	2
3547	1236	1236	0
3548	1239	1228	11
3549	1248	1233	15
3550	1245	1225	20
3551	1246	1235	11
3552	1235	1238	-3
3553	1242	1241	1
3554	1241	1246	-5
3555	1237	1240	-3
3556	1228	1234	-6
3557	1233	1237	-4
3558	1243	1233	10
3559	1245	1232	13
3560	1234	1226	8
3561	1239	1225	14
3562	1233	1236	-3
3563	1236	1249	-13
3564	1237	1240	-3
3565	1245	1235	10
3566	1246	1236	10
3567	1252	1230	22
3568	1241	1227	14
3569	1247	1230	17
3570	1245	1222	23
3571	1237	1241	-4
3572	1247	1240	7
3573	1247	1235	12
3574	1239	1225	14
3575	1245	1226	19
3576	1245	1222	23
3577	1238	1220	18
3578	1231	1229	2
3579	1235	1239	-4
3580	1234	1241	-7
3581	1240	1241	-1
3582	1241	1234	7
3583	1237	1233	4
3584	1235	1231	4
3585	1248	1227	21
3586	1250	1227	23
3587	1253	1233	20
3588	1243	1234	9
3589	1235	1231	4
3590	1237	1236	1
3591	1252	1237	15
3592	1247	1230	17
3593	1242	1231	11
3594	1235	1228	7
3595	1243	1239	4
3596	1242	1238	4
3597	1252	1245	7
3598	1239	1242	-3
3599	1242	1244	-2
3600	1240	1233	7
3601	1242	1235	7
3602	1240	1234	6
3603	1240	1242	-2
3604	1236	1246	-10
3605	1239	1234	5
3606	1238	1221	17
3607	1239	1228	11
3608	1239	1238	1
3609	1241	1238	3
3610	1240	1234	6
3611	1241	1238	3
3612	1228	1234	-6
3613	1234	1227	7
3614	1244	1229	15
3615	1244	1246	-2
3616	1243	1240	3
3617	1238	1236	2
3618	1237	1242	-5
3619	1238	1245	-7
3620	1236	1237	-1
3621	1236	1230	6
3622	1231	1229	2
3623	1240	1237	3
3624	1243	1230	13
3625	1244	1243	1
3626	1244	1236	8
3627	1240	1231	9
3628	1236	1227	9
3629	1238	1234	4
3630	1240	1239	1
3631	1240	1232	8
3632	1238	1237	1
3633	1248	1245	3
3634	1243	1234	9
3635	1239	1230	9
3636	1233	1234	-1
3637	1238	1232	6
3638	1243	1228	15
3639	1233	1228	5
3640	1237	1228	9
3641	1243	1237	6
3642	1237	1240	-3
3643	1247	1236	11
3644	1245	1233	12
3645	1240	1240	0
3646	1240	1230	10
3647	1238	1228	10
3648	1231	1230	1
