room_temperature(K),298.15
water_volume(mL),500.0
solute_molarmass(g/mol),74.551
solute_mass(g),5.0000
R1(Omega),10.00
R2(Omega),10.00
t1(s),13.730
t2(s),14.111
current(A),1.00
time(s),Delta_T(K)
0.201,0.156
0.915,0.156
1.606,0.156
2.237,0.155
3.010,0.156
3.724,0.156
4.414,0.156
5.047,0.156
5.819,0.156
6.450,0.156
7.223,0.157
7.854,0.157
8.626,0.157
9.259,0.157
10.031,0.157
10.662,0.157
11.435,0.157
12.067,0.157
12.839,0.158
13.553,0.157
14.244,0.158
14.958,0.158
15.648,0.157
16.280,0.158
17.052,0.158
17.684,0.158
18.456,0.158
19.170,0.157
