index	original	background	difference
-----------------------------------------------------
1	1137	1099	38
2	1133	1102	31
3	1168	1106	62
4	1186	1108	78
5	1192	1105	87
6	1167	1099	68
7	1178	1105	73
8	1197	1107	90
9	1178	1109	69
10	1158	1109	49
11	1163	1111	52
12	1180	1110	70
13	1187	1111	76
14	1152	1120	32
15	1146	1130	16
16	1153	1117	36
17	1164	1111	53
18	1178	1111	67
19	1183	1123	60
20	1171	1116	55
21	1177	1102	75
22	1212	1121	91
23	1190	1117	73
24	1197	1121	76
25	1201	1121	80
26	1165	1122	43
27	1188	1126	62
28	1206	1123	83
29	1187	1118	69
30	1188	1116	72
31	1195	1124	71
32	1198	1123	75
33	1210	1128	82
34	1199	1131	68
35	1190	1125	65
36	1189	1128	61
37	1183	1122	61
38	1202	1126	76
39	1209	1125	84
40	1213	1128	85
41	1218	1123	95
42	1193	1114	79
43	1220	1124	96
44	1207	1139	68
45	1196	1133	63
46	1194	1125	69
47	1204	1128	76
48	1199	1137	62
49	1203	1143	60
50	1188	1136	52
51	1210	1138	72
52	1210	1139	71
53	1205	1136	69
54	1203	1138	65
55	1199	1130	69
56	1220	1132	88
57	1219	1126	93
58	1213	1130	83
59	1212	1141	71
60	1190	1130	60
61	1217	1126	91
62	1204	1138	66
63	1197	1144	53
64	1191	1140	51
65	1220	1132	88
66	1247	1129	118
67	1213	1131	82
68	1182	1131	51
69	1197	1136	61
70	1207	1134	73
71	1218	1135	83
72	1208	1142	66
73	1205	1152	53
74	1203	1147	56
75	1230	1140	90
76	1206	1141	65
77	1194	1142	52
78	1214	1147	67
79	1211	1147	64
80	1183	1142	41
81	1200	1137	63
82	1226	1132	94
83	1225	1129	96
84	1208	1131	77
85	1215	1137	78
86	1214	1133	81
87	1217	1137	80
88	1229	1146	83
89	1229	1149	80
90	1194	1145	49
91	1195	1140	55
92	1185	1138	47
93	1189	1140	49
94	1211	1138	73
95	1232	1139	93
96	1225	1136	89
97	1221	1140	81
98	1227	1146	81
99	1227	1142	85
100	1233	1135	98
101	1226	1141	85
102	1191	1140	51
103	1211	1135	76
104	1225	1139	86
105	1215	1152	63
106	1174	1144	30
107	1232	1138	94
108	1263	1141	122
109	1232	1145	87
110	1195	1142	53
111	1200	1135	65
112	1204	1136	68
113	1212	1138	74
114	1204	1132	72
115	1205	1136	69
116	1219	1129	90
117	1224	1132	92
118	1221	1140	81
119	1224	1144	80
120	1216	1139	77
121	1219	1140	79
122	1239	1146	93
123	1234	1139	95
124	1219	1137	82
125	1223	1134	89
126	1231	1130	101
127	1223	1134	89
128	1218	1135	83
129	1231	1142	89
130	1201	1149	52
131	1189	1159	30
132	1219	1156	63
133	1226	1146	80
134	1219	1141	78
135	1227	1136	91
136	1211	1139	72
137	1204	1138	66
138	1182	1142	40
139	1207	1144	63
140	1233	1144	89
141	1221	1144	77
142	1218	1134	84
143	1238	1141	97
144	1232	1145	87
145	1226	1140	86
146	1207	1141	66
147	1229	1151	78
148	1218	1144	74
149	1224	1134	90
150	1239	1137	102
151	1237	1144	93
152	1231	1141	90
153	1227	1144	83
154	1229	1143	86
155	1233	1138	95
156	1211	1138	73
157	1209	1140	69
158	1221	1143	78
159	1256	1152	104
160	1244	1146	98
161	1217	1140	77
162	1222	1144	78
163	1220	1145	75
164	1215	1139	76
165	1225	1148	77
166	1220	1145	75
167	1214	1142	72
168	1233	1139	94
169	1238	1142	96
170	1213	1137	76
171	1205	1143	62
172	1223	1146	77
173	1221	1154	67
174	1222	1145	77
175	1238	1139	99
176	1244	1139	105
177	1227	1137	90
178	1222	1143	79
179	1257	1145	112
180	1245	1134	111
181	1226	1132	94
182	1222	1134	88
183	1237	1133	104
184	1229	1140	89
185	1231	1143	88
186	1243	1153	90
187	1257	1152	105
188	1259	1145	114
189	1255	1151	104
190	1247	1149	98
191	1245	1150	95
192	1228	1136	92
193	1250	1126	124
194	1254	1130	124
195	1232	1153	79
196	1226	1147	79
197	1245	1146	99
198	1238	1145	93
199	1236	1150	86
200	1245	1146	99
201	1262	1146	116
202	1248	1135	113
203	1260	1132	128
204	1265	1139	126
205	1241	1146	95
206	1229	1143	86
207	1220	1139	81
208	1231	1152	79
209	1245	1152	93
210	1241	1145	96
211	1234	1137	97
212	1251	1140	111
213	1240	1137	103
214	1252	1136	116
215	1240	1134	106
216	1225	1135	90
217	1229	1141	88
218	1254	1148	106
219	1266	1144	122
220	1241	1132	109
221	1227	1128	99
222	1234	1132	102
223	1253	1138	115
224	1245	1138	107
225	1251	1136	115
226	1228	1134	94
227	1243	1130	113
228	1233	1132	101
229	1247	1146	101
230	1234	1145	89
231	1234	1138	96
232	1237	1139	98
233	1247	1140	107
234	1224	1139	85
235	1270	1132	138
236	1270	1134	136
237	1256	1144	112
238	1241	1145	96
239	1245	1147	98
240	1245	1150	95
241	1228	1150	78
242	1227	1137	90
243	1243	1138	105
244	1254	1144	110
245	1269	1157	112
246	1257	1149	108
247	1250	1148	102
248	1256	1143	113
249	1264	1137	127
250	1260	1145	115
251	1252	1140	112
252	1246	1141	105
253	1288	1148	140
254	1279	1146	133
255	1273	1151	122
256	1259	1137	122
257	1277	1142	135
258	1265	1151	114
259	1263	1150	113
260	1281	1143	138
261	1294	1140	154
262	1295	1133	162
263	1298	1139	159
264	1294	1142	152
265	1305	1136	169
266	1300	1138	162
267	1305	1136	169
268	1305	1135	170
269	1326	1141	185
270	1305	1142	163
271	1318	1148	170
272	1332	1148	184
273	1314	1149	165
274	1291	1138	153
275	1326	1139	187
276	1330	1147	183
277	1351	1143	208
278	1352	1146	206
279	1340	1140	200
280	1330	1130	200
281	1340	1136	204
282	1335	1145	190
283	1335	1139	196
284	1336	1139	197
285	1347	1148	199
286	1349	1146	203
287	1376	1152	224
288	1370	1152	218
289	1368	1150	218
290	1346	1150	196
291	1349	1147	202
292	1363	1140	223
293	1360	1146	214
294	1375	1142	233
295	1396	1143	253
296	1387	1148	239
297	1385	1158	227
298	1383	1153	230
299	1375	1147	228
300	1354	1142	212
301	1366	1150	216
302	1393	1143	250
303	1413	1149	264
304	1408	1147	261
305	1413	1135	278
306	1403	1123	280
307	1429	1134	295
308	1435	1148	287
309	1429	1143	286
310	1454	1144	310
311	1440	1139	301
312	1409	1128	281
313	1445	1137	308
314	1455	1142	313
315	1457	1143	314
316	1449	1135	314
317	1447	1130	317
318	1454	1134	320
319	1481	1136	345
320	1495	1140	355
321	1493	1138	355
322	1508	1138	370
323	1532	1133	399
324	1528	1131	397
325	1540	1136	404
326	1529	1139	390
327	1545	1143	402
328	1555	1154	401
329	1539	1150	389
330	1548	1151	397
331	1558	1159	399
332	1540	1148	392
333	1565	1151	414
334	1578	1142	436
335	1598	1139	459
336	1599	1149	450
337	1587	1139	448
338	1575	1140	435
339	1592	1146	446
340	1609	1150	459
341	1624	1158	466
342	1622	1149	473
343	1631	1140	491
344	1623	1136	487
345	1649	1145	504
346	1673	1141	532
347	1672	1144	528
348	1651	1145	506
349	1654	1143	511
350	1685	1142	543
351	1707	1141	566
352	1705	1137	568
353	1702	1140	562
354	1680	1143	537
355	1714	1147	567
356	1690	1140	550
357	1683	1141	542
358	1743	1143	600
359	1749	1143	606
360	1721	1146	575
361	1758	1148	610
362	1754	1140	614
363	1774	1134	640
364	1774	1136	638
365	1784	1129	655
366	1825	1125	700
367	1823	1144	679
368	1816	1136	680
369	1829	1140	689
370	1843	1142	701
371	1843	1146	697
372	1859	1151	708
373	1859	1143	716
374	1851	1140	711
375	1850	1139	711
376	1844	1140	704
377	1846	1150	696
378	1891	1153	738
379	1904	1142	762
380	1910	1131	779
381	1917	1141	776
382	1970	1150	820
383	1973	1153	820
384	1937	1140	797
385	1935	1141	794
386	1929	1135	794
387	1940	1141	799
388	1943	1149	794
389	1980	1132	848
390	1957	1135	822
391	1948	1155	793
392	1982	1154	828
393	2011	1147	864
394	2005	1151	854
395	2016	1153	863
396	2052	1147	905
397	2047	1148	899
398	2044	1156	888
399	2041	1150	891
400	2044	1152	892
401	2063	1155	908
402	2061	1142	919
403	2082	1151	931
404	2091	1142	949
405	2105	1140	965
406	2124	1146	978
407	2119	1144	975
408	2098	1141	957
409	2113	1141	972
410	2129	1147	982
411	2148	1150	998
412	2154	1143	1011
413	2158	1154	1004
414	2175	1146	1029
415	2213	1142	1071
416	2196	1136	1060
417	2182	1134	1048
418	2211	1133	1078
419	2212	1140	1072
420	2196	1151	1045
421	2196	1149	1047
422	2214	1148	1066
423	2233	1147	1086
424	2198	1142	1056
425	2245	1142	1103
426	2267	1142	1125
427	2282	1144	1138
428	2244	1146	1098
429	2241	1150	1091
430	2271	1147	1124
431	2270	1143	1127
432	2227	1135	1092
433	2311	1143	1168
434	2339	1146	1193
435	2319	1147	1172
436	2343	1140	1203
437	2331	1131	1200
438	2325	1145	1180
439	2347	1146	1201
440	2349	1151	1198
441	2362	1148	1214
442	2364	1151	1213
443	2337	1148	1189
444	2350	1141	1209
445	2425	1142	1283
446	2400	1130	1270
447	2388	1143	1245
448	2329	1153	1176
449	2365	1149	1216
450	2418	1145	1273
451	2420	1146	1274
452	2402	1147	1255
453	2395	1147	1248
454	2433	1138	1295
455	2487	1139	1348
456	2483	1133	1350
457	2411	1135	1276
458	2416	1139	1277
459	2504	1150	1354
460	2519	1148	1371
461	2513	1134	1379
462	2518	1134	1384
463	2545	1134	1411
464	2538	1132	1406
465	2520	1138	1382
466	2532	1141	1391
467	2539	1150	1389
468	2505	1147	1358
469	2573	1156	1417
470	2610	1153	1457
471	2574	1137	1437
472	2535	1130	1405
473	2589	1137	1452
474	2583	1136	1447
475	2587	1133	1454
476	2585	1142	1443
477	2621	1148	1473
478	2621	1143	1478
479	2617	1141	1476
480	2625	1150	1475
481	2637	1141	1496
482	2638	1132	1506
483	2665	1148	1517
484	2663	1146	1517
485	2690	1143	1547
486	2686	1136	1550
487	2715	1141	1574
488	2695	1141	1554
489	2663	1129	1534
490	2685	1127	1558
491	2689	1140	1549
492	2705	1140	1565
493	2715	1145	1570
494	2721	1139	1582
495	2734	1140	1594
496	2767	1146	1621
497	2792	1156	1636
498	2765	1150	1615
499	2770	1149	1621
500	2778	1145	1633
501	2815	1138	1677
502	2799	1141	1658
503	2831	1141	1690
504	2836	1142	1694
505	2829	1142	1687
506	2856	1141	1715
507	2809	1153	1656
508	2814	1158	1656
509	2832	1132	1700
510	2820	1122	1698
511	2827	1136	1691
512	2861	1147	1714
513	2890	1153	1737
514	2879	1134	1745
515	2930	1141	1789
516	2898	1146	1752
517	2859	1144	1715
518	2917	1139	1778
519	2912	1136	1776
520	2847	1139	1708
521	2890	1144	1746
522	2945	1139	1806
523	2964	1133	1831
524	2953	1143	1810
525	2973	1138	1835
526	2989	1144	1845
527	3005	1147	1858
528	3034	1139	1895
529	3020	1133	1887
530	3006	1122	1884
531	2991	1133	1858
532	2973	1136	1837
533	3004	1143	1861
534	3018	1141	1877
535	2992	1134	1858
536	3042	1131	1911
537	3090	1144	1946
538	3070	1138	1932
539	3132	1134	1998
540	3067	1134	1933
541	3034	1142	1892
542	3074	1151	1923
543	3090	1144	1946
544	3140	1145	1995
545	3131	1148	1983
546	3086	1141	1945
547	3124	1140	1984
548	3140	1145	1995
549	3150	1142	2008
550	3162	1144	2018
551	3193	1142	2051
552	3200	1135	2065
553	3203	1147	2056
554	3207	1150	2057
555	3236	1144	2092
556	3219	1144	2075
557	3222	1153	2069
558	3237	1146	2091
559	3249	1142	2107
560	3281	1147	2134
561	3307	1147	2160
562	3296	1132	2164
563	3306	1130	2176
564	3294	1149	2145
565	3312	1144	2168
566	3330	1147	2183
567	3339	1140	2199
568	3329	1131	2198
569	3390	1148	2242
570	3396	1155	2241
571	3386	1149	2237
572	3394	1140	2254
573	3356	1140	2216
574	3370	1137	2233
575	3411	1139	2272
576	3389	1146	2243
577	3370	1147	2223
578	3423	1149	2274
579	3467	1137	2330
580	3475	1136	2339
581	3486	1144	2342
582	3489	1139	2350
583	3504	1142	2362
584	3474	1150	2324
585	3459	1155	2304
586	3500	1149	2351
587	3475	1148	2327
588	3483	1145	2338
589	3528	1147	2381
590	3526	1141	2385
591	3551	1145	2406
592	3564	1137	2427
593	3626	1124	2502
594	3594	1133	2461
595	3592	1151	2441
596	3568	1152	2416
597	3557	1138	2419
598	3578	1138	2440
599	3587	1152	2435
600	3547	1144	2403
601	3580	1142	2438
602	3628	1144	2484
603	3634	1141	2493
604	3643	1147	2496
605	3673	1145	2528
606	3681	1145	2536
607	3710	1147	2563
608	3680	1142	2538
609	3753	1142	2611
610	3706	1140	2566
611	3703	1149	2554
612	3764	1142	2622
613	3779	1140	2639
614	3837	1146	2691
615	3845	1147	2698
616	3825	1144	2681
617	3813	1140	2673
618	3805	1137	2668
619	3802	1141	2661
620	3760	1139	2621
621	3798	1132	2666
622	3824	1133	2691
623	3827	1137	2690
624	3865	1144	2721
625	3899	1145	2754
626	3853	1148	2705
627	3863	1156	2707
628	3935	1146	2789
629	3938	1141	2797
630	3880	1144	2736
631	3904	1138	2766
632	3921	1140	2781
633	3967	1145	2822
634	3959	1141	2818
635	3935	1148	2787
636	3926	1141	2785
637	3937	1142	2795
638	3895	1143	2752
639	3941	1141	2800
640	3959	1132	2827
641	3934	1132	2802
642	3930	1132	2798
643	3930	1134	2796
644	3987	1134	2853
645	3950	1147	2803
646	3933	1150	2783
647	3998	1149	2849
648	4003	1146	2857
649	4052	1146	2906
650	4017	1143	2874
651	4061	1148	2913
652	4078	1141	2937
653	4032	1144	2888
654	4058	1146	2912
655	4090	1137	2953
656	4080	1143	2937
657	4100	1145	2955
658	4145	1142	3003
659	4162	1152	3010
660	4114	1145	2969
661	4097	1143	2954
662	4128	1135	2993
663	4163	1133	3030
664	4099	1136	2963
665	4120	1148	2972
666	4114	1150	2964
667	4128	1152	2976
668	4142	1143	2999
669	4178	1141	3037
670	4205	1142	3063
671	4216	1146	3070
672	4235	1152	3083
673	4251	1149	3102
674	4180	1141	3039
675	4182	1154	3028
676	4173	1146	3027
677	4200	1141	3059
678	4233	1151	3082
679	4169	1138	3031
680	4164	1132	3032
681	4233	1146	3087
682	4238	1145	3093
683	4187	1138	3049
684	4195	1144	3051
685	4185	1143	3042
686	4177	1146	3031
687	4216	1143	3073
688	4233	1146	3087
689	4263	1143	3120
690	4247	1140	3107
691	4209	1139	3070
692	4287	1148	3139
693	4247	1154	3093
694	4232	1145	3087
695	4251	1137	3114
696	4233	1142	3091
697	4270	1140	3130
698	4274	1147	3127
699	4267	1148	3119
700	4279	1148	3131
701	4259	1154	3105
702	4228	1143	3085
703	4225	1154	3071
704	4241	1153	3088
705	4230	1149	3081
706	4278	1147	3131
707	4269	1163	3106
708	4237	1147	3090
709	4224	1142	3082
710	4253	1147	3106
711	4249	1142	3107
712	4305	1129	3176
713	4314	1145	3169
714	4306	1148	3158
715	4318	1142	3176
716	4317	1137	3180
717	4307	1132	3175
718	4360	1143	3217
719	4333	1147	3186
720	4293	1141	3152
721	4300	1141	3159
722	4281	1137	3144
723	4326	1137	3189
724	4355	1138	3217
725	4282	1148	3134
726	4233	1148	3085
727	4316	1144	3172
728	4317	1130	3187
729	4266	1126	3140
730	4238	1137	3101
731	4312	1144	3168
732	4331	1134	3197
733	4315	1141	3174
734	4257	1139	3118
735	4295	1143	3152
736	4328	1146	3182
737	4321	1137	3184
738	4330	1135	3195
739	4312	1136	3176
740	4293	1144	3149
741	4314	1146	3168
742	4290	1148	3142
743	4300	1147	3153
744	4286	1133	3153
745	4224	1137	3087
746	4260	1139	3121
747	4322	1142	3180
748	4351	1147	3204
749	4332	1142	3190
750	4285	1134	3151
751	4257	1141	3116
752	4258	1142	3116
753	4303	1135	3168
754	4271	1143	3128
755	4254	1150	3104
756	4314	1135	3179
757	4339	1135	3204
758	4304	1145	3159
759	4302	1148	3154
760	4310	1139	3171
761	4312	1148	3164
762	4341	1143	3198
763	4393	1143	3250
764	4392	1146	3246
765	4398	1137	3261
766	4314	1140	3174
767	4286	1142	3144
768	4370	1141	3229
769	4414	1150	3264
770	4407	1138	3269
771	4367	1129	3238
772	4297	1130	3167
773	4344	1145	3199
774	4436	1144	3292
775	4415	1145	3270
776	4374	1136	3238
777	4404	1147	3257
778	4393	1155	3238
779	4382	1145	3237
780	4389	1144	3245
781	4428	1154	3274
782	4440	1151	3289
783	4358	1141	3217
784	4362	1135	3227
785	4359	1134	3225
786	4364	1143	3221
787	4413	1132	3281
788	4425	1136	3289
789	4396	1135	3261
790	4426	1128	3298
791	4440	1132	3308
792	4439	1139	3300
793	4393	1132	3261
794	4352	1138	3214
795	4387	1147	3240
796	4417	1145	3272
797	4434	1150	3284
798	4505	1154	3351
799	4411	1145	3266
800	4449	1142	3307
801	4459	1142	3317
802	4492	1147	3345
803	4498	1150	3348
804	4469	1149	3320
805	4533	1151	3382
806	4528	1137	3391
807	4584	1148	3436
808	4512	1142	3370
809	4470	1140	3330
810	4518	1133	3385
811	4530	1136	3394
812	4524	1131	3393
813	4590	1125	3465
814	4647	1136	3511
815	4571	1143	3428
816	4501	1144	3357
817	4577	1149	3428
818	4621	1144	3477
819	4555	1144	3411
820	4468	1146	3322
821	4635	1150	3485
822	4673	1133	3540
823	4679	1137	3542
824	4661	1151	3510
825	4690	1139	3551
826	4700	1123	3577
827	4714	1138	3576
828	4687	1145	3542
829	4705	1142	3563
830	4714	1139	3575
831	4686	1132	3554
832	4709	1139	3570
833	4742	1146	3596
834	4731	1139	3592
835	4745	1154	3591
836	4697	1153	3544
837	4704	1147	3557
838	4721	1138	3583
839	4774	1141	3633
840	4765	1141	3624
841	4819	1135	3684
842	4834	1130	3704
843	4816	1133	3683
844	4873	1140	3733
845	4840	1142	3698
846	4789	1146	3643
847	4777	1148	3629
848	4813	1135	3678
849	4835	1144	3691
850	4783	1140	3643
851	4770	1140	3630
852	4777	1132	3645
853	4808	1129	3679
854	4811	1137	3674
855	4862	1142	3720
856	4899	1131	3768
857	4925	1123	3802
858	4910	1134	3776
859	4943	1142	3801
860	5010	1143	3867
861	5035	1146	3889
862	5058	1155	3903
863	5052	1147	3905
864	5025	1137	3888
865	5053	1142	3911
866	5049	1125	3924
867	5049	1135	3914
868	5194	1157	4037
869	5178	1150	4028
870	5172	1149	4023
871	5181	1143	4038
872	5223	1135	4088
873	5193	1136	4057
874	5242	1127	4115
875	5253	1136	4117
876	5232	1143	4089
877	5266	1146	4120
878	5293	1141	4152
879	5324	1140	4184
880	5300	1140	4160
881	5290	1140	4150
882	5311	1143	4168
883	5305	1145	4160
884	5342	1139	4203
885	5405	1135	4270
886	5384	1140	4244
887	5398	1148	4250
888	5419	1140	4279
889	5374	1130	4244
890	5407	1138	4269
891	5451	1139	4312
892	5436	1134	4302
893	5466	1145	4321
894	5404	1142	4262
895	5460	1139	4321
896	5448	1143	4305
897	5476	1139	4337
898	5432	1137	4295
899	5443	1140	4303
900	5366	1136	4230
901	5403	1132	4271
902	5443	1131	4312
903	5455	1140	4315
904	5505	1144	4361
905	5525	1136	4389
906	5565	1138	4427
907	5595	1142	4453
908	5574	1140	4434
909	5528	1139	4389
910	5555	1131	4424
911	5597	1140	4457
912	5670	1138	4532
913	5720	1140	4580
914	5733	1145	4588
915	5709	1144	4565
916	5822	1142	4680
917	5934	1155	4779
918	5884	1150	4734
919	5901	1132	4769
920	5925	1136	4789
921	5925	1144	4781
922	5946	1148	4798
923	5958	1155	4803
924	5971	1145	4826
925	5945	1134	4811
926	6051	1139	4912
927	6144	1142	5002
928	6158	1138	5020
929	6061	1135	4926
930	6079	1139	4940
931	6155	1144	5011
932	6161	1135	5026
933	6153	1142	5011
934	6132	1140	4992
935	6188	1134	5054
936	6154	1148	5006
937	6148	1145	5003
938	6252	1140	5112
939	6320	1144	5176
940	6278	1140	5138
941	6306	1143	5163
942	6338	1137	5201
943	6341	1136	5205
944	6306	1145	5161
945	6229	1143	5086
946	6291	1129	5162
947	6407	1134	5273
948	6351	1144	5207
949	6357	1151	5206
950	6360	1136	5224
951	6329	1141	5188
952	6345	1152	5193
953	6327	1147	5180
954	6383	1136	5247
955	6458	1141	5317
956	6455	1138	5317
957	6482	1140	5342
958	6410	1142	5268
959	6463	1139	5324
960	6506	1127	5379
961	6467	1132	5335
962	6383	1138	5245
963	6434	1136	5298
964	6491	1140	5351
965	6550	1146	5404
966	6580	1143	5437
967	6588	1144	5444
968	6641	1143	5498
969	6651	1140	5511
970	6641	1140	5501
971	6659	1144	5515
972	6662	1142	5520
973	6604	1142	5462
974	6585	1147	5438
975	6671	1139	5532
976	6639	1144	5495
977	6585	1153	5432
978	6660	1153	5507
979	6741	1146	5595
980	6644	1148	5496
981	6642	1143	5499
982	6699	1144	5555
983	6768	1147	5621
984	6723	1149	5574
985	6734	1151	5583
986	6676	1144	5532
987	6683	1136	5547
988	6726	1144	5582
989	6735	1145	5590
990	6733	1135	5598
991	6728	1142	5586
992	6763	1144	5619
993	6825	1146	5679
994	6813	1151	5662
995	6810	1147	5663
996	6759	1145	5614
997	6751	1138	5613
998	6775	1133	5642
999	6766	1131	5635
1000	6716	1135	5581
1001	6734	1145	5589
1002	6784	1152	5632
1003	6827	1149	5678
1004	6781	1138	5643
1005	6807	1131	5676
1006	6826	1143	5683
1007	6839	1151	5688
1008	6814	1142	5672
1009	6791	1134	5657
1010	6815	1132	5683
1011	6762	1143	5619
1012	6854	1142	5712
1013	6881	1134	5747
1014	6837	1136	5701
1015	6841	1148	5693
1016	6799	1140	5659
1017	6782	1143	5639
1018	6824	1139	5685
1019	6836	1139	5697
1020	6862	1137	5725
1021	6839	1141	5698
1022	6815	1147	5668
1023	6766	1138	5628
1024	6789	1126	5663
1025	6806	1142	5664
1026	6834	1143	5691
1027	6873	1148	5725
1028	6852	1146	5706
1029	6882	1140	5742
1030	6809	1137	5672
1031	6811	1139	5672
1032	6808	1138	5670
1033	6851	1143	5708
1034	6820	1134	5686
1035	6780	1136	5644
1036	6793	1141	5652
1037	6876	1143	5733
1038	6876	1137	5739
1039	6898	1138	5760
1040	6857	1132	5725
1041	6836	1142	5694
1042	6853	1139	5714
1043	6833	1139	5694
1044	6811	1139	5672
1045	6765	1138	5627
1046	6801	1138	5663
1047	6852	1140	5712
1048	6869	1149	5720
1049	6770	1145	5625
1050	6765	1144	5621
1051	6816	1148	5668
1052	6830	1137	5693
1053	6868	1140	5728
1054	6820	1138	5682
1055	6780	1142	5638
1056	6737	1145	5592
1057	6803	1151	5652
1058	6779	1151	5628
1059	6781	1152	5629
1060	6863	1151	5712
1061	6845	1142	5703
1062	6851	1148	5703
1063	6839	1149	5690
1064	6817	1147	5670
1065	6817	1153	5664
1066	6788	1155	5633
1067	6795	1155	5640
1068	6771	1155	5616
1069	6711	1150	5561
1070	6711	1137	5574
1071	6753	1142	5611
1072	6718	1144	5574
1073	6736	1144	5592
1074	6765	1147	5618
1075	6681	1152	5529
1076	6716	1156	5560
1077	6702	1148	5554
1078	6686	1141	5545
1079	6663	1145	5518
1080	6650	1145	5505
1081	6703	1139	5564
1082	6674	1139	5535
1083	6635	1142	5493
1084	6588	1141	5447
1085	6591	1144	5447
1086	6539	1145	5394
1087	6526	1140	5386
1088	6468	1151	5317
1089	6514	1155	5359
1090	6570	1139	5431
1091	6632	1139	5493
1092	6617	1144	5473
1093	6611	1150	5461
1094	6645	1147	5498
1095	6688	1144	5544
1096	6717	1143	5574
1097	6696	1143	5553
1098	6771	1150	5621
1099	6788	1150	5638
1100	6712	1145	5567
1101	6737	1134	5603
1102	6699	1135	5564
1103	6691	1139	5552
1104	6686	1148	5538
1105	6696	1139	5557
1106	6712	1128	5584
1107	6687	1131	5556
1108	6701	1136	5565
1109	6696	1137	5559
1110	6698	1137	5561
1111	6710	1138	5572
1112	6634	1134	5500
1113	6588	1132	5456
1114	6646	1150	5496
1115	6670	1145	5525
1116	6641	1140	5501
1117	6690	1136	5554
1118	6657	1135	5522
1119	6633	1140	5493
1120	6636	1146	5490
1121	6643	1145	5498
1122	6643	1144	5499
1123	6621	1141	5480
1124	6671	1145	5526
1125	6614	1156	5458
1126	6618	1146	5472
1127	6628	1142	5486
1128	6579	1142	5437
1129	6514	1131	5383
1130	6544	1138	5406
1131	6620	1141	5479
1132	6592	1134	5458
1133	6650	1139	5511
1134	6691	1140	5551
1135	6661	1144	5517
1136	6755	1145	5610
1137	6776	1147	5629
1138	6649	1142	5507
1139	6664	1141	5523
1140	6612	1147	5465
1141	6648	1150	5498
1142	6675	1147	5528
1143	6636	1151	5485
1144	6653	1140	5513
1145	6649	1139	5510
1146	6654	1136	5518
1147	6678	1139	5539
1148	6674	1146	5528
1149	6739	1140	5599
1150	6717	1138	5579
1151	6763	1139	5624
1152	6771	1144	5627
1153	6729	1144	5585
1154	6705	1129	5576
1155	6706	1129	5577
1156	6734	1152	5582
1157	6710	1152	5558
1158	6717	1139	5578
1159	6704	1138	5566
1160	6620	1139	5481
1161	6749	1140	5609
1162	6683	1138	5545
1163	6677	1137	5540
1164	6694	1139	5555
1165	6662	1140	5522
1166	6705	1131	5574
1167	6734	1134	5600
1168	6748	1137	5611
1169	6762	1146	5616
1170	6771	1143	5628
1171	6793	1144	5649
1172	6731	1141	5590
1173	6762	1137	5625
1174	6803	1133	5670
1175	6812	1138	5674
1176	6777	1145	5632
1177	6870	1157	5713
1178	6857	1153	5704
1179	6828	1149	5679
1180	6847	1148	5699
1181	6907	1138	5769
1182	6882	1138	5744
1183	6886	1148	5738
1184	6896	1146	5750
1185	6925	1141	5784
1186	6950	1144	5806
1187	6937	1145	5792
1188	6902	1143	5759
1189	6966	1149	5817
1190	6904	1147	5757
1191	6934	1145	5789
1192	6936	1152	5784
1193	6960	1136	5824
1194	6892	1142	5750
1195	6923	1148	5775
1196	6977	1136	5841
1197	7015	1130	5885
1198	6941	1136	5805
1199	6960	1141	5819
1200	7036	1149	5887
1201	7048	1146	5902
1202	7033	1135	5898
1203	7056	1133	5923
1204	7086	1143	5943
1205	7027	1150	5877
1206	7050	1149	5901
1207	7066	1132	5934
1208	7164	1134	6030
1209	7112	1142	5970
1210	7097	1152	5945
1211	7126	1156	5970
1212	7150	1141	6009
1213	7222	1143	6079
1214	7272	1148	6124
1215	7271	1142	6129
1216	7252	1136	6116
1217	7261	1147	6114
1218	7216	1141	6075
1219	7212	1138	6074
1220	7202	1150	6052
1221	7279	1155	6124
1222	7309	1146	6163
1223	7302	1149	6153
1224	7377	1136	6241
1225	7458	1132	6326
1226	7447	1141	6306
1227	7415	1144	6271
1228	7433	1137	6296
1229	7439	1147	6292
1230	7454	1134	6320
1231	7435	1144	6291
1232	7392	1148	6244
1233	7487	1150	6337
1234	7486	1140	6346
1235	7497	1144	6353
1236	7506	1143	6363
1237	7454	1145	6309
1238	7477	1149	6328
1239	7520	1141	6379
1240	7544	1144	6400
1241	7608	1149	6459
1242	7661	1154	6507
1243	7632	1139	6493
1244	7586	1131	6455
1245	7715	1147	6568
1246	7666	1146	6520
1247	7653	1136	6517
1248	7712	1138	6574
1249	7665	1143	6522
1250	7636	1140	6496
1251	7598	1144	6454
1252	7744	1153	6591
1253	7827	1149	6678
1254	7755	1147	6608
1255	7773	1156	6617
1256	7823	1158	6665
1257	7850	1150	6700
1258	7777	1138	6639
1259	7818	1142	6676
1260	7895	1148	6747
1261	7937	1157	6780
1262	7944	1151	6793
1263	7910	1147	6763
1264	7848	1144	6704
1265	7930	1151	6779
1266	7943	1149	6794
1267	7982	1140	6842
1268	8006	1134	6872
1269	7985	1139	6846
1270	8008	1140	6868
1271	8087	1138	6949
1272	8110	1141	6969
1273	8138	1141	6997
1274	8121	1142	6979
1275	8140	1152	6988
1276	8164	1144	7020
1277	8226	1139	7087
1278	8253	1150	7103
1279	8256	1144	7112
1280	8192	1149	7043
1281	8169	1150	7019
1282	8243	1139	7104
1283	8294	1148	7146
1284	8348	1137	7211
1285	8375	1138	7237
1286	8351	1148	7203
1287	8394	1154	7240
1288	8398	1150	7248
1289	8403	1142	7261
1290	8355	1143	7212
1291	8382	1152	7230
1292	8364	1140	7224
1293	8423	1139	7284
1294	8439	1149	7290
1295	8524	1152	7372
1296	8537	1148	7389
1297	8509	1151	7358
1298	8557	1149	7408
1299	8567	1157	7410
1300	8500	1156	7344
1301	8568	1148	7420
1302	8611	1143	7468
1303	8587	1140	7447
1304	8539	1139	7400
1305	8632	1149	7483
1306	8700	1155	7545
1307	8689	1145	7544
1308	8617	1132	7485
1309	8693	1139	7554
1310	8729	1144	7585
1311	8716	1147	7569
1312	8713	1136	7577
1313	8741	1141	7600
1314	8793	1135	7658
1315	8863	1139	7724
1316	8800	1145	7655
1317	8828	1148	7680
1318	8960	1142	7818
1319	8933	1144	7789
1320	8848	1148	7700
1321	8899	1146	7753
1322	8937	1141	7796
1323	9012	1136	7876
1324	8998	1143	7855
1325	9026	1137	7889
1326	9071	1140	7931
1327	9097	1141	7956
1328	9082	1131	7951
1329	9036	1135	7901
1330	9040	1141	7899
1331	9105	1148	7957
1332	9042	1134	7908
1333	9014	1135	7879
1334	9110	1133	7977
1335	9151	1136	8015
1336	9220	1158	8062
1337	9270	1160	8110
1338	9191	1133	8058
1339	9172	1141	8031
1340	9206	1149	8057
1341	9268	1141	8127
1342	9285	1144	8141
1343	9338	1158	8180
1344	9365	1153	8212
1345	9281	1137	8144
1346	9213	1133	8080
1347	9298	1142	8156
1348	9348	1140	8208
1349	9358	1145	8213
1350	9325	1146	8179
1351	9371	1142	8229
1352	9333	1146	8187
1353	9323	1147	8176
1354	9333	1144	8189
1355	9404	1145	8259
1356	9441	1148	8293
1357	9415	1148	8267
1358	9431	1139	8292
1359	9463	1144	8319
1360	9374	1152	8222
1361	9438	1151	8287
1362	9445	1149	8296
1363	9507	1151	8356
1364	9546	1156	8390
1365	9513	1154	8359
1366	9459	1149	8310
1367	9491	1146	8345
1368	9494	1149	8345
1369	9554	1154	8400
1370	9561	1154	8407
1371	9521	1145	8376
1372	9564	1131	8433
1373	9606	1135	8471
1374	9594	1150	8444
1375	9550	1159	8391
1376	9608	1144	8464
1377	9607	1145	8462
1378	9533	1143	8390
1379	9656	1137	8519
1380	9618	1140	8478
1381	9570	1140	8430
1382	9777	1139	8638
1383	9767	1144	8623
1384	9674	1152	8522
1385	9624	1140	8484
1386	9740	1137	8603
1387	9764	1139	8625
1388	9724	1142	8582
1389	9779	1148	8631
1390	9778	1140	8638
1391	9809	1143	8666
1392	9836	1148	8688
1393	9724	1141	8583
1394	9749	1142	8607
1395	9832	1138	8694
1396	9706	1131	8575
1397	9696	1139	8557
1398	9681	1142	8539
1399	9672	1140	8532
1400	9673	1140	8533
1401	9715	1147	8568
1402	9751	1140	8611
1403	9749	1142	8607
1404	9760	1141	8619
1405	9841	1131	8710
1406	9876	1147	8729
1407	9795	1148	8647
1408	9724	1140	8584
1409	9755	1149	8606
1410	9781	1152	8629
1411	9725	1146	8579
1412	9784	1148	8636
1413	9831	1147	8684
1414	9811	1135	8676
1415	9811	1134	8677
1416	9763	1155	8608
1417	9750	1155	8595
1418	9806	1146	8660
1419	9811	1142	8669
1420	9717	1142	8575
1421	9740	1151	8589
1422	9816	1153	8663
1423	9785	1149	8636
1424	9752	1144	8608
1425	9779	1142	8637
1426	9805	1139	8666
1427	9760	1143	8617
1428	9794	1136	8658
1429	9842	1137	8705
1430	9808	1140	8668
1431	9812	1151	8661
1432	9787	1148	8639
1433	9767	1148	8619
1434	9755	1135	8620
1435	9673	1140	8533
1436	9741	1148	8593
1437	9896	1150	8746
1438	9876	1142	8734
1439	9812	1140	8672
1440	9729	1146	8583
1441	9798	1143	8655
1442	9767	1150	8617
1443	9771	1142	8629
1444	9834	1149	8685
1445	9832	1154	8678
1446	9767	1148	8619
1447	9713	1149	8564
1448	9718	1146	8572
1449	9709	1140	8569
1450	9811	1139	8672
1451	9803	1150	8653
1452	9715	1151	8564
1453	9731	1136	8595
1454	9688	1133	8555
1455	9685	1142	8543
1456	9785	1144	8641
1457	9645	1146	8499
1458	9668	1142	8526
1459	9691	1138	8553
1460	9656	1144	8512
1461	9632	1143	8489
1462	9639	1134	8505
1463	9715	1137	8578
1464	9681	1128	8553
1465	9699	1137	8562
1466	9621	1143	8478
1467	9472	1142	8330
1468	9551	1143	8408
1469	9702	1145	8557
1470	9706	1150	8556
1471	9730	1149	8581
1472	9631	1151	8480
1473	9619	1147	8472
1474	9568	1144	8424
1475	9570	1148	8422
1476	9570	1152	8418
1477	9550	1154	8396
1478	9530	1145	8385
1479	9392	1149	8243
1480	9374	1145	8229
1481	9464	1137	8327
1482	9472	1144	8328
1483	9464	1149	8315
1484	9497	1140	8357
1485	9624	1145	8479
1486	9659	1147	8512
1487	9604	1142	8462
1488	9538	1146	8392
1489	9559	1149	8410
1490	9530	1147	8383
1491	9603	1149	8454
1492	9595	1153	8442
1493	9515	1159	8356
1494	9528	1148	8380
1495	9517	1155	8362
1496	9426	1146	8280
1497	9428	1141	8287
1498	9545	1143	8402
1499	9568	1152	8416
1500	9565	1143	8422
1501	9545	1138	8407
1502	9500	1138	8362
1503	9503	1148	8355
1504	9413	1146	8267
1505	9394	1148	8246
1506	9380	1144	8236
1507	9423	1146	8277
1508	9457	1157	8300
1509	9451	1146	8305
1510	9422	1143	8279
1511	9437	1147	8290
1512	9391	1148	8243
1513	9413	1145	8268
1514	9414	1140	8274
1515	9381	1146	8235
1516	9421	1147	8274
1517	9410	1139	8271
1518	9408	1138	8270
1519	9426	1156	8270
1520	9352	1150	8202
1521	9359	1151	8208
1522	9333	1152	8181
1523	9341	1150	8191
1524	9403	1147	8256
1525	9441	1143	8298
1526	9358	1144	8214
1527	9320	1143	8177
1528	9290	1145	8145
1529	9283	1150	8133
1530	9252	1143	8109
1531	9284	1145	8139
1532	9331	1150	8181
1533	9315	1144	8171
1534	9333	1144	8189
1535	9306	1152	8154
1536	9257	1147	8110
1537	9202	1142	8060
1538	9239	1133	8106
1539	9304	1141	8163
1540	9259	1145	8114
1541	9271	1147	8124
1542	9273	1140	8133
1543	9319	1143	8176
1544	9358	1151	8207
1545	9232	1148	8084
1546	9226	1144	8082
1547	9256	1142	8114
1548	9194	1145	8049
1549	9310	1143	8167
1550	9310	1134	8176
1551	9238	1142	8096
1552	9247	1143	8104
1553	9283	1141	8142
1554	9220	1144	8076
1555	9334	1148	8186
1556	9292	1141	8151
1557	9238	1141	8097
1558	9168	1136	8032
1559	9198	1142	8056
1560	9274	1144	8130
1561	9179	1148	8031
1562	9133	1146	7987
1563	9197	1147	8050
1564	9131	1138	7993
1565	9127	1131	7996
1566	9235	1136	8099
1567	9165	1142	8023
1568	9140	1144	7996
1569	9197	1143	8054
1570	9132	1140	7992
1571	9168	1140	8028
1572	9173	1140	8033
1573	9194	1144	8050
1574	9164	1143	8021
1575	9205	1147	8058
1576	9178	1145	8033
1577	9193	1150	8043
1578	9166	1148	8018
1579	9206	1159	8047
1580	9229	1157	8072
1581	9170	1157	8013
1582	9127	1161	7966
1583	9229	1150	8079
1584	9195	1141	8054
1585	9188	1148	8040
1586	9132	1151	7981
1587	9164	1145	8019
1588	9116	1140	7976
1589	9095	1140	7955
1590	9171	1151	8020
1591	9112	1154	7958
1592	9029	1142	7887
1593	9037	1142	7895
1594	9037	1145	7892
1595	9102	1145	7957
1596	9103	1142	7961
1597	9128	1136	7992
1598	9098	1137	7961
1599	9048	1150	7898
1600	9038	1146	7892
1601	8994	1154	7840
1602	9021	1151	7870
1603	9094	1140	7954
1604	9079	1138	7941
1605	9125	1145	7980
1606	9045	1141	7904
1607	9017	1139	7878
1608	9101	1140	7961
1609	8977	1151	7826
1610	9062	1155	7907
1611	9114	1150	7964
1612	9107	1134	7973
1613	9101	1146	7955
1614	9093	1150	7943
1615	9014	1132	7882
1616	8998	1130	7868
1617	9102	1143	7959
1618	9119	1145	7974
1619	9085	1134	7951
1620	9042	1131	7911
1621	8991	1142	7849
1622	9017	1142	7875
1623	9047	1146	7901
1624	9014	1137	7877
1625	9041	1145	7896
1626	9126	1145	7981
1627	9144	1138	8006
1628	9096	1147	7949
1629	9030	1148	7882
1630	9122	1144	7978
1631	9137	1147	7990
1632	9123	1133	7990
1633	9107	1141	7966
1634	9121	1147	7974
1635	9069	1142	7927
1636	9143	1141	8002
1637	9051	1141	7910
1638	9042	1131	7911
1639	9067	1138	7929
1640	9028	1142	7886
1641	9081	1150	7931
1642	9144	1141	8003
1643	9097	1141	7956
1644	9107	1144	7963
1645	9126	1152	7974
1646	9164	1145	8019
1647	9214	1141	8073
1648	9166	1142	8024
1649	9097	1145	7952
1650	9099	1142	7957
1651	9199	1147	8052
1652	9123	1151	7972
1653	9077	1145	7932
1654	9127	1136	7991
1655	9229	1131	8098
1656	9235	1143	8092
1657	9180	1143	8037
1658	9201	1141	8060
1659	9214	1143	8071
1660	9238	1137	8101
1661	9284	1143	8141
1662	9143	1137	8006
1663	9137	1134	8003
1664	9189	1150	8039
1665	9224	1151	8073
1666	9251	1140	8111
1667	9268	1142	8126
1668	9255	1151	8104
1669	9251	1151	8100
1670	9200	1139	8061
1671	9180	1128	8052
1672	9201	1138	8063
1673	9166	1142	8024
1674	9151	1147	8004
1675	9213	1145	8068
1676	9227	1136	8091
1677	9179	1134	8045
1678	9167	1138	8029
1679	9155	1130	8025
1680	9175	1126	8049
1681	9181	1144	8037
1682	9205	1148	8057
1683	9300	1142	8158
1684	9326	1147	8179
1685	9235	1141	8094
1686	9220	1144	8076
1687	9251	1139	8112
1688	9187	1142	8045
1689	9264	1143	8121
1690	9310	1131	8179
1691	9248	1142	8106
1692	9249	1151	8098
1693	9243	1142	8101
1694	9246	1145	8101
1695	9290	1148	8142
1696	9343	1139	8204
1697	9287	1143	8144
1698	9273	1147	8126
1699	9370	1151	8219
1700	9351	1142	8209
1701	9301	1141	8160
1702	9322	1139	8183
1703	9346	1139	8207
1704	9388	1143	8245
1705	9463	1145	8318
1706	9445	1137	8308
1707	9316	1143	8173
1708	9369	1155	8214
1709	9412	1151	8261
1710	9390	1152	8238
1711	9473	1147	8326
1712	9361	1147	8214
1713	9398	1144	8254
1714	9405	1151	8254
1715	9400	1148	8252
1716	9416	1143	8273
1717	9367	1148	8219
1718	9365	1146	8219
1719	9379	1148	8231
1720	9419	1144	8275
1721	9369	1144	8225
1722	9363	1143	8220
1723	9296	1141	8155
1724	9402	1138	8264
1725	9499	1151	8348
1726	9415	1151	8264
1727	9426	1139	8287
1728	9421	1140	8281
1729	9504	1150	8354
1730	9457	1147	8310
1731	9482	1148	8334
1732	9446	1158	8288
1733	9446	1145	8301
1734	9515	1143	8372
1735	9538	1151	8387
1736	9542	1135	8407
1737	9578	1139	8439
1738	9611	1137	8474
1739	9558	1140	8418
1740	9555	1142	8413
1741	9553	1145	8408
1742	9618	1148	8470
1743	9636	1153	8483
1744	9581	1139	8442
1745	9593	1138	8455
1746	9610	1153	8457
1747	9560	1157	8403
1748	9518	1152	8366
1749	9596	1152	8444
1750	9682	1158	8524
1751	9689	1155	8534
1752	9655	1139	8516
1753	9614	1142	8472
1754	9688	1146	8542
1755	9725	1149	8576
1756	9675	1145	8530
1757	9610	1141	8469
1758	9642	1139	8503
1759	9739	1146	8593
1760	9761	1150	8611
1761	9680	1141	8539
1762	9621	1151	8470
1763	9750	1150	8600
1764	9796	1144	8652
1765	9743	1148	8595
1766	9770	1142	8628
1767	9781	1132	8649
1768	9804	1131	8673
1769	9793	1134	8659
1770	9748	1143	8605
1771	9862	1147	8715
1772	9892	1148	8744
1773	9821	1143	8678
1774	9794	1140	8654
1775	9822	1142	8680
1776	9797	1149	8648
1777	9834	1154	8680
1778	9811	1144	8667
1779	9906	1139	8767
1780	9919	1140	8779
1781	9852	1145	8707
1782	9905	1151	8754
1783	9859	1151	8708
1784	9876	1149	8727
1785	9978	1156	8822
1786	9898	1144	8754
1787	9851	1144	8707
1788	9821	1142	8679
1789	9874	1146	8728
1790	9891	1151	8740
1791	9916	1150	8766
1792	9902	1146	8756
1793	9973	1145	8828
1794	10006	1150	8856
1795	10069	1145	8924
1796	10108	1132	8976
1797	10054	1141	8913
1798	10020	1144	8876
1799	10041	1146	8895
1800	9982	1135	8847
1801	9994	1148	8846
1802	10010	1154	8856
1803	10094	1151	8943
1804	10107	1144	8963
1805	10147	1137	9010
1806	10128	1136	8992
1807	10082	1140	8942
1808	10073	1144	8929
1809	10152	1144	9008
1810	10128	1141	8987
1811	10066	1146	8920
1812	9998	1140	8858
1813	10110	1132	8978
1814	10067	1140	8927
1815	10115	1145	8970
1816	10110	1143	8967
1817	10100	1147	8953
1818	10129	1135	8994
1819	10196	1142	9054
1820	10214	1144	9070
1821	10159	1144	9015
1822	10114	1154	8960
1823	10136	1150	8986
1824	10221	1144	9077
1825	10297	1138	9159
1826	10339	1129	9210
1827	10264	1145	9119
1828	10207	1140	9067
1829	10234	1143	9091
1830	10210	1137	9073
1831	10212	1140	9072
1832	10358	1138	9220
1833	10476	1140	9336
1834	10435	1141	9294
1835	10453	1133	9320
1836	10418	1141	9277
1837	10387	1147	9240
1838	10384	1134	9250
1839	10425	1139	9286
1840	10427	1142	9285
1841	10393	1135	9258
1842	10344	1137	9207
1843	10389	1146	9243
1844	10403	1150	9253
1845	10371	1143	9228
1846	10374	1135	9239
1847	10363	1139	9224
1848	10455	1150	9305
1849	10424	1153	9271
1850	10369	1153	9216
1851	10438	1148	9290
1852	10421	1141	9280
1853	10428	1138	9290
1854	10444	1143	9301
1855	10480	1146	9334
1856	10572	1147	9425
1857	10520	1138	9382
1858	10538	1137	9401
1859	10482	1137	9345
1860	10505	1139	9366
1861	10483	1157	9326
1862	10445	1152	9293
1863	10462	1136	9326
1864	10470	1147	9323
1865	10497	1150	9347
1866	10561	1135	9426
1867	10425	1137	9288
1868	10489	1143	9346
1869	10535	1136	9399
1870	10492	1137	9355
1871	10517	1145	9372
1872	10528	1139	9389
1873	10576	1144	9432
1874	10502	1149	9353
1875	10525	1149	9376
1876	10493	1147	9346
1877	10592	1142	9450
1878	10708	1142	9566
1879	10666	1144	9522
1880	10595	1153	9442
1881	10632	1149	9483
1882	10603	1143	9460
1883	10589	1141	9448
1884	10715	1152	9563
1885	10655	1151	9504
1886	10620	1150	9470
1887	10679	1144	9535
1888	10650	1136	9514
1889	10691	1149	9542
1890	10671	1150	9521
1891	10745	1138	9607
1892	10715	1133	9582
1893	10712	1145	9567
1894	10602	1151	9451
1895	10658	1149	9509
1896	10626	1148	9478
1897	10605	1144	9461
1898	10592	1138	9454
1899	10608	1145	9463
1900	10652	1143	9509
1901	10604	1142	9462
1902	10643	1140	9503
1903	10595	1135	9460
1904	10567	1124	9443
1905	10599	1130	9469
1906	10661	1131	9530
1907	10683	1142	9541
1908	10744	1141	9603
1909	10733	1139	9594
1910	10668	1150	9518
1911	10696	1148	9548
1912	10778	1145	9633
1913	10781	1136	9645
1914	10868	1140	9728
1915	10841	1141	9700
1916	10783	1136	9647
1917	10799	1145	9654
1918	10725	1142	9583
1919	10791	1140	9651
1920	10813	1146	9667
1921	10853	1143	9710
1922	10914	1146	9768
1923	10879	1133	9746
1924	10924	1138	9786
1925	10991	1149	9842
1926	10947	1141	9806
1927	10875	1140	9735
1928	10833	1139	9694
1929	10877	1136	9741
1930	10869	1136	9733
1931	10871	1134	9737
1932	10940	1130	9810
1933	10945	1134	9811
1934	10902	1142	9760
1935	10894	1149	9745
1936	10888	1143	9745
1937	10834	1138	9696
1938	10869	1135	9734
1939	10927	1139	9788
1940	10850	1143	9707
1941	10813	1141	9672
1942	10883	1133	9750
1943	10954	1140	9814
1944	10902	1147	9755
1945	10953	1155	9798
1946	10962	1143	9819
1947	10886	1145	9741
1948	11029	1155	9874
1949	11037	1154	9883
1950	10967	1145	9822
1951	10920	1145	9775
1952	10874	1148	9726
1953	10970	1146	9824
1954	11054	1142	9912
1955	11001	1138	9863
1956	10964	1143	9821
1957	10959	1135	9824
1958	11047	1141	9906
1959	11024	1142	9882
1960	10929	1137	9792
1961	10898	1149	9749
1962	10860	1147	9713
1963	10861	1140	9721
1964	10807	1152	9655
1965	10782	1147	9635
1966	10796	1138	9658
1967	10839	1137	9702
1968	10813	1147	9666
1969	10718	1144	9574
1970	10711	1141	9570
1971	10838	1137	9701
1972	10715	1141	9574
1973	10752	1135	9617
1974	10746	1138	9608
1975	10729	1136	9593
1976	10661	1131	9530
1977	10710	1140	9570
1978	10754	1133	9621
1979	10703	1136	9567
1980	10708	1148	9560
1981	10786	1143	9643
1982	10792	1145	9647
1983	10853	1151	9702
1984	10921	1140	9781
1985	10875	1138	9737
1986	10844	1132	9712
1987	10918	1125	9793
1988	10942	1130	9812
1989	11022	1144	9878
1990	11044	1145	9899
1991	11061	1147	9914
1992	11025	1146	9879
1993	10997	1147	9850
1994	10956	1145	9811
1995	10965	1141	9824
1996	10978	1147	9831
1997	11005	1145	9860
1998	10933	1148	9785
1999	10962	1148	9814
2000	11005	1138	9867
2001	10850	1133	9717
2002	10862	1137	9725
2003	10987	1144	9843
2004	11008	1138	9870
2005	11008	1140	9868
2006	10983	1140	9843
2007	10939	1136	9803
2008	10954	1131	9823
2009	11048	1137	9911
2010	10976	1152	9824
2011	10947	1148	9799
2012	10948	1141	9807
2013	10861	1145	9716
2014	10926	1143	9783
2015	10980	1144	9836
2016	10987	1137	9850
2017	10953	1140	9813
2018	10915	1145	9770
2019	10923	1146	9777
2020	10902	1156	9746
2021	10959	1158	9801
2022	10982	1138	9844
2023	10972	1139	9833
2024	11009	1140	9869
2025	10976	1142	9834
2026	10879	1142	9737
2027	10878	1145	9733
2028	10828	1149	9679
2029	10810	1145	9665
2030	10873	1140	9733
2031	10924	1138	9786
2032	10895	1139	9756
2033	10882	1146	9736
2034	10904	1147	9757
2035	10883	1140	9743
2036	10856	1144	9712
2037	10876	1154	9722
2038	10841	1144	9697
2039	10882	1146	9736
2040	10965	1147	9818
2041	10898	1146	9752
2042	10807	1141	9666
2043	10774	1133	9641
2044	10756	1133	9623
2045	10825	1138	9687
2046	10757	1138	9619
2047	10810	1144	9666
2048	10817	1143	9674
2049	10788	1148	9640
2050	10722	1151	9571
2051	10736	1144	9592
2052	10783	1143	9640
2053	10761	1144	9617
2054	10705	1145	9560
2055	10753	1142	9611
2056	10695	1148	9547
2057	10717	1157	9560
2058	10796	1149	9647
2059	10766	1144	9622
2060	10659	1143	9516
2061	10694	1143	9551
2062	10724	1138	9586
2063	10691	1138	9553
2064	10613	1141	9472
2065	10630	1147	9483
2066	10637	1143	9494
2067	10633	1143	9490
2068	10640	1140	9500
2069	10559	1143	9416
2070	10515	1147	9368
2071	10559	1141	9418
2072	10556	1141	9415
2073	10564	1141	9423
2074	10512	1145	9367
2075	10529	1146	9383
2076	10524	1141	9383
2077	10509	1143	9366
2078	10476	1148	9328
2079	10520	1145	9375
2080	10559	1143	9416
2081	10601	1140	9461
2082	10542	1138	9404
2083	10581	1141	9440
2084	10556	1149	9407
2085	10511	1147	9364
2086	10408	1144	9264
2087	10422	1155	9267
2088	10424	1157	9267
2089	10362	1159	9203
2090	10314	1150	9164
2091	10321	1147	9174
2092	10367	1143	9224
2093	10343	1147	9196
2094	10367	1155	9212
2095	10352	1150	9202
2096	10315	1140	9175
2097	10291	1146	9145
2098	10334	1145	9189
2099	10327	1146	9181
2100	10305	1143	9162
2101	10296	1142	9154
2102	10255	1146	9109
2103	10232	1146	9086
2104	10262	1145	9117
2105	10308	1149	9159
2106	10354	1146	9208
2107	10339	1148	9191
2108	10297	1142	9155
2109	10393	1137	9256
2110	10402	1142	9260
2111	10376	1152	9224
2112	10310	1149	9161
2113	10299	1143	9156
2114	10129	1155	8974
2115	10133	1157	8976
2116	10129	1149	8980
2117	10204	1142	9062
2118	10220	1136	9084
2119	10292	1143	9149
2120	10222	1138	9084
2121	10213	1133	9080
2122	10222	1133	9089
2123	10171	1139	9032
2124	10166	1142	9024
2125	10161	1143	9018
2126	10050	1138	8912
2127	10011	1151	8860
2128	10045	1165	8880
2129	10131	1155	8976
2130	10066	1143	8923
2131	10015	1149	8866
2132	10028	1145	8883
2133	10005	1152	8853
2134	10092	1147	8945
2135	10024	1143	8881
2136	9922	1146	8776
2137	9995	1146	8849
2138	9974	1143	8831
2139	9911	1146	8765
2140	9904	1154	8750
2141	9914	1154	8760
2142	9891	1164	8727
2143	9947	1147	8800
2144	9870	1140	8730
2145	9818	1144	8674
2146	9812	1140	8672
2147	9881	1144	8737
2148	9897	1142	8755
2149	9858	1152	8706
2150	9793	1148	8645
2151	9831	1144	8687
2152	9801	1135	8666
2153	9816	1148	8668
2154	9773	1151	8622
2155	9797	1146	8651
2156	9795	1152	8643
2157	9663	1148	8515
2158	9666	1141	8525
2159	9701	1152	8549
2160	9641	1146	8495
2161	9657	1146	8511
2162	9651	1146	8505
2163	9651	1142	8509
2164	9667	1139	8528
2165	9644	1146	8498
2166	9583	1151	8432
2167	9596	1141	8455
2168	9550	1146	8404
2169	9464	1141	8323
2170	9468	1138	8330
2171	9388	1139	8249
2172	9447	1143	8304
2173	9587	1138	8449
2174	9504	1139	8365
2175	9499	1152	8347
2176	9491	1149	8342
2177	9473	1148	8325
2178	9464	1145	8319
2179	9416	1150	8266
2180	9372	1145	8227
2181	9440	1144	8296
2182	9464	1156	8308
2183	9472	1146	8326
2184	9478	1140	8338
2185	9377	1147	8230
2186	9421	1152	8269
2187	9489	1155	8334
2188	9474	1149	8325
2189	9392	1149	8243
2190	9371	1149	8222
2191	9356	1138	8218
2192	9335	1142	8193
2193	9358	1141	8217
2194	9343	1138	8205
2195	9369	1145	8224
2196	9363	1144	8219
2197	9375	1140	8235
2198	9312	1134	8178
2199	9274	1137	8137
2200	9284	1150	8134
2201	9207	1145	8062
2202	9197	1136	8061
2203	9183	1136	8047
2204	9175	1147	8028
2205	9191	1151	8040
2206	9131	1141	7990
2207	9013	1140	7873
2208	8957	1138	7819
2209	8964	1139	7825
2210	8980	1144	7836
2211	8921	1152	7769
2212	8937	1150	7787
2213	8992	1147	7845
2214	8938	1150	7788
2215	8914	1154	7760
2216	8808	1149	7659
2217	8742	1144	7598
2218	8821	1138	7683
2219	8761	1128	7633
2220	8652	1137	7515
2221	8570	1146	7424
2222	8462	1141	7321
2223	8384	1137	7247
2224	8302	1140	7162
2225	8222	1141	7081
2226	8130	1145	6985
2227	8040	1145	6895
2228	7996	1145	6851
2229	7896	1152	6744
2230	7824	1146	6678
2231	7804	1139	6665
2232	7733	1144	6589
2233	7684	1147	6537
2234	7690	1141	6549
2235	7626	1142	6484
2236	7627	1142	6485
2237	7686	1148	6538
2238	7641	1139	6502
2239	7624	1134	6490
2240	7623	1134	6489
2241	7611	1144	6467
2242	7534	1145	6389
2243	7485	1156	6329
2244	7526	1149	6377
2245	7615	1145	6470
2246	7594	1148	6446
2247	7636	1139	6497
2248	7696	1140	6556
2249	7696	1140	6556
2250	7766	1135	6631
2251	7905	1138	6767
2252	8019	1147	6872
2253	8007	1137	6870
2254	8126	1135	6991
2255	8163	1141	7022
2256	8201	1147	7054
2257	8215	1157	7058
2258	8288	1155	7133
2259	8342	1148	7194
2260	8448	1136	7312
2261	8509	1131	7378
2262	8371	1147	7224
2263	8414	1147	7267
2264	8496	1141	7355
2265	8473	1147	7326
2266	8550	1158	7392
2267	8539	1152	7387
2268	8487	1141	7346
2269	8633	1147	7486
2270	8667	1146	7521
2271	8619	1149	7470
2272	8599	1144	7455
2273	8648	1148	7500
2274	8660	1147	7513
2275	8689	1138	7551
2276	8593	1137	7456
2277	8603	1149	7454
2278	8650	1145	7505
2279	8596	1141	7455
2280	8502	1149	7353
2281	8620	1150	7470
2282	8623	1153	7470
2283	8587	1151	7436
2284	8589	1148	7441
2285	8638	1136	7502
2286	8599	1140	7459
2287	8616	1147	7469
2288	8555	1151	7404
2289	8522	1149	7373
2290	8515	1145	7370
2291	8477	1149	7328
2292	8490	1153	7337
2293	8522	1147	7375
2294	8458	1147	7311
2295	8446	1159	7287
2296	8391	1148	7243
2297	8441	1145	7296
2298	8491	1144	7347
2299	8397	1148	7249
2300	8497	1139	7358
2301	8425	1138	7287
2302	8385	1138	7247
2303	8452	1143	7309
2304	8459	1142	7317
2305	8497	1152	7345
2306	8415	1149	7266
2307	8311	1138	7173
2308	8383	1134	7249
2309	8430	1131	7299
2310	8384	1133	7251
2311	8309	1139	7170
2312	8276	1139	7137
2313	8325	1139	7186
2314	8279	1151	7128
2315	8389	1150	7239
2316	8346	1149	7197
2317	8316	1148	7168
2318	8284	1146	7138
2319	8222	1143	7079
2320	8250	1142	7108
2321	8276	1143	7133
2322	8193	1147	7046
2323	8220	1154	7066
2324	8250	1138	7112
2325	8300	1145	7155
2326	8235	1152	7083
2327	8174	1165	7009
2328	8140	1168	6972
2329	8242	1155	7087
2330	8205	1140	7065
2331	8188	1137	7051
2332	8213	1144	7069
2333	8196	1143	7053
2334	8208	1142	7066
2335	8130	1149	6981
2336	8162	1155	7007
2337	8126	1149	6977
2338	8175	1153	7022
2339	8153	1152	7001
2340	8116	1140	6976
2341	8161	1138	7023
2342	8101	1129	6972
2343	8094	1129	6965
2344	8134	1138	6996
2345	8136	1140	6996
2346	8148	1143	7005
2347	8170	1152	7018
2348	8133	1148	6985
2349	8077	1144	6933
2350	8139	1139	7000
2351	8111	1157	6954
2352	8119	1150	6969
2353	8029	1139	6890
2354	8015	1143	6872
2355	8025	1148	6877
2356	8094	1146	6948
2357	8057	1145	6912
2358	7966	1139	6827
2359	8022	1152	6870
2360	8048	1155	6893
2361	8020	1144	6876
2362	8056	1138	6918
2363	8071	1144	6927
2364	8106	1143	6963
2365	8093	1141	6952
2366	8044	1140	6904
2367	7991	1140	6851
2368	7917	1143	6774
2369	7901	1147	6754
2370	7871	1139	6732
2371	7874	1129	6745
2372	7943	1133	6810
2373	7990	1137	6853
2374	7889	1138	6751
2375	7890	1143	6747
2376	7893	1148	6745
2377	7915	1142	6773
2378	7860	1141	6719
2379	7889	1148	6741
2380	7919	1153	6766
2381	7814	1160	6654
2382	7774	1158	6616
2383	7833	1148	6685
2384	7844	1149	6695
2385	7809	1150	6659
2386	7811	1151	6660
2387	7836	1154	6682
2388	7771	1145	6626
2389	7809	1153	6656
2390	7762	1157	6605
2391	7717	1145	6572
2392	7785	1152	6633
2393	7835	1156	6679
2394	7835	1145	6690
2395	7851	1141	6710
2396	7839	1139	6700
2397	7880	1148	6732
2398	7920	1149	6771
2399	7903	1148	6755
2400	7897	1147	6750
2401	7834	1147	6687
2402	7756	1145	6611
2403	7784	1147	6637
2404	7847	1142	6705
2405	7863	1139	6724
2406	7849	1129	6720
2407	7810	1138	6672
2408	7806	1144	6662
2409	7716	1142	6574
2410	7743	1153	6590
2411	7761	1161	6600
2412	7699	1149	6550
2413	7739	1136	6603
2414	7710	1129	6581
2415	7745	1138	6607
2416	7750	1145	6605
2417	7708	1145	6563
2418	7782	1141	6641
2419	7780	1145	6635
2420	7722	1128	6594
2421	7702	1141	6561
2422	7690	1140	6550
2423	7780	1137	6643
2424	7802	1136	6666
2425	7761	1145	6616
2426	7735	1146	6589
2427	7655	1149	6506
2428	7617	1140	6477
2429	7673	1141	6532
2430	7673	1141	6532
2431	7651	1135	6516
2432	7677	1142	6535
2433	7712	1134	6578
2434	7752	1128	6624
2435	7752	1134	6618
2436	7705	1140	6565
2437	7665	1145	6520
2438	7599	1135	6464
2439	7635	1138	6497
2440	7708	1135	6573
2441	7668	1143	6525
2442	7622	1150	6472
2443	7634	1147	6487
2444	7661	1138	6523
2445	7635	1143	6492
2446	7675	1138	6537
2447	7670	1129	6541
2448	7684	1141	6543
2449	7617	1137	6480
2450	7631	1143	6488
2451	7660	1148	6512
2452	7695	1147	6548
2453	7640	1144	6496
2454	7633	1133	6500
2455	7660	1141	6519
2456	7672	1140	6532
2457	7628	1145	6483
2458	7622	1148	6474
2459	7650	1151	6499
2460	7651	1141	6510
2461	7679	1134	6545
2462	7711	1137	6574
2463	7657	1140	6517
2464	7631	1149	6482
2465	7678	1146	6532
2466	7790	1140	6650
2467	7816	1144	6672
2468	7841	1142	6699
2469	7772	1149	6623
2470	7723	1145	6578
2471	7728	1142	6586
2472	7747	1151	6596
2473	7746	1146	6600
2474	7772	1142	6630
2475	7712	1144	6568
2476	7746	1136	6610
2477	7732	1143	6589
2478	7676	1145	6531
2479	7747	1149	6598
2480	7707	1140	6567
2481	7678	1130	6548
2482	7679	1141	6538
2483	7763	1147	6616
2484	7768	1135	6633
2485	7784	1136	6648
2486	7815	1142	6673
2487	7809	1148	6661
2488	7793	1144	6649
2489	7718	1147	6571
2490	7757	1141	6616
2491	7723	1149	6574
2492	7773	1141	6632
2493	7878	1138	6740
2494	7799	1143	6656
2495	7735	1138	6597
2496	7739	1148	6591
2497	7789	1151	6638
2498	7756	1143	6613
2499	7750	1140	6610
2500	7739	1139	6600
2501	7773	1142	6631
2502	7776	1141	6635
2503	7820	1139	6681
2504	7876	1138	6738
2505	7791	1144	6647
2506	7788	1137	6651
2507	7758	1135	6623
2508	7727	1138	6589
2509	7785	1140	6645
2510	7853	1129	6724
2511	7938	1132	6806
2512	7922	1141	6781
2513	7816	1147	6669
2514	7780	1143	6637
2515	7835	1141	6694
2516	7764	1142	6622
2517	7825	1149	6676
2518	7898	1139	6759
2519	7927	1143	6784
2520	7890	1153	6737
2521	7836	1152	6684
2522	7901	1143	6758
2523	7964	1144	6820
2524	7920	1149	6771
2525	7926	1143	6783
2526	7924	1135	6789
2527	7885	1142	6743
2528	7904	1140	6764
2529	7967	1140	6827
2530	8018	1138	6880
2531	8000	1139	6861
2532	7854	1147	6707
2533	7843	1144	6699
2534	7917	1147	6770
2535	7938	1147	6791
2536	7946	1154	6792
2537	7917	1146	6771
2538	7898	1138	6760
2539	7925	1146	6779
2540	8045	1141	6904
2541	8007	1142	6865
2542	7924	1148	6776
2543	7913	1140	6773
2544	7902	1137	6765
2545	7990	1151	6839
2546	7987	1148	6839
2547	7934	1143	6791
2548	7956	1138	6818
2549	8005	1139	6866
2550	8053	1129	6924
2551	8028	1128	6900
2552	7919	1130	6789
2553	7958	1143	6815
2554	8019	1148	6871
2555	7949	1148	6801
2556	7968	1146	6822
2557	7963	1150	6813
2558	7899	1148	6751
2559	7920	1143	6777
2560	7965	1143	6822
2561	8034	1134	6900
2562	8042	1137	6905
2563	8017	1141	6876
2564	8095	1144	6951
2565	8152	1142	7010
2566	8063	1145	6918
2567	8082	1142	6940
2568	8111	1141	6970
2569	8030	1138	6892
2570	8051	1149	6902
2571	8128	1147	6981
2572	8100	1143	6957
2573	8147	1150	6997
2574	8129	1153	6976
2575	8206	1145	7061
2576	8148	1137	7011
2577	8069	1137	6932
2578	8125	1135	6990
2579	8085	1142	6943
2580	8098	1150	6948
2581	8113	1149	6964
2582	8162	1144	7018
2583	8128	1142	6986
2584	8117	1143	6974
2585	8077	1141	6936
2586	8085	1148	6937
2587	8185	1150	7035
2588	8153	1149	7004
2589	8122	1152	6970
2590	8115	1145	6970
2591	8122	1144	6978
2592	8158	1143	7015
2593	8117	1137	6980
2594	8125	1133	6992
2595	8213	1137	7076
2596	8249	1139	7110
2597	8287	1142	7145
2598	8247	1142	7105
2599	8201	1132	7069
2600	8182	1126	7056
2601	8285	1139	7146
2602	8219	1142	7077
2603	8117	1142	6975
2604	8144	1146	6998
2605	8155	1147	7008
2606	8151	1148	7003
2607	8178	1138	7040
2608	8150	1135	7015
2609	8195	1142	7053
2610	8265	1134	7131
2611	8269	1139	7130
2612	8222	1149	7073
2613	8203	1140	7063
2614	8231	1143	7088
2615	8194	1147	7047
2616	8145	1149	6996
2617	8289	1162	7127
2618	8200	1149	7051
2619	8167	1150	7017
2620	8259	1150	7109
2621	8259	1141	7118
2622	8229	1137	7092
2623	8237	1141	7096
2624	8171	1141	7030
2625	8141	1147	6994
2626	8153	1148	7005
2627	8263	1144	7119
2628	8293	1139	7154
2629	8282	1144	7138
2630	8245	1140	7105
2631	8237	1140	7097
2632	8231	1149	7082
2633	8277	1145	7132
2634	8242	1147	7095
2635	8288	1149	7139
2636	8247	1142	7105
2637	8164	1143	7021
2638	8274	1156	7118
2639	8232	1154	7078
2640	8261	1136	7125
2641	8290	1138	7152
2642	8271	1146	7125
2643	8296	1145	7151
2644	8293	1142	7151
2645	8252	1151	7101
2646	8221	1143	7078
2647	8257	1145	7112
2648	8274	1147	7127
2649	8207	1151	7056
2650	8218	1142	7076
2651	8292	1143	7149
2652	8307	1135	7172
2653	8239	1140	7099
2654	8252	1136	7116
2655	8288	1136	7152
2656	8324	1155	7169
2657	8302	1153	7149
2658	8293	1154	7139
2659	8309	1150	7159
2660	8254	1140	7114
2661	8266	1142	7124
2662	8266	1144	7122
2663	8308	1145	7163
2664	8361	1152	7209
2665	8355	1147	7208
2666	8183	1153	7030
2667	8236	1155	7081
2668	8311	1148	7163
2669	8292	1146	7146
2670	8369	1150	7219
2671	8322	1149	7173
2672	8330	1144	7186
2673	8291	1147	7144
2674	8227	1163	7064
2675	8173	1152	7021
2676	8211	1143	7068
2677	8285	1143	7142
2678	8289	1144	7145
2679	8277	1143	7134
2680	8182	1142	7040
2681	8087	1150	6937
2682	8211	1157	7054
2683	8255	1153	7102
2684	8183	1142	7041
2685	8138	1150	6988
2686	8166	1148	7018
2687	8186	1153	7033
2688	8157	1160	6997
2689	8215	1153	7062
2690	8194	1148	7046
2691	8189	1139	7050
2692	8229	1135	7094
2693	8216	1136	7080
2694	8175	1149	7026
2695	8167	1149	7018
2696	8201	1144	7057
2697	8231	1139	7092
2698	8175	1137	7038
2699	8222	1140	7082
2700	8160	1142	7018
2701	8229	1144	7085
2702	8292	1137	7155
2703	8197	1143	7054
2704	8105	1150	6955
2705	8196	1141	7055
2706	8205	1138	7067
2707	8174	1142	7032
2708	8152	1143	7009
2709	8047	1143	6904
2710	8079	1139	6940
2711	8136	1140	6996
2712	8087	1137	6950
2713	8167	1138	7029
2714	8139	1145	6994
2715	8124	1153	6971
2716	8117	1143	6974
2717	8143	1137	7006
2718	8159	1140	7019
2719	8053	1148	6905
2720	8045	1155	6890
2721	8139	1149	6990
2722	8121	1152	6969
2723	8096	1152	6944
2724	8066	1148	6918
2725	8042	1140	6902
2726	8060	1140	6920
2727	8102	1139	6963
2728	8023	1122	6901
2729	7980	1130	6850
2730	7962	1142	6820
2731	7946	1148	6798
2732	7992	1140	6852
2733	8018	1147	6871
2734	8031	1151	6880
2735	8000	1139	6861
2736	8053	1143	6910
2737	8040	1143	6897
2738	7950	1138	6812
2739	7992	1138	6854
2740	7990	1138	6852
2741	7951	1146	6805
2742	8006	1152	6854
2743	7994	1149	6845
2744	7977	1145	6832
2745	7975	1161	6814
2746	7951	1161	6790
2747	7920	1147	6773
2748	7922	1140	6782
2749	7945	1148	6797
2750	7922	1149	6773
2751	7859	1144	6715
2752	7900	1143	6757
2753	7937	1157	6780
2754	7846	1151	6695
2755	7851	1154	6697
2756	7908	1152	6756
2757	7935	1139	6796
2758	7871	1148	6723
2759	7859	1153	6706
2760	7774	1146	6628
2761	7718	1150	6568
2762	7727	1148	6579
2763	7707	1146	6561
2764	7725	1146	6579
2765	7727	1141	6586
2766	7756	1137	6619
2767	7771	1139	6632
2768	7761	1144	6617
2769	7721	1141	6580
2770	7684	1133	6551
2771	7766	1140	6626
2772	7822	1143	6679
2773	7852	1140	6712
2774	7754	1137	6617
2775	7768	1134	6634
2776	7780	1147	6633
2777	7738	1142	6596
2778	7755	1133	6622
2779	7738	1145	6593
2780	7754	1136	6618
2781	7693	1145	6548
2782	7669	1140	6529
2783	7636	1135	6501
2784	7619	1153	6466
2785	7652	1151	6501
2786	7696	1132	6564
2787	7646	1139	6507
2788	7583	1142	6441
2789	7555	1140	6415
2790	7550	1143	6407
2791	7595	1137	6458
2792	7636	1143	6493
2793	7561	1150	6411
2794	7517	1147	6370
2795	7564	1146	6418
2796	7511	1146	6365
2797	7480	1154	6326
2798	7519	1142	6377
2799	7498	1139	6359
2800	7429	1136	6293
2801	7474	1147	6327
2802	7554	1150	6404
2803	7549	1149	6400
2804	7494	1151	6343
2805	7486	1145	6341
2806	7547	1146	6401
2807	7474	1153	6321
2808	7428	1147	6281
2809	7437	1144	6293
2810	7354	1141	6213
2811	7397	1143	6254
2812	7433	1146	6287
2813	7398	1146	6252
2814	7362	1141	6221
2815	7342	1133	6209
2816	7324	1135	6189
2817	7335	1144	6191
2818	7341	1154	6187
2819	7317	1155	6162
2820	7273	1142	6131
2821	7213	1150	6063
2822	7223	1147	6076
2823	7221	1146	6075
2824	7282	1142	6140
2825	7238	1139	6099
2826	7177	1144	6033
2827	7178	1151	6027
2828	7208	1144	6064
2829	7124	1144	5980
2830	7114	1149	5965
2831	7084	1142	5942
2832	7103	1142	5961
2833	7123	1150	5973
2834	7120	1156	5964
2835	7171	1153	6018
2836	7105	1150	5955
2837	7072	1155	5917
2838	7068	1156	5912
2839	7034	1155	5879
2840	7045	1149	5896
2841	7033	1144	5889
2842	7036	1146	5890
2843	7003	1149	5854
2844	6947	1144	5803
2845	6985	1142	5843
2846	6920	1137	5783
2847	6885	1147	5738
2848	6820	1141	5679
2849	6782	1138	5644
2850	6842	1150	5692
2851	6885	1145	5740
2852	6811	1128	5683
2853	6739	1130	5609
2854	6847	1143	5704
2855	6891	1139	5752
2856	6796	1139	5657
2857	6758	1140	5618
2858	6777	1141	5636
2859	6799	1140	5659
2860	6730	1143	5587
2861	6707	1152	5555
2862	6628	1150	5478
2863	6675	1145	5530
2864	6672	1139	5533
2865	6668	1153	5515
2866	6706	1158	5548
2867	6660	1152	5508
2868	6632	1151	5481
2869	6603	1154	5449
2870	6639	1151	5488
2871	6638	1150	5488
2872	6588	1137	5451
2873	6606	1143	5463
2874	6536	1134	5402
2875	6520	1139	5381
2876	6579	1141	5438
2877	6573	1148	5425
2878	6526	1151	5375
2879	6456	1146	5310
2880	6386	1139	5247
2881	6391	1140	5251
2882	6407	1139	5268
2883	6386	1144	5242
2884	6373	1141	5232
2885	6337	1135	5202
2886	6319	1145	5174
2887	6376	1157	5219
2888	6304	1137	5167
2889	6275	1129	5146
2890	6313	1134	5179
2891	6332	1147	5185
2892	6277	1148	5129
2893	6222	1150	5072
2894	6235	1154	5081
2895	6158	1147	5011
2896	6176	1144	5032
2897	6213	1152	5061
2898	6125	1148	4977
2899	6067	1144	4923
2900	6060	1145	4915
2901	6043	1138	4905
2902	5979	1138	4841
2903	5954	1136	4818
2904	5923	1146	4777
2905	5964	1153	4811
2906	6017	1147	4870
2907	6063	1148	4915
2908	5996	1141	4855
2909	5941	1146	4795
2910	5928	1141	4787
2911	5922	1138	4784
2912	5919	1148	4771
2913	5932	1144	4788
2914	5843	1149	4694
2915	5819	1148	4671
2916	5843	1146	4697
2917	5846	1144	4702
2918	5865	1138	4727
2919	5809	1139	4670
2920	5808	1138	4670
2921	5766	1138	4628
2922	5740	1145	4595
2923	5775	1147	4628
2924	5790	1155	4635
2925	5797	1149	4648
2926	5746	1141	4605
2927	5697	1140	4557
2928	5679	1140	4539
2929	5700	1136	4564
2930	5664	1142	4522
2931	5612	1140	4472
2932	5625	1149	4476
2933	5624	1150	4474
2934	5574	1147	4427
2935	5634	1154	4480
2936	5600	1148	4452
2937	5568	1145	4423
2938	5550	1144	4406
2939	5526	1153	4373
2940	5473	1146	4327
2941	5502	1143	4359
2942	5394	1143	4251
2943	5367	1138	4229
2944	5360	1141	4219
2945	5368	1151	4217
2946	5327	1147	4180
2947	5381	1149	4232
2948	5349	1145	4204
2949	5311	1142	4169
2950	5232	1141	4091
2951	5254	1143	4111
2952	5259	1143	4116
2953	5262	1141	4121
2954	5277	1135	4142
2955	5272	1141	4131
2956	5253	1147	4106
2957	5246	1138	4108
2958	5247	1139	4108
2959	5200	1145	4055
2960	5184	1150	4034
2961	5207	1148	4059
2962	5161	1147	4014
2963	5121	1151	3970
2964	5158	1151	4007
2965	5148	1142	4006
2966	5119	1136	3983
2967	5156	1147	4009
2968	5125	1142	3983
2969	5080	1136	3944
2970	5079	1130	3949
2971	5113	1143	3970
2972	5035	1150	3885
2973	4963	1148	3815
2974	4963	1146	3817
2975	4938	1150	3788
2976	4901	1154	3747
2977	4914	1156	3758
2978	4850	1148	3702
2979	4858	1147	3711
2980	4909	1157	3752
2981	4875	1155	3720
2982	4797	1149	3648
2983	4808	1153	3655
2984	4821	1147	3674
2985	4769	1149	3620
2986	4743	1148	3595
2987	4744	1140	3604
2988	4735	1137	3598
2989	4752	1139	3613
2990	4800	1145	3655
2991	4704	1147	3557
2992	4621	1140	3481
2993	4692	1147	3545
2994	4616	1140	3476
2995	4586	1146	3440
2996	4527	1150	3377
2997	4498	1143	3355
2998	4482	1138	3344
2999	4493	1135	3358
3000	4412	1144	3268
3001	4343	1143	3200
3002	4353	1137	3216
3003	4375	1143	3232
3004	4396	1143	3253
3005	4366	1139	3227
3006	4353	1137	3216
3007	4364	1151	3213
3008	4398	1151	3247
3009	4374	1146	3228
3010	4307	1134	3173
3011	4332	1136	3196
3012	4388	1137	3251
3013	4410	1145	3265
3014	4329	1138	3191
3015	4328	1149	3179
3016	4320	1146	3174
3017	4282	1150	3132
3018	4260	1153	3107
3019	4229	1145	3084
3020	4162	1138	3024
3021	4175	1141	3034
3022	4195	1141	3054
3023	4172	1142	3030
3024	4199	1140	3059
3025	4162	1142	3020
3026	4147	1144	3003
3027	4129	1152	2977
3028	4104	1147	2957
3029	4105	1151	2954
3030	4069	1151	2918
3031	4083	1144	2939
3032	4048	1132	2916
3033	3981	1135	2846
3034	4005	1144	2861
3035	3983	1139	2844
3036	3988	1132	2856
3037	3946	1147	2799
3038	3875	1145	2730
3039	3873	1158	2715
3040	3890	1156	2734
3041	3879	1146	2733
3042	3835	1137	2698
3043	3777	1139	2638
3044	3775	1143	2632
3045	3847	1142	2705
3046	3803	1143	2660
3047	3742	1148	2594
3048	3753	1147	2606
3049	3706	1143	2563
3050	3710	1140	2570
3051	3683	1138	2545
3052	3663	1137	2526
3053	3663	1128	2535
3054	3657	1137	2520
3055	3632	1155	2477
3056	3600	1146	2454
3057	3603	1142	2461
3058	3566	1151	2415
3059	3521	1154	2367
3060	3486	1147	2339
3061	3505	1143	2362
3062	3542	1146	2396
3063	3515	1146	2369
3064	3513	1141	2372
3065	3464	1141	2323
3066	3444	1145	2299
3067	3427	1143	2284
3068	3352	1140	2212
3069	3373	1136	2237
3070	3352	1139	2213
3071	3357	1142	2215
3072	3300	1144	2156
3073	3232	1155	2077
3074	3246	1150	2096
3075	3329	1153	2176
3076	3295	1151	2144
3077	3251	1141	2110
3078	3234	1132	2102
3079	3220	1155	2065
3080	3192	1155	2037
3081	3175	1153	2022
3082	3095	1149	1946
3083	3117	1145	1972
3084	3176	1141	2035
3085	3126	1143	1983
3086	3113	1148	1965
3087	3093	1144	1949
3088	3040	1146	1894
3089	3000	1145	1855
3090	3016	1144	1872
3091	3020	1146	1874
3092	2944	1150	1794
3093	2928	1147	1781
3094	2989	1141	1848
3095	2980	1147	1833
3096	2914	1154	1760
3097	2871	1147	1724
3098	2844	1144	1700
3099	2885	1142	1743
3100	2888	1143	1745
3101	2843	1146	1697
3102	2836	1139	1697
3103	2777	1137	1640
3104	2784	1143	1641
3105	2810	1139	1671
3106	2756	1137	1619
3107	2715	1139	1576
3108	2677	1141	1536
3109	2691	1143	1548
3110	2699	1146	1553
3111	2652	1139	1513
3112	2645	1143	1502
3113	2622	1140	1482
3114	2595	1139	1456
3115	2585	1143	1442
3116	2588	1136	1452
3117	2569	1141	1428
3118	2546	1139	1407
3119	2556	1142	1414
3120	2502	1140	1362
3121	2465	1143	1322
3122	2457	1138	1319
3123	2435	1136	1299
3124	2454	1142	1312
3125	2457	1143	1314
3126	2402	1140	1262
3127	2376	1142	1234
3128	2352	1143	1209
3129	2345	1142	1203
3130	2332	1136	1196
3131	2345	1136	1209
3132	2308	1144	1164
3133	2319	1148	1171
3134	2342	1138	1204
3135	2319	1145	1174
3136	2289	1151	1138
3137	2254	1141	1113
3138	2239	1141	1098
3139	2236	1140	1096
3140	2217	1133	1084
3141	2227	1144	1083
3142	2159	1135	1024
3143	2140	1136	1004
3144	2161	1145	1016
3145	2161	1148	1013
3146	2146	1147	999
3147	2124	1145	979
3148	2069	1143	926
3149	2070	1140	930
3150	2027	1137	890
3151	2030	1133	897
3152	2026	1141	885
3153	2049	1151	898
3154	2023	1142	881
3155	2002	1147	855
3156	1985	1149	836
3157	1965	1146	819
3158	1958	1151	807
3159	1906	1148	758
3160	1927	1139	788
3161	1912	1136	776
3162	1914	1140	774
3163	1918	1149	769
3164	1877	1153	724
3165	1860	1149	711
3166	1825	1146	679
3167	1838	1140	698
3168	1795	1136	659
3169	1793	1138	655
3170	1823	1143	680
3171	1816	1144	672
3172	1788	1134	654
3173	1778	1142	636
3174	1769	1147	622
3175	1763	1139	624
3176	1737	1141	596
3177	1735	1144	591
3178	1714	1145	569
3179	1713	1149	564
3180	1704	1148	556
3181	1680	1140	540
3182	1667	1142	525
3183	1654	1150	504
3184	1631	1145	486
3185	1642	1144	498
3186	1638	1138	500
3187	1631	1140	491
3188	1598	1136	462
3189	1613	1131	482
3190	1601	1137	464
3191	1594	1149	445
3192	1565	1147	418
3193	1570	1138	432
3194	1550	1139	411
3195	1557	1153	404
3196	1555	1142	413
3197	1520	1147	373
3198	1499	1146	353
3199	1505	1144	361
3200	1480	1153	327
3201	1470	1161	309
3202	1467	1149	318
3203	1493	1132	361
3204	1489	1134	355
3205	1473	1140	333
3206	1448	1143	305
3207	1438	1138	300
3208	1433	1136	297
3209	1435	1139	296
3210	1428	1140	288
3211	1464	1148	316
3212	1447	1144	303
3213	1425	1148	277
3214	1416	1139	277
3215	1438	1143	295
3216	1414	1142	272
3217	1402	1142	260
3218	1393	1139	254
3219	1400	1137	263
3220	1412	1138	274
3221	1404	1137	267
3222	1392	1142	250
3223	1368	1147	221
3224	1364	1151	213
3225	1361	1150	211
3226	1379	1147	232
3227	1378	1151	227
3228	1367	1157	210
3229	1396	1152	244
3230	1372	1137	235
3231	1366	1142	224
3232	1366	1140	226
3233	1383	1142	241
3234	1350	1140	210
3235	1359	1141	218
3236	1364	1130	234
3237	1361	1135	226
3238	1352	1146	206
3239	1359	1152	207
3240	1324	1148	176
3241	1353	1151	202
3242	1358	1146	212
3243	1370	1139	231
3244	1367	1142	225
3245	1382	1145	237
3246	1355	1145	210
3247	1348	1136	212
3248	1325	1132	193
3249	1332	1142	190
3250	1336	1146	190
3251	1345	1136	209
3252	1355	1138	217
3253	1340	1149	191
3254	1348	1139	209
3255	1352	1150	202
3256	1346	1146	200
3257	1341	1126	215
3258	1315	1134	181
3259	1328	1151	177
3260	1361	1150	211
3261	1336	1149	187
3262	1329	1145	184
3263	1334	1146	188
3264	1329	1140	189
3265	1333	1145	188
3266	1328	1152	176
3267	1336	1147	189
3268	1317	1147	170
3269	1320	1153	167
3270	1292	1146	146
3271	1340	1136	204
3272	1340	1129	211
3273	1333	1125	208
3274	1336	1136	200
3275	1332	1153	179
3276	1326	1145	181
3277	1335	1138	197
3278	1338	1142	196
3279	1329	1138	191
3280	1299	1140	159
3281	1295	1149	146
3282	1313	1142	171
3283	1317	1142	175
3284	1310	1155	155
3285	1331	1147	184
3286	1319	1151	168
3287	1313	1153	160
3288	1292	1142	150
3289	1312	1141	171
3290	1339	1145	194
3291	1342	1135	207
3292	1342	1137	205
3293	1327	1138	189
3294	1310	1135	175
3295	1320	1142	178
3296	1335	1141	194
3297	1339	1147	192
3298	1330	1141	189
3299	1310	1143	167
3300	1292	1148	144
3301	1298	1144	154
3302	1328	1148	180
3303	1323	1141	182
3304	1299	1149	150
3305	1311	1133	178
3306	1317	1118	199
3307	1307	1131	176
3308	1314	1140	174
3309	1329	1136	193
3310	1291	1141	150
3311	1311	1145	166
3312	1316	1140	176
3313	1321	1147	174
3314	1326	1149	177
3315	1308	1149	159
3316	1310	1148	162
3317	1296	1143	153
3318	1317	1149	168
3319	1321	1149	172
3320	1299	1142	157
3321	1311	1140	171
3322	1299	1143	156
3323	1306	1145	161
3324	1297	1137	160
3325	1313	1137	176
3326	1301	1144	157
3327	1308	1143	165
3328	1292	1136	156
3329	1299	1137	162
3330	1316	1144	172
3331	1295	1149	146
3332	1319	1136	183
3333	1321	1137	184
3334	1310	1143	167
3335	1300	1140	160
3336	1293	1134	159
3337	1310	1135	175
3338	1291	1140	151
3339	1297	1139	158
3340	1300	1144	156
3341	1313	1157	156
3342	1300	1145	155
3343	1314	1141	173
3344	1292	1139	153
3345	1271	1143	128
3346	1288	1140	148
3347	1293	1139	154
3348	1275	1142	133
3349	1270	1152	118
3350	1285	1149	136
3351	1299	1146	153
3352	1274	1144	130
3353	1292	1145	147
3354	1322	1144	178
3355	1323	1143	180
3356	1302	1143	159
3357	1303	1141	162
3358	1313	1150	163
3359	1300	1149	151
3360	1290	1147	143
3361	1302	1149	153
3362	1304	1140	164
3363	1306	1142	164
3364	1284	1144	140
3365	1293	1147	146
3366	1290	1157	133
3367	1292	1153	139
3368	1273	1145	128
3369	1276	1147	129
3370	1295	1140	155
3371	1312	1150	162
3372	1309	1141	168
3373	1310	1136	174
3374	1289	1147	142
3375	1314	1157	157
3376	1283	1144	139
3377	1269	1143	126
3378	1261	1143	118
3379	1261	1140	121
3380	1257	1137	120
3381	1286	1140	146
3382	1291	1132	159
3383	1302	1142	160
3384	1290	1147	143
3385	1285	1139	146
3386	1274	1137	137
3387	1284	1146	138
3388	1264	1148	116
3389	1285	1137	148
3390	1275	1146	129
3391	1283	1151	132
3392	1280	1146	134
3393	1284	1142	142
3394	1275	1140	135
3395	1283	1138	145
3396	1283	1140	143
3397	1297	1141	156
3398	1286	1142	144
3399	1288	1148	140
3400	1281	1146	135
3401	1290	1144	146
3402	1265	1146	119
3403	1273	1143	130
3404	1265	1136	129
3405	1264	1150	114
3406	1280	1153	127
3407	1286	1151	135
3408	1281	1154	127
3409	1288	1156	132
3410	1285	1150	135
3411	1284	1141	143
3412	1264	1144	120
3413	1286	1141	145
3414	1287	1149	138
3415	1289	1150	139
3416	1274	1136	138
3417	1266	1143	123
3418	1283	1139	144
3419	1297	1134	163
3420	1283	1134	149
3421	1254	1139	115
3422	1264	1144	120
3423	1289	1145	144
3424	1287	1140	147
3425	1284	1142	142
3426	1286	1145	141
3427	1282	1144	138
3428	1269	1152	117
3429	1276	1145	131
3430	1273	1139	134
3431	1286	1142	144
3432	1294	1151	143
3433	1290	1144	146
3434	1274	1146	128
3435	1263	1157	106
3436	1271	1157	114
3437	1275	1149	126
3438	1258	1152	106
3439	1259	1152	107
3440	1252	1140	112
3441	1267	1142	125
3442	1280	1147	133
3443	1276	1142	134
3444	1256	1145	111
3445	1272	1146	126
3446	1269	1142	127
3447	1283	1139	144
3448	1283	1135	148
3449	1288	1139	149
3450	1268	1140	128
3451	1262	1130	132
3452	1263	1133	130
3453	1266	1137	129
3454	1251	1144	107
3455	1252	1141	111
3456	1265	1140	125
3457	1270	1142	128
3458	1264	1139	125
3459	1250	1143	107
3460	1266	1141	125
3461	1264	1144	120
3462	1257	1147	110
3463	1261	1141	120
3464	1241	1145	96
3465	1243	1143	100
3466	1247	1147	100
3467	1253	1140	113
3468	1238	1129	109
3469	1257	1133	124
3470	1252	1137	115
3471	1244	1137	107
3472	1234	1132	102
3473	1240	1144	96
3474	1253	1140	113
3475	1267	1140	127
3476	1236	1141	95
3477	1246	1148	98
3478	1244	1139	105
3479	1224	1132	92
3480	1240	1148	92
3481	1244	1149	95
3482	1226	1145	81
3483	1245	1138	107
3484	1253	1146	107
3485	1274	1149	125
3486	1253	1142	111
3487	1228	1144	84
3488	1241	1145	96
3489	1271	1154	117
3490	1260	1143	117
3491	1260	1137	123
3492	1231	1141	90
3493	1230	1143	87
3494	1245	1139	106
3495	1252	1149	103
3496	1243	1155	88
3497	1253	1143	110
3498	1262	1147	115
3499	1241	1148	93
3500	1218	1141	77
3501	1232	1151	81
3502	1228	1150	78
3503	1223	1148	75
3504	1223	1147	76
3505	1247	1140	107
3506	1237	1141	96
3507	1228	1143	85
3508	1242	1140	102
3509	1256	1145	111
3510	1227	1148	79
3511	1230	1144	86
3512	1227	1144	83
3513	1220	1141	79
3514	1198	1138	60
3515	1225	1142	83
3516	1227	1142	85
3517	1217	1141	76
3518	1219	1142	77
3519	1247	1140	107
3520	1242	1137	105
3521	1216	1141	75
3522	1207	1141	66
3523	1212	1141	71
3524	1239	1147	92
3525	1281	1149	132
3526	1252	1143	109
3527	1245	1141	104
3528	1251	1131	120
3529	1259	1128	131
3530	1248	1131	117
3531	1243	1138	105
3532	1220	1143	77
3533	1228	1145	83
3534	1251	1141	110
3535	1251	1147	104
3536	1240	1142	98
3537	1242	1140	102
3538	1237	1147	90
3539	1248	1152	96
3540	1242	1147	95
3541	1231	1148	83
3542	1237	1142	95
3543	1236	1146	90
3544	1228	1152	76
3545	1227	1142	85
3546	1207	1135	72
3547	1218	1132	86
3548	1239	1134	105
3549	1235	1131	104
3550	1218	1142	76
3551	1232	1151	81
3552	1217	1143	74
3553	1220	1148	72
3554	1204	1143	61
3555	1233	1139	94
3556	1254	1126	128
3557	1247	1138	109
3558	1223	1153	70
3559	1214	1153	61
3560	1220	1145	75
3561	1235	1144	91
3562	1231	1138	93
3563	1223	1139	84
3564	1219	1143	76
3565	1202	1152	50
3566	1204	1147	57
3567	1206	1140	66
3568	1198	1153	45
3569	1214	1156	58
3570	1220	1146	74
3571	1208	1144	64
3572	1202	1148	54
3573	1230	1148	82
3574	1220	1143	77
3575	1214	1148	66
3576	1216	1156	60
3577	1217	1156	61
3578	1215	1144	71
3579	1220	1147	73
3580	1200	1142	58
3581	1216	1141	75
3582	1220	1139	81
3583	1219	1140	79
3584	1212	1141	71
3585	1224	1135	89
3586	1228	1144	84
3587	1234	1141	93
3588	1220	1138	82
3589	1225	1138	87
3590	1215	1145	70
3591	1212	1142	70
3592	1217	1142	75
3593	1200	1150	50
3594	1195	1142	53
3595	1225	1146	79
3596	1221	1154	67
3597	1211	1164	47
3598	1212	1149	63
3599	1203	1147	56
3600	1193	1136	57
3601	1197	1138	59
3602	1199	1142	57
3603	1218	1144	74
3604	1222	1147	75
3605	1219	1137	82
3606	1215	1144	71
3607	1212	1153	59
3608	1206	1159	47
3609	1207	1156	51
3610	1206	1145	61
3611	1213	1135	78
3612	1209	1135	74
3613	1216	1144	72
3614	1202	1146	56
3615	1233	1147	86
3616	1206	1143	63
3617	1211	1147	64
3618	1215	1142	73
3619	1237	1130	107
3620	1228	1138	90
3621	1214	1141	73
3622	1197	1138	59
3623	1211	1143	68
3624	1214	1143	71
3625	1206	1140	66
3626	1212	1138	74
3627	1217	1140	77
3628	1185	1145	40
3629	1178	1151	27
3630	1203	1149	54
3631	1204	1148	56
3632	1207	1152	55
3633	1216	1151	65
3634	1196	1141	55
3635	1200	1143	57
3636	1200	1152	48
3637	1222	1152	70
3638	1219	1150	69
3639	1213	1153	60
3640	1201	1159	42
3641	1208	1148	60
3642	1192	1143	49
3643	1180	1148	32
3644	1207	1147	60
3645	1220	1143	77
3646	1192	1143	49
3647	1207	1141	66
3648	1214	1147	67
