index	original	background	difference
-----------------------------------------------------
1	1173	1158	15
2	1176	1145	31
3	1162	1160	2
4	1165	1170	-5
5	1163	1164	-1
6	1164	1165	-1
7	1181	1151	30
8	1191	1166	25
9	1175	1175	0
10	1175	1177	-2
11	1193	1169	24
12	1210	1168	42
13	1183	1152	31
14	1181	1168	13
15	1191	1183	8
16	1192	1173	19
17	1187	1182	5
18	1193	1196	-3
19	1206	1193	13
20	1183	1197	-14
21	1184	1177	7
22	1188	1171	17
23	1182	1185	-3
24	1186	1186	0
25	1198	1179	19
26	1210	1171	39
27	1188	1168	20
28	1197	1162	35
29	1206	1178	28
30	1193	1186	7
31	1180	1175	5
32	1191	1185	6
33	1180	1207	-27
34	1194	1209	-15
35	1193	1190	3
36	1183	1184	-1
37	1179	1181	-2
38	1193	1198	-5
39	1200	1195	5
40	1200	1182	18
41	1209	1189	20
42	1220	1196	24
43	1211	1188	23
44	1218	1176	42
45	1206	1191	15
46	1196	1196	0
47	1198	1199	-1
48	1197	1189	8
49	1195	1182	13
50	1203	1183	20
51	1191	1178	13
52	1216	1172	44
53	1225	1194	31
54	1211	1209	2
55	1201	1196	5
56	1197	1184	13
57	1199	1197	2
58	1211	1200	11
59	1195	1198	-3
60	1184	1209	-25
61	1195	1194	1
62	1204	1185	19
63	1201	1180	21
64	1206	1181	25
65	1207	1178	29
66	1192	1193	-1
67	1202	1198	4
68	1219	1190	29
69	1220	1202	18
70	1241	1171	70
71	1209	1173	36
72	1188	1194	-6
73	1199	1190	9
74	1222	1192	30
75	1200	1196	4
76	1195	1198	-3
77	1213	1210	3
78	1207	1228	-21
79	1197	1228	-31
80	1201	1198	3
81	1207	1204	3
82	1212	1198	14
83	1210	1177	33
84	1213	1177	36
85	1222	1195	27
86	1217	1200	17
87	1211	1212	-1
88	1182	1205	-23
89	1171	1216	-45
90	1220	1218	2
91	1220	1203	17
92	1210	1185	25
93	1181	1190	-9
94	1209	1185	24
95	1213	1189	24
96	1228	1182	46
97	1216	1192	24
98	1194	1186	8
99	1190	1206	-16
100	1201	1199	2
101	1210	1209	1
102	1208	1215	-7
103	1211	1184	27
104	1223	1199	24
105	1206	1198	8
106	1198	1181	17
107	1198	1201	-3
108	1216	1199	17
109	1226	1196	30
110	1223	1213	10
111	1200	1188	12
112	1215	1200	15
113	1218	1220	-2
114	1205	1194	11
115	1198	1202	-4
116	1212	1206	6
117	1211	1201	10
118	1206	1198	8
119	1209	1196	13
120	1202	1214	-12
121	1212	1225	-13
122	1225	1208	17
123	1226	1202	24
124	1215	1220	-5
125	1200	1229	-29
126	1199	1222	-23
127	1222	1216	6
128	1249	1215	34
129	1213	1208	5
130	1210	1209	1
131	1214	1216	-2
132	1220	1205	15
133	1222	1187	35
134	1232	1180	52
135	1236	1190	46
136	1212	1210	2
137	1232	1219	13
138	1241	1195	46
139	1209	1177	32
140	1192	1205	-13
141	1220	1207	13
142	1211	1193	18
143	1199	1189	10
144	1207	1224	-17
145	1204	1208	-4
146	1219	1193	26
147	1228	1212	16
148	1204	1240	-36
149	1184	1231	-47
150	1214	1224	-10
151	1228	1213	15
152	1217	1202	15
153	1215	1191	24
154	1229	1220	9
155	1225	1226	-1
156	1217	1200	17
157	1200	1211	-11
158	1184	1208	-24
159	1202	1202	0
160	1222	1202	20
161	1203	1199	4
162	1191	1204	-13
163	1195	1207	-12
164	1210	1195	15
165	1211	1192	19
166	1214	1201	13
167	1208	1216	-8
168	1207	1223	-16
169	1203	1201	2
170	1196	1217	-21
171	1216	1218	-2
172	1226	1210	16
173	1227	1187	40
174	1234	1201	33
175	1213	1192	21
176	1196	1178	18
177	1200	1196	4
178	1205	1199	6
179	1204	1182	22
180	1215	1188	27
181	1227	1187	40
182	1215	1190	25
183	1197	1204	-7
184	1198	1202	-4
185	1221	1182	39
186	1228	1183	45
187	1195	1204	-9
188	1207	1197	10
189	1206	1184	22
190	1203	1184	19
191	1206	1200	6
192	1207	1217	-10
193	1210	1217	-7
194	1202	1220	-18
195	1184	1217	-33
196	1192	1217	-25
197	1213	1229	-16
198	1249	1223	26
199	1238	1192	46
200	1205	1198	7
201	1193	1207	-14
202	1197	1205	-8
203	1196	1222	-26
204	1198	1224	-26
205	1226	1189	37
206	1216	1204	12
207	1206	1214	-8
208	1223	1225	-2
209	1210	1209	1
210	1210	1209	1
211	1222	1205	17
212	1209	1215	-6
213	1223	1217	6
214	1209	1212	-3
215	1199	1211	-12
216	1219	1198	21
217	1191	1197	-6
218	1206	1185	21
219	1199	1220	-21
220	1207	1226	-19
221	1223	1200	23
222	1225	1196	29
223	1217	1212	5
224	1217	1215	2
225	1236	1193	43
226	1223	1195	28
227	1223	1214	9
228	1224	1220	4
229	1225	1211	14
230	1232	1207	25
231	1243	1194	49
232	1241	1195	46
233	1210	1206	4
234	1222	1216	6
235	1199	1220	-21
236	1211	1197	14
237	1210	1200	10
238	1209	1188	21
239	1209	1202	7
240	1229	1219	10
241	1233	1223	10
242	1241	1192	49
243	1217	1180	37
244	1211	1202	9
245	1204	1205	-1
246	1218	1201	17
247	1202	1218	-16
248	1220	1200	20
249	1229	1178	51
250	1220	1189	31
251	1212	1201	11
252	1225	1219	6
253	1215	1191	24
254	1216	1200	16
255	1225	1211	14
256	1223	1206	17
257	1215	1200	15
258	1230	1213	17
259	1239	1203	36
260	1239	1191	48
261	1212	1201	11
262	1223	1211	12
263	1210	1220	-10
264	1199	1201	-2
265	1221	1205	16
266	1228	1188	40
267	1225	1193	32
268	1235	1197	38
269	1210	1207	3
270	1196	1224	-28
271	1211	1217	-6
272	1213	1198	15
273	1210	1208	2
274	1211	1212	-1
275	1225	1195	30
276	1220	1211	9
277	1214	1201	13
278	1237	1194	43
279	1216	1206	10
280	1221	1206	15
281	1211	1202	9
282	1207	1190	17
283	1205	1191	14
284	1221	1225	-4
285	1226	1225	1
286	1224	1217	7
287	1233	1219	14
288	1219	1218	1
289	1227	1219	8
290	1227	1216	11
291	1242	1193	49
292	1232	1191	41
293	1199	1194	5
294	1207	1217	-10
295	1238	1198	40
296	1233	1184	49
297	1216	1192	24
298	1219	1208	11
299	1220	1215	5
300	1209	1212	-3
301	1194	1211	-17
302	1199	1193	6
303	1209	1195	14
304	1211	1213	-2
305	1211	1221	-10
306	1221	1238	-17
307	1211	1223	-12
308	1218	1200	18
309	1220	1217	3
310	1215	1214	1
311	1218	1219	-1
312	1231	1221	10
313	1233	1218	15
314	1224	1198	26
315	1211	1216	-5
316	1233	1204	29
317	1241	1196	45
318	1222	1217	5
319	1215	1210	5
320	1210	1217	-7
321	1208	1207	1
322	1210	1204	6
323	1199	1201	-2
324	1217	1200	17
325	1197	1214	-17
326	1212	1220	-8
327	1229	1213	16
328	1224	1181	43
329	1221	1191	30
330	1231	1195	36
331	1214	1215	-1
332	1209	1219	-10
333	1193	1184	9
334	1196	1192	4
335	1201	1205	-4
336	1243	1217	26
337	1226	1220	6
338	1208	1205	3
339	1216	1196	20
340	1209	1201	8
341	1208	1213	-5
342	1231	1213	18
343	1230	1207	23
344	1220	1208	12
345	1221	1201	20
346	1222	1212	10
347	1222	1212	10
348	1213	1192	21
349	1209	1173	36
350	1196	1206	-10
351	1209	1220	-11
352	1223	1223	0
353	1199	1221	-22
354	1209	1223	-14
355	1229	1219	10
356	1226	1218	8
357	1199	1200	-1
358	1222	1197	25
359	1220	1195	25
360	1214	1194	20
361	1232	1195	37
362	1229	1210	19
363	1217	1204	13
364	1231	1200	31
365	1223	1191	32
366	1230	1202	28
367	1223	1201	22
368	1205	1217	-12
369	1205	1206	-1
370	1221	1182	39
371	1225	1162	63
372	1217	1186	31
373	1209	1194	15
374	1211	1201	10
375	1228	1227	1
376	1236	1216	20
377	1210	1191	19
378	1210	1187	23
379	1209	1203	6
380	1212	1177	35
381	1224	1172	52
382	1213	1183	30
383	1215	1210	5
384	1207	1218	-11
385	1199	1209	-10
386	1201	1203	-2
387	1202	1208	-6
388	1184	1236	-52
389	1204	1228	-24
390	1211	1208	3
391	1220	1205	15
392	1225	1202	23
393	1215	1189	26
394	1209	1171	38
395	1204	1200	4
396	1191	1211	-20
397	1210	1200	10
398	1220	1193	27
399	1230	1224	6
400	1218	1211	7
401	1209	1204	5
402	1210	1214	-4
403	1215	1217	-2
404	1211	1215	-4
405	1232	1216	16
406	1248	1212	36
407	1225	1215	10
408	1202	1212	-10
409	1203	1225	-22
410	1201	1211	-10
411	1201	1216	-15
412	1212	1208	4
413	1244	1203	41
414	1234	1212	22
415	1217	1212	5
416	1226	1181	45
417	1217	1186	31
418	1199	1205	-6
419	1199	1203	-4
420	1195	1187	8
421	1197	1188	9
422	1230	1203	27
423	1217	1213	4
424	1190	1206	-16
425	1197	1216	-19
426	1226	1242	-16
427	1225	1223	2
428	1226	1195	31
429	1223	1192	31
430	1235	1207	28
431	1219	1219	0
432	1216	1205	11
433	1207	1191	16
434	1216	1190	26
435	1233	1207	26
436	1222	1194	28
437	1209	1195	14
438	1222	1215	7
439	1208	1205	3
440	1206	1209	-3
441	1213	1183	30
442	1214	1187	27
443	1215	1232	-17
444	1206	1237	-31
445	1200	1213	-13
446	1191	1208	-17
447	1195	1205	-10
448	1198	1220	-22
449	1204	1221	-17
450	1205	1204	1
451	1211	1197	14
452	1218	1214	4
453	1207	1214	-7
454	1227	1221	6
455	1219	1218	1
456	1205	1194	11
457	1209	1203	6
458	1211	1224	-13
459	1209	1217	-8
460	1225	1214	11
461	1206	1201	5
462	1204	1211	-7
463	1229	1206	23
464	1216	1213	3
465	1199	1208	-9
466	1216	1218	-2
467	1209	1213	-4
468	1208	1217	-9
469	1225	1222	3
470	1239	1209	30
471	1214	1204	10
472	1198	1214	-16
473	1202	1202	0
474	1233	1223	10
475	1218	1228	-10
476	1202	1205	-3
477	1200	1189	11
478	1228	1188	40
479	1220	1178	42
480	1230	1187	43
481	1223	1210	13
482	1209	1194	15
483	1231	1188	43
484	1222	1204	18
485	1198	1198	0
486	1201	1187	14
487	1225	1203	22
488	1238	1211	27
489	1227	1216	11
490	1218	1205	13
491	1216	1197	19
492	1223	1218	5
493	1223	1201	22
494	1224	1208	16
495	1223	1199	24
496	1218	1197	21
497	1200	1185	15
498	1214	1205	9
499	1221	1220	1
500	1217	1203	14
501	1200	1186	14
502	1207	1178	29
503	1239	1220	19
504	1243	1224	19
505	1217	1211	6
506	1225	1197	28
507	1220	1198	22
508	1209	1202	7
509	1221	1199	22
510	1223	1216	7
511	1209	1192	17
512	1214	1187	27
513	1231	1192	39
514	1246	1210	36
515	1243	1211	32
516	1227	1208	19
517	1217	1219	-2
518	1211	1200	11
519	1219	1216	3
520	1220	1203	17
521	1230	1204	26
522	1221	1211	10
523	1236	1198	38
524	1249	1206	43
525	1230	1201	29
526	1234	1176	58
527	1222	1208	14
528	1216	1215	1
529	1222	1197	25
530	1223	1193	30
531	1213	1194	19
532	1263	1182	81
533	1256	1171	85
534	1238	1211	27
535	1242	1226	16
536	1240	1208	32
537	1234	1213	21
538	1229	1201	28
539	1204	1221	-17
540	1243	1212	31
541	1222	1193	29
542	1202	1202	0
543	1204	1210	-6
544	1201	1196	5
545	1186	1202	-16
546	1201	1209	-8
547	1225	1211	14
548	1218	1216	2
549	1231	1206	25
550	1235	1185	50
551	1226	1211	15
552	1233	1229	4
553	1193	1209	-16
554	1210	1175	35
555	1209	1179	30
556	1231	1218	13
557	1230	1233	-3
558	1223	1217	6
559	1234	1211	23
560	1230	1212	18
561	1225	1203	22
562	1228	1214	14
563	1226	1205	21
564	1225	1218	7
565	1234	1211	23
566	1229	1203	26
567	1224	1215	9
568	1246	1211	35
569	1238	1209	29
570	1226	1198	28
571	1240	1202	38
572	1230	1232	-2
573	1214	1222	-8
574	1220	1186	34
575	1200	1195	5
576	1231	1204	27
577	1250	1228	22
578	1243	1221	22
579	1225	1204	21
580	1230	1207	23
581	1239	1219	20
582	1230	1222	8
583	1202	1194	8
584	1229	1212	17
585	1232	1220	12
586	1242	1230	12
587	1255	1238	17
588	1237	1208	29
589	1218	1197	21
590	1217	1193	24
591	1200	1208	-8
592	1237	1213	24
593	1239	1214	25
594	1249	1214	35
595	1253	1212	41
596	1217	1210	7
597	1211	1216	-5
598	1193	1213	-20
599	1197	1211	-14
600	1221	1212	9
601	1234	1208	26
602	1236	1211	25
603	1239	1204	35
604	1218	1188	30
605	1211	1201	10
606	1234	1226	8
607	1234	1214	20
608	1214	1208	6
609	1234	1190	44
610	1252	1212	40
611	1248	1222	26
612	1221	1213	8
613	1193	1204	-11
614	1189	1202	-13
615	1202	1199	3
616	1238	1202	36
617	1239	1223	16
618	1240	1213	27
619	1244	1215	29
620	1241	1211	30
621	1243	1207	36
622	1239	1218	21
623	1224	1188	36
624	1230	1201	29
625	1249	1228	21
626	1247	1212	35
627	1240	1214	26
628	1226	1216	10
629	1220	1194	26
630	1226	1193	33
631	1227	1209	18
632	1211	1217	-6
633	1208	1208	0
634	1233	1195	38
635	1234	1186	48
636	1226	1191	35
637	1230	1191	39
638	1221	1195	26
639	1212	1197	15
640	1243	1205	38
641	1231	1219	12
642	1230	1221	9
643	1225	1222	3
644	1216	1200	16
645	1220	1204	16
646	1246	1207	39
647	1222	1219	3
648	1238	1219	19
649	1232	1228	4
650	1240	1225	15
651	1237	1196	41
652	1228	1182	46
653	1218	1181	37
654	1230	1204	26
655	1236	1202	34
656	1220	1188	32
657	1223	1173	50
658	1235	1174	61
659	1211	1182	29
660	1200	1191	9
661	1223	1205	18
662	1229	1203	26
663	1238	1192	46
664	1260	1198	62
665	1244	1218	26
666	1237	1190	47
667	1218	1181	37
668	1222	1214	8
669	1237	1215	22
670	1233	1206	27
671	1228	1230	-2
672	1232	1222	10
673	1235	1205	30
674	1243	1188	55
675	1251	1199	52
676	1244	1212	32
677	1224	1215	9
678	1231	1221	10
679	1239	1221	18
680	1233	1201	32
681	1225	1181	44
682	1241	1192	49
683	1233	1216	17
684	1234	1189	45
685	1229	1180	49
686	1224	1196	28
687	1249	1188	61
688	1247	1189	58
689	1227	1202	25
690	1234	1175	59
691	1240	1181	59
692	1245	1199	46
693	1222	1205	17
694	1232	1199	33
695	1240	1202	38
696	1248	1213	35
697	1244	1211	33
698	1233	1193	40
699	1228	1194	34
700	1244	1193	51
701	1261	1194	67
702	1276	1185	91
703	1254	1197	57
704	1237	1196	41
705	1255	1198	57
706	1230	1195	35
707	1217	1177	40
708	1269	1203	66
709	1274	1211	63
710	1253	1201	52
711	1255	1195	60
712	1255	1200	55
713	1255	1170	85
714	1236	1196	40
715	1241	1232	9
716	1261	1217	44
717	1267	1211	56
718	1275	1216	59
719	1274	1194	80
720	1269	1218	51
721	1262	1212	50
722	1270	1207	63
723	1262	1230	32
724	1233	1207	26
725	1227	1193	34
726	1264	1209	55
727	1275	1216	59
728	1282	1213	69
729	1290	1207	83
730	1282	1221	61
731	1284	1210	74
732	1281	1225	56
733	1280	1228	52
734	1269	1207	62
735	1269	1204	65
736	1293	1202	91
737	1300	1195	105
738	1299	1189	110
739	1303	1193	110
740	1285	1197	88
741	1277	1202	75
742	1277	1208	69
743	1300	1223	77
744	1334	1223	111
745	1306	1215	91
746	1309	1203	106
747	1304	1197	107
748	1322	1195	127
749	1333	1203	130
750	1323	1211	112
751	1345	1201	144
752	1345	1195	150
753	1329	1212	117
754	1337	1204	133
755	1332	1194	138
756	1351	1201	150
757	1346	1208	138
758	1338	1207	131
759	1341	1209	132
760	1348	1217	131
761	1343	1217	126
762	1360	1208	152
763	1392	1219	173
764	1423	1197	226
765	1397	1204	193
766	1396	1205	191
767	1404	1239	165
768	1428	1235	193
769	1430	1215	215
770	1427	1215	212
771	1418	1200	218
772	1439	1218	221
773	1457	1210	247
774	1465	1205	260
775	1472	1205	267
776	1505	1211	294
777	1501	1206	295
778	1514	1212	302
779	1529	1206	323
780	1553	1221	332
781	1539	1232	307
782	1560	1209	351
783	1559	1180	379
784	1544	1183	361
785	1563	1191	372
786	1589	1192	397
787	1620	1185	435
788	1630	1197	433
789	1600	1204	396
790	1640	1186	454
791	1685	1185	500
792	1654	1182	472
793	1627	1194	433
794	1647	1204	443
795	1672	1211	461
796	1697	1190	507
797	1697	1186	511
798	1671	1201	470
799	1711	1181	530
800	1726	1191	535
801	1711	1186	525
802	1696	1189	507
803	1720	1188	532
804	1747	1215	532
805	1747	1216	531
806	1747	1202	545
807	1752	1188	564
808	1767	1199	568
809	1770	1195	575
810	1778	1177	601
811	1798	1194	604
812	1790	1206	584
813	1794	1187	607
814	1815	1192	623
815	1814	1208	606
816	1829	1180	649
817	1851	1169	682
818	1866	1204	662
819	1860	1202	658
820	1845	1196	649
821	1865	1230	635
822	1905	1230	675
823	1911	1220	691
824	1920	1203	717
825	1933	1206	727
826	1933	1197	736
827	1993	1206	787
828	2000	1215	785
829	2038	1215	823
830	2049	1221	828
831	2013	1201	812
832	2066	1207	859
833	2127	1223	904
834	2144	1217	927
835	2139	1213	926
836	2149	1229	920
837	2169	1191	978
838	2178	1193	985
839	2210	1200	1010
840	2256	1184	1072
841	2212	1195	1017
842	2246	1209	1037
843	2293	1183	1110
844	2280	1185	1095
845	2303	1191	1112
846	2324	1212	1112
847	2272	1218	1054
848	2238	1211	1027
849	2310	1201	1109
850	2326	1207	1119
851	2312	1208	1104
852	2307	1198	1109
853	2298	1203	1095
854	2319	1205	1114
855	2353	1205	1148
856	2284	1211	1073
857	2262	1205	1057
858	2278	1205	1073
859	2267	1199	1068
860	2246	1216	1030
861	2262	1212	1050
862	2258	1215	1043
863	2250	1194	1056
864	2247	1200	1047
865	2240	1210	1030
866	2260	1211	1049
867	2252	1205	1047
868	2266	1226	1040
869	2259	1233	1026
870	2277	1216	1061
871	2299	1207	1092
872	2321	1206	1115
873	2337	1181	1156
874	2350	1199	1151
875	2390	1211	1179
876	2392	1217	1175
877	2364	1202	1162
878	2413	1191	1222
879	2500	1202	1298
880	2499	1204	1295
881	2534	1209	1325
882	2591	1215	1376
883	2647	1207	1440
884	2717	1204	1513
885	2713	1193	1520
886	2766	1207	1559
887	2827	1199	1628
888	2902	1187	1715
889	2952	1197	1755
890	2940	1197	1743
891	3009	1183	1826
892	3061	1178	1883
893	3103	1195	1908
894	3124	1215	1909
895	3131	1208	1923
896	3174	1183	1991
897	3141	1175	1966
898	3197	1179	2018
899	3218	1193	2025
900	3209	1206	2003
901	3270	1222	2048
902	3298	1208	2090
903	3289	1197	2092
904	3234	1202	2032
905	3256	1205	2051
906	3265	1204	2061
907	3253	1208	2045
908	3283	1181	2102
909	3278	1187	2091
910	3252	1217	2035
911	3255	1214	2041
912	3243	1186	2057
913	3191	1199	1992
914	3210	1208	2002
915	3215	1204	2011
916	3212	1186	2026
917	3135	1187	1948
918	3147	1194	1953
919	3152	1170	1982
920	3168	1186	1982
921	3183	1192	1991
922	3134	1204	1930
923	3102	1208	1894
924	3123	1209	1914
925	3109	1214	1895
926	3122	1217	1905
927	3108	1191	1917
928	3088	1199	1889
929	3073	1202	1871
930	3100	1189	1911
931	3118	1166	1952
932	3127	1207	1920
933	3118	1211	1907
934	3102	1204	1898
935	3136	1207	1929
936	3147	1237	1910
937	3180	1234	1946
938	3198	1196	2002
939	3173	1186	1987
940	3153	1191	1962
941	3186	1206	1980
942	3219	1227	1992
943	3269	1229	2040
944	3286	1224	2062
945	3314	1205	2109
946	3340	1211	2129
947	3328	1228	2100
948	3391	1213	2178
949	3423	1213	2210
950	3454	1210	2244
951	3481	1209	2272
952	3463	1201	2262
953	3464	1196	2268
954	3461	1202	2259
955	3502	1197	2305
956	3542	1206	2336
957	3592	1195	2397
958	3620	1192	2428
959	3572	1202	2370
960	3629	1212	2417
961	3640	1225	2415
962	3648	1207	2441
963	3643	1210	2433
964	3638	1202	2436
965	3654	1183	2471
966	3636	1192	2444
967	3668	1198	2470
968	3669	1206	2463
969	3671	1212	2459
970	3626	1186	2440
971	3588	1177	2411
972	3612	1191	2421
973	3565	1196	2369
974	3510	1177	2333
975	3546	1207	2339
976	3558	1227	2331
977	3553	1196	2357
978	3512	1188	2324
979	3487	1191	2296
980	3473	1213	2260
981	3451	1213	2238
982	3429	1196	2233
983	3408	1213	2195
984	3384	1216	2168
985	3350	1202	2148
986	3370	1187	2183
987	3338	1206	2132
988	3298	1199	2099
989	3242	1192	2050
990	3231	1193	2038
991	3277	1208	2069
992	3274	1207	2067
993	3227	1218	2009
994	3230	1201	2029
995	3264	1206	2058
996	3241	1198	2043
997	3241	1213	2028
998	3283	1214	2069
999	3274	1193	2081
1000	3224	1166	2058
1001	3206	1195	2011
1002	3210	1206	2004
1003	3265	1209	2056
1004	3299	1213	2086
1005	3286	1198	2088
1006	3304	1186	2118
1007	3279	1185	2094
1008	3328	1197	2131
1009	3346	1186	2160
1010	3339	1180	2159
1011	3354	1216	2138
1012	3402	1227	2175
1013	3470	1205	2265
1014	3444	1209	2235
1015	3440	1197	2243
1016	3455	1189	2266
1017	3483	1191	2292
1018	3529	1195	2334
1019	3576	1192	2384
1020	3538	1204	2334
1021	3526	1220	2306
1022	3591	1207	2384
1023	3645	1193	2452
1024	3580	1211	2369
1025	3605	1213	2392
1026	3636	1185	2451
1027	3627	1196	2431
1028	3687	1210	2477
1029	3650	1187	2463
1030	3616	1210	2406
1031	3620	1232	2388
1032	3639	1210	2429
1033	3719	1211	2508
1034	3713	1235	2478
1035	3672	1236	2436
1036	3655	1218	2437
1037	3578	1202	2376
1038	3538	1212	2326
1039	3543	1208	2335
1040	3519	1214	2305
1041	3562	1212	2350
1042	3554	1212	2342
1043	3515	1220	2295
1044	3522	1199	2323
1045	3437	1202	2235
1046	3405	1225	2180
1047	3427	1209	2218
1048	3418	1208	2210
1049	3471	1197	2274
1050	3436	1164	2272
1051	3333	1170	2163
1052	3314	1206	2108
1053	3311	1199	2112
1054	3274	1198	2076
1055	3224	1209	2015
1056	3231	1212	2019
1057	3218	1197	2021
1058	3243	1192	2051
1059	3197	1202	1995
1060	3194	1193	2001
1061	3193	1195	1998
1062	3221	1195	2026
1063	3177	1182	1995
1064	3119	1189	1930
1065	3103	1179	1924
1066	3147	1183	1964
1067	3148	1202	1946
1068	3114	1202	1912
1069	3074	1197	1877
1070	3124	1187	1937
1071	3157	1194	1963
1072	3142	1202	1940
1073	3138	1197	1941
1074	3125	1191	1934
1075	3148	1203	1945
1076	3164	1218	1946
1077	3197	1213	1984
1078	3235	1207	2028
1079	3204	1214	1990
1080	3209	1196	2013
1081	3249	1212	2037
1082	3271	1228	2043
1083	3269	1207	2062
1084	3298	1219	2079
1085	3323	1210	2113
1086	3352	1213	2139
1087	3340	1208	2132
1088	3373	1216	2157
1089	3400	1205	2195
1090	3409	1181	2228
1091	3411	1196	2215
1092	3455	1215	2240
1093	3507	1209	2298
1094	3508	1211	2297
1095	3518	1190	2328
1096	3562	1193	2369
1097	3575	1205	2370
1098	3624	1201	2423
1099	3605	1198	2407
1100	3584	1193	2391
1101	3696	1186	2510
1102	3785	1177	2608
1103	3716	1185	2531
1104	3681	1188	2493
1105	3652	1197	2455
1106	3710	1204	2506
1107	3734	1192	2542
1108	3742	1183	2559
1109	3740	1184	2556
1110	3693	1207	2486
1111	3695	1221	2474
1112	3691	1217	2474
1113	3648	1203	2445
1114	3676	1192	2484
1115	3712	1214	2498
1116	3680	1209	2471
1117	3675	1203	2472
1118	3662	1228	2434
1119	3684	1184	2500
1120	3650	1182	2468
1121	3575	1220	2355
1122	3574	1215	2359
1123	3571	1193	2378
1124	3593	1186	2407
1125	3542	1198	2344
1126	3525	1200	2325
1127	3525	1214	2311
1128	3504	1223	2281
1129	3460	1212	2248
1130	3485	1208	2277
1131	3464	1193	2271
1132	3474	1185	2289
1133	3477	1201	2276
1134	3441	1202	2239
1135	3391	1204	2187
1136	3355	1208	2147
1137	3369	1206	2163
1138	3356	1205	2151
1139	3337	1185	2152
1140	3317	1180	2137
1141	3348	1183	2165
1142	3357	1174	2183
1143	3322	1187	2135
1144	3322	1186	2136
1145	3316	1194	2122
1146	3291	1208	2083
1147	3311	1216	2095
1148	3299	1225	2074
1149	3333	1222	2111
1150	3349	1220	2129
1151	3329	1212	2117
1152	3333	1213	2120
1153	3313	1218	2095
1154	3345	1216	2129
1155	3378	1217	2161
1156	3378	1219	2159
1157	3395	1205	2190
1158	3404	1189	2215
1159	3506	1210	2296
1160	3502	1204	2298
1161	3505	1201	2304
1162	3493	1224	2269
1163	3550	1216	2334
1164	3513	1214	2299
1165	3550	1197	2353
1166	3578	1187	2391
1167	3621	1199	2422
1168	3641	1196	2445
1169	3665	1212	2453
1170	3682	1233	2449
1171	3690	1225	2465
1172	3724	1252	2472
1173	3760	1237	2523
1174	3853	1207	2646
1175	3870	1206	2664
1176	3877	1207	2670
1177	3879	1208	2671
1178	3869	1212	2657
1179	3940	1221	2719
1180	3979	1209	2770
1181	3996	1179	2817
1182	4066	1179	2887
1183	4057	1188	2869
1184	4042	1192	2850
1185	4056	1206	2850
1186	4100	1204	2896
1187	4085	1186	2899
1188	4088	1189	2899
1189	4131	1207	2924
1190	4087	1221	2866
1191	4139	1212	2927
1192	4197	1196	3001
1193	4185	1211	2974
1194	4119	1217	2902
1195	4101	1220	2881
1196	4132	1205	2927
1197	4119	1203	2916
1198	4108	1199	2909
1199	4078	1196	2882
1200	4101	1182	2919
1201	4038	1209	2829
1202	3989	1215	2774
1203	4068	1218	2850
1204	4040	1214	2826
1205	4029	1196	2833
1206	3990	1194	2796
1207	3992	1201	2791
1208	4002	1238	2764
1209	4029	1225	2804
1210	4022	1203	2819
1211	4001	1203	2798
1212	3978	1187	2791
1213	3902	1177	2725
1214	3887	1169	2718
1215	3887	1178	2709
1216	3829	1195	2634
1217	3791	1205	2586
1218	3780	1206	2574
1219	3800	1196	2604
1220	3768	1178	2590
1221	3768	1187	2581
1222	3731	1212	2519
1223	3690	1205	2485
1224	3716	1201	2515
1225	3696	1201	2495
1226	3654	1209	2445
1227	3619	1205	2414
1228	3626	1215	2411
1229	3586	1200	2386
1230	3541	1174	2367
1231	3585	1193	2392
1232	3655	1200	2455
1233	3574	1216	2358
1234	3593	1205	2388
1235	3626	1197	2429
1236	3578	1219	2359
1237	3529	1232	2297
1238	3603	1216	2387
1239	3590	1206	2384
1240	3614	1212	2402
1241	3630	1209	2421
1242	3627	1190	2437
1243	3634	1200	2434
1244	3612	1192	2420
1245	3663	1199	2464
1246	3675	1215	2460
1247	3694	1211	2483
1248	3751	1216	2535
1249	3712	1217	2495
1250	3727	1200	2527
1251	3715	1195	2520
1252	3723	1186	2537
1253	3764	1193	2571
1254	3822	1211	2611
1255	3834	1214	2620
1256	3858	1209	2649
1257	3863	1217	2646
1258	3860	1218	2642
1259	3919	1206	2713
1260	3985	1214	2771
1261	3970	1228	2742
1262	3936	1212	2724
1263	4036	1202	2834
1264	4071	1187	2884
1265	4104	1199	2905
1266	4103	1215	2888
1267	4113	1215	2898
1268	4133	1223	2910
1269	4113	1210	2903
1270	4168	1202	2966
1271	4212	1207	3005
1272	4220	1208	3012
1273	4234	1223	3011
1274	4253	1198	3055
1275	4310	1215	3095
1276	4318	1219	3099
1277	4322	1222	3100
1278	4323	1208	3115
1279	4322	1202	3120
1280	4380	1193	3187
1281	4319	1190	3129
1282	4274	1217	3057
1283	4351	1218	3133
1284	4324	1200	3124
1285	4302	1178	3124
1286	4357	1179	3178
1287	4353	1205	3148
1288	4398	1211	3187
1289	4396	1197	3199
1290	4330	1217	3113
1291	4313	1219	3094
1292	4310	1196	3114
1293	4320	1217	3103
1294	4352	1213	3139
1295	4337	1196	3141
1296	4354	1208	3146
1297	4305	1172	3133
1298	4272	1189	3083
1299	4274	1187	3087
1300	4188	1192	2996
1301	4161	1200	2961
1302	4149	1203	2946
1303	4139	1199	2940
1304	4146	1209	2937
1305	4196	1207	2989
1306	4147	1199	2948
1307	4052	1222	2830
1308	3994	1217	2777
1309	3980	1198	2782
1310	3989	1205	2784
1311	3962	1220	2742
1312	3929	1192	2737
1313	3929	1168	2761
1314	3914	1182	2732
1315	3911	1213	2698
1316	3862	1199	2663
1317	3820	1185	2635
1318	3870	1186	2684
1319	3814	1194	2620
1320	3782	1207	2575
1321	3762	1195	2567
1322	3726	1190	2536
1323	3690	1186	2504
1324	3751	1200	2551
1325	3722	1205	2517
1326	3623	1190	2433
1327	3624	1196	2428
1328	3701	1189	2512
1329	3673	1178	2495
1330	3568	1174	2394
1331	3492	1198	2294
1332	3506	1218	2288
1333	3584	1203	2381
1334	3586	1224	2362
1335	3517	1192	2325
1336	3530	1217	2313
1337	3487	1245	2242
1338	3495	1220	2275
1339	3491	1217	2274
1340	3520	1202	2318
1341	3555	1197	2358
1342	3585	1194	2391
1343	3552	1196	2356
1344	3514	1224	2290
1345	3501	1223	2278
1346	3545	1215	2330
1347	3589	1215	2374
1348	3594	1210	2384
1349	3566	1189	2377
1350	3608	1189	2419
1351	3582	1194	2388
1352	3605	1191	2414
1353	3604	1188	2416
1354	3601	1184	2417
1355	3621	1189	2432
1356	3618	1193	2425
1357	3563	1186	2377
1358	3604	1201	2403
1359	3696	1205	2491
1360	3706	1209	2497
1361	3713	1213	2500
1362	3778	1214	2564
1363	3721	1211	2510
1364	3750	1202	2548
1365	3791	1191	2600
1366	3800	1185	2615
1367	3795	1212	2583
1368	3815	1197	2618
1369	3809	1182	2627
1370	3829	1188	2641
1371	3864	1177	2687
1372	3926	1173	2753
1373	3987	1187	2800
1374	4037	1188	2849
1375	4017	1191	2826
1376	4066	1196	2870
1377	4053	1201	2852
1378	4003	1198	2805
1379	4076	1190	2886
1380	4117	1210	2907
1381	4164	1200	2964
1382	4146	1205	2941
1383	4122	1209	2913
1384	4140	1196	2944
1385	4168	1190	2978
1386	4146	1200	2946
1387	4156	1215	2941
1388	4196	1203	2993
1389	4209	1198	3011
1390	4207	1207	3000
1391	4162	1220	2942
1392	4159	1209	2950
1393	4149	1186	2963
1394	4204	1196	3008
1395	4230	1187	3043
1396	4231	1218	3013
1397	4217	1228	2989
1398	4207	1206	3001
1399	4157	1173	2984
1400	4209	1201	3008
1401	4180	1213	2967
1402	4155	1220	2935
1403	4181	1221	2960
1404	4161	1204	2957
1405	4093	1184	2909
1406	4068	1190	2878
1407	4039	1223	2816
1408	4043	1220	2823
1409	4086	1205	2881
1410	4110	1206	2904
1411	4063	1205	2858
1412	4045	1204	2841
1413	4078	1192	2886
1414	4024	1202	2822
1415	3981	1223	2758
1416	3901	1228	2673
1417	3896	1190	2706
1418	3894	1192	2702
1419	3841	1202	2639
1420	3852	1198	2654
1421	3839	1198	2641
1422	3817	1194	2623
1423	3783	1231	2552
1424	3799	1223	2576
1425	3759	1180	2579
1426	3713	1204	2509
1427	3672	1224	2448
1428	3705	1211	2494
1429	3688	1175	2513
1430	3662	1159	2503
1431	3650	1161	2489
1432	3646	1161	2485
1433	3620	1178	2442
1434	3530	1198	2332
1435	3513	1204	2309
1436	3505	1200	2305
1437	3553	1220	2333
1438	3574	1205	2369
1439	3535	1208	2327
1440	3492	1192	2300
1441	3506	1200	2306
1442	3473	1200	2273
1443	3436	1177	2259
1444	3378	1190	2188
1445	3344	1205	2139
1446	3370	1204	2166
1447	3387	1204	2183
1448	3360	1192	2168
1449	3376	1194	2182
1450	3396	1174	2222
1451	3380	1176	2204
1452	3349	1205	2144
1453	3343	1222	2121
1454	3348	1210	2138
1455	3373	1215	2158
1456	3438	1196	2242
1457	3425	1197	2228
1458	3432	1202	2230
1459	3338	1202	2136
1460	3349	1201	2148
1461	3411	1210	2201
1462	3421	1201	2220
1463	3401	1178	2223
1464	3420	1209	2211
1465	3470	1192	2278
1466	3437	1192	2245
1467	3433	1177	2256
1468	3467	1162	2305
1469	3490	1195	2295
1470	3484	1218	2266
1471	3494	1229	2265
1472	3520	1194	2326
1473	3508	1210	2298
1474	3509	1233	2276
1475	3548	1198	2350
1476	3611	1199	2412
1477	3600	1205	2395
1478	3553	1207	2346
1479	3639	1195	2444
1480	3654	1190	2464
1481	3683	1192	2491
1482	3685	1201	2484
1483	3692	1207	2485
1484	3727	1198	2529
1485	3713	1185	2528
1486	3736	1198	2538
1487	3791	1191	2600
1488	3810	1201	2609
1489	3825	1191	2634
1490	3870	1187	2683
1491	3849	1190	2659
1492	3836	1181	2655
1493	3881	1183	2698
1494	3911	1189	2722
1495	3951	1178	2773
1496	3930	1183	2747
1497	3893	1204	2689
1498	3972	1208	2764
1499	3991	1199	2792
1500	3971	1201	2770
1501	3973	1208	2765
1502	4056	1195	2861
1503	4029	1201	2828
1504	4005	1225	2780
1505	3987	1221	2766
1506	4016	1203	2813
1507	4054	1198	2856
1508	4056	1212	2844
1509	4114	1189	2925
1510	4135	1170	2965
1511	4139	1194	2945
1512	4156	1213	2943
1513	4248	1223	3025
1514	4185	1232	2953
1515	4109	1217	2892
1516	4130	1213	2917
1517	4133	1193	2940
1518	4185	1201	2984
1519	4160	1194	2966
1520	4115	1191	2924
1521	4136	1209	2927
1522	4181	1201	2980
1523	4182	1201	2981
1524	4140	1201	2939
1525	4174	1192	2982
1526	4113	1198	2915
1527	4128	1198	2930
1528	4098	1202	2896
1529	4097	1195	2902
1530	4088	1201	2887
1531	4070	1211	2859
1532	4084	1221	2863
1533	4129	1194	2935
1534	4079	1203	2876
1535	4013	1220	2793
1536	4004	1203	2801
1537	3982	1202	2780
1538	3958	1197	2761
1539	3896	1199	2697
1540	3937	1217	2720
1541	3897	1223	2674
1542	3880	1227	2653
1543	3881	1233	2648
1544	3865	1209	2656
1545	3829	1185	2644
1546	3823	1183	2640
1547	3843	1214	2629
1548	3840	1213	2627
1549	3773	1193	2580
1550	3740	1197	2543
1551	3723	1187	2536
1552	3701	1186	2515
1553	3679	1183	2496
1554	3667	1189	2478
1555	3596	1207	2389
1556	3608	1198	2410
1557	3618	1177	2441
1558	3590	1183	2407
1559	3608	1176	2432
1560	3569	1188	2381
1561	3532	1186	2346
1562	3565	1174	2391
1563	3489	1179	2310
1564	3457	1193	2264
1565	3452	1202	2250
1566	3481	1205	2276
1567	3465	1201	2264
1568	3451	1206	2245
1569	3442	1210	2232
1570	3446	1199	2247
1571	3430	1191	2239
1572	3426	1171	2255
1573	3421	1174	2247
1574	3380	1187	2193
1575	3333	1195	2138
1576	3366	1187	2179
1577	3387	1184	2203
1578	3340	1187	2153
1579	3352	1189	2163
1580	3329	1179	2150
1581	3310	1185	2125
1582	3354	1204	2150
1583	3384	1216	2168
1584	3378	1196	2182
1585	3323	1198	2125
1586	3335	1211	2124
1587	3335	1204	2131
1588	3311	1200	2111
1589	3360	1190	2170
1590	3380	1188	2192
1591	3346	1173	2173
1592	3371	1188	2183
1593	3336	1199	2137
1594	3337	1183	2154
1595	3333	1197	2136
1596	3353	1192	2161
1597	3365	1181	2184
1598	3400	1209	2191
1599	3440	1210	2230
1600	3420	1183	2237
1601	3434	1182	2252
1602	3433	1195	2238
1603	3437	1198	2239
1604	3387	1191	2196
1605	3401	1188	2213
1606	3395	1179	2216
1607	3481	1198	2283
1608	3534	1226	2308
1609	3523	1201	2322
1610	3531	1175	2356
1611	3557	1175	2382
1612	3635	1175	2460
1613	3573	1195	2378
1614	3596	1214	2382
1615	3557	1215	2342
1616	3592	1187	2405
1617	3668	1185	2483
1618	3666	1232	2434
1619	3673	1216	2457
1620	3709	1185	2524
1621	3748	1193	2555
1622	3755	1174	2581
1623	3735	1199	2536
1624	3766	1200	2566
1625	3777	1195	2582
1626	3775	1219	2556
1627	3773	1227	2546
1628	3816	1185	2631
1629	3862	1157	2705
1630	3914	1175	2739
1631	3918	1185	2733
1632	3905	1202	2703
1633	3896	1207	2689
1634	3947	1234	2713
1635	3935	1219	2716
1636	3953	1203	2750
1637	4000	1216	2784
1638	4054	1201	2853
1639	4057	1201	2856
1640	4070	1214	2856
1641	4038	1211	2827
1642	3995	1212	2783
1643	4034	1193	2841
1644	4093	1195	2898
1645	4070	1190	2880
1646	4060	1192	2868
1647	4071	1195	2876
1648	4101	1169	2932
1649	4134	1197	2937
1650	4182	1202	2980
1651	4183	1189	2994
1652	4161	1202	2959
1653	4181	1200	2981
1654	4164	1199	2965
1655	4174	1215	2959
1656	4126	1217	2909
1657	4122	1219	2903
1658	4065	1202	2863
1659	4031	1194	2837
1660	4115	1180	2935
1661	4163	1190	2973
1662	4101	1185	2916
1663	4075	1175	2900
1664	4115	1184	2931
1665	4140	1209	2931
1666	4101	1209	2892
1667	4099	1193	2906
1668	4034	1202	2832
1669	3990	1211	2779
1670	4009	1214	2795
1671	3975	1177	2798
1672	3930	1184	2746
1673	3941	1202	2739
1674	3985	1214	2771
1675	3926	1217	2709
1676	3831	1198	2633
1677	3854	1211	2643
1678	3894	1207	2687
1679	3869	1181	2688
1680	3818	1201	2617
1681	3816	1208	2608
1682	3826	1199	2627
1683	3789	1194	2595
1684	3813	1203	2610
1685	3787	1220	2567
1686	3753	1221	2532
1687	3708	1221	2487
1688	3711	1216	2495
1689	3696	1194	2502
1690	3693	1171	2522
1691	3687	1188	2499
1692	3625	1213	2412
1693	3578	1196	2382
1694	3583	1199	2384
1695	3603	1205	2398
1696	3609	1201	2408
1697	3571	1205	2366
1698	3509	1180	2329
1699	3524	1184	2340
1700	3499	1218	2281
1701	3470	1206	2264
1702	3456	1171	2285
1703	3470	1176	2294
1704	3406	1197	2209
1705	3345	1191	2154
1706	3356	1212	2144
1707	3324	1205	2119
1708	3329	1197	2132
1709	3343	1177	2166
1710	3277	1179	2098
1711	3217	1195	2022
1712	3252	1210	2042
1713	3271	1207	2064
1714	3319	1188	2131
1715	3279	1203	2076
1716	3249	1204	2045
1717	3184	1194	1990
1718	3172	1186	1986
1719	3176	1208	1968
1720	3139	1207	1932
1721	3180	1224	1956
1722	3190	1217	1973
1723	3164	1185	1979
1724	3101	1171	1930
1725	3096	1189	1907
1726	3160	1198	1962
1727	3121	1199	1922
1728	3080	1206	1874
1729	3093	1197	1896
1730	3084	1191	1893
1731	3090	1194	1896
1732	3114	1207	1907
1733	3135	1198	1937
1734	3119	1199	1920
1735	3105	1201	1904
1736	3105	1199	1906
1737	3077	1199	1878
1738	3084	1203	1881
1739	3058	1176	1882
1740	3066	1183	1883
1741	3094	1212	1882
1742	3106	1203	1903
1743	3150	1195	1955
1744	3177	1204	1973
1745	3113	1216	1897
1746	3115	1214	1901
1747	3183	1203	1980
1748	3164	1193	1971
1749	3136	1210	1926
1750	3107	1226	1881
1751	3154	1203	1951
1752	3189	1213	1976
1753	3194	1214	1980
1754	3208	1196	2012
1755	3209	1204	2005
1756	3214	1229	1985
1757	3211	1229	1982
1758	3220	1201	2019
1759	3238	1185	2053
1760	3255	1198	2057
1761	3261	1215	2046
1762	3282	1201	2081
1763	3333	1206	2127
1764	3324	1203	2121
1765	3304	1217	2087
1766	3321	1209	2112
1767	3326	1209	2117
1768	3333	1230	2103
1769	3352	1214	2138
1770	3412	1200	2212
1771	3401	1188	2213
1772	3432	1194	2238
1773	3441	1196	2245
1774	3457	1175	2282
1775	3442	1179	2263
1776	3473	1214	2259
1777	3505	1219	2286
1778	3462	1196	2266
1779	3469	1174	2295
1780	3514	1172	2342
1781	3516	1185	2331
1782	3506	1203	2303
1783	3544	1202	2342
1784	3576	1201	2375
1785	3541	1190	2351
1786	3475	1194	2281
1787	3467	1193	2274
1788	3451	1208	2243
1789	3428	1202	2226
1790	3477	1195	2282
1791	3480	1185	2295
1792	3450	1187	2263
1793	3508	1216	2292
1794	3576	1204	2372
1795	3574	1191	2383
1796	3581	1182	2399
1797	3554	1205	2349
1798	3540	1193	2347
1799	3597	1185	2412
1800	3544	1207	2337
1801	3526	1223	2303
1802	3524	1226	2298
1803	3502	1227	2275
1804	3538	1223	2315
1805	3568	1216	2352
1806	3587	1226	2361
1807	3541	1220	2321
1808	3531	1205	2326
1809	3504	1211	2293
1810	3491	1194	2297
1811	3491	1190	2301
1812	3506	1203	2303
1813	3507	1196	2311
1814	3560	1202	2358
1815	3543	1205	2338
1816	3470	1200	2270
1817	3487	1191	2296
1818	3465	1208	2257
1819	3479	1187	2292
1820	3519	1192	2327
1821	3503	1195	2308
1822	3477	1184	2293
1823	3486	1186	2300
1824	3457	1214	2243
1825	3453	1210	2243
1826	3427	1186	2241
1827	3415	1196	2219
1828	3455	1184	2271
1829	3416	1212	2204
1830	3366	1213	2153
1831	3344	1194	2150
1832	3362	1198	2164
1833	3359	1218	2141
1834	3308	1214	2094
1835	3309	1203	2106
1836	3243	1205	2038
1837	3247	1209	2038
1838	3246	1199	2047
1839	3204	1194	2010
1840	3154	1186	1968
1841	3124	1207	1917
1842	3098	1200	1898
1843	3120	1208	1912
1844	3100	1203	1897
1845	3031	1206	1825
1846	3055	1202	1853
1847	2988	1203	1785
1848	2957	1208	1749
1849	2960	1201	1759
1850	2937	1205	1732
1851	2932	1203	1729
1852	2903	1197	1706
1853	2874	1199	1675
1854	2910	1217	1693
1855	2903	1219	1684
1856	2852	1216	1636
1857	2830	1241	1589
1858	2834	1227	1607
1859	2834	1188	1646
1860	2838	1202	1636
1861	2888	1207	1681
1862	2863	1181	1682
1863	2825	1196	1629
1864	2812	1209	1603
1865	2780	1195	1585
1866	2764	1191	1573
1867	2711	1194	1517
1868	2718	1193	1525
1869	2704	1200	1504
1870	2678	1201	1477
1871	2640	1200	1440
1872	2621	1201	1420
1873	2603	1201	1402
1874	2605	1193	1412
1875	2575	1189	1386
1876	2540	1200	1340
1877	2508	1199	1309
1878	2500	1192	1308
1879	2489	1180	1309
1880	2463	1177	1286
1881	2424	1187	1237
1882	2428	1201	1227
1883	2414	1228	1186
1884	2422	1233	1189
1885	2393	1204	1189
1886	2385	1209	1176
1887	2386	1194	1192
1888	2372	1194	1178
1889	2348	1214	1134
1890	2336	1220	1116
1891	2340	1193	1147
1892	2348	1185	1163
1893	2325	1227	1098
1894	2357	1225	1132
1895	2365	1206	1159
1896	2341	1227	1114
1897	2325	1224	1101
1898	2333	1208	1125
1899	2319	1221	1098
1900	2282	1214	1068
1901	2284	1212	1072
1902	2311	1209	1102
1903	2341	1202	1139
1904	2317	1199	1118
1905	2287	1200	1087
1906	2291	1171	1120
1907	2251	1188	1063
1908	2244	1197	1047
1909	2221	1201	1020
1910	2197	1199	998
1911	2199	1204	995
1912	2205	1203	1002
1913	2184	1209	975
1914	2175	1189	986
1915	2177	1195	982
1916	2178	1207	971
1917	2148	1193	955
1918	2157	1204	953
1919	2149	1209	940
1920	2150	1191	959
1921	2170	1174	996
1922	2174	1195	979
1923	2172	1201	971
1924	2117	1193	924
1925	2106	1195	911
1926	2119	1201	918
1927	2080	1203	877
1928	2086	1206	880
1929	2092	1203	889
1930	2092	1201	891
1931	2094	1195	899
1932	2093	1190	903
1933	2107	1209	898
1934	2104	1217	887
1935	2109	1223	886
1936	2169	1199	970
1937	2151	1180	971
1938	2125	1189	936
1939	2135	1195	940
1940	2122	1204	918
1941	2120	1204	916
1942	2123	1201	922
1943	2128	1193	935
1944	2135	1205	930
1945	2160	1220	940
1946	2171	1216	955
1947	2139	1230	909
1948	2120	1221	899
1949	2199	1201	998
1950	2182	1204	978
1951	2115	1217	898
1952	2104	1219	885
1953	2172	1191	981
1954	2161	1216	945
1955	2131	1208	923
1956	2161	1204	957
1957	2140	1213	927
1958	2123	1233	890
1959	2090	1209	881
1960	2122	1204	918
1961	2109	1206	903
1962	2113	1213	900
1963	2133	1212	921
1964	2129	1208	921
1965	2100	1195	905
1966	2075	1203	872
1967	2105	1205	900
1968	2124	1190	934
1969	2164	1220	944
1970	2154	1213	941
1971	2120	1217	903
1972	2129	1232	897
1973	2118	1229	889
1974	2112	1217	895
1975	2130	1208	922
1976	2123	1220	903
1977	2144	1216	928
1978	2164	1206	958
1979	2149	1199	950
1980	2132	1205	927
1981	2106	1225	881
1982	2105	1216	889
1983	2113	1208	905
1984	2111	1216	895
1985	2097	1208	889
1986	2138	1212	926
1987	2117	1194	923
1988	2146	1187	959
1989	2152	1211	941
1990	2144	1235	909
1991	2159	1226	933
1992	2126	1209	917
1993	2126	1190	936
1994	2137	1209	928
1995	2111	1188	923
1996	2117	1199	918
1997	2131	1195	936
1998	2113	1192	921
1999	2126	1205	921
2000	2139	1211	928
2001	2133	1195	938
2002	2124	1199	925
2003	2143	1196	947
2004	2134	1176	958
2005	2077	1205	872
2006	2082	1218	864
2007	2076	1217	859
2008	2069	1233	836
2009	2062	1218	844
2010	2053	1228	825
2011	2059	1230	829
2012	2084	1202	882
2013	2066	1194	872
2014	2040	1195	845
2015	2000	1199	801
2016	2002	1215	787
2017	2016	1236	780
2018	1995	1215	780
2019	1948	1201	747
2020	1980	1209	771
2021	1991	1218	773
2022	1985	1214	771
2023	1961	1219	742
2024	1954	1222	732
2025	1934	1199	735
2026	1952	1195	757
2027	1940	1202	738
2028	1917	1222	695
2029	1890	1210	680
2030	1912	1217	695
2031	1911	1222	689
2032	1857	1209	648
2033	1829	1208	621
2034	1845	1217	628
2035	1843	1240	603
2036	1845	1222	623
2037	1846	1218	628
2038	1814	1203	611
2039	1836	1216	620
2040	1844	1206	638
2041	1795	1203	592
2042	1782	1192	590
2043	1784	1194	590
2044	1827	1202	625
2045	1836	1221	615
2046	1800	1222	578
2047	1758	1225	533
2048	1782	1216	566
2049	1789	1205	584
2050	1793	1212	581
2051	1771	1219	552
2052	1770	1224	546
2053	1768	1223	545
2054	1785	1230	555
2055	1762	1210	552
2056	1746	1218	528
2057	1772	1203	569
2058	1783	1192	591
2059	1770	1180	590
2060	1779	1189	590
2061	1760	1212	548
2062	1753	1216	537
2063	1777	1201	576
2064	1770	1208	562
2065	1770	1215	555
2066	1775	1216	559
2067	1761	1207	554
2068	1771	1193	578
2069	1729	1202	527
2070	1741	1201	540
2071	1741	1207	534
2072	1738	1216	522
2073	1768	1200	568
2074	1746	1213	533
2075	1750	1211	539
2076	1753	1227	526
2077	1723	1241	482
2078	1736	1232	504
2079	1737	1201	536
2080	1715	1179	536
2081	1678	1213	465
2082	1737	1214	523
2083	1736	1201	535
2084	1688	1188	500
2085	1674	1193	481
2086	1701	1217	484
2087	1688	1190	498
2088	1673	1192	481
2089	1685	1212	473
2090	1722	1213	509
2091	1703	1200	503
2092	1710	1191	519
2093	1713	1201	512
2094	1710	1197	513
2095	1715	1186	529
2096	1705	1202	503
2097	1746	1206	540
2098	1747	1210	537
2099	1732	1217	515
2100	1721	1197	524
2101	1735	1211	524
2102	1761	1179	582
2103	1787	1168	619
2104	1762	1219	543
2105	1746	1239	507
2106	1768	1209	559
2107	1775	1168	607
2108	1787	1178	609
2109	1788	1204	584
2110	1790	1187	603
2111	1788	1195	593
2112	1820	1200	620
2113	1862	1206	656
2114	1882	1218	664
2115	1882	1207	675
2116	1908	1189	719
2117	1917	1187	730
2118	1929	1181	748
2119	1936	1157	779
2120	1918	1188	730
2121	1946	1207	739
2122	1959	1186	773
2123	1935	1217	718
2124	1956	1221	735
2125	1947	1214	733
2126	1922	1227	695
2127	1923	1215	708
2128	1961	1224	737
2129	1966	1227	739
2130	1966	1221	745
2131	1957	1196	761
2132	1978	1176	802
2133	1981	1183	798
2134	2014	1206	808
2135	2064	1228	836
2136	2084	1215	869
2137	2086	1195	891
2138	2131	1189	942
2139	2161	1209	952
2140	2206	1214	992
2141	2208	1191	1017
2142	2173	1199	974
2143	2205	1187	1018
2144	2227	1174	1053
2145	2238	1184	1054
2146	2298	1189	1109
2147	2329	1204	1125
2148	2318	1215	1103
2149	2322	1211	1111
2150	2312	1216	1096
2151	2339	1233	1106
2152	2357	1205	1152
2153	2399	1181	1218
2154	2488	1205	1283
2155	2486	1218	1268
2156	2496	1209	1287
2157	2537	1211	1326
2158	2573	1198	1375
2159	2553	1207	1346
2160	2562	1214	1348
2161	2609	1223	1386
2162	2654	1214	1440
2163	2695	1189	1506
2164	2700	1190	1510
2165	2715	1173	1542
2166	2767	1186	1581
2167	2785	1200	1585
2168	2805	1221	1584
2169	2852	1214	1638
2170	2890	1193	1697
2171	2886	1212	1674
2172	2860	1203	1657
2173	2896	1188	1708
2174	2982	1218	1764
2175	3036	1218	1818
2176	3056	1206	1850
2177	3086	1204	1882
2178	3186	1187	1999
2179	3163	1195	1968
2180	3188	1191	1997
2181	3208	1219	1989
2182	3168	1193	1975
2183	3207	1177	2030
2184	3311	1189	2122
2185	3366	1223	2143
2186	3405	1213	2192
2187	3441	1192	2249
2188	3503	1195	2308
2189	3593	1185	2408
2190	3655	1201	2454
2191	3737	1224	2513
2192	3804	1230	2574
2193	3813	1212	2601
2194	3920	1203	2717
2195	3974	1197	2777
2196	3993	1214	2779
2197	4044	1199	2845
2198	4050	1199	2851
2199	3997	1207	2790
2200	4012	1214	2798
2201	4026	1201	2825
2202	4036	1216	2820
2203	4009	1220	2789
2204	3926	1221	2705
2205	3964	1214	2750
2206	4047	1210	2837
2207	4031	1200	2831
2208	4090	1192	2898
2209	4108	1203	2905
2210	4122	1207	2915
2211	4081	1209	2872
2212	4057	1210	2847
2213	4039	1215	2824
2214	4103	1210	2893
2215	4109	1210	2899
2216	4113	1216	2897
2217	4063	1196	2867
2218	4036	1187	2849
2219	4035	1226	2809
2220	3988	1222	2766
2221	3991	1208	2783
2222	4021	1204	2817
2223	4064	1202	2862
2224	4070	1212	2858
2225	4044	1220	2824
2226	3978	1196	2782
2227	4001	1196	2805
2228	3990	1195	2795
2229	4005	1196	2809
2230	4034	1195	2839
2231	4025	1194	2831
2232	4061	1201	2860
2233	4067	1223	2844
2234	4046	1222	2824
2235	4027	1208	2819
2236	4054	1203	2851
2237	4105	1213	2892
2238	4040	1218	2822
2239	4028	1209	2819
2240	4136	1195	2941
2241	4151	1192	2959
2242	4125	1204	2921
2243	4181	1202	2979
2244	4215	1201	3014
2245	4260	1230	3030
2246	4309	1227	3082
2247	4327	1205	3122
2248	4385	1219	3166
2249	4405	1227	3178
2250	4359	1210	3149
2251	4354	1217	3137
2252	4385	1228	3157
2253	4452	1208	3244
2254	4499	1198	3301
2255	4425	1208	3217
2256	4389	1221	3168
2257	4408	1219	3189
2258	4455	1209	3246
2259	4409	1193	3216
2260	4364	1191	3173
2261	4324	1190	3134
2262	4395	1207	3188
2263	4420	1214	3206
2264	4423	1197	3226
2265	4417	1208	3209
2266	4400	1193	3207
2267	4391	1214	3177
2268	4360	1219	3141
2269	4349	1206	3143
2270	4417	1193	3224
2271	4366	1186	3180
2272	4352	1199	3153
2273	4324	1208	3116
2274	4316	1211	3105
2275	4342	1206	3136
2276	4334	1219	3115
2277	4286	1219	3067
2278	4317	1213	3104
2279	4310	1197	3113
2280	4315	1214	3101
2281	4289	1198	3091
2282	4280	1172	3108
2283	4307	1206	3101
2284	4259	1224	3035
2285	4264	1216	3048
2286	4349	1208	3141
2287	4350	1207	3143
2288	4307	1210	3097
2289	4307	1204	3103
2290	4291	1204	3087
2291	4239	1220	3019
2292	4290	1229	3061
2293	4305	1202	3103
2294	4293	1195	3098
2295	4280	1190	3090
2296	4251	1177	3074
2297	4289	1206	3083
2298	4312	1198	3114
2299	4285	1215	3070
2300	4284	1209	3075
2301	4316	1194	3122
2302	4345	1212	3133
2303	4353	1202	3151
2304	4345	1197	3148
2305	4391	1214	3177
2306	4481	1213	3268
2307	4420	1184	3236
2308	4432	1180	3252
2309	4486	1206	3280
2310	4428	1238	3190
2311	4424	1213	3211
2312	4485	1217	3268
2313	4419	1218	3201
2314	4439	1210	3229
2315	4453	1196	3257
2316	4446	1211	3235
2317	4372	1205	3167
2318	4357	1199	3158
2319	4326	1205	3121
2320	4325	1205	3120
2321	4305	1182	3123
2322	4306	1202	3104
2323	4247	1213	3034
2324	4247	1199	3048
2325	4209	1228	2981
2326	4245	1213	3032
2327	4224	1188	3036
2328	4216	1205	3011
2329	4189	1219	2970
2330	4129	1207	2922
2331	4126	1187	2939
2332	4121	1209	2912
2333	4049	1204	2845
2334	4090	1189	2901
2335	4151	1199	2952
2336	4114	1194	2920
2337	4044	1198	2846
2338	4041	1189	2852
2339	4017	1185	2832
2340	4034	1198	2836
2341	4150	1211	2939
2342	4202	1212	2990
2343	4204	1203	3001
2344	4234	1212	3022
2345	4265	1213	3052
2346	4337	1216	3121
2347	4384	1197	3187
2348	4342	1198	3144
2349	4351	1197	3154
2350	4412	1200	3212
2351	4462	1201	3261
2352	4462	1172	3290
2353	4506	1189	3317
2354	4560	1201	3359
2355	4546	1207	3339
2356	4541	1200	3341
2357	4521	1198	3323
2358	4544	1214	3330
2359	4642	1218	3424
2360	4638	1210	3428
2361	4632	1219	3413
2362	4553	1233	3320
2363	4573	1229	3344
2364	4597	1202	3395
2365	4551	1188	3363
2366	4466	1179	3287
2367	4443	1198	3245
2368	4448	1213	3235
2369	4353	1201	3152
2370	4305	1184	3121
2371	4315	1200	3115
2372	4373	1194	3179
2373	4447	1185	3262
2374	4416	1205	3211
2375	4435	1210	3225
2376	4448	1199	3249
2377	4459	1209	3250
2378	4440	1197	3243
2379	4418	1186	3232
2380	4400	1197	3203
2381	4416	1209	3207
2382	4372	1212	3160
2383	4356	1205	3151
2384	4334	1201	3133
2385	4325	1214	3111
2386	4263	1210	3053
2387	4294	1200	3094
2388	4304	1194	3110
2389	4270	1201	3069
2390	4276	1201	3075
2391	4246	1205	3041
2392	4196	1222	2974
2393	4231	1217	3014
2394	4249	1222	3027
2395	4251	1204	3047
2396	4256	1211	3045
2397	4323	1199	3124
2398	4347	1222	3125
2399	4314	1236	3078
2400	4393	1225	3168
2401	4411	1218	3193
2402	4401	1214	3187
2403	4452	1205	3247
2404	4422	1206	3216
2405	4447	1191	3256
2406	4551	1196	3355
2407	4596	1194	3402
2408	4606	1209	3397
2409	4654	1204	3450
2410	4715	1186	3529
2411	4728	1197	3531
2412	4783	1190	3593
2413	4773	1202	3571
2414	4767	1222	3545
2415	4812	1205	3607
2416	4817	1209	3608
2417	4775	1205	3570
2418	4756	1200	3556
2419	4721	1196	3525
2420	4770	1230	3540
2421	4818	1206	3612
2422	4854	1191	3663
2423	4936	1206	3730
2424	4905	1212	3693
2425	4889	1211	3678
2426	4925	1211	3714
2427	4920	1224	3696
2428	4955	1209	3746
2429	4984	1186	3798
2430	4964	1174	3790
2431	4965	1189	3776
2432	4951	1191	3760
2433	4930	1200	3730
2434	4941	1208	3733
2435	4961	1218	3743
2436	4853	1220	3633
2437	4858	1205	3653
2438	4902	1201	3701
2439	4854	1200	3654
2440	4867	1201	3666
2441	4906	1189	3717
2442	4915	1210	3705
2443	4879	1206	3673
2444	4929	1188	3741
2445	5011	1212	3799
2446	5084	1209	3875
2447	5074	1199	3875
2448	5038	1205	3833
2449	5036	1193	3843
2450	5004	1214	3790
2451	5028	1225	3803
2452	5070	1229	3841
2453	5030	1225	3805
2454	5027	1218	3809
2455	5059	1225	3834
2456	5090	1225	3865
2457	5158	1199	3959
2458	5228	1207	4021
2459	5160	1237	3923
2460	5212	1239	3973
2461	5185	1206	3979
2462	5159	1209	3950
2463	5140	1235	3905
2464	5234	1222	4012
2465	5301	1212	4089
2466	5300	1203	4097
2467	5272	1196	4076
2468	5285	1190	4095
2469	5310	1209	4101
2470	5276	1217	4059
2471	5294	1193	4101
2472	5323	1205	4118
2473	5331	1208	4123
2474	5370	1196	4174
2475	5306	1209	4097
2476	5297	1208	4089
2477	5307	1201	4106
2478	5335	1195	4140
2479	5337	1186	4151
2480	5348	1194	4154
2481	5381	1188	4193
2482	5360	1184	4176
2483	5424	1202	4222
2484	5497	1211	4286
2485	5488	1199	4289
2486	5586	1221	4365
2487	5690	1224	4466
2488	5692	1189	4503
2489	5752	1178	4574
2490	5852	1198	4654
2491	5934	1212	4722
2492	6008	1225	4783
2493	6131	1214	4917
2494	6494	1207	5287
2495	7237	1211	6026
2496	8014	1196	6818
2497	8728	1192	7536
2498	9401	1187	8214
2499	9675	1205	8470
2500	9845	1193	8652
2501	9949	1193	8756
2502	9988	1201	8787
2503	10041	1186	8855
2504	9976	1204	8772
2505	9618	1211	8407
2506	9137	1201	7936
2507	8474	1205	7269
2508	7756	1207	6549
2509	7098	1183	5915
2510	6793	1195	5598
2511	6615	1220	5395
2512	6418	1200	5218
2513	6257	1208	5049
2514	6128	1219	4909
2515	5905	1217	4688
2516	5872	1209	4663
2517	5836	1191	4645
2518	5825	1194	4631
2519	5792	1186	4606
2520	5692	1185	4507
2521	5653	1201	4452
2522	5664	1204	4460
2523	5613	1200	4413
2524	5629	1199	4430
2525	5611	1208	4403
2526	5646	1230	4416
2527	5659	1215	4444
2528	5662	1196	4466
2529	5636	1209	4427
2530	5649	1211	4438
2531	5641	1206	4435
2532	5631	1213	4418
2533	5621	1213	4408
2534	5631	1223	4408
2535	5624	1218	4406
2536	5637	1199	4438
2537	5592	1208	4384
2538	5575	1216	4359
2539	5518	1225	4293
2540	5471	1217	4254
2541	5388	1207	4181
2542	5433	1222	4211
2543	5481	1207	4274
2544	5409	1207	4202
2545	5374	1226	4148
2546	5400	1212	4188
2547	5351	1198	4153
2548	5309	1212	4097
2549	5338	1203	4135
2550	5330	1187	4143
2551	5283	1194	4089
2552	5326	1205	4121
2553	5309	1188	4121
2554	5236	1175	4061
2555	5219	1203	4016
2556	5256	1227	4029
2557	5268	1215	4053
2558	5161	1211	3950
2559	5085	1229	3856
2560	5100	1235	3865
2561	5079	1234	3845
2562	5016	1206	3810
2563	4975	1183	3792
2564	4912	1204	3708
2565	4911	1198	3713
2566	4852	1192	3660
2567	4882	1186	3696
2568	4927	1186	3741
2569	4881	1217	3664
2570	4927	1230	3697
2571	5018	1217	3801
2572	4992	1207	3785
2573	4928	1191	3737
2574	4951	1214	3737
2575	4938	1196	3742
2576	4977	1195	3782
2577	4957	1220	3737
2578	4921	1201	3720
2579	4865	1203	3662
2580	4786	1214	3572
2581	4728	1219	3509
2582	4703	1210	3493
2583	4645	1181	3464
2584	4616	1188	3428
2585	4703	1195	3508
2586	4767	1188	3579
2587	4700	1198	3502
2588	4747	1209	3538
2589	4735	1204	3531
2590	4814	1192	3622
2591	4916	1196	3720
2592	4873	1189	3684
2593	4829	1190	3639
2594	4814	1194	3620
2595	4838	1211	3627
2596	4822	1188	3634
2597	4796	1194	3602
2598	4730	1187	3543
2599	4693	1195	3498
2600	4679	1212	3467
2601	4667	1192	3475
2602	4595	1179	3416
2603	4582	1193	3389
2604	4719	1216	3503
2605	4732	1212	3520
2606	4678	1214	3464
2607	4718	1194	3524
2608	4764	1194	3570
2609	4785	1209	3576
2610	4843	1203	3640
2611	4839	1193	3646
2612	4832	1179	3653
2613	4890	1177	3713
2614	4873	1195	3678
2615	4842	1190	3652
2616	4881	1197	3684
2617	4879	1179	3700
2618	4843	1179	3664
2619	4846	1210	3636
2620	4859	1215	3644
2621	4882	1202	3680
2622	4852	1173	3679
2623	4844	1165	3679
2624	4868	1190	3678
2625	4853	1205	3648
2626	4820	1214	3606
2627	4768	1208	3560
2628	4762	1199	3563
2629	4745	1202	3543
2630	4727	1193	3534
2631	4775	1190	3585
2632	4809	1199	3610
2633	4777	1200	3577
2634	4795	1230	3565
2635	4850	1212	3638
2636	4830	1188	3642
2637	4889	1185	3704
2638	4915	1216	3699
2639	4909	1209	3700
2640	4933	1221	3712
2641	4953	1210	3743
2642	4957	1202	3755
2643	4933	1216	3717
2644	4935	1218	3717
2645	4900	1211	3689
2646	4915	1186	3729
2647	4913	1208	3705
2648	4922	1208	3714
2649	4874	1203	3671
2650	4868	1202	3666
2651	4911	1182	3729
2652	4906	1200	3706
2653	4895	1206	3689
2654	4907	1209	3698
2655	4905	1211	3694
2656	4948	1207	3741
2657	5023	1212	3811
2658	5089	1208	3881
2659	4989	1227	3762
2660	4960	1203	3757
2661	4963	1209	3754
2662	4977	1205	3772
2663	4971	1197	3774
2664	4950	1196	3754
2665	4907	1204	3703
2666	4941	1195	3746
2667	4951	1189	3762
2668	5021	1189	3832
2669	5018	1188	3830
2670	4946	1208	3738
2671	4991	1237	3754
2672	5076	1214	3862
2673	5043	1220	3823
2674	5027	1210	3817
2675	5039	1201	3838
2676	5038	1209	3829
2677	4987	1204	3783
2678	5083	1217	3866
2679	5063	1215	3848
2680	5049	1202	3847
2681	5054	1202	3852
2682	4986	1191	3795
2683	5010	1217	3793
2684	4982	1211	3771
2685	4977	1187	3790
2686	4990	1196	3794
2687	4963	1207	3756
2688	4951	1212	3739
2689	4919	1214	3705
2690	4890	1201	3689
2691	4911	1197	3714
2692	4945	1211	3734
2693	4970	1202	3768
2694	4910	1202	3708
2695	4842	1209	3633
2696	4833	1222	3611
2697	4837	1216	3621
2698	4850	1194	3656
2699	4854	1214	3640
2700	4864	1225	3639
2701	4830	1196	3634
2702	4822	1193	3629
2703	4850	1181	3669
2704	4847	1195	3652
2705	4750	1201	3549
2706	4749	1215	3534
2707	4749	1226	3523
2708	4669	1211	3458
2709	4711	1212	3499
2710	4723	1223	3500
2711	4670	1202	3468
2712	4632	1194	3438
2713	4655	1225	3430
2714	4706	1218	3488
2715	4739	1214	3525
2716	4664	1195	3469
2717	4620	1187	3433
2718	4647	1182	3465
2719	4686	1210	3476
2720	4646	1202	3444
2721	4628	1204	3424
2722	4616	1214	3402
2723	4559	1195	3364
2724	4573	1179	3394
2725	4555	1188	3367
2726	4553	1199	3354
2727	4538	1182	3356
2728	4521	1192	3329
2729	4550	1220	3330
2730	4590	1202	3388
2731	4573	1184	3389
2732	4585	1185	3400
2733	4584	1197	3387
2734	4649	1191	3458
2735	4631	1203	3428
2736	4645	1211	3434
2737	4600	1215	3385
2738	4493	1223	3270
2739	4477	1212	3265
2740	4494	1217	3277
2741	4516	1218	3298
2742	4509	1198	3311
2743	4447	1205	3242
2744	4411	1192	3219
2745	4446	1191	3255
2746	4521	1213	3308
2747	4463	1211	3252
2748	4483	1205	3278
2749	4483	1202	3281
2750	4488	1214	3274
2751	4461	1195	3266
2752	4416	1192	3224
2753	4436	1202	3234
2754	4439	1191	3248
2755	4446	1193	3253
2756	4457	1210	3247
2757	4462	1224	3238
2758	4442	1206	3236
2759	4449	1193	3256
2760	4419	1207	3212
2761	4406	1211	3195
2762	4439	1199	3240
2763	4516	1188	3328
2764	4540	1219	3321
2765	4507	1242	3265
2766	4487	1201	3286
2767	4467	1194	3273
2768	4547	1195	3352
2769	4584	1181	3403
2770	4561	1190	3371
2771	4572	1194	3378
2772	4563	1195	3368
2773	4576	1189	3387
2774	4592	1189	3403
2775	4621	1216	3405
2776	4589	1209	3380
2777	4587	1208	3379
2778	4661	1196	3465
2779	4622	1211	3411
2780	4577	1213	3364
2781	4691	1204	3487
2782	4723	1203	3520
2783	4728	1192	3536
2784	4706	1192	3514
2785	4681	1210	3471
2786	4698	1207	3491
2787	4734	1197	3537
2788	4769	1208	3561
2789	4748	1224	3524
2790	4720	1198	3522
2791	4753	1182	3571
2792	4791	1198	3593
2793	4781	1231	3550
2794	4772	1210	3562
2795	4719	1186	3533
2796	4719	1187	3532
2797	4788	1191	3597
2798	4815	1196	3619
2799	4862	1193	3669
2800	4864	1205	3659
2801	4852	1210	3642
2802	4920	1228	3692
2803	4966	1218	3748
2804	4984	1194	3790
2805	4871	1198	3673
2806	4890	1207	3683
2807	4987	1214	3773
2808	4992	1202	3790
2809	4907	1207	3700
2810	4841	1209	3632
2811	4842	1196	3646
2812	4892	1217	3675
2813	4873	1209	3664
2814	4918	1199	3719
2815	4907	1198	3709
2816	4858	1191	3667
2817	4833	1205	3628
2818	4839	1217	3622
2819	4833	1225	3608
2820	4835	1217	3618
2821	4848	1194	3654
2822	4814	1199	3615
2823	4854	1193	3661
2824	4863	1184	3679
2825	4886	1182	3704
2826	4923	1181	3742
2827	4925	1196	3729
2828	4961	1186	3775
2829	4936	1184	3752
2830	4937	1190	3747
2831	4950	1211	3739
2832	4990	1225	3765
2833	5095	1204	3891
2834	5097	1218	3879
2835	5040	1230	3810
2836	5067	1208	3859
2837	5083	1189	3894
2838	5051	1187	3864
2839	5035	1199	3836
2840	5017	1227	3790
2841	4962	1212	3750
2842	4991	1209	3782
2843	5033	1209	3824
2844	4989	1205	3784
2845	4962	1202	3760
2846	4954	1198	3756
2847	4962	1163	3799
2848	4924	1186	3738
2849	4867	1226	3641
2850	4833	1207	3626
2851	4848	1184	3664
2852	4834	1187	3647
2853	4736	1207	3529
2854	4677	1211	3466
2855	4659	1211	3448
2856	4596	1193	3403
2857	4569	1203	3366
2858	4545	1220	3325
2859	4538	1211	3327
2860	4573	1214	3359
2861	4518	1201	3317
2862	4519	1193	3326
2863	4543	1187	3356
2864	4598	1205	3393
2865	4581	1195	3386
2866	4595	1189	3406
2867	4653	1188	3465
2868	4633	1199	3434
2869	4650	1205	3445
2870	4656	1187	3469
2871	4608	1201	3407
2872	4635	1209	3426
2873	4657	1212	3445
2874	4636	1218	3418
2875	4643	1208	3435
2876	4594	1198	3396
2877	4548	1197	3351
2878	4497	1224	3273
2879	4447	1222	3225
2880	4484	1200	3284
2881	4443	1186	3257
2882	4436	1198	3238
2883	4445	1206	3239
2884	4457	1209	3248
2885	4401	1204	3197
2886	4350	1195	3155
2887	4348	1183	3165
2888	4379	1199	3180
2889	4333	1193	3140
2890	4330	1185	3145
2891	4430	1179	3251
2892	4446	1173	3273
2893	4397	1185	3212
2894	4366	1202	3164
2895	4356	1200	3156
2896	4353	1194	3159
2897	4373	1200	3173
2898	4395	1214	3181
2899	4423	1212	3211
2900	4370	1223	3147
2901	4336	1218	3118
2902	4376	1223	3153
2903	4394	1210	3184
2904	4313	1186	3127
2905	4320	1190	3130
2906	4349	1179	3170
2907	4403	1175	3228
2908	4366	1191	3175
2909	4334	1190	3144
2910	4364	1190	3174
2911	4377	1185	3192
2912	4368	1203	3165
2913	4382	1222	3160
2914	4417	1213	3204
2915	4359	1205	3154
2916	4334	1205	3129
2917	4349	1207	3142
2918	4291	1211	3080
2919	4211	1200	3011
2920	4224	1208	3016
2921	4223	1221	3002
2922	4217	1208	3009
2923	4198	1201	2997
2924	4160	1199	2961
2925	4182	1195	2987
2926	4238	1208	3030
2927	4171	1214	2957
2928	4182	1198	2984
2929	4255	1192	3063
2930	4225	1209	3016
2931	4238	1210	3028
2932	4327	1206	3121
2933	4389	1210	3179
2934	4375	1256	3119
2935	4453	1229	3224
2936	4494	1203	3291
2937	4503	1201	3302
2938	4478	1189	3289
2939	4472	1201	3271
2940	4517	1202	3315
2941	4480	1204	3276
2942	4473	1194	3279
2943	4438	1202	3236
2944	4376	1221	3155
2945	4349	1207	3142
2946	4348	1192	3156
2947	4316	1198	3118
2948	4242	1196	3046
2949	4235	1205	3030
2950	4178	1214	2964
2951	4212	1212	3000
2952	4290	1207	3083
2953	4272	1207	3065
2954	4256	1206	3050
2955	4239	1215	3024
2956	4180	1210	2970
2957	4177	1206	2971
2958	4190	1196	2994
2959	4175	1201	2974
2960	4190	1214	2976
2961	4227	1214	3013
2962	4280	1194	3086
2963	4207	1181	3026
2964	4256	1193	3063
2965	4338	1211	3127
2966	4421	1228	3193
2967	4391	1220	3171
2968	4397	1183	3214
2969	4493	1238	3255
2970	4445	1204	3241
2971	4414	1197	3217
2972	4463	1208	3255
2973	4492	1200	3292
2974	4455	1211	3244
2975	4458	1213	3245
2976	4534	1215	3319
2977	4478	1220	3258
2978	4470	1205	3265
2979	4519	1198	3321
2980	4512	1212	3300
2981	4450	1198	3252
2982	4433	1190	3243
2983	4454	1212	3242
2984	4461	1203	3258
2985	4475	1206	3269
2986	4428	1201	3227
2987	4417	1215	3202
2988	4441	1233	3208
2989	4455	1213	3242
2990	4466	1201	3265
2991	4494	1221	3273
2992	4529	1232	3297
2993	4551	1238	3313
2994	4555	1203	3352
2995	4548	1173	3375
2996	4599	1205	3394
2997	4545	1216	3329
2998	4476	1190	3286
2999	4487	1203	3284
3000	4462	1193	3269
3001	4444	1191	3253
3002	4477	1206	3271
3003	4444	1180	3264
3004	4458	1175	3283
3005	4481	1203	3278
3006	4450	1225	3225
3007	4433	1198	3235
3008	4410	1183	3227
3009	4385	1204	3181
3010	4425	1224	3201
3011	4412	1212	3200
3012	4366	1187	3179
3013	4398	1183	3215
3014	4397	1190	3207
3015	4358	1204	3154
3016	4331	1213	3118
3017	4378	1213	3165
3018	4375	1201	3174
3019	4321	1186	3135
3020	4404	1192	3212
3021	4424	1189	3235
3022	4473	1187	3286
3023	4532	1193	3339
3024	4523	1188	3335
3025	4548	1200	3348
3026	4594	1187	3407
3027	4575	1191	3384
3028	4625	1196	3429
3029	4713	1200	3513
3030	4652	1205	3447
3031	4603	1197	3406
3032	4637	1184	3453
3033	4635	1189	3446
3034	4601	1205	3396
3035	4588	1207	3381
3036	4579	1190	3389
3037	4509	1173	3336
3038	4514	1188	3326
3039	4494	1197	3297
3040	4461	1187	3274
3041	4411	1191	3220
3042	4465	1202	3263
3043	4446	1222	3224
3044	4443	1208	3235
3045	4497	1201	3296
3046	4463	1196	3267
3047	4524	1201	3323
3048	4513	1196	3317
3049	4482	1191	3291
3050	4563	1211	3352
3051	4526	1214	3312
3052	4533	1200	3333
3053	4546	1194	3352
3054	4563	1203	3360
3055	4617	1204	3413
3056	4576	1214	3362
3057	4579	1217	3362
3058	4578	1206	3372
3059	4599	1206	3393
3060	4603	1210	3393
3061	4584	1200	3384
3062	4600	1190	3410
3063	4619	1201	3418
3064	4561	1214	3347
3065	4564	1207	3357
3066	4592	1211	3381
3067	4625	1231	3394
3068	4636	1240	3396
3069	4632	1219	3413
3070	4755	1187	3568
3071	4836	1184	3652
3072	4852	1196	3656
3073	4929	1219	3710
3074	5021	1211	3810
3075	5070	1228	3842
3076	5100	1208	3892
3077	5183	1211	3972
3078	5333	1209	4124
3079	5399	1195	4204
3080	5454	1212	4242
3081	5558	1214	4344
3082	5570	1197	4373
3083	5626	1212	4414
3084	5707	1201	4506
3085	5808	1189	4619
3086	5919	1183	4736
3087	6109	1196	4913
3088	6321	1220	5101
3089	6540	1204	5336
3090	6598	1207	5391
3091	6799	1220	5579
3092	6932	1213	5719
3093	7058	1213	5845
3094	7185	1243	5942
3095	7283	1234	6049
3096	7426	1208	6218
3097	7577	1219	6358
3098	7743	1210	6533
3099	7789	1206	6583
3100	7822	1213	6609
3101	7975	1211	6764
3102	8043	1212	6831
3103	8123	1210	6913
3104	8306	1179	7127
3105	8551	1191	7360
3106	8740	1207	7533
3107	8771	1206	7565
3108	8821	1212	7609
3109	8785	1214	7571
3110	8682	1211	7471
3111	8624	1198	7426
3112	8519	1216	7303
3113	8531	1199	7332
3114	8610	1189	7421
3115	8716	1193	7523
3116	8783	1186	7597
3117	8916	1184	7732
3118	9065	1196	7869
3119	9174	1183	7991
3120	9391	1211	8180
3121	9698	1227	8471
3122	10031	1215	8816
3123	10229	1207	9022
3124	10285	1205	9080
3125	10457	1193	9264
3126	10644	1183	9461
3127	10637	1185	9452
3128	10725	1194	9531
3129	10844	1204	9640
3130	10851	1197	9654
3131	10811	1190	9621
3132	10686	1198	9488
3133	10536	1200	9336
3134	10460	1211	9249
3135	10462	1211	9251
3136	10553	1210	9343
3137	10561	1208	9353
3138	10584	1192	9392
3139	10557	1210	9347
3140	10629	1213	9416
3141	10764	1216	9548
3142	10770	1197	9573
3143	10877	1189	9688
3144	11090	1194	9896
3145	11373	1219	10154
3146	11779	1218	10561
3147	12236	1221	11015
3148	12593	1192	11401
3149	12872	1213	11659
3150	13121	1220	11901
3151	13214	1215	11999
3152	13384	1200	12184
3153	13551	1197	12354
3154	13500	1207	12293
3155	13391	1189	12202
3156	13331	1189	12142
3157	12975	1203	11772
3158	12670	1228	11442
3159	12358	1206	11152
3160	12176	1217	10959
3161	12109	1212	10897
3162	12064	1206	10858
3163	12113	1207	10906
3164	12147	1211	10936
3165	12176	1209	10967
3166	12180	1222	10958
3167	12303	1212	11091
3168	12471	1205	11266
3169	12491	1213	11278
3170	12432	1190	11242
3171	12538	1189	11349
3172	12786	1202	11584
3173	13373	1207	12166
3174	14021	1200	12821
3175	14533	1195	13338
3176	14952	1186	13766
3177	15319	1196	14123
3178	15860	1197	14663
3179	16181	1209	14972
3180	16432	1205	15227
3181	16900	1190	15710
3182	17137	1199	15938
3183	16822	1214	15608
3184	16234	1226	15008
3185	15546	1217	14329
3186	14966	1196	13770
3187	14361	1202	13159
3188	13919	1220	12699
3189	13127	1213	11914
3190	12384	1205	11179
3191	11897	1211	10686
3192	11444	1218	10226
3193	11201	1181	10020
3194	11127	1194	9933
3195	11110	1221	9889
3196	11043	1205	9838
3197	11061	1187	9874
3198	11207	1207	10000
3199	11401	1203	10198
3200	11688	1214	10474
3201	12203	1194	11009
3202	12439	1188	11251
3203	12585	1205	11380
3204	12720	1195	11525
3205	12741	1196	11545
3206	12909	1209	11700
3207	12957	1235	11722
3208	12917	1209	11708
3209	12617	1201	11416
3210	12401	1208	11193
3211	12156	1211	10945
3212	11767	1204	10563
3213	11581	1209	10372
3214	11421	1185	10236
3215	11156	1191	9965
3216	11079	1181	9898
3217	10959	1199	9760
3218	10929	1220	9709
3219	11054	1212	9842
3220	11139	1196	9943
3221	11319	1201	10118
3222	11324	1198	10126
3223	11357	1197	10160
3224	11467	1201	10266
3225	11375	1207	10168
3226	11352	1187	10165
3227	11207	1176	10031
3228	11108	1205	9903
3229	10996	1197	9799
3230	10646	1193	9453
3231	10340	1180	9160
3232	10029	1195	8834
3233	9743	1201	8542
3234	9622	1208	8414
3235	9488	1193	8295
3236	9240	1192	8048
3237	8995	1213	7782
3238	8806	1217	7589
3239	8604	1214	7390
3240	8488	1228	7260
3241	8413	1232	7181
3242	8310	1217	7093
3243	8278	1211	7067
3244	8146	1223	6923
3245	8019	1207	6812
3246	7894	1201	6693
3247	7754	1213	6541
3248	7733	1224	6509
3249	7695	1219	6476
3250	7550	1211	6339
3251	7518	1204	6314
3252	7508	1203	6305
3253	7360	1221	6139
3254	7395	1207	6188
3255	7539	1199	6340
3256	7777	1209	6568
3257	8016	1212	6804
3258	8242	1206	7036
3259	8553	1204	7349
3260	8712	1202	7510
3261	8881	1201	7680
3262	9006	1221	7785
3263	9199	1214	7985
3264	9368	1207	8161
3265	9382	1187	8195
3266	9395	1193	8202
3267	9231	1204	8027
3268	9031	1197	7834
3269	8843	1198	7645
3270	8687	1196	7491
3271	8614	1215	7399
3272	8505	1198	7307
3273	8488	1204	7284
3274	8492	1229	7263
3275	8444	1199	7245
3276	8460	1189	7271
3277	8420	1210	7210
3278	8436	1212	7224
3279	8382	1217	7165
3280	8469	1194	7275
3281	8494	1191	7303
3282	8324	1188	7136
3283	8121	1193	6928
3284	7982	1212	6770
3285	7750	1191	6559
3286	7500	1190	6310
3287	7393	1232	6161
3288	7365	1227	6138
3289	7222	1212	6010
3290	7134	1186	5948
3291	7033	1190	5843
3292	7028	1209	5819
3293	7078	1205	5873
3294	6979	1213	5766
3295	6939	1212	5727
3296	6912	1192	5720
3297	6867	1201	5666
3298	6900	1220	5680
3299	6878	1212	5666
3300	6836	1204	5632
3301	7005	1205	5800
3302	7086	1206	5880
3303	7192	1195	5997
3304	7308	1197	6111
3305	7363	1203	6160
3306	7338	1205	6133
3307	7345	1197	6148
3308	7382	1202	6180
3309	7450	1188	6262
3310	7472	1190	6282
3311	7452	1187	6265
3312	7488	1207	6281
3313	7466	1221	6245
3314	7330	1196	6134
3315	7223	1196	6027
3316	7288	1202	6086
3317	7368	1207	6161
3318	7417	1214	6203
3319	7425	1199	6226
3320	7299	1210	6089
3321	7182	1214	5968
3322	7271	1218	6053
3323	7246	1221	6025
3324	7205	1195	6010
3325	7145	1188	5957
3326	7103	1208	5895
3327	6985	1199	5786
3328	6954	1191	5763
3329	6957	1196	5761
3330	7019	1194	5825
3331	7018	1218	5800
3332	6995	1226	5769
3333	7043	1202	5841
3334	7099	1197	5902
3335	7161	1207	5954
3336	7183	1218	5965
3337	7258	1211	6047
3338	7379	1188	6191
3339	7391	1186	6205
3340	7302	1209	6093
3341	7257	1210	6047
3342	7274	1207	6067
3343	7266	1206	6060
3344	7167	1201	5966
3345	6958	1203	5755
3346	6837	1217	5620
3347	6709	1210	5499
3348	6596	1217	5379
3349	6520	1199	5321
3350	6491	1194	5297
3351	6470	1214	5256
3352	6436	1186	5250
3353	6457	1183	5274
3354	6500	1208	5292
3355	6492	1219	5273
3356	6524	1212	5312
3357	6454	1211	5243
3358	6364	1213	5151
3359	6357	1210	5147
3360	6402	1216	5186
3361	6446	1188	5258
3362	6386	1192	5194
3363	6281	1214	5067
3364	6248	1205	5043
3365	6192	1203	4989
3366	6258	1211	5047
3367	6270	1195	5075
3368	6154	1187	4967
3369	6135	1196	4939
3370	6146	1207	4939
3371	6150	1238	4912
3372	6009	1220	4789
3373	5984	1207	4777
3374	5884	1200	4684
3375	5875	1202	4673
3376	5911	1197	4714
3377	5802	1197	4605
3378	5773	1195	4578
3379	5740	1197	4543
3380	5724	1196	4528
3381	5664	1183	4481
3382	5655	1190	4465
3383	5641	1206	4435
3384	5705	1211	4494
3385	5721	1200	4521
3386	5692	1209	4483
3387	5727	1210	4517
3388	5692	1203	4489
3389	5707	1206	4501
3390	5744	1212	4532
3391	5752	1211	4541
3392	5728	1201	4527
3393	5748	1193	4555
3394	5728	1211	4517
3395	5642	1201	4441
3396	5709	1196	4513
3397	5716	1188	4528
3398	5621	1186	4435
3399	5591	1188	4403
3400	5554	1187	4367
3401	5512	1218	4294
3402	5475	1208	4267
3403	5359	1182	4177
3404	5295	1191	4104
3405	5302	1183	4119
3406	5366	1181	4185
3407	5342	1211	4131
3408	5228	1211	4017
3409	5192	1194	3998
3410	5190	1183	4007
3411	5128	1204	3924
3412	5144	1198	3946
3413	5123	1216	3907
3414	5063	1222	3841
3415	5095	1198	3897
3416	5048	1208	3840
3417	5001	1214	3787
3418	5024	1210	3814
3419	4950	1207	3743
3420	4973	1206	3767
3421	4977	1202	3775
3422	4936	1205	3731
3423	4908	1197	3711
3424	4859	1192	3667
3425	4919	1210	3709
3426	4888	1212	3676
3427	4754	1202	3552
3428	4759	1204	3555
3429	4727	1207	3520
3430	4707	1196	3511
3431	4664	1218	3446
3432	4583	1231	3352
3433	4578	1207	3371
3434	4502	1180	3322
3435	4480	1197	3283
3436	4394	1190	3204
3437	4315	1170	3145
3438	4271	1175	3096
3439	4214	1213	3001
3440	4147	1207	2940
3441	4173	1193	2980
3442	4176	1212	2964
3443	4083	1204	2879
3444	4081	1220	2861
3445	4098	1230	2868
3446	4074	1215	2859
3447	4092	1192	2900
3448	3996	1184	2812
3449	3989	1199	2790
3450	4031	1211	2820
3451	3964	1199	2765
3452	3841	1212	2629
3453	3809	1231	2578
3454	3757	1206	2551
3455	3729	1186	2543
3456	3705	1215	2490
3457	3649	1194	2455
3458	3606	1211	2395
3459	3656	1229	2427
3460	3609	1206	2403
3461	3593	1194	2399
3462	3617	1202	2415
3463	3587	1208	2379
3464	3639	1211	2428
3465	3667	1195	2472
3466	3611	1183	2428
3467	3551	1187	2364
3468	3530	1186	2344
3469	3564	1183	2381
3470	3506	1177	2329
3471	3411	1187	2224
3472	3414	1195	2219
3473	3341	1195	2146
3474	3270	1199	2071
3475	3236	1218	2018
3476	3263	1226	2037
3477	3237	1214	2023
3478	3211	1193	2018
3479	3233	1198	2035
3480	3246	1206	2040
3481	3210	1215	1995
3482	3214	1207	2007
3483	3220	1201	2019
3484	3229	1213	2016
3485	3244	1209	2035
3486	3268	1207	2061
3487	3254	1206	2048
3488	3228	1202	2026
3489	3187	1200	1987
3490	3215	1205	2010
3491	3209	1202	2007
3492	3185	1219	1966
3493	3168	1224	1944
3494	3176	1188	1988
3495	3163	1192	1971
3496	3186	1209	1977
3497	3128	1224	1904
3498	3094	1213	1881
3499	3074	1198	1876
3500	3029	1192	1837
3501	3003	1198	1805
3502	3000	1200	1800
3503	2963	1177	1786
3504	2931	1179	1752
3505	2949	1206	1743
3506	2941	1210	1731
3507	2885	1203	1682
3508	2842	1187	1655
3509	2826	1205	1621
3510	2834	1221	1613
3511	2827	1216	1611
3512	2805	1216	1589
3513	2718	1200	1518
3514	2726	1186	1540
3515	2729	1211	1518
3516	2755	1215	1540
3517	2711	1212	1499
3518	2673	1203	1470
3519	2683	1209	1474
3520	2670	1215	1455
3521	2654	1201	1453
3522	2690	1209	1481
3523	2675	1223	1452
3524	2680	1209	1471
3525	2664	1194	1470
3526	2664	1187	1477
3527	2662	1200	1462
3528	2654	1199	1455
3529	2651	1213	1438
3530	2581	1202	1379
3531	2565	1185	1380
3532	2592	1193	1399
3533	2549	1195	1354
3534	2601	1185	1416
3535	2573	1183	1390
3536	2546	1199	1347
3537	2523	1211	1312
3538	2604	1199	1405
3539	2629	1196	1433
3540	2602	1212	1390
3541	2579	1219	1360
3542	2586	1210	1376
3543	2556	1201	1355
3544	2564	1196	1368
3545	2550	1202	1348
3546	2515	1203	1312
3547	2474	1236	1238
3548	2415	1223	1192
3549	2429	1209	1220
3550	2423	1203	1220
3551	2418	1205	1213
3552	2420	1203	1217
3553	2421	1197	1224
3554	2489	1196	1293
3555	2453	1190	1263
3556	2398	1201	1197
3557	2373	1202	1171
3558	2359	1200	1159
3559	2387	1214	1173
3560	2417	1189	1228
3561	2394	1174	1220
3562	2340	1196	1144
3563	2304	1204	1100
3564	2269	1190	1079
3565	2305	1187	1118
3566	2310	1189	1121
3567	2332	1197	1135
3568	2301	1197	1104
3569	2279	1193	1086
3570	2300	1211	1089
3571	2267	1206	1061
3572	2284	1189	1095
3573	2288	1193	1095
3574	2265	1201	1064
3575	2262	1214	1048
3576	2275	1214	1061
3577	2273	1207	1066
3578	2269	1206	1063
3579	2248	1196	1052
3580	2234	1185	1049
3581	2236	1212	1024
3582	2238	1203	1035
3583	2235	1183	1052
3584	2298	1205	1093
3585	2300	1206	1094
3586	2244	1195	1049
3587	2267	1184	1083
3588	2250	1210	1040
3589	2260	1227	1033
3590	2244	1208	1036
3591	2261	1199	1062
3592	2258	1198	1060
3593	2216	1199	1017
3594	2222	1171	1051
3595	2262	1187	1075
3596	2246	1193	1053
3597	2262	1183	1079
3598	2259	1179	1080
3599	2216	1216	1000
3600	2188	1219	969
3601	2167	1203	964
3602	2181	1195	986
3603	2199	1201	998
3604	2207	1216	991
3605	2203	1194	1009
3606	2164	1172	992
3607	2135	1203	932
3608	2171	1228	943
3609	2149	1199	950
3610	2157	1183	974
3611	2171	1202	969
3612	2156	1203	953
3613	2142	1175	967
3614	2139	1182	957
3615	2150	1184	966
3616	2119	1192	927
3617	2091	1192	899
3618	2103	1161	942
3619	2099	1187	912
3620	2081	1179	902
3621	2082	1201	881
3622	2108	1208	900
3623	2110	1197	913
3624	2074	1200	874
3625	2078	1207	871
3626	2050	1184	866
3627	2039	1192	847
3628	2026	1192	834
3629	2042	1186	856
3630	2072	1185	887
3631	2044	1174	870
3632	2025	1163	862
3633	2000	1170	830
3634	2006	1187	819
3635	1959	1171	788
3636	1967	1169	798
3637	2015	1183	832
3638	1988	1195	793
3639	1967	1193	774
3640	1981	1207	774
3641	1980	1208	772
3642	1945	1197	748
3643	1935	1188	747
3644	1947	1181	766
3645	1957	1180	777
3646	1949	1185	764
3647	1929	1204	725
3648	1926	1188	738
