index	original	background	difference
-----------------------------------------------------
1	1234	1187	47
2	1224	1193	31
3	1206	1188	18
4	1216	1187	29
5	1225	1192	33
6	1206	1190	16
7	1210	1194	16
8	1210	1183	27
9	1199	1183	16
10	1202	1186	16
11	1231	1191	40
12	1207	1187	20
13	1216	1190	26
14	1209	1192	17
15	1250	1189	61
16	1222	1202	20
17	1205	1201	4
18	1220	1192	28
19	1223	1195	28
20	1228	1196	32
21	1229	1191	38
22	1230	1199	31
23	1245	1202	43
24	1244	1202	42
25	1228	1204	24
26	1203	1197	6
27	1223	1213	10
28	1231	1206	25
29	1245	1198	47
30	1241	1192	49
31	1244	1202	42
32	1255	1213	42
33	1225	1208	17
34	1227	1207	20
35	1250	1220	30
36	1248	1218	30
37	1209	1215	-6
38	1211	1207	4
39	1226	1216	10
40	1219	1216	3
41	1260	1221	39
42	1231	1219	12
43	1214	1208	6
44	1215	1204	11
45	1227	1209	18
46	1215	1206	9
47	1234	1202	32
48	1223	1213	10
49	1232	1215	17
50	1221	1212	9
51	1222	1226	-4
52	1229	1225	4
53	1245	1220	25
54	1247	1223	24
55	1278	1228	50
56	1259	1223	36
57	1242	1223	19
58	1251	1218	33
59	1265	1222	43
60	1262	1222	40
61	1251	1230	21
62	1227	1224	3
63	1241	1221	20
64	1243	1211	32
65	1261	1215	46
66	1271	1223	48
67	1271	1225	46
68	1247	1222	25
69	1234	1223	11
70	1244	1224	20
71	1259	1228	31
72	1236	1224	12
73	1227	1227	0
74	1244	1222	22
75	1248	1219	29
76	1249	1225	24
77	1257	1214	43
78	1240	1215	25
79	1245	1214	31
80	1264	1210	54
81	1262	1212	50
82	1235	1220	15
83	1236	1221	15
84	1251	1216	35
85	1256	1219	37
86	1237	1219	18
87	1260	1229	31
88	1250	1232	18
89	1236	1236	0
90	1234	1225	9
91	1231	1224	7
92	1252	1229	23
93	1259	1225	34
94	1235	1229	6
95	1244	1228	16
96	1243	1222	21
97	1248	1226	22
98	1266	1227	39
99	1263	1224	39
100	1240	1221	19
101	1246	1224	22
102	1254	1229	25
103	1275	1225	50
104	1252	1213	39
105	1262	1219	43
106	1260	1225	35
107	1241	1234	7
108	1251	1240	11
109	1254	1235	19
110	1245	1221	24
111	1237	1223	14
112	1273	1231	42
113	1253	1228	25
114	1236	1226	10
115	1260	1243	17
116	1262	1241	21
117	1237	1231	6
118	1229	1230	-1
119	1229	1237	-8
120	1225	1230	-5
121	1255	1232	23
122	1230	1230	0
123	1241	1238	3
124	1261	1233	28
125	1250	1230	20
126	1250	1231	19
127	1268	1226	42
128	1256	1220	36
129	1259	1223	36
130	1245	1223	22
131	1252	1226	26
132	1265	1221	44
133	1263	1229	34
134	1255	1229	26
135	1234	1231	3
136	1239	1228	11
137	1243	1228	15
138	1253	1226	27
139	1269	1228	41
140	1251	1215	36
141	1240	1225	15
142	1241	1223	18
143	1251	1230	21
144	1239	1228	11
145	1249	1227	22
146	1234	1222	12
147	1242	1225	17
148	1239	1230	9
149	1240	1227	13
150	1234	1225	9
151	1245	1236	9
152	1250	1234	16
153	1250	1227	23
154	1254	1222	32
155	1255	1225	30
156	1231	1235	-4
157	1256	1233	23
158	1260	1233	27
159	1259	1235	24
160	1276	1225	51
161	1258	1220	38
162	1245	1224	21
163	1262	1235	27
164	1238	1222	16
165	1244	1225	19
166	1261	1218	43
167	1256	1225	31
168	1247	1223	24
169	1279	1232	47
170	1289	1229	60
171	1255	1219	36
172	1235	1219	16
173	1251	1225	26
174	1252	1225	27
175	1252	1223	29
176	1239	1226	13
177	1253	1222	31
178	1274	1221	53
179	1261	1232	29
180	1271	1229	42
181	1266	1225	41
182	1233	1228	5
183	1240	1227	13
184	1250	1225	25
185	1249	1234	15
186	1242	1234	8
187	1243	1236	7
188	1246	1234	12
189	1247	1226	21
190	1247	1217	30
191	1271	1230	41
192	1259	1224	35
193	1248	1222	26
194	1235	1221	14
195	1243	1226	17
196	1246	1218	28
197	1271	1214	57
198	1258	1229	29
199	1242	1237	5
200	1243	1236	7
201	1227	1229	-2
202	1233	1228	5
203	1240	1221	19
204	1237	1219	18
205	1250	1229	21
206	1233	1224	9
207	1235	1222	13
208	1220	1230	-10
209	1218	1237	-19
210	1230	1234	-4
211	1245	1227	18
212	1255	1216	39
213	1245	1217	28
214	1226	1226	0
215	1235	1237	-2
216	1249	1225	24
217	1250	1222	28
218	1242	1226	16
219	1243	1230	13
220	1247	1222	25
221	1252	1227	25
222	1254	1234	20
223	1257	1238	19
224	1238	1237	1
225	1234	1229	5
226	1243	1225	18
227	1253	1227	26
228	1247	1228	19
229	1235	1226	9
230	1257	1234	23
231	1264	1230	34
232	1247	1226	21
233	1250	1225	25
234	1234	1222	12
235	1248	1220	28
236	1264	1228	36
237	1242	1230	12
238	1238	1225	13
239	1253	1230	23
240	1240	1229	11
241	1231	1226	5
242	1236	1215	21
243	1233	1227	6
244	1220	1231	-11
245	1229	1226	3
246	1226	1225	1
247	1253	1230	23
248	1251	1215	36
249	1233	1224	9
250	1222	1234	-12
251	1237	1225	12
252	1232	1215	17
253	1227	1228	-1
254	1242	1231	11
255	1262	1235	27
256	1254	1235	19
257	1254	1229	25
258	1231	1225	6
259	1246	1227	19
260	1243	1232	11
261	1239	1238	1
262	1238	1236	2
263	1242	1231	11
264	1237	1235	2
265	1246	1229	17
266	1242	1234	8
267	1253	1233	20
268	1239	1225	14
269	1249	1222	27
270	1239	1232	7
271	1229	1240	-11
272	1231	1227	4
273	1244	1230	14
274	1250	1228	22
275	1243	1220	23
276	1213	1221	-8
277	1243	1232	11
278	1241	1227	14
279	1224	1221	3
280	1217	1215	2
281	1235	1220	15
282	1236	1217	19
283	1247	1220	27
284	1237	1229	8
285	1260	1222	38
286	1247	1226	21
287	1245	1233	12
288	1250	1233	17
289	1252	1225	27
290	1246	1229	17
291	1234	1232	2
292	1231	1230	1
293	1232	1224	8
294	1239	1228	11
295	1250	1236	14
296	1250	1233	17
297	1239	1222	17
298	1242	1221	21
299	1269	1224	45
300	1253	1228	25
301	1226	1233	-7
302	1251	1229	22
303	1255	1233	22
304	1244	1219	25
305	1251	1223	28
306	1250	1224	26
307	1223	1218	5
308	1229	1228	1
309	1255	1227	28
310	1264	1229	35
311	1242	1242	0
312	1223	1234	-11
313	1220	1228	-8
314	1237	1230	7
315	1224	1233	-9
316	1232	1231	1
317	1253	1233	20
318	1240	1221	19
319	1242	1226	16
320	1234	1224	10
321	1244	1227	17
322	1238	1230	8
323	1250	1229	21
324	1242	1229	13
325	1243	1237	6
326	1234	1241	-7
327	1217	1236	-19
328	1225	1229	-4
329	1255	1232	23
330	1250	1231	19
331	1251	1236	15
332	1254	1235	19
333	1257	1243	14
334	1264	1234	30
335	1249	1226	23
336	1236	1229	7
337	1250	1232	18
338	1239	1235	4
339	1255	1230	25
340	1254	1232	22
341	1256	1221	35
342	1239	1210	29
343	1242	1225	17
344	1246	1236	10
345	1269	1225	44
346	1254	1223	31
347	1263	1226	37
348	1269	1230	39
349	1255	1225	30
350	1231	1220	11
351	1253	1233	20
352	1248	1232	16
353	1255	1211	44
354	1265	1212	53
355	1253	1228	25
356	1256	1234	22
357	1262	1235	27
358	1258	1227	31
359	1254	1225	29
360	1244	1215	29
361	1249	1229	20
362	1262	1233	29
363	1271	1233	38
364	1258	1231	27
365	1247	1232	15
366	1245	1221	24
367	1261	1227	34
368	1228	1235	-7
369	1228	1230	-2
370	1266	1228	38
371	1266	1232	34
372	1248	1228	20
373	1253	1232	21
374	1234	1219	15
375	1238	1220	18
376	1237	1226	11
377	1232	1224	8
378	1245	1217	28
379	1276	1225	51
380	1255	1221	34
381	1237	1215	22
382	1253	1222	31
383	1255	1221	34
384	1242	1221	21
385	1256	1231	25
386	1257	1229	28
387	1251	1233	18
388	1253	1226	27
389	1240	1222	18
390	1240	1228	12
391	1244	1229	15
392	1244	1222	22
393	1247	1222	25
394	1238	1227	11
395	1256	1233	23
396	1248	1221	27
397	1232	1225	7
398	1255	1220	35
399	1236	1223	13
400	1243	1221	22
401	1261	1232	29
402	1257	1224	33
403	1257	1221	36
404	1238	1226	12
405	1242	1223	19
406	1224	1219	5
407	1230	1225	5
408	1261	1233	28
409	1263	1231	32
410	1244	1225	19
411	1235	1232	3
412	1228	1234	-6
413	1240	1234	6
414	1244	1237	7
415	1245	1231	14
416	1253	1226	27
417	1240	1230	10
418	1243	1227	16
419	1265	1238	27
420	1256	1226	30
421	1248	1222	26
422	1225	1232	-7
423	1230	1226	4
424	1222	1228	-6
425	1223	1227	-4
426	1229	1230	-1
427	1256	1229	27
428	1249	1225	24
429	1252	1232	20
430	1242	1221	21
431	1236	1230	6
432	1239	1236	3
433	1265	1237	28
434	1240	1225	15
435	1245	1225	20
436	1240	1216	24
437	1225	1219	6
438	1241	1249	-8
439	1250	1238	12
440	1238	1226	12
441	1261	1227	34
442	1254	1230	24
443	1250	1234	16
444	1249	1226	23
445	1271	1229	42
446	1295	1230	65
447	1294	1225	69
448	1271	1219	52
449	1255	1221	34
450	1256	1224	32
451	1253	1231	22
452	1255	1228	27
453	1277	1236	41
454	1239	1225	14
455	1252	1220	32
456	1245	1231	14
457	1225	1215	10
458	1250	1216	34
459	1266	1228	38
460	1232	1225	7
461	1218	1222	-4
462	1243	1225	18
463	1253	1229	24
464	1258	1223	35
465	1253	1216	37
466	1244	1211	33
467	1237	1217	20
468	1251	1224	27
469	1262	1228	34
470	1245	1224	21
471	1225	1231	-6
472	1236	1228	8
473	1261	1232	29
474	1243	1229	14
475	1238	1228	10
476	1242	1229	13
477	1242	1222	20
478	1222	1226	-4
479	1236	1230	6
480	1248	1232	16
481	1259	1235	24
482	1248	1230	18
483	1242	1241	1
484	1219	1238	-19
485	1234	1231	3
486	1236	1227	9
487	1241	1228	13
488	1236	1226	10
489	1233	1230	3
490	1226	1236	-10
491	1239	1236	3
492	1235	1226	9
493	1231	1224	7
494	1235	1237	-2
495	1230	1229	1
496	1224	1213	11
497	1247	1234	13
498	1246	1236	10
499	1245	1225	20
500	1228	1224	4
501	1249	1233	16
502	1258	1229	29
503	1262	1228	34
504	1244	1222	22
505	1246	1225	21
506	1239	1211	28
507	1226	1215	11
508	1232	1221	11
509	1235	1221	14
510	1248	1222	26
511	1232	1232	0
512	1212	1238	-26
513	1244	1225	19
514	1243	1224	19
515	1244	1225	19
516	1234	1225	9
517	1242	1229	13
518	1241	1230	11
519	1244	1229	15
520	1236	1221	15
521	1238	1229	9
522	1226	1229	-3
523	1239	1229	10
524	1249	1227	22
525	1234	1224	10
526	1215	1219	-4
527	1225	1222	3
528	1225	1224	1
529	1234	1228	6
530	1237	1231	6
531	1255	1226	29
532	1243	1228	15
533	1246	1230	16
534	1239	1232	7
535	1224	1229	-5
536	1239	1224	15
537	1253	1222	31
538	1251	1227	24
539	1255	1227	28
540	1221	1224	-3
541	1244	1221	23
542	1244	1223	21
543	1214	1230	-16
544	1223	1223	0
545	1244	1233	11
546	1248	1235	13
547	1244	1232	12
548	1248	1225	23
549	1259	1218	41
550	1248	1227	21
551	1244	1226	18
552	1243	1216	27
553	1252	1221	31
554	1254	1218	36
555	1261	1216	45
556	1236	1232	4
557	1254	1226	28
558	1267	1225	42
559	1246	1227	19
560	1248	1225	23
561	1248	1215	33
562	1253	1216	37
563	1248	1225	23
564	1222	1227	-5
565	1258	1230	28
566	1250	1229	21
567	1251	1225	26
568	1250	1217	33
569	1245	1219	26
570	1246	1219	27
571	1264	1215	49
572	1259	1215	44
573	1268	1230	38
574	1245	1239	6
575	1243	1229	14
576	1245	1221	24
577	1268	1225	43
578	1261	1230	31
579	1253	1224	29
580	1242	1220	22
581	1247	1229	18
582	1223	1240	-17
583	1215	1229	-14
584	1226	1224	2
585	1243	1223	20
586	1252	1220	32
587	1256	1228	28
588	1235	1228	7
589	1217	1224	-7
590	1221	1224	-3
591	1244	1217	27
592	1264	1214	50
593	1273	1228	45
594	1250	1234	16
595	1246	1227	19
596	1224	1219	5
597	1227	1217	10
598	1266	1220	46
599	1253	1225	28
600	1235	1232	3
601	1239	1234	5
602	1250	1220	30
603	1247	1221	26
604	1239	1222	17
605	1241	1225	16
606	1234	1217	17
607	1213	1226	-13
608	1230	1225	5
609	1243	1226	17
610	1218	1224	-6
611	1233	1237	-4
612	1238	1234	4
613	1251	1228	23
614	1257	1222	35
615	1258	1237	21
616	1267	1224	43
617	1266	1215	51
618	1256	1227	29
619	1242	1230	12
620	1227	1231	-4
621	1256	1240	16
622	1244	1231	13
623	1231	1230	1
624	1220	1227	-7
625	1223	1235	-12
626	1262	1238	24
627	1241	1237	4
628	1241	1236	5
629	1263	1234	29
630	1255	1221	34
631	1261	1220	41
632	1260	1220	40
633	1254	1221	33
634	1221	1215	6
635	1246	1223	23
636	1259	1233	26
637	1230	1228	2
638	1230	1233	-3
639	1249	1235	14
640	1249	1228	21
641	1224	1236	-12
642	1227	1230	-3
643	1239	1229	10
644	1233	1232	1
645	1235	1238	-3
646	1255	1235	20
647	1267	1232	35
648	1269	1227	42
649	1246	1230	16
650	1229	1220	9
651	1268	1213	55
652	1252	1215	37
653	1248	1224	24
654	1254	1233	21
655	1229	1223	6
656	1205	1222	-17
657	1207	1229	-22
658	1222	1225	-3
659	1251	1228	23
660	1249	1233	16
661	1247	1230	17
662	1237	1224	13
663	1239	1223	16
664	1237	1222	15
665	1248	1230	18
666	1253	1228	25
667	1268	1224	44
668	1236	1219	17
669	1204	1222	-18
670	1235	1224	11
671	1248	1221	27
672	1254	1229	25
673	1233	1222	11
674	1230	1222	8
675	1249	1229	20
676	1256	1221	35
677	1266	1228	38
678	1262	1227	35
679	1265	1234	31
680	1248	1228	20
681	1256	1220	36
682	1240	1225	15
683	1229	1237	-8
684	1240	1234	6
685	1269	1236	33
686	1270	1228	42
687	1252	1224	28
688	1258	1230	28
689	1245	1227	18
690	1240	1223	17
691	1239	1219	20
692	1249	1219	30
693	1276	1226	50
694	1252	1223	29
695	1237	1233	4
696	1240	1222	18
697	1243	1224	19
698	1247	1222	25
699	1237	1226	11
700	1225	1224	1
701	1251	1215	36
702	1258	1224	34
703	1245	1226	19
704	1217	1224	-7
705	1244	1236	8
706	1250	1227	23
707	1271	1267	4
708	1253	1253	0
709	1234	1223	11
710	1238	1227	11
711	1259	1232	27
712	1244	1220	24
713	1239	1229	10
714	1248	1240	8
715	1245	1227	18
716	1248	1229	19
717	1227	1244	-17
718	1238	1228	10
719	1232	1233	-1
720	1231	1228	3
721	1246	1221	25
722	1234	1232	2
723	1234	1237	-3
724	1241	1225	16
725	1242	1230	12
726	1213	1227	-14
727	1205	1228	-23
728	1234	1222	12
729	1252	1227	25
730	1260	1220	40
731	1256	1230	26
732	1252	1230	22
733	1257	1220	37
734	1237	1228	9
735	1237	1240	-3
736	1239	1224	15
737	1239	1224	15
738	1246	1229	17
739	1265	1230	35
740	1252	1222	30
741	1226	1219	7
742	1237	1219	18
743	1261	1236	25
744	1245	1244	1
745	1251	1246	5
746	1252	1234	18
747	1263	1231	32
748	1229	1232	-3
749	1239	1222	17
750	1246	1220	26
751	1234	1234	0
752	1225	1242	-17
753	1242	1231	11
754	1241	1224	17
755	1238	1235	3
756	1226	1227	-1
757	1225	1224	1
758	1226	1233	-7
759	1239	1245	-6
760	1243	1234	9
761	1271	1240	31
762	1256	1242	14
763	1236	1238	-2
764	1238	1229	9
765	1253	1222	31
766	1252	1231	21
767	1253	1234	19
768	1235	1229	6
769	1237	1226	11
770	1244	1228	16
771	1255	1228	27
772	1261	1222	39
773	1259	1227	32
774	1244	1225	19
775	1266	1221	45
776	1247	1225	22
777	1259	1236	23
778	1268	1237	31
779	1236	1231	5
780	1214	1226	-12
781	1269	1227	42
782	1269	1229	40
783	1263	1226	37
784	1255	1228	27
785	1263	1224	39
786	1258	1217	41
787	1241	1228	13
788	1247	1228	19
789	1255	1222	33
790	1244	1231	13
791	1232	1236	-4
792	1232	1227	5
793	1262	1224	38
794	1260	1227	33
795	1261	1226	35
796	1237	1224	13
797	1224	1232	-8
798	1233	1226	7
799	1254	1229	25
800	1270	1235	35
801	1268	1233	35
802	1274	1228	46
803	1282	1230	52
804	1252	1229	23
805	1249	1227	22
806	1238	1236	2
807	1262	1244	18
808	1260	1225	35
809	1254	1219	35
810	1260	1223	37
811	1257	1227	30
812	1270	1229	41
813	1280	1224	56
814	1263	1229	34
815	1257	1234	23
816	1253	1223	30
817	1251	1220	31
818	1239	1220	19
819	1255	1231	24
820	1261	1233	28
821	1252	1227	25
822	1241	1219	22
823	1241	1219	22
824	1261	1217	44
825	1282	1226	56
826	1262	1220	42
827	1246	1217	29
828	1256	1220	36
829	1271	1238	33
830	1246	1231	15
831	1240	1219	21
832	1232	1216	16
833	1221	1228	-7
834	1224	1222	2
835	1272	1250	22
836	1277	1243	34
837	1258	1231	27
838	1252	1220	32
839	1261	1221	40
840	1252	1227	25
841	1275	1226	49
842	1266	1220	46
843	1246	1224	22
844	1235	1219	16
845	1237	1225	12
846	1240	1231	9
847	1260	1220	40
848	1257	1215	42
849	1251	1221	30
850	1249	1225	24
851	1247	1231	16
852	1246	1235	11
853	1255	1233	22
854	1245	1229	16
855	1260	1227	33
856	1265	1236	29
857	1236	1235	1
858	1226	1230	-4
859	1243	1227	16
860	1252	1222	30
861	1258	1221	37
862	1247	1228	19
863	1245	1238	7
864	1242	1236	6
865	1244	1230	14
866	1262	1218	44
867	1273	1213	60
868	1244	1227	17
869	1243	1234	9
870	1253	1229	24
871	1259	1229	30
872	1255	1230	25
873	1242	1234	8
874	1243	1235	8
875	1250	1238	12
876	1250	1235	15
877	1252	1231	21
878	1256	1235	21
879	1253	1234	19
880	1245	1221	24
881	1248	1224	24
882	1256	1222	34
883	1285	1221	64
884	1234	1220	14
885	1225	1225	0
886	1230	1224	6
887	1256	1219	37
888	1234	1212	22
889	1253	1215	38
890	1237	1228	9
891	1250	1241	9
892	1249	1228	21
893	1258	1234	24
894	1249	1237	12
895	1258	1236	22
896	1243	1227	16
897	1258	1234	24
898	1256	1235	21
899	1269	1226	43
900	1249	1234	15
901	1252	1232	20
902	1233	1230	3
903	1248	1232	16
904	1264	1226	38
905	1268	1223	45
906	1256	1225	31
907	1243	1227	16
908	1256	1242	14
909	1255	1235	20
910	1225	1226	-1
911	1232	1230	2
912	1208	1238	-30
913	1225	1238	-13
914	1231	1233	-2
915	1231	1229	2
916	1254	1227	27
917	1259	1233	26
918	1245	1227	18
919	1245	1223	22
920	1248	1229	19
921	1255	1236	19
922	1249	1223	26
923	1273	1224	49
924	1244	1230	14
925	1242	1229	13
926	1243	1230	13
927	1229	1238	-9
928	1218	1226	-8
929	1235	1220	15
930	1268	1225	43
931	1259	1226	33
932	1256	1221	35
933	1266	1229	37
934	1246	1230	16
935	1226	1233	-7
936	1233	1225	8
937	1243	1225	18
938	1248	1225	23
939	1268	1224	44
940	1258	1230	28
941	1262	1222	40
942	1241	1227	14
943	1232	1237	-5
944	1263	1241	22
945	1266	1233	33
946	1245	1226	19
947	1228	1235	-7
948	1241	1230	11
949	1248	1226	22
950	1223	1217	6
951	1246	1218	28
952	1247	1225	22
953	1253	1224	29
954	1254	1224	30
955	1255	1233	22
956	1248	1224	24
957	1218	1226	-8
958	1219	1222	-3
959	1256	1213	43
960	1256	1221	35
961	1246	1215	31
962	1227	1214	13
963	1219	1224	-5
964	1234	1219	15
965	1239	1221	18
966	1242	1232	10
967	1255	1224	31
968	1250	1227	23
969	1263	1232	31
970	1250	1230	20
971	1260	1224	36
972	1244	1220	24
973	1242	1225	17
974	1245	1227	18
975	1244	1225	19
976	1241	1232	9
977	1249	1227	22
978	1251	1219	32
979	1265	1228	37
980	1269	1235	34
981	1247	1239	8
982	1232	1230	2
983	1231	1225	6
984	1225	1217	8
985	1241	1217	24
986	1258	1232	26
987	1228	1237	-9
988	1210	1232	-22
989	1241	1227	14
990	1253	1219	34
991	1245	1221	24
992	1218	1215	3
993	1232	1215	17
994	1241	1215	26
995	1233	1226	7
996	1243	1232	11
997	1239	1228	11
998	1233	1225	8
999	1253	1216	37
1000	1248	1214	34
1001	1237	1224	13
1002	1252	1221	31
1003	1261	1232	29
1004	1227	1237	-10
1005	1238	1232	6
1006	1238	1226	12
1007	1250	1228	22
1008	1254	1231	23
1009	1267	1233	34
1010	1251	1236	15
1011	1237	1229	8
1012	1240	1221	19
1013	1235	1221	14
1014	1238	1223	15
1015	1224	1235	-11
1016	1227	1227	0
1017	1242	1224	18
1018	1238	1225	13
1019	1258	1228	30
1020	1258	1218	40
1021	1248	1228	20
1022	1240	1229	11
1023	1247	1221	26
1024	1236	1226	10
1025	1244	1232	12
1026	1244	1222	22
1027	1248	1224	24
1028	1221	1229	-8
1029	1254	1224	30
1030	1253	1226	27
1031	1237	1237	0
1032	1240	1230	10
1033	1234	1230	4
1034	1241	1234	7
1035	1242	1239	3
1036	1245	1236	9
1037	1255	1232	23
1038	1230	1224	6
1039	1219	1221	-2
1040	1206	1217	-11
1041	1229	1215	14
1042	1253	1222	31
1043	1265	1230	35
1044	1241	1233	8
1045	1252	1231	21
1046	1261	1225	36
1047	1233	1225	8
1048	1227	1228	-1
1049	1235	1229	6
1050	1234	1224	10
1051	1257	1228	29
1052	1232	1228	4
1053	1244	1220	24
1054	1232	1219	13
1055	1220	1220	0
1056	1218	1221	-3
1057	1224	1225	-1
1058	1214	1219	-5
1059	1237	1223	14
1060	1247	1218	29
1061	1258	1220	38
1062	1249	1240	9
1063	1245	1241	4
1064	1248	1224	24
1065	1231	1224	7
1066	1232	1231	1
1067	1240	1224	16
1068	1234	1228	6
1069	1220	1227	-7
1070	1227	1218	9
1071	1222	1228	-6
1072	1227	1221	6
1073	1245	1216	29
1074	1230	1225	5
1075	1257	1234	23
1076	1221	1226	-5
1077	1200	1227	-27
1078	1236	1223	13
1079	1256	1223	33
1080	1247	1225	22
1081	1249	1214	35
1082	1245	1219	26
1083	1257	1224	33
1084	1266	1213	53
1085	1250	1228	22
1086	1229	1236	-7
1087	1257	1233	24
1088	1257	1224	33
1089	1239	1226	13
1090	1245	1218	27
1091	1239	1214	25
1092	1222	1223	-1
1093	1233	1230	3
1094	1260	1225	35
1095	1256	1229	27
1096	1253	1224	29
1097	1251	1223	28
1098	1248	1233	15
1099	1251	1236	15
1100	1221	1229	-8
1101	1232	1227	5
1102	1215	1223	-8
1103	1219	1228	-9
1104	1246	1226	20
1105	1241	1223	18
1106	1243	1224	19
1107	1258	1223	35
1108	1250	1225	25
1109	1251	1232	19
1110	1256	1225	31
1111	1253	1231	22
1112	1233	1227	6
1113	1239	1229	10
1114	1239	1228	11
1115	1238	1220	18
1116	1236	1223	13
1117	1240	1227	13
1118	1230	1221	9
1119	1246	1230	16
1120	1221	1227	-6
1121	1233	1232	1
1122	1243	1229	14
1123	1247	1225	22
1124	1247	1217	30
1125	1238	1229	9
1126	1234	1222	12
1127	1241	1226	15
1128	1233	1237	-4
1129	1251	1231	20
1130	1235	1229	6
1131	1235	1230	5
1132	1243	1218	25
1133	1237	1224	13
1134	1249	1225	24
1135	1255	1228	27
1136	1249	1227	22
1137	1232	1228	4
1138	1227	1222	5
1139	1255	1226	29
1140	1254	1226	28
1141	1245	1227	18
1142	1233	1223	10
1143	1245	1223	22
1144	1236	1224	12
1145	1254	1222	32
1146	1223	1221	2
1147	1222	1226	-4
1148	1264	1231	33
1149	1249	1225	24
1150	1245	1232	13
1151	1235	1231	4
1152	1218	1220	-2
1153	1214	1227	-13
1154	1215	1230	-15
1155	1231	1228	3
1156	1231	1219	12
1157	1224	1226	-2
1158	1240	1227	13
1159	1257	1227	30
1160	1269	1218	51
1161	1251	1227	24
1162	1254	1225	29
1163	1238	1229	9
1164	1217	1221	-4
1165	1218	1217	1
1166	1221	1223	-2
1167	1226	1228	-2
1168	1240	1235	5
1169	1249	1241	8
1170	1259	1232	27
1171	1262	1232	30
1172	1250	1235	15
1173	1231	1238	-7
1174	1236	1231	5
1175	1251	1233	18
1176	1246	1230	16
1177	1239	1222	17
1178	1263	1229	34
1179	1263	1239	24
1180	1256	1228	28
1181	1262	1225	37
1182	1270	1227	43
1183	1266	1222	44
1184	1250	1220	30
1185	1238	1234	4
1186	1234	1233	1
1187	1256	1236	20
1188	1269	1231	38
1189	1249	1225	24
1190	1244	1227	17
1191	1236	1227	9
1192	1241	1227	14
1193	1257	1222	35
1194	1257	1231	26
1195	1241	1240	1
1196	1212	1233	-21
1197	1237	1233	4
1198	1247	1229	18
1199	1266	1231	35
1200	1250	1227	23
1201	1232	1230	2
1202	1225	1227	-2
1203	1234	1229	5
1204	1261	1227	34
1205	1251	1238	13
1206	1246	1236	10
1207	1242	1230	12
1208	1248	1225	23
1209	1269	1231	38
1210	1260	1244	16
1211	1267	1242	25
1212	1261	1222	39
1213	1258	1226	32
1214	1243	1229	14
1215	1260	1229	31
1216	1265	1229	36
1217	1255	1230	25
1218	1241	1224	17
1219	1256	1222	34
1220	1264	1233	31
1221	1260	1242	18
1222	1239	1224	15
1223	1246	1224	22
1224	1249	1226	23
1225	1250	1224	26
1226	1246	1224	22
1227	1243	1230	13
1228	1244	1230	14
1229	1236	1226	10
1230	1256	1226	30
1231	1256	1229	27
1232	1249	1226	23
1233	1253	1226	27
1234	1261	1228	33
1235	1260	1229	31
1236	1264	1231	33
1237	1252	1234	18
1238	1241	1229	12
1239	1247	1226	21
1240	1245	1231	14
1241	1240	1237	3
1242	1252	1226	26
1243	1269	1228	41
1244	1232	1226	6
1245	1229	1232	-3
1246	1230	1240	-10
1247	1252	1238	14
1248	1257	1231	26
1249	1253	1229	24
1250	1264	1227	37
1251	1251	1232	19
1252	1270	1231	39
1253	1253	1224	29
1254	1228	1233	-5
1255	1238	1227	11
1256	1250	1227	23
1257	1253	1231	22
1258	1259	1224	35
1259	1252	1229	23
1260	1260	1235	25
1261	1282	1225	57
1262	1278	1227	51
1263	1261	1235	26
1264	1249	1230	19
1265	1227	1233	-6
1266	1226	1227	-1
1267	1261	1224	37
1268	1267	1215	52
1269	1259	1228	31
1270	1273	1232	41
1271	1265	1229	36
1272	1251	1226	25
1273	1246	1227	19
1274	1255	1219	36
1275	1281	1225	56
1276	1275	1225	50
1277	1271	1229	42
1278	1269	1239	30
1279	1253	1228	25
1280	1250	1228	22
1281	1278	1228	50
1282	1260	1226	34
1283	1249	1225	24
1284	1241	1222	19
1285	1253	1227	26
1286	1258	1227	31
1287	1275	1227	48
1288	1240	1219	21
1289	1230	1229	1
1290	1242	1236	6
1291	1250	1230	20
1292	1231	1221	10
1293	1229	1228	1
1294	1244	1219	25
1295	1250	1220	30
1296	1249	1230	19
1297	1253	1223	30
1298	1269	1227	42
1299	1255	1231	24
1300	1258	1220	38
1301	1282	1226	56
1302	1258	1224	34
1303	1238	1225	13
1304	1244	1222	22
1305	1246	1222	24
1306	1264	1221	43
1307	1260	1232	28
1308	1243	1231	12
1309	1244	1231	13
1310	1244	1236	8
1311	1253	1239	14
1312	1230	1223	7
1313	1254	1236	18
1314	1248	1234	14
1315	1240	1227	13
1316	1226	1223	3
1317	1219	1222	-3
1318	1217	1217	0
1319	1245	1227	18
1320	1263	1227	36
1321	1263	1222	41
1322	1271	1233	38
1323	1259	1235	24
1324	1228	1222	6
1325	1249	1232	17
1326	1263	1228	35
1327	1267	1229	38
1328	1247	1225	22
1329	1246	1232	14
1330	1256	1235	21
1331	1254	1226	28
1332	1223	1233	-10
1333	1263	1229	34
1334	1257	1226	31
1335	1243	1227	16
1336	1288	1248	40
1337	1305	1232	73
1338	1240	1210	30
1339	1227	1220	7
1340	1230	1236	-6
1341	1265	1233	32
1342	1266	1224	42
1343	1241	1224	17
1344	1247	1214	33
1345	1264	1215	49
1346	1282	1221	61
1347	1276	1222	54
1348	1235	1227	8
1349	1238	1233	5
1350	1237	1226	11
1351	1247	1229	18
1352	1260	1227	33
1353	1264	1238	26
1354	1251	1241	10
1355	1253	1231	22
1356	1227	1227	0
1357	1236	1229	7
1358	1250	1232	18
1359	1247	1224	23
1360	1251	1224	27
1361	1267	1223	44
1362	1270	1219	51
1363	1269	1228	41
1364	1260	1234	26
1365	1257	1237	20
1366	1250	1228	22
1367	1262	1225	37
1368	1264	1231	33
1369	1266	1231	35
1370	1253	1230	23
1371	1267	1237	30
1372	1283	1229	54
1373	1284	1220	64
1374	1259	1226	33
1375	1265	1234	31
1376	1257	1226	31
1377	1254	1228	26
1378	1258	1229	29
1379	1257	1233	24
1380	1241	1224	17
1381	1256	1226	30
1382	1244	1232	12
1383	1261	1237	24
1384	1250	1236	14
1385	1236	1234	2
1386	1270	1234	36
1387	1245	1236	9
1388	1249	1228	21
1389	1269	1227	42
1390	1252	1232	20
1391	1247	1231	16
1392	1239	1221	18
1393	1267	1226	41
1394	1280	1225	55
1395	1281	1226	55
1396	1273	1231	42
1397	1271	1233	38
1398	1260	1235	25
1399	1259	1220	39
1400	1280	1210	70
1401	1277	1231	46
1402	1286	1232	54
1403	1302	1230	72
1404	1298	1229	69
1405	1276	1228	48
1406	1259	1225	34
1407	1265	1232	33
1408	1261	1230	31
1409	1276	1231	45
1410	1269	1228	41
1411	1261	1235	26
1412	1257	1233	24
1413	1250	1235	15
1414	1252	1231	21
1415	1273	1224	49
1416	1285	1239	46
1417	1262	1229	33
1418	1242	1228	14
1419	1265	1235	30
1420	1260	1235	25
1421	1247	1234	13
1422	1244	1230	14
1423	1267	1233	34
1424	1268	1228	40
1425	1269	1224	45
1426	1245	1225	20
1427	1245	1226	19
1428	1240	1224	16
1429	1232	1221	11
1430	1246	1226	20
1431	1242	1227	15
1432	1243	1224	19
1433	1255	1225	30
1434	1249	1216	33
1435	1273	1215	58
1436	1280	1227	53
1437	1272	1236	36
1438	1249	1231	18
1439	1254	1232	22
1440	1250	1210	40
1441	1248	1224	24
1442	1254	1246	8
1443	1256	1242	14
1444	1251	1237	14
1445	1243	1234	9
1446	1249	1223	26
1447	1289	1229	60
1448	1260	1229	31
1449	1233	1227	6
1450	1226	1222	4
1451	1252	1224	28
1452	1258	1229	29
1453	1250	1232	18
1454	1254	1239	15
1455	1258	1236	22
1456	1241	1222	19
1457	1259	1223	36
1458	1246	1228	18
1459	1231	1228	3
1460	1248	1223	25
1461	1250	1230	20
1462	1260	1227	33
1463	1251	1231	20
1464	1252	1231	21
1465	1260	1226	34
1466	1262	1222	40
1467	1259	1225	34
1468	1252	1228	24
1469	1263	1229	34
1470	1253	1221	32
1471	1253	1224	29
1472	1252	1226	26
1473	1268	1232	36
1474	1278	1236	42
1475	1288	1238	50
1476	1276	1222	54
1477	1257	1227	30
1478	1263	1239	24
1479	1272	1234	38
1480	1258	1229	29
1481	1269	1231	38
1482	1278	1234	44
1483	1280	1228	52
1484	1285	1224	61
1485	1285	1225	60
1486	1278	1226	52
1487	1271	1236	35
1488	1274	1235	39
1489	1282	1229	53
1490	1266	1224	42
1491	1251	1229	22
1492	1259	1231	28
1493	1251	1231	20
1494	1245	1231	14
1495	1261	1234	27
1496	1244	1233	11
1497	1249	1230	19
1498	1287	1221	66
1499	1286	1224	62
1500	1271	1226	45
1501	1257	1232	25
1502	1272	1232	40
1503	1279	1233	46
1504	1266	1219	47
1505	1273	1207	66
1506	1272	1213	59
1507	1266	1232	34
1508	1266	1237	29
1509	1283	1230	53
1510	1271	1235	36
1511	1263	1236	27
1512	1248	1236	12
1513	1255	1239	16
1514	1258	1237	21
1515	1262	1239	23
1516	1262	1235	27
1517	1283	1224	59
1518	1263	1221	42
1519	1278	1230	48
1520	1289	1232	57
1521	1274	1220	54
1522	1278	1209	69
1523	1290	1228	62
1524	1295	1238	57
1525	1288	1223	65
1526	1281	1219	62
1527	1283	1229	54
1528	1287	1230	57
1529	1303	1226	77
1530	1288	1227	61
1531	1265	1227	38
1532	1264	1231	33
1533	1281	1230	51
1534	1279	1225	54
1535	1287	1240	47
1536	1278	1234	44
1537	1287	1230	57
1538	1275	1225	50
1539	1283	1220	63
1540	1278	1217	61
1541	1283	1224	59
1542	1299	1223	76
1543	1300	1228	72
1544	1282	1233	49
1545	1290	1234	56
1546	1294	1227	67
1547	1292	1224	68
1548	1298	1217	81
1549	1276	1223	53
1550	1248	1233	15
1551	1270	1240	30
1552	1269	1227	42
1553	1255	1230	25
1554	1255	1241	14
1555	1275	1236	39
1556	1267	1227	40
1557	1284	1228	56
1558	1267	1220	47
1559	1271	1214	57
1560	1261	1229	32
1561	1265	1227	38
1562	1280	1216	64
1563	1311	1226	85
1564	1310	1226	84
1565	1292	1219	73
1566	1281	1216	65
1567	1278	1221	57
1568	1281	1233	48
1569	1287	1228	59
1570	1307	1222	85
1571	1296	1218	78
1572	1291	1221	70
1573	1298	1219	79
1574	1301	1223	78
1575	1280	1221	59
1576	1263	1220	43
1577	1290	1226	64
1578	1294	1232	62
1579	1300	1238	62
1580	1290	1233	57
1581	1285	1236	49
1582	1313	1229	84
1583	1319	1240	79
1584	1297	1245	52
1585	1299	1231	68
1586	1311	1226	85
1587	1309	1237	72
1588	1282	1230	52
1589	1308	1236	72
1590	1287	1226	61
1591	1279	1212	67
1592	1266	1216	50
1593	1266	1236	30
1594	1285	1233	52
1595	1299	1229	70
1596	1276	1220	56
1597	1286	1232	54
1598	1284	1238	46
1599	1286	1226	60
1600	1282	1215	67
1601	1316	1218	98
1602	1299	1223	76
1603	1261	1226	35
1604	1280	1224	56
1605	1294	1226	68
1606	1276	1216	60
1607	1282	1218	64
1608	1280	1229	51
1609	1294	1222	72
1610	1283	1218	65
1611	1303	1232	71
1612	1297	1233	64
1613	1296	1226	70
1614	1302	1223	79
1615	1290	1231	59
1616	1292	1221	71
1617	1291	1215	76
1618	1282	1221	61
1619	1310	1228	82
1620	1300	1222	78
1621	1306	1224	82
1622	1326	1229	97
1623	1300	1217	83
1624	1309	1215	94
1625	1310	1225	85
1626	1292	1231	61
1627	1309	1232	77
1628	1296	1227	69
1629	1299	1228	71
1630	1304	1224	80
1631	1303	1224	79
1632	1300	1223	77
1633	1277	1220	57
1634	1294	1218	76
1635	1308	1222	86
1636	1312	1231	81
1637	1307	1227	80
1638	1317	1229	88
1639	1330	1233	97
1640	1322	1231	91
1641	1315	1233	82
1642	1308	1227	81
1643	1313	1223	90
1644	1296	1221	75
1645	1290	1214	76
1646	1306	1227	79
1647	1292	1233	59
1648	1263	1228	35
1649	1291	1228	63
1650	1308	1234	74
1651	1320	1239	81
1652	1306	1231	75
1653	1315	1217	98
1654	1311	1218	93
1655	1318	1225	93
1656	1311	1233	78
1657	1343	1228	115
1658	1339	1223	116
1659	1319	1232	87
1660	1304	1235	69
1661	1330	1234	96
1662	1320	1224	96
1663	1315	1231	84
1664	1299	1225	74
1665	1322	1225	97
1666	1328	1226	102
1667	1324	1225	99
1668	1328	1225	103
1669	1332	1234	98
1670	1335	1238	97
1671	1335	1226	109
1672	1319	1226	93
1673	1331	1233	98
1674	1314	1225	89
1675	1328	1233	95
1676	1341	1243	98
1677	1321	1232	89
1678	1313	1231	82
1679	1325	1228	97
1680	1311	1224	87
1681	1307	1231	76
1682	1321	1229	92
1683	1334	1234	100
1684	1341	1231	110
1685	1328	1223	105
1686	1330	1222	108
1687	1319	1234	85
1688	1308	1234	74
1689	1335	1222	113
1690	1349	1214	135
1691	1345	1229	116
1692	1338	1235	103
1693	1310	1232	78
1694	1317	1230	87
1695	1328	1231	97
1696	1328	1225	103
1697	1344	1237	107
1698	1335	1228	107
1699	1340	1231	109
1700	1329	1227	102
1701	1326	1231	95
1702	1330	1231	99
1703	1323	1229	94
1704	1323	1220	103
1705	1349	1234	115
1706	1364	1230	134
1707	1345	1229	116
1708	1325	1238	87
1709	1323	1241	82
1710	1328	1221	107
1711	1339	1230	109
1712	1330	1224	106
1713	1336	1233	103
1714	1323	1232	91
1715	1325	1228	97
1716	1316	1235	81
1717	1313	1234	79
1718	1329	1229	100
1719	1322	1228	94
1720	1332	1228	104
1721	1360	1223	137
1722	1328	1218	110
1723	1351	1221	130
1724	1348	1225	123
1725	1351	1222	129
1726	1334	1209	125
1727	1341	1219	122
1728	1337	1220	117
1729	1339	1223	116
1730	1336	1224	112
1731	1337	1230	107
1732	1320	1223	97
1733	1322	1221	101
1734	1318	1233	85
1735	1314	1225	89
1736	1310	1219	91
1737	1335	1222	113
1738	1336	1235	101
1739	1348	1239	109
1740	1341	1230	111
1741	1337	1224	113
1742	1314	1228	86
1743	1344	1238	106
1744	1334	1231	103
1745	1358	1231	127
1746	1369	1236	133
1747	1361	1237	124
1748	1350	1237	113
1749	1368	1227	141
1750	1331	1233	98
1751	1335	1239	96
1752	1351	1233	118
1753	1347	1233	114
1754	1356	1231	125
1755	1336	1239	97
1756	1310	1236	74
1757	1353	1234	119
1758	1334	1236	98
1759	1307	1234	73
1760	1320	1226	94
1761	1323	1228	95
1762	1335	1224	111
1763	1359	1233	126
1764	1334	1230	104
1765	1341	1228	113
1766	1339	1226	113
1767	1340	1232	108
1768	1350	1233	117
1769	1351	1237	114
1770	1366	1231	135
1771	1374	1237	137
1772	1330	1226	104
1773	1348	1232	116
1774	1343	1231	112
1775	1321	1217	104
1776	1336	1236	100
1777	1362	1241	121
1778	1362	1230	132
1779	1357	1232	125
1780	1347	1233	114
1781	1341	1231	110
1782	1323	1229	94
1783	1344	1229	115
1784	1358	1222	136
1785	1356	1226	130
1786	1338	1235	103
1787	1324	1227	97
1788	1333	1225	108
1789	1378	1232	146
1790	1357	1222	135
1791	1355	1218	137
1792	1357	1246	111
1793	1355	1246	109
1794	1337	1233	104
1795	1346	1233	113
1796	1358	1232	126
1797	1364	1234	130
1798	1368	1232	136
1799	1365	1238	127
1800	1372	1230	142
1801	1364	1235	129
1802	1353	1227	126
1803	1348	1228	120
1804	1352	1234	118
1805	1377	1232	145
1806	1379	1230	149
1807	1347	1231	116
1808	1324	1235	89
1809	1373	1228	145
1810	1390	1226	164
1811	1386	1226	160
1812	1366	1225	141
1813	1369	1228	141
1814	1365	1225	140
1815	1379	1231	148
1816	1381	1236	145
1817	1366	1232	134
1818	1361	1228	133
1819	1375	1227	148
1820	1397	1227	170
1821	1428	1230	198
1822	1393	1225	168
1823	1385	1215	170
1824	1379	1221	158
1825	1366	1233	133
1826	1381	1229	152
1827	1388	1228	160
1828	1394	1229	165
1829	1406	1227	179
1830	1404	1221	183
1831	1406	1229	177
1832	1382	1240	142
1833	1376	1237	139
1834	1395	1225	170
1835	1394	1228	166
1836	1359	1227	132
1837	1377	1222	155
1838	1375	1227	148
1839	1379	1230	149
1840	1380	1224	156
1841	1387	1226	161
1842	1377	1224	153
1843	1396	1224	172
1844	1410	1224	186
1845	1406	1235	171
1846	1368	1230	138
1847	1395	1221	174
1848	1390	1229	161
1849	1375	1230	145
1850	1371	1217	154
1851	1387	1216	171
1852	1392	1218	174
1853	1399	1225	174
1854	1391	1225	166
1855	1373	1227	146
1856	1367	1230	137
1857	1392	1228	164
1858	1382	1221	161
1859	1380	1227	153
1860	1396	1223	173
1861	1394	1228	166
1862	1368	1230	138
1863	1398	1235	163
1864	1378	1221	157
1865	1385	1223	162
1866	1394	1232	162
1867	1390	1235	155
1868	1379	1238	141
1869	1382	1227	155
1870	1412	1224	188
1871	1409	1232	177
1872	1379	1238	141
1873	1372	1235	137
1874	1378	1227	151
1875	1374	1222	152
1876	1371	1215	156
1877	1395	1223	172
1878	1382	1224	158
1879	1385	1222	163
1880	1393	1228	165
1881	1406	1234	172
1882	1411	1230	181
1883	1382	1237	145
1884	1369	1243	126
1885	1370	1244	126
1886	1385	1230	155
1887	1374	1231	143
1888	1364	1227	137
1889	1363	1229	134
1890	1357	1224	133
1891	1369	1229	140
1892	1380	1226	154
1893	1372	1237	135
1894	1354	1236	118
1895	1349	1236	113
1896	1360	1232	128
1897	1409	1221	188
1898	1403	1227	176
1899	1369	1233	136
1900	1373	1228	145
1901	1391	1230	161
1902	1373	1225	148
1903	1371	1218	153
1904	1353	1222	131
1905	1353	1224	129
1906	1386	1227	159
1907	1383	1225	158
1908	1338	1223	115
1909	1341	1228	113
1910	1366	1224	142
1911	1366	1230	136
1912	1347	1224	123
1913	1372	1225	147
1914	1379	1232	147
1915	1372	1225	147
1916	1355	1223	132
1917	1366	1228	138
1918	1351	1229	122
1919	1357	1217	140
1920	1366	1214	152
1921	1359	1215	144
1922	1354	1234	120
1923	1364	1236	128
1924	1351	1232	119
1925	1355	1223	132
1926	1346	1219	127
1927	1360	1231	129
1928	1373	1230	143
1929	1349	1226	123
1930	1321	1226	95
1931	1351	1231	120
1932	1355	1221	134
1933	1361	1224	137
1934	1357	1216	141
1935	1346	1225	121
1936	1360	1231	129
1937	1373	1227	146
1938	1346	1218	128
1939	1366	1224	142
1940	1350	1231	119
1941	1353	1220	133
1942	1355	1210	145
1943	1358	1226	132
1944	1355	1220	135
1945	1332	1224	108
1946	1360	1223	137
1947	1374	1228	146
1948	1339	1226	113
1949	1348	1219	129
1950	1351	1236	115
1951	1334	1241	93
1952	1362	1242	120
1953	1373	1232	141
1954	1350	1230	120
1955	1355	1218	137
1956	1360	1219	141
1957	1356	1225	131
1958	1374	1210	164
1959	1377	1215	162
1960	1363	1221	142
1961	1369	1229	140
1962	1345	1227	118
1963	1358	1228	130
1964	1365	1221	144
1965	1364	1225	139
1966	1352	1240	112
1967	1359	1223	136
1968	1363	1221	142
1969	1378	1224	154
1970	1400	1222	178
1971	1390	1219	171
1972	1358	1223	135
1973	1387	1222	165
1974	1383	1213	170
1975	1361	1209	152
1976	1361	1216	145
1977	1398	1224	174
1978	1378	1231	147
1979	1367	1231	136
1980	1355	1230	125
1981	1345	1227	118
1982	1346	1217	129
1983	1372	1222	150
1984	1394	1231	163
1985	1378	1236	142
1986	1372	1222	150
1987	1371	1220	151
1988	1355	1224	131
1989	1365	1236	129
1990	1349	1232	117
1991	1339	1227	112
1992	1362	1227	135
1993	1353	1225	128
1994	1349	1220	129
1995	1376	1219	157
1996	1386	1217	169
1997	1378	1227	151
1998	1376	1221	155
1999	1391	1225	166
2000	1384	1232	152
2001	1359	1225	134
2002	1373	1226	147
2003	1384	1223	161
2004	1391	1232	159
2005	1379	1239	140
2006	1385	1230	155
2007	1406	1233	173
2008	1355	1227	128
2009	1348	1219	129
2010	1357	1225	132
2011	1371	1223	148
2012	1370	1228	142
2013	1371	1233	138
2014	1360	1242	118
2015	1378	1233	145
2016	1370	1224	146
2017	1349	1226	123
2018	1356	1226	130
2019	1353	1235	118
2020	1369	1223	146
2021	1377	1219	158
2022	1361	1220	141
2023	1380	1223	157
2024	1377	1216	161
2025	1375	1226	149
2026	1344	1234	110
2027	1362	1238	124
2028	1371	1232	139
2029	1370	1227	143
2030	1371	1217	154
2031	1367	1216	151
2032	1369	1227	142
2033	1373	1238	135
2034	1388	1238	150
2035	1373	1231	142
2036	1366	1221	145
2037	1386	1221	165
2038	1384	1216	168
2039	1371	1231	140
2040	1357	1235	122
2041	1369	1231	138
2042	1362	1231	131
2043	1350	1237	113
2044	1347	1241	106
2045	1375	1239	136
2046	1369	1227	142
2047	1354	1228	126
2048	1355	1233	122
2049	1362	1236	126
2050	1346	1228	118
2051	1343	1217	126
2052	1363	1225	138
2053	1355	1235	120
2054	1361	1231	130
2055	1369	1229	140
2056	1357	1222	135
2057	1343	1228	115
2058	1349	1226	123
2059	1374	1222	152
2060	1370	1224	146
2061	1372	1230	142
2062	1375	1231	144
2063	1361	1225	136
2064	1364	1228	136
2065	1373	1234	139
2066	1369	1231	138
2067	1365	1230	135
2068	1359	1234	125
2069	1370	1222	148
2070	1364	1217	147
2071	1368	1232	136
2072	1331	1229	102
2073	1343	1234	109
2074	1373	1233	140
2075	1397	1229	168
2076	1378	1227	151
2077	1361	1231	130
2078	1353	1232	121
2079	1343	1229	114
2080	1362	1235	127
2081	1365	1235	130
2082	1364	1231	133
2083	1379	1230	149
2084	1343	1233	110
2085	1347	1239	108
2086	1357	1231	126
2087	1344	1227	117
2088	1353	1225	128
2089	1358	1224	134
2090	1338	1221	117
2091	1350	1220	130
2092	1351	1216	135
2093	1360	1223	137
2094	1372	1227	145
2095	1368	1221	147
2096	1341	1228	113
2097	1355	1234	121
2098	1380	1233	147
2099	1367	1230	137
2100	1342	1223	119
2101	1376	1233	143
2102	1368	1226	142
2103	1383	1227	156
2104	1370	1218	152
2105	1352	1225	127
2106	1345	1234	111
2107	1375	1232	143
2108	1380	1228	152
2109	1377	1232	145
2110	1371	1237	134
2111	1362	1236	126
2112	1361	1222	139
2113	1383	1230	153
2114	1382	1233	149
2115	1377	1243	134
2116	1386	1232	154
2117	1383	1232	151
2118	1374	1230	144
2119	1364	1228	136
2120	1360	1227	133
2121	1383	1235	148
2122	1392	1236	156
2123	1393	1240	153
2124	1380	1226	154
2125	1395	1238	157
2126	1380	1229	151
2127	1395	1233	162
2128	1388	1233	155
2129	1390	1228	162
2130	1405	1225	180
2131	1424	1226	198
2132	1420	1218	202
2133	1411	1226	185
2134	1410	1236	174
2135	1416	1245	171
2136	1409	1234	175
2137	1430	1227	203
2138	1412	1223	189
2139	1415	1227	188
2140	1414	1226	188
2141	1449	1238	211
2142	1453	1230	223
2143	1432	1233	199
2144	1422	1223	199
2145	1437	1230	207
2146	1421	1229	192
2147	1443	1230	213
2148	1451	1226	225
2149	1461	1226	235
2150	1491	1222	269
2151	1491	1227	264
2152	1464	1234	230
2153	1485	1223	262
2154	1483	1221	262
2155	1483	1224	259
2156	1485	1226	259
2157	1494	1235	259
2158	1488	1225	263
2159	1511	1225	286
2160	1487	1221	266
2161	1495	1231	264
2162	1499	1225	274
2163	1540	1231	309
2164	1546	1225	321
2165	1548	1220	328
2166	1564	1227	337
2167	1562	1223	339
2168	1546	1230	316
2169	1546	1234	312
2170	1572	1232	340
2171	1567	1233	334
2172	1570	1222	348
2173	1595	1224	371
2174	1587	1232	355
2175	1591	1226	365
2176	1602	1225	377
2177	1613	1228	385
2178	1580	1226	354
2179	1599	1226	373
2180	1623	1224	399
2181	1645	1214	431
2182	1635	1221	414
2183	1628	1219	409
2184	1647	1211	436
2185	1667	1219	448
2186	1676	1239	437
2187	1689	1237	452
2188	1693	1233	460
2189	1682	1236	446
2190	1662	1233	429
2191	1689	1233	456
2192	1709	1229	480
2193	1704	1235	469
2194	1693	1226	467
2195	1709	1217	492
2196	1714	1219	495
2197	1730	1226	504
2198	1718	1224	494
2199	1754	1225	529
2200	1769	1212	557
2201	1761	1219	542
2202	1740	1225	515
2203	1764	1225	539
2204	1762	1224	538
2205	1763	1227	536
2206	1763	1224	539
2207	1764	1220	544
2208	1775	1229	546
2209	1781	1240	541
2210	1789	1234	555
2211	1789	1231	558
2212	1760	1233	527
2213	1758	1229	529
2214	1778	1225	553
2215	1828	1226	602
2216	1841	1228	613
2217	1824	1227	597
2218	1821	1217	604
2219	1826	1224	602
2220	1797	1227	570
2221	1814	1228	586
2222	1838	1225	613
2223	1843	1228	615
2224	1843	1223	620
2225	1845	1230	615
2226	1839	1235	604
2227	1863	1236	627
2228	1842	1229	613
2229	1854	1227	627
2230	1893	1225	668
2231	1892	1232	660
2232	1936	1237	699
2233	1950	1234	716
2234	1943	1227	716
2235	1994	1217	777
2236	2010	1232	778
2237	2003	1231	772
2238	2033	1224	809
2239	2073	1238	835
2240	2079	1242	837
2241	2061	1228	833
2242	2051	1224	827
2243	2106	1227	879
2244	2115	1228	887
2245	2104	1236	868
2246	2112	1230	882
2247	2157	1230	927
2248	2175	1222	953
2249	2157	1229	928
2250	2132	1224	908
2251	2135	1221	914
2252	2166	1229	937
2253	2238	1223	1015
2254	2253	1229	1024
2255	2243	1234	1009
2256	2209	1226	983
2257	2226	1232	994
2258	2234	1230	1004
2259	2262	1228	1034
2260	2252	1227	1025
2261	2245	1219	1026
2262	2304	1224	1080
2263	2319	1231	1088
2264	2296	1234	1062
2265	2300	1233	1067
2266	2300	1230	1070
2267	2321	1229	1092
2268	2368	1242	1126
2269	2394	1238	1156
2270	2351	1230	1121
2271	2363	1224	1139
2272	2369	1223	1146
2273	2373	1233	1140
2274	2382	1233	1149
2275	2369	1229	1140
2276	2356	1226	1130
2277	2369	1230	1139
2278	2381	1230	1151
2279	2365	1228	1137
2280	2376	1231	1145
2281	2393	1231	1162
2282	2410	1226	1184
2283	2412	1231	1181
2284	2446	1227	1219
2285	2410	1232	1178
2286	2407	1236	1171
2287	2437	1221	1216
2288	2432	1224	1208
2289	2410	1235	1175
2290	2439	1237	1202
2291	2452	1239	1213
2292	2426	1232	1194
2293	2442	1223	1219
2294	2483	1223	1260
2295	2518	1235	1283
2296	2478	1225	1253
2297	2497	1212	1285
2298	2502	1223	1279
2299	2502	1233	1269
2300	2521	1231	1290
2301	2507	1228	1279
2302	2486	1234	1252
2303	2512	1238	1274
2304	2498	1231	1267
2305	2474	1230	1244
2306	2515	1229	1286
2307	2516	1221	1295
2308	2490	1215	1275
2309	2527	1224	1303
2310	2518	1229	1289
2311	2533	1231	1302
2312	2528	1227	1301
2313	2518	1223	1295
2314	2514	1227	1287
2315	2526	1230	1296
2316	2581	1229	1352
2317	2588	1229	1359
2318	2555	1214	1341
2319	2558	1222	1336
2320	2531	1223	1308
2321	2511	1219	1292
2322	2510	1221	1289
2323	2561	1222	1339
2324	2597	1225	1372
2325	2579	1228	1351
2326	2549	1225	1324
2327	2579	1233	1346
2328	2587	1229	1358
2329	2589	1228	1361
2330	2575	1234	1341
2331	2573	1229	1344
2332	2550	1221	1329
2333	2535	1224	1311
2334	2562	1223	1339
2335	2617	1223	1394
2336	2584	1225	1359
2337	2554	1227	1327
2338	2565	1222	1343
2339	2606	1226	1380
2340	2599	1220	1379
2341	2601	1225	1376
2342	2638	1237	1401
2343	2645	1240	1405
2344	2641	1239	1402
2345	2608	1229	1379
2346	2610	1234	1376
2347	2630	1237	1393
2348	2671	1224	1447
2349	2678	1230	1448
2350	2650	1239	1411
2351	2571	1237	1334
2352	2603	1228	1375
2353	2641	1227	1414
2354	2632	1220	1412
2355	2653	1218	1435
2356	2689	1222	1467
2357	2671	1224	1447
2358	2672	1232	1440
2359	2672	1227	1445
2360	2698	1219	1479
2361	2681	1220	1461
2362	2679	1229	1450
2363	2703	1240	1463
2364	2724	1226	1498
2365	2742	1219	1523
2366	2765	1220	1545
2367	2697	1234	1463
2368	2711	1236	1475
2369	2766	1224	1542
2370	2716	1216	1500
2371	2727	1220	1507
2372	2736	1227	1509
2373	2742	1223	1519
2374	2780	1217	1563
2375	2756	1232	1524
2376	2755	1232	1523
2377	2730	1227	1503
2378	2723	1228	1495
2379	2738	1223	1515
2380	2767	1224	1543
2381	2768	1230	1538
2382	2787	1236	1551
2383	2803	1235	1568
2384	2760	1225	1535
2385	2778	1224	1554
2386	2790	1218	1572
2387	2805	1215	1590
2388	2845	1223	1622
2389	2841	1237	1604
2390	2820	1229	1591
2391	2835	1218	1617
2392	2850	1222	1628
2393	2868	1227	1641
2394	2877	1231	1646
2395	2886	1226	1660
2396	2869	1228	1641
2397	2863	1234	1629
2398	2865	1226	1639
2399	2916	1236	1680
2400	2877	1228	1649
2401	2873	1223	1650
2402	2889	1229	1660
2403	2893	1235	1658
2404	2902	1242	1660
2405	2940	1224	1716
2406	2930	1216	1714
2407	2981	1225	1756
2408	2997	1230	1767
2409	2965	1235	1730
2410	3017	1250	1767
2411	2997	1240	1757
2412	2946	1222	1724
2413	2970	1227	1743
2414	3022	1229	1793
2415	3021	1231	1790
2416	2989	1224	1765
2417	3013	1231	1782
2418	3074	1230	1844
2419	3100	1226	1874
2420	3020	1233	1787
2421	3012	1237	1775
2422	3081	1235	1846
2423	3105	1232	1873
2424	3070	1223	1847
2425	3079	1220	1859
2426	3143	1232	1911
2427	3177	1222	1955
2428	3147	1215	1932
2429	3147	1222	1925
2430	3195	1221	1974
2431	3213	1223	1990
2432	3177	1234	1943
2433	3183	1226	1957
2434	3199	1220	1979
2435	3162	1229	1933
2436	3188	1237	1951
2437	3221	1233	1988
2438	3241	1233	2008
2439	3281	1230	2051
2440	3269	1228	2041
2441	3280	1234	2046
2442	3307	1229	2078
2443	3349	1222	2127
2444	3355	1229	2126
2445	3365	1232	2133
2446	3350	1233	2117
2447	3372	1238	2134
2448	3385	1229	2156
2449	3400	1224	2176
2450	3414	1226	2188
2451	3431	1226	2205
2452	3424	1218	2206
2453	3444	1229	2215
2454	3471	1239	2232
2455	3478	1230	2248
2456	3474	1232	2242
2457	3507	1228	2279
2458	3498	1215	2283
2459	3472	1222	2250
2460	3562	1224	2338
2461	3567	1222	2345
2462	3506	1214	2292
2463	3530	1227	2303
2464	3577	1234	2343
2465	3604	1227	2377
2466	3605	1228	2377
2467	3597	1230	2367
2468	3655	1223	2432
2469	3727	1220	2507
2470	3692	1218	2474
2471	3668	1224	2444
2472	3670	1227	2443
2473	3714	1218	2496
2474	3681	1208	2473
2475	3717	1223	2494
2476	3755	1224	2531
2477	3718	1229	2489
2478	3752	1230	2522
2479	3790	1221	2569
2480	3807	1224	2583
2481	3775	1220	2555
2482	3796	1230	2566
2483	3804	1231	2573
2484	3821	1230	2591
2485	3849	1218	2631
2486	3837	1223	2614
2487	3851	1225	2626
2488	3897	1225	2672
2489	3884	1227	2657
2490	3888	1228	2660
2491	3974	1218	2756
2492	3955	1214	2741
2493	3910	1231	2679
2494	3878	1222	2656
2495	3921	1227	2694
2496	3967	1225	2742
2497	3937	1230	2707
2498	3926	1235	2691
2499	3996	1226	2770
2500	4010	1230	2780
2501	3978	1236	2742
2502	3954	1233	2721
2503	3924	1229	2695
2504	4012	1228	2784
2505	4028	1226	2802
2506	3983	1224	2759
2507	4033	1219	2814
2508	4059	1221	2838
2509	4033	1221	2812
2510	4015	1226	2789
2511	4032	1229	2803
2512	3997	1227	2770
2513	3974	1224	2750
2514	4039	1223	2816
2515	4107	1222	2885
2516	4072	1221	2851
2517	4094	1230	2864
2518	4085	1222	2863
2519	4086	1226	2860
2520	4091	1239	2852
2521	4100	1230	2870
2522	4131	1235	2896
2523	4142	1231	2911
2524	4124	1216	2908
2525	4133	1223	2910
2526	4073	1225	2848
2527	4050	1228	2822
2528	4087	1226	2861
2529	4140	1225	2915
2530	4155	1224	2931
2531	4157	1218	2939
2532	4097	1226	2871
2533	4144	1238	2906
2534	4178	1228	2950
2535	4181	1229	2952
2536	4158	1230	2928
2537	4185	1223	2962
2538	4217	1215	3002
2539	4133	1228	2905
2540	4108	1229	2879
2541	4165	1231	2934
2542	4090	1241	2849
2543	4138	1230	2908
2544	4200	1223	2977
2545	4215	1229	2986
2546	4196	1226	2970
2547	4228	1234	2994
2548	4249	1226	3023
2549	4197	1233	2964
2550	4182	1234	2948
2551	4197	1227	2970
2552	4204	1228	2976
2553	4205	1228	2977
2554	4201	1228	2973
2555	4215	1228	2987
2556	4188	1226	2962
2557	4193	1222	2971
2558	4200	1227	2973
2559	4196	1227	2969
2560	4171	1218	2953
2561	4158	1221	2937
2562	4183	1228	2955
2563	4219	1232	2987
2564	4205	1233	2972
2565	4208	1227	2981
2566	4217	1219	2998
2567	4236	1231	3005
2568	4292	1228	3064
2569	4239	1223	3016
2570	4200	1222	2978
2571	4220	1215	3005
2572	4157	1217	2940
2573	4178	1231	2947
2574	4216	1230	2986
2575	4212	1231	2981
2576	4224	1222	3002
2577	4206	1218	2988
2578	4181	1220	2961
2579	4237	1218	3019
2580	4213	1226	2987
2581	4223	1228	2995
2582	4170	1229	2941
2583	4148	1234	2914
2584	4156	1222	2934
2585	4207	1218	2989
2586	4220	1220	3000
2587	4211	1224	2987
2588	4132	1228	2904
2589	4132	1238	2894
2590	4188	1227	2961
2591	4213	1221	2992
2592	4180	1228	2952
2593	4169	1233	2936
2594	4154	1230	2924
2595	4202	1229	2973
2596	4232	1224	3008
2597	4139	1220	2919
2598	4108	1228	2880
2599	4131	1235	2896
2600	4197	1228	2969
2601	4157	1226	2931
2602	4093	1224	2869
2603	4101	1222	2879
2604	4123	1231	2892
2605	4127	1236	2891
2606	4144	1226	2918
2607	4155	1221	2934
2608	4180	1221	2959
2609	4130	1229	2901
2610	4062	1231	2831
2611	4104	1240	2864
2612	4171	1231	2940
2613	4183	1219	2964
2614	4108	1223	2885
2615	4133	1232	2901
2616	4137	1229	2908
2617	4159	1228	2931
2618	4206	1226	2980
2619	4166	1229	2937
2620	4140	1231	2909
2621	4166	1233	2933
2622	4130	1224	2906
2623	4093	1226	2867
2624	4113	1235	2878
2625	4158	1224	2934
2626	4142	1222	2920
2627	4137	1229	2908
2628	4174	1222	2952
2629	4167	1228	2939
2630	4179	1229	2950
2631	4174	1237	2937
2632	4144	1240	2904
2633	4189	1227	2962
2634	4171	1222	2949
2635	4162	1213	2949
2636	4175	1221	2954
2637	4166	1237	2929
2638	4177	1230	2947
2639	4201	1219	2982
2640	4141	1224	2917
2641	4200	1234	2966
2642	4214	1220	2994
2643	4183	1225	2958
2644	4166	1234	2932
2645	4222	1224	2998
2646	4205	1221	2984
2647	4197	1225	2972
2648	4201	1223	2978
2649	4247	1230	3017
2650	4242	1233	3009
2651	4243	1232	3011
2652	4275	1225	3050
2653	4257	1230	3027
2654	4252	1221	3031
2655	4322	1217	3105
2656	4297	1218	3079
2657	4274	1232	3042
2658	4259	1238	3021
2659	4337	1232	3105
2660	4331	1228	3103
2661	4249	1230	3019
2662	4227	1226	3001
2663	4245	1222	3023
2664	4299	1230	3069
2665	4333	1231	3102
2666	4334	1227	3107
2667	4352	1229	3123
2668	4343	1219	3124
2669	4350	1219	3131
2670	4391	1220	3171
2671	4383	1225	3158
2672	4354	1230	3124
2673	4458	1226	3232
2674	4494	1227	3267
2675	4427	1224	3203
2676	4418	1217	3201
2677	4418	1228	3190
2678	4402	1238	3164
2679	4361	1241	3120
2680	4405	1232	3173
2681	4468	1227	3241
2682	4431	1227	3204
2683	4413	1225	3188
2684	4441	1223	3218
2685	4483	1232	3251
2686	4542	1230	3312
2687	4608	1231	3377
2688	4610	1223	3387
2689	4579	1233	3346
2690	4556	1230	3326
2691	4592	1221	3371
2692	4597	1221	3376
2693	4583	1233	3350
2694	4597	1238	3359
2695	4642	1235	3407
2696	4680	1230	3450
2697	4693	1222	3471
2698	4732	1231	3501
2699	4745	1240	3505
2700	4703	1230	3473
2701	4712	1228	3484
2702	4772	1225	3547
2703	4743	1221	3522
2704	4729	1227	3502
2705	4711	1222	3489
2706	4734	1225	3509
2707	4761	1224	3537
2708	4813	1219	3594
2709	4759	1220	3539
2710	4812	1223	3589
2711	4853	1239	3614
2712	4875	1231	3644
2713	4910	1216	3694
2714	4889	1213	3676
2715	4931	1219	3712
2716	4941	1231	3710
2717	4951	1231	3720
2718	5034	1236	3798
2719	5088	1230	3858
2720	4995	1220	3775
2721	4908	1228	3680
2722	4950	1231	3719
2723	5029	1231	3798
2724	5044	1218	3826
2725	5065	1223	3842
2726	5096	1226	3870
2727	5126	1229	3897
2728	5125	1226	3899
2729	5153	1231	3922
2730	5194	1231	3963
2731	5139	1238	3901
2732	5091	1226	3865
2733	5177	1241	3936
2734	5193	1231	3962
2735	5185	1230	3955
2736	5310	1231	4079
2737	5301	1234	4067
2738	5354	1232	4122
2739	5392	1229	4163
2740	5326	1236	4090
2741	5364	1241	4123
2742	5402	1224	4178
2743	5362	1224	4138
2744	5366	1216	4150
2745	5395	1219	4176
2746	5402	1238	4164
2747	5439	1236	4203
2748	5427	1233	4194
2749	5443	1240	4203
2750	5472	1229	4243
2751	5487	1225	4262
2752	5455	1225	4230
2753	5471	1235	4236
2754	5549	1235	4314
2755	5564	1230	4334
2756	5615	1225	4390
2757	5651	1231	4420
2758	5648	1227	4421
2759	5665	1232	4433
2760	5698	1240	4458
2761	5721	1233	4488
2762	5775	1225	4550
2763	5750	1231	4519
2764	5739	1233	4506
2765	5734	1232	4502
2766	5769	1225	4544
2767	5868	1230	4638
2768	5859	1226	4633
2769	5863	1232	4631
2770	5850	1233	4617
2771	5877	1239	4638
2772	5883	1232	4651
2773	5953	1233	4720
2774	5977	1235	4742
2775	6013	1240	4773
2776	6034	1227	4807
2777	5962	1226	4736
2778	5953	1230	4723
2779	6012	1227	4785
2780	6057	1225	4832
2781	6049	1229	4820
2782	6019	1225	4794
2783	6120	1226	4894
2784	6159	1226	4933
2785	6175	1225	4950
2786	6159	1222	4937
2787	6127	1232	4895
2788	6093	1237	4856
2789	6184	1233	4951
2790	6265	1227	5038
2791	6270	1221	5049
2792	6226	1226	5000
2793	6288	1228	5060
2794	6320	1228	5092
2795	6303	1225	5078
2796	6276	1225	5051
2797	6283	1223	5060
2798	6306	1224	5082
2799	6396	1224	5172
2800	6343	1220	5123
2801	6357	1233	5124
2802	6400	1235	5165
2803	6369	1231	5138
2804	6339	1230	5109
2805	6394	1242	5152
2806	6413	1234	5179
2807	6393	1236	5157
2808	6380	1240	5140
2809	6400	1237	5163
2810	6445	1239	5206
2811	6556	1244	5312
2812	6563	1231	5332
2813	6515	1223	5292
2814	6491	1224	5267
2815	6508	1223	5285
2816	6498	1226	5272
2817	6538	1232	5306
2818	6594	1223	5371
2819	6615	1237	5378
2820	6604	1242	5362
2821	6630	1228	5402
2822	6578	1221	5357
2823	6531	1236	5295
2824	6574	1233	5341
2825	6605	1222	5383
2826	6557	1222	5335
2827	6594	1240	5354
2828	6586	1235	5351
2829	6498	1222	5276
2830	6532	1231	5301
2831	6640	1235	5405
2832	6685	1224	5461
2833	6700	1231	5469
2834	6664	1234	5430
2835	6606	1232	5374
2836	6651	1230	5421
2837	6660	1238	5422
2838	6661	1237	5424
2839	6626	1233	5393
2840	6663	1232	5431
2841	6621	1233	5388
2842	6610	1233	5377
2843	6572	1233	5339
2844	6634	1236	5398
2845	6660	1231	5429
2846	6613	1226	5387
2847	6612	1234	5378
2848	6628	1227	5401
2849	6626	1227	5399
2850	6605	1223	5382
2851	6638	1231	5407
2852	6644	1240	5404
2853	6689	1242	5447
2854	6666	1240	5426
2855	6637	1240	5397
2856	6573	1237	5336
2857	6634	1239	5395
2858	6686	1228	5458
2859	6652	1229	5423
2860	6621	1233	5388
2861	6632	1228	5404
2862	6644	1218	5426
2863	6627	1220	5407
2864	6645	1222	5423
2865	6680	1230	5450
2866	6624	1225	5399
2867	6597	1219	5378
2868	6628	1234	5394
2869	6603	1238	5365
2870	6583	1230	5353
2871	6670	1233	5437
2872	6663	1229	5434
2873	6650	1235	5415
2874	6614	1240	5374
2875	6607	1229	5378
2876	6598	1224	5374
2877	6560	1225	5335
2878	6558	1232	5326
2879	6576	1218	5358
2880	6576	1221	5355
2881	6537	1225	5312
2882	6537	1224	5313
2883	6484	1224	5260
2884	6517	1227	5290
2885	6531	1223	5308
2886	6509	1222	5287
2887	6578	1228	5350
2888	6576	1226	5350
2889	6495	1237	5258
2890	6409	1239	5170
2891	6500	1241	5259
2892	6493	1232	5261
2893	6500	1230	5270
2894	6490	1228	5262
2895	6476	1235	5241
2896	6479	1242	5237
2897	6462	1237	5225
2898	6441	1230	5211
2899	6486	1224	5262
2900	6496	1230	5266
2901	6467	1233	5234
2902	6435	1232	5203
2903	6482	1224	5258
2904	6455	1216	5239
2905	6465	1228	5237
2906	6518	1225	5293
2907	6564	1227	5337
2908	6446	1232	5214
2909	6397	1226	5171
2910	6376	1223	5153
2911	6421	1231	5190
2912	6449	1240	5209
2913	6402	1229	5173
2914	6379	1232	5147
2915	6403	1232	5171
2916	6425	1220	5205
2917	6357	1231	5126
2918	6363	1226	5137
2919	6433	1220	5213
2920	6363	1221	5142
2921	6355	1226	5129
2922	6368	1226	5142
2923	6407	1232	5175
2924	6418	1219	5199
2925	6383	1231	5152
2926	6326	1235	5091
2927	6389	1222	5167
2928	6414	1223	5191
2929	6391	1231	5160
2930	6419	1220	5199
2931	6349	1229	5120
2932	6314	1240	5074
2933	6345	1237	5108
2934	6334	1223	5111
2935	6316	1221	5095
2936	6311	1228	5083
2937	6286	1234	5052
2938	6272	1231	5041
2939	6291	1225	5066
2940	6344	1235	5109
2941	6372	1242	5130
2942	6355	1233	5122
2943	6349	1233	5116
2944	6312	1228	5084
2945	6369	1226	5143
2946	6363	1225	5138
2947	6292	1230	5062
2948	6355	1226	5129
2949	6442	1236	5206
2950	6348	1233	5115
2951	6316	1231	5085
2952	6272	1235	5037
2953	6241	1229	5012
2954	6329	1224	5105
2955	6389	1239	5150
2956	6381	1242	5139
2957	6356	1237	5119
2958	6362	1241	5121
2959	6341	1228	5113
2960	6289	1222	5067
2961	6322	1239	5083
2962	6307	1235	5072
2963	6355	1233	5122
2964	6303	1226	5077
2965	6315	1222	5093
2966	6263	1225	5038
2967	6216	1238	4978
2968	6234	1236	4998
2969	6232	1228	5004
2970	6240	1226	5014
2971	6252	1232	5020
2972	6216	1227	4989
2973	6289	1220	5069
2974	6275	1223	5052
2975	6271	1235	5036
2976	6204	1233	4971
2977	6246	1232	5014
2978	6279	1229	5050
2979	6342	1223	5119
2980	6287	1235	5052
2981	6306	1246	5060
2982	6212	1239	4973
2983	6214	1230	4984
2984	6226	1230	4996
2985	6176	1236	4940
2986	6186	1235	4951
2987	6206	1231	4975
2988	6180	1235	4945
2989	6178	1236	4942
2990	6112	1239	4873
2991	6132	1244	4888
2992	6204	1226	4978
2993	6213	1227	4986
2994	6183	1233	4950
2995	6226	1233	4993
2996	6326	1239	5087
2997	6349	1235	5114
2998	6274	1225	5049
2999	6309	1225	5084
3000	6305	1229	5076
3001	6343	1239	5104
3002	6343	1226	5117
3003	6329	1225	5104
3004	6384	1231	5153
3005	6360	1244	5116
3006	6335	1236	5099
3007	6345	1229	5116
3008	6371	1232	5139
3009	6434	1239	5195
3010	6408	1234	5174
3011	6437	1226	5211
3012	6430	1226	5204
3013	6442	1229	5213
3014	6469	1226	5243
3015	6454	1238	5216
3016	6478	1231	5247
3017	6499	1227	5272
3018	6547	1225	5322
3019	6580	1233	5347
3020	6514	1226	5288
3021	6519	1227	5292
3022	6556	1236	5320
3023	6462	1232	5230
3024	6463	1232	5231
3025	6541	1227	5314
3026	6515	1221	5294
3027	6507	1232	5275
3028	6518	1225	5293
3029	6544	1223	5321
3030	6586	1222	5364
3031	6574	1228	5346
3032	6619	1226	5393
3033	6593	1221	5372
3034	6587	1228	5359
3035	6588	1229	5359
3036	6543	1237	5306
3037	6600	1229	5371
3038	6658	1222	5436
3039	6637	1229	5408
3040	6687	1229	5458
3041	6758	1243	5515
3042	6694	1239	5455
3043	6643	1229	5414
3044	6654	1231	5423
3045	6683	1228	5455
3046	6716	1226	5490
3047	6723	1229	5494
3048	6705	1219	5486
3049	6803	1218	5585
3050	6798	1225	5573
3051	6743	1227	5516
3052	6743	1223	5520
3053	6775	1233	5542
3054	6839	1240	5599
3055	6781	1234	5547
3056	6852	1230	5622
3057	6856	1236	5620
3058	6842	1239	5603
3059	6871	1234	5637
3060	6851	1214	5637
3061	6817	1223	5594
3062	6778	1233	5545
3063	6847	1230	5617
3064	6881	1227	5654
3065	6874	1228	5646
3066	6865	1228	5637
3067	6893	1223	5670
3068	6916	1227	5689
3069	6908	1233	5675
3070	6945	1234	5711
3071	7019	1236	5783
3072	7007	1234	5773
3073	6957	1231	5726
3074	6980	1222	5758
3075	7091	1223	5868
3076	7057	1226	5831
3077	7010	1233	5777
3078	7030	1222	5808
3079	6988	1218	5770
3080	7026	1229	5797
3081	7122	1231	5891
3082	7127	1228	5899
3083	7086	1234	5852
3084	7002	1238	5764
3085	7036	1240	5796
3086	7139	1234	5905
3087	7094	1236	5858
3088	7075	1227	5848
3089	7089	1239	5850
3090	7101	1236	5865
3091	7120	1221	5899
3092	7216	1221	5995
3093	7247	1223	6024
3094	7211	1213	5998
3095	7228	1228	6000
3096	7237	1225	6012
3097	7242	1222	6020
3098	7277	1228	6049
3099	7288	1235	6053
3100	7276	1227	6049
3101	7301	1224	6077
3102	7270	1230	6040
3103	7289	1233	6056
3104	7332	1233	6099
3105	7359	1234	6125
3106	7392	1225	6167
3107	7365	1228	6137
3108	7374	1226	6148
3109	7433	1231	6202
3110	7391	1234	6157
3111	7373	1234	6139
3112	7424	1232	6192
3113	7412	1227	6185
3114	7341	1220	6121
3115	7331	1229	6102
3116	7354	1243	6111
3117	7508	1234	6274
3118	7512	1226	6286
3119	7485	1223	6262
3120	7521	1222	6299
3121	7528	1223	6305
3122	7497	1224	6273
3123	7490	1229	6261
3124	7470	1232	6238
3125	7491	1235	6256
3126	7522	1222	6300
3127	7536	1228	6308
3128	7560	1232	6328
3129	7587	1228	6359
3130	7556	1224	6332
3131	7552	1229	6323
3132	7622	1230	6392
3133	7607	1232	6375
3134	7530	1235	6295
3135	7524	1231	6293
3136	7493	1226	6267
3137	7537	1226	6311
3138	7593	1229	6364
3139	7602	1229	6373
3140	7551	1220	6331
3141	7615	1227	6388
3142	7553	1230	6323
3143	7583	1234	6349
3144	7570	1228	6342
3145	7553	1227	6326
3146	7583	1223	6360
3147	7635	1225	6410
3148	7561	1223	6338
3149	7546	1233	6313
3150	7616	1228	6388
3151	7645	1237	6408
3152	7596	1232	6364
3153	7609	1231	6378
3154	7664	1245	6419
3155	7693	1238	6455
3156	7655	1226	6429
3157	7650	1229	6421
3158	7689	1236	6453
3159	7670	1235	6435
3160	7646	1228	6418
3161	7724	1234	6490
3162	7669	1229	6440
3163	7648	1228	6420
3164	7683	1231	6452
3165	7733	1231	6502
3166	7758	1234	6524
3167	7712	1239	6473
3168	7686	1232	6454
3169	7764	1230	6534
3170	7733	1224	6509
3171	7734	1233	6501
3172	7698	1228	6470
3173	7732	1229	6503
3174	7701	1236	6465
3175	7611	1239	6372
3176	7623	1239	6384
3177	7681	1231	6450
3178	7704	1218	6486
3179	7699	1217	6482
3180	7677	1224	6453
3181	7709	1225	6484
3182	7744	1227	6517
3183	7703	1237	6466
3184	7700	1242	6458
3185	7765	1242	6523
3186	7716	1235	6481
3187	7703	1229	6474
3188	7662	1226	6436
3189	7687	1225	6462
3190	7675	1228	6447
3191	7704	1228	6476
3192	7578	1230	6348
3193	7644	1220	6424
3194	7694	1227	6467
3195	7679	1237	6442
3196	7532	1233	6299
3197	7556	1233	6323
3198	7578	1234	6344
3199	7613	1238	6375
3200	7618	1234	6384
3201	7625	1217	6408
3202	7612	1219	6393
3203	7557	1227	6330
3204	7550	1226	6324
3205	7580	1226	6354
3206	7564	1225	6339
3207	7593	1229	6364
3208	7500	1235	6265
3209	7462	1241	6221
3210	7472	1240	6232
3211	7529	1243	6286
3212	7486	1234	6252
3213	7387	1231	6156
3214	7421	1226	6195
3215	7464	1230	6234
3216	7452	1228	6224
3217	7381	1233	6148
3218	7403	1240	6163
3219	7379	1237	6142
3220	7357	1233	6124
3221	7338	1243	6095
3222	7353	1230	6123
3223	7321	1229	6092
3224	7325	1233	6092
3225	7378	1236	6142
3226	7348	1237	6111
3227	7300	1234	6066
3228	7212	1228	5984
3229	7205	1227	5978
3230	7227	1229	5998
3231	7276	1229	6047
3232	7293	1229	6064
3233	7245	1236	6009
3234	7222	1235	5987
3235	7245	1230	6015
3236	7230	1230	6000
3237	7171	1237	5934
3238	7100	1231	5869
3239	7076	1226	5850
3240	7066	1225	5841
3241	7088	1240	5848
3242	7164	1237	5927
3243	7197	1230	5967
3244	7178	1238	5940
3245	7080	1243	5837
3246	7077	1234	5843
3247	7089	1226	5863
3248	7063	1223	5840
3249	7060	1223	5837
3250	6882	1225	5657
3251	6878	1223	5655
3252	6928	1224	5704
3253	6921	1238	5683
3254	6950	1234	5716
3255	6906	1234	5672
3256	6840	1238	5602
3257	6869	1229	5640
3258	6779	1221	5558
3259	6802	1226	5576
3260	6835	1234	5601
3261	6766	1226	5540
3262	6705	1222	5483
3263	6705	1233	5472
3264	6685	1234	5451
3265	6693	1235	5458
3266	6693	1233	5460
3267	6659	1231	5428
3268	6634	1227	5407
3269	6627	1224	5403
3270	6624	1223	5401
3271	6593	1229	5364
3272	6529	1224	5305
3273	6452	1224	5228
3274	6462	1220	5242
3275	6412	1226	5186
3276	6388	1222	5166
3277	6386	1229	5157
3278	6430	1230	5200
3279	6459	1230	5229
3280	6412	1224	5188
3281	6320	1228	5092
3282	6282	1231	5051
3283	6325	1238	5087
3284	6381	1238	5143
3285	6346	1232	5114
3286	6241	1222	5019
3287	6194	1216	4978
3288	6251	1214	5037
3289	6186	1224	4962
3290	6188	1235	4953
3291	6163	1232	4931
3292	6115	1224	4891
3293	6084	1222	4862
3294	6097	1219	4878
3295	6065	1233	4832
3296	6079	1243	4836
3297	6077	1232	4845
3298	6002	1220	4782
3299	5966	1228	4738
3300	5954	1226	4728
3301	5974	1225	4749
3302	5956	1222	4734
3303	5941	1229	4712
3304	5872	1226	4646
3305	5853	1229	4624
3306	5899	1222	4677
3307	5763	1221	4542
3308	5731	1233	4498
3309	5762	1227	4535
3310	5717	1223	4494
3311	5692	1234	4458
3312	5638	1234	4404
3313	5657	1238	4419
3314	5626	1233	4393
3315	5597	1237	4360
3316	5632	1233	4399
3317	5590	1237	4353
3318	5572	1237	4335
3319	5560	1236	4324
3320	5480	1242	4238
3321	5450	1246	4204
3322	5404	1238	4166
3323	5388	1242	4146
3324	5385	1240	4145
3325	5339	1241	4098
3326	5320	1238	4082
3327	5315	1237	4078
3328	5244	1236	4008
3329	5199	1242	3957
3330	5182	1232	3950
3331	5154	1230	3924
3332	5193	1223	3970
3333	5146	1233	3913
3334	5080	1234	3846
3335	5046	1225	3821
3336	5037	1224	3813
3337	5021	1231	3790
3338	4998	1230	3768
3339	5004	1230	3774
3340	5012	1228	3784
3341	4956	1228	3728
3342	4900	1233	3667
3343	4855	1231	3624
3344	4835	1228	3607
3345	4752	1229	3523
3346	4717	1214	3503
3347	4704	1223	3481
3348	4642	1231	3411
3349	4637	1233	3404
3350	4663	1214	3449
3351	4641	1232	3409
3352	4580	1234	3346
3353	4574	1219	3355
3354	4487	1221	3266
3355	4491	1232	3259
3356	4524	1223	3301
3357	4496	1222	3274
3358	4428	1233	3195
3359	4388	1231	3157
3360	4382	1216	3166
3361	4386	1234	3152
3362	4349	1240	3109
3363	4282	1224	3058
3364	4326	1226	3100
3365	4272	1231	3041
3366	4235	1220	3015
3367	4219	1224	2995
3368	4235	1224	3011
3369	4198	1225	2973
3370	4127	1224	2903
3371	4075	1225	2850
3372	4079	1222	2857
3373	4106	1225	2881
3374	4114	1228	2886
3375	4070	1228	2842
3376	4005	1226	2779
3377	3969	1238	2731
3378	3945	1239	2706
3379	3951	1239	2712
3380	3946	1234	2712
3381	3925	1240	2685
3382	3855	1229	2626
3383	3803	1232	2571
3384	3803	1234	2569
3385	3825	1228	2597
3386	3780	1229	2551
3387	3805	1232	2573
3388	3787	1241	2546
3389	3721	1242	2479
3390	3657	1242	2415
3391	3656	1238	2418
3392	3636	1235	2401
3393	3615	1240	2375
3394	3564	1228	2336
3395	3538	1223	2315
3396	3537	1237	2300
3397	3551	1231	2320
3398	3528	1232	2296
3399	3481	1235	2246
3400	3453	1221	2232
3401	3426	1228	2198
3402	3406	1236	2170
3403	3385	1225	2160
3404	3368	1218	2150
3405	3340	1234	2106
3406	3296	1237	2059
3407	3309	1236	2073
3408	3236	1229	2007
3409	3237	1234	2003
3410	3244	1230	2014
3411	3239	1226	2013
3412	3209	1226	1983
3413	3181	1235	1946
3414	3180	1236	1944
3415	3190	1235	1955
3416	3124	1230	1894
3417	3092	1230	1862
3418	3096	1221	1875
3419	3075	1235	1840
3420	3048	1225	1823
3421	3028	1229	1799
3422	3019	1239	1780
3423	3004	1229	1775
3424	2969	1224	1745
3425	2942	1225	1717
3426	2944	1229	1715
3427	2923	1239	1684
3428	2901	1231	1670
3429	2888	1233	1655
3430	2881	1240	1641
3431	2875	1238	1637
3432	2829	1228	1601
3433	2819	1227	1592
3434	2792	1229	1563
3435	2786	1238	1548
3436	2785	1234	1551
3437	2728	1228	1500
3438	2694	1218	1476
3439	2713	1226	1487
3440	2711	1226	1485
3441	2639	1232	1407
3442	2654	1236	1418
3443	2699	1243	1456
3444	2631	1235	1396
3445	2641	1229	1412
3446	2643	1231	1412
3447	2574	1230	1344
3448	2546	1232	1314
3449	2556	1226	1330
3450	2559	1228	1331
3451	2528	1234	1294
3452	2503	1237	1266
3453	2524	1222	1302
3454	2503	1216	1287
3455	2426	1231	1195
3456	2439	1242	1197
3457	2461	1239	1222
3458	2425	1236	1189
3459	2416	1240	1176
3460	2429	1221	1208
3461	2363	1224	1139
3462	2370	1229	1141
3463	2388	1234	1154
3464	2365	1232	1133
3465	2290	1223	1067
3466	2281	1219	1062
3467	2341	1227	1114
3468	2303	1230	1073
3469	2291	1230	1061
3470	2298	1225	1073
3471	2289	1231	1058
3472	2261	1233	1028
3473	2247	1231	1016
3474	2237	1235	1002
3475	2220	1238	982
3476	2206	1239	967
3477	2220	1232	988
3478	2184	1223	961
3479	2195	1232	963
3480	2210	1234	976
3481	2171	1232	939
3482	2123	1227	896
3483	2115	1228	887
3484	2136	1230	906
3485	2137	1239	898
3486	2134	1239	895
3487	2137	1247	890
3488	2095	1241	854
3489	2080	1226	854
3490	2063	1227	836
3491	2057	1236	821
3492	2050	1230	820
3493	2028	1222	806
3494	2003	1231	772
3495	2027	1242	785
3496	2015	1238	777
3497	2028	1238	790
3498	2010	1235	775
3499	1979	1232	747
3500	2004	1224	780
3501	2021	1233	788
3502	2010	1232	778
3503	1973	1234	739
3504	1971	1229	742
3505	1937	1223	714
3506	1952	1224	728
3507	1940	1230	710
3508	1958	1229	729
3509	1974	1228	746
3510	1918	1228	690
3511	1905	1234	671
3512	1879	1225	654
3513	1894	1221	673
3514	1904	1217	687
3515	1889	1229	660
3516	1848	1232	616
3517	1876	1237	639
3518	1846	1232	614
3519	1847	1222	625
3520	1865	1218	647
3521	1859	1228	631
3522	1811	1229	582
3523	1809	1230	579
3524	1790	1227	563
3525	1799	1225	574
3526	1807	1226	581
3527	1796	1233	563
3528	1794	1226	568
3529	1778	1231	547
3530	1799	1240	559
3531	1790	1236	554
3532	1752	1233	519
3533	1753	1235	518
3534	1750	1233	517
3535	1749	1240	509
3536	1713	1226	487
3537	1704	1235	469
3538	1718	1243	475
3539	1740	1240	500
3540	1706	1234	472
3541	1689	1232	457
3542	1716	1234	482
3543	1737	1226	511
3544	1705	1225	480
3545	1677	1234	443
3546	1679	1226	453
3547	1707	1228	479
3548	1681	1238	443
3549	1693	1226	467
3550	1692	1228	464
3551	1675	1235	440
3552	1660	1238	422
3553	1672	1241	431
3554	1668	1227	441
3555	1661	1232	429
3556	1657	1226	431
3557	1662	1219	443
3558	1641	1234	407
3559	1634	1232	402
3560	1652	1233	419
3561	1662	1231	431
3562	1625	1226	399
3563	1604	1232	372
3564	1599	1228	371
3565	1620	1227	393
3566	1619	1223	396
3567	1617	1236	381
3568	1608	1237	371
3569	1578	1234	344
3570	1604	1233	371
3571	1630	1221	409
3572	1617	1225	392
3573	1596	1235	361
3574	1610	1228	382
3575	1613	1232	381
3576	1584	1220	364
3577	1602	1223	379
3578	1606	1220	386
3579	1591	1230	361
3580	1559	1235	324
3581	1559	1236	323
3582	1545	1232	313
3583	1566	1236	330
3584	1560	1232	328
3585	1566	1221	345
3586	1573	1239	334
3587	1577	1233	344
3588	1567	1230	337
3589	1565	1236	329
3590	1541	1227	314
3591	1528	1233	295
3592	1550	1231	319
3593	1585	1230	355
3594	1558	1238	320
3595	1547	1239	308
3596	1535	1233	302
3597	1538	1235	303
3598	1544	1235	309
3599	1559	1229	330
3600	1538	1226	312
3601	1525	1232	293
3602	1503	1231	272
3603	1502	1229	273
3604	1529	1227	302
3605	1534	1230	304
3606	1523	1224	299
3607	1538	1233	305
3608	1527	1229	298
3609	1510	1230	280
3610	1504	1227	277
3611	1490	1224	266
3612	1499	1229	270
3613	1517	1239	278
3614	1516	1232	284
3615	1512	1235	277
3616	1506	1221	285
3617	1505	1214	291
3618	1514	1214	300
3619	1515	1222	293
3620	1507	1227	280
3621	1542	1229	313
3622	1537	1228	309
3623	1509	1231	278
3624	1500	1235	265
3625	1502	1238	264
3626	1500	1230	270
3627	1469	1237	232
3628	1450	1234	216
3629	1477	1228	249
3630	1485	1232	253
3631	1492	1233	259
3632	1473	1223	250
3633	1477	1218	259
3634	1467	1220	247
3635	1469	1228	241
3636	1477	1216	261
3637	1460	1222	238
3638	1447	1243	204
3639	1448	1238	210
3640	1464	1219	245
3641	1470	1221	249
3642	1481	1235	246
3643	1494	1236	258
3644	1474	1228	246
3645	1475	1225	250
3646	1467	1233	234
3647	1484	1234	250
3648	1462	1219	243
