index	original	background	difference
-----------------------------------------------------
1	1180	1160	20
2	1174	1166	8
3	1163	1164	-1
4	1184	1164	20
5	1156	1162	-6
6	1140	1160	-20
7	1172	1155	17
8	1187	1150	37
9	1189	1155	34
10	1186	1162	24
11	1201	1169	32
12	1191	1163	28
13	1177	1171	6
14	1173	1170	3
15	1176	1167	9
16	1179	1168	11
17	1181	1172	9
18	1187	1172	15
19	1187	1169	18
20	1193	1175	18
21	1205	1174	31
22	1178	1173	5
23	1193	1175	18
24	1202	1171	31
25	1197	1167	30
26	1193	1162	31
27	1209	1164	45
28	1212	1169	43
29	1193	1175	18
30	1185	1180	5
31	1185	1184	1
32	1213	1181	32
33	1204	1181	23
34	1203	1182	21
35	1199	1185	14
36	1206	1183	23
37	1198	1182	16
38	1193	1183	10
39	1196	1186	10
40	1202	1180	22
41	1203	1179	24
42	1210	1181	29
43	1201	1185	16
44	1193	1173	20
45	1209	1176	33
46	1219	1183	36
47	1202	1183	19
48	1202	1180	22
49	1195	1178	17
50	1178	1185	-7
51	1190	1193	-3
52	1201	1183	18
53	1217	1185	32
54	1200	1183	17
55	1202	1181	21
56	1211	1188	23
57	1190	1190	0
58	1190	1185	5
59	1197	1195	2
60	1170	1194	-24
61	1188	1183	5
62	1205	1184	21
63	1203	1185	18
64	1199	1192	7
65	1213	1194	19
66	1218	1183	35
67	1225	1186	39
68	1229	1183	46
69	1219	1186	33
70	1230	1185	45
71	1212	1185	27
72	1190	1188	2
73	1213	1194	19
74	1217	1193	24
75	1223	1186	37
76	1221	1189	32
77	1208	1194	14
78	1205	1193	12
79	1228	1193	35
80	1221	1185	36
81	1225	1193	32
82	1215	1202	13
83	1194	1189	5
84	1224	1178	46
85	1227	1183	44
86	1207	1184	23
87	1192	1189	3
88	1201	1190	11
89	1228	1185	43
90	1215	1190	25
91	1198	1183	15
92	1210	1189	21
93	1239	1201	38
94	1232	1193	39
95	1219	1188	31
96	1190	1185	5
97	1188	1195	-7
98	1204	1201	3
99	1246	1211	35
100	1190	1201	-11
101	1183	1192	-9
102	1208	1188	20
103	1210	1191	19
104	1204	1188	16
105	1204	1191	13
106	1208	1201	7
107	1221	1201	20
108	1208	1200	8
109	1186	1196	-10
110	1170	1192	-22
111	1181	1193	-12
112	1212	1197	15
113	1199	1193	6
114	1208	1196	12
115	1218	1192	26
116	1220	1195	25
117	1219	1194	25
118	1224	1202	22
119	1211	1200	11
120	1204	1194	10
121	1207	1195	12
122	1218	1194	24
123	1220	1192	28
124	1211	1201	10
125	1227	1204	23
126	1231	1196	35
127	1231	1194	37
128	1209	1197	12
129	1202	1193	9
130	1194	1190	4
131	1198	1191	7
132	1214	1197	17
133	1218	1197	21
134	1234	1190	44
135	1205	1189	16
136	1196	1186	10
137	1206	1185	21
138	1207	1184	23
139	1220	1197	23
140	1232	1203	29
141	1223	1194	29
142	1200	1199	1
143	1201	1204	-3
144	1213	1189	24
145	1217	1189	28
146	1225	1199	26
147	1201	1198	3
148	1207	1199	8
149	1224	1202	22
150	1215	1190	25
151	1216	1190	26
152	1203	1195	8
153	1200	1198	2
154	1232	1204	28
155	1228	1210	18
156	1212	1206	6
157	1230	1202	28
158	1231	1201	30
159	1226	1202	24
160	1212	1187	25
161	1226	1189	37
162	1217	1186	31
163	1201	1193	8
164	1204	1201	3
165	1208	1198	10
166	1211	1199	12
167	1193	1200	-7
168	1208	1191	17
169	1237	1193	44
170	1214	1188	26
171	1213	1187	26
172	1208	1193	15
173	1223	1193	30
174	1212	1195	17
175	1216	1199	17
176	1206	1194	12
177	1215	1192	23
178	1218	1187	31
179	1221	1184	37
180	1216	1196	20
181	1224	1194	30
182	1210	1194	16
183	1204	1199	5
184	1214	1196	18
185	1219	1199	20
186	1212	1193	19
187	1213	1195	18
188	1208	1194	14
189	1217	1199	18
190	1215	1188	27
191	1213	1193	20
192	1232	1196	36
193	1219	1192	27
194	1226	1189	37
195	1219	1202	17
196	1214	1206	8
197	1193	1200	-7
198	1218	1194	24
199	1231	1199	32
200	1224	1192	32
201	1199	1194	5
202	1206	1201	5
203	1215	1197	18
204	1213	1198	15
205	1221	1200	21
206	1219	1201	18
207	1222	1201	21
208	1219	1196	23
209	1223	1204	19
210	1218	1200	18
211	1218	1195	23
212	1190	1195	-5
213	1207	1205	2
214	1230	1211	19
215	1224	1198	26
216	1221	1201	20
217	1232	1204	28
218	1231	1204	27
219	1234	1207	27
220	1220	1192	28
221	1219	1186	33
222	1209	1181	28
223	1209	1189	20
224	1200	1187	13
225	1214	1191	23
226	1217	1188	29
227	1210	1191	19
228	1213	1194	19
229	1227	1194	33
230	1217	1195	22
231	1217	1194	23
232	1197	1194	3
233	1211	1194	17
234	1230	1195	35
235	1229	1199	30
236	1227	1193	34
237	1230	1195	35
238	1221	1198	23
239	1223	1197	26
240	1210	1197	13
241	1211	1198	13
242	1229	1197	32
243	1200	1198	2
244	1196	1198	-2
245	1215	1192	23
246	1207	1184	23
247	1210	1187	23
248	1232	1191	41
249	1223	1198	25
250	1210	1194	16
251	1208	1193	15
252	1215	1194	21
253	1235	1200	35
254	1243	1184	59
255	1225	1189	36
256	1220	1195	25
257	1213	1204	9
258	1208	1202	6
259	1224	1198	26
260	1247	1204	43
261	1228	1203	25
262	1226	1193	33
263	1225	1197	28
264	1206	1197	9
265	1214	1189	25
266	1207	1192	15
267	1211	1202	9
268	1209	1192	17
269	1201	1196	5
270	1176	1201	-25
271	1199	1196	3
272	1224	1195	29
273	1213	1201	12
274	1196	1197	-1
275	1201	1203	-2
276	1201	1204	-3
277	1221	1196	25
278	1238	1191	47
279	1240	1199	41
280	1223	1199	24
281	1194	1189	5
282	1188	1195	-7
283	1187	1198	-11
284	1190	1205	-15
285	1221	1201	20
286	1213	1185	28
287	1210	1191	19
288	1217	1190	27
289	1209	1188	21
290	1222	1190	32
291	1220	1188	32
292	1207	1187	20
293	1212	1192	20
294	1206	1192	14
295	1202	1198	4
296	1223	1195	28
297	1232	1199	33
298	1229	1201	28
299	1217	1201	16
300	1225	1193	32
301	1220	1192	28
302	1214	1203	11
303	1214	1203	11
304	1202	1191	11
305	1205	1187	18
306	1224	1192	32
307	1246	1197	49
308	1246	1195	51
309	1214	1197	17
310	1209	1194	15
311	1227	1193	34
312	1229	1201	28
313	1215	1195	20
314	1209	1189	20
315	1212	1198	14
316	1224	1203	21
317	1234	1204	30
318	1219	1203	16
319	1221	1200	21
320	1220	1196	24
321	1220	1195	25
322	1222	1198	24
323	1236	1198	38
324	1206	1188	18
325	1198	1194	4
326	1225	1199	26
327	1215	1200	15
328	1229	1201	28
329	1231	1197	34
330	1195	1192	3
331	1189	1195	-6
332	1223	1195	28
333	1217	1197	20
334	1193	1195	-2
335	1225	1191	34
336	1223	1198	25
337	1228	1203	25
338	1233	1199	34
339	1222	1197	25
340	1223	1202	21
341	1213	1200	13
342	1206	1197	9
343	1191	1200	-9
344	1196	1200	-4
345	1202	1199	3
346	1204	1198	6
347	1206	1198	8
348	1225	1199	26
349	1230	1199	31
350	1214	1193	21
351	1215	1197	18
352	1240	1198	42
353	1237	1201	36
354	1193	1190	3
355	1202	1190	12
356	1216	1193	23
357	1217	1206	11
358	1213	1205	8
359	1207	1201	6
360	1219	1199	20
361	1233	1190	43
362	1222	1193	29
363	1231	1198	33
364	1225	1207	18
365	1217	1205	12
366	1220	1196	24
367	1201	1199	2
368	1188	1198	-10
369	1189	1192	-3
370	1202	1199	3
371	1220	1204	16
372	1224	1201	23
373	1222	1196	26
374	1207	1195	12
375	1203	1198	5
376	1213	1201	12
377	1230	1209	21
378	1231	1204	27
379	1211	1205	6
380	1215	1199	16
381	1220	1203	17
382	1186	1205	-19
383	1215	1202	13
384	1241	1201	40
385	1234	1197	37
386	1226	1200	26
387	1230	1205	25
388	1230	1200	30
389	1227	1206	21
390	1201	1198	3
391	1218	1193	25
392	1249	1190	59
393	1226	1192	34
394	1218	1200	18
395	1230	1199	31
396	1226	1190	36
397	1241	1202	39
398	1241	1204	37
399	1236	1195	41
400	1205	1197	8
401	1213	1200	13
402	1227	1202	25
403	1215	1190	25
404	1227	1185	42
405	1238	1194	44
406	1220	1194	26
407	1198	1195	3
408	1191	1197	-6
409	1207	1200	7
410	1222	1208	14
411	1217	1197	20
412	1223	1192	31
413	1230	1200	30
414	1243	1204	39
415	1226	1200	26
416	1216	1208	8
417	1223	1206	17
418	1221	1195	26
419	1219	1189	30
420	1214	1193	21
421	1216	1199	17
422	1221	1193	28
423	1217	1205	12
424	1217	1198	19
425	1232	1201	31
426	1237	1207	30
427	1222	1210	12
428	1232	1201	31
429	1243	1199	44
430	1202	1201	1
431	1203	1203	0
432	1241	1205	36
433	1244	1203	41
434	1200	1201	-1
435	1185	1209	-24
436	1213	1202	11
437	1234	1195	39
438	1235	1207	28
439	1199	1207	-8
440	1187	1204	-17
441	1200	1199	1
442	1203	1193	10
443	1198	1200	-2
444	1214	1205	9
445	1215	1203	12
446	1234	1199	35
447	1244	1199	45
448	1214	1201	13
449	1223	1196	27
450	1237	1204	33
451	1210	1199	11
452	1221	1199	22
453	1218	1201	17
454	1225	1201	24
455	1202	1199	3
456	1201	1210	-9
457	1204	1205	-1
458	1200	1200	0
459	1231	1211	20
460	1246	1208	38
461	1241	1201	40
462	1220	1205	15
463	1226	1210	16
464	1224	1205	19
465	1232	1204	28
466	1254	1208	46
467	1245	1211	34
468	1244	1197	47
469	1242	1197	45
470	1226	1205	21
471	1204	1206	-2
472	1220	1197	23
473	1235	1198	37
474	1226	1197	29
475	1224	1202	22
476	1230	1206	24
477	1225	1209	16
478	1238	1206	32
479	1230	1201	29
480	1202	1202	0
481	1194	1210	-16
482	1209	1201	8
483	1237	1198	39
484	1246	1203	43
485	1217	1206	11
486	1208	1204	4
487	1231	1196	35
488	1251	1195	56
489	1230	1198	32
490	1213	1200	13
491	1238	1202	36
492	1247	1210	37
493	1224	1204	20
494	1221	1202	19
495	1225	1204	21
496	1208	1205	3
497	1236	1199	37
498	1223	1192	31
499	1207	1193	14
500	1192	1184	8
501	1208	1204	4
502	1223	1215	8
503	1225	1206	19
504	1222	1188	34
505	1214	1187	27
506	1219	1198	21
507	1227	1212	15
508	1222	1203	19
509	1206	1202	4
510	1222	1200	22
511	1225	1200	25
512	1216	1203	13
513	1242	1203	39
514	1240	1193	47
515	1243	1192	51
516	1217	1202	15
517	1181	1208	-27
518	1202	1205	-3
519	1205	1207	-2
520	1226	1208	18
521	1222	1203	19
522	1224	1202	22
523	1206	1200	6
524	1213	1191	22
525	1238	1198	40
526	1227	1198	29
527	1217	1201	16
528	1222	1198	24
529	1218	1198	20
530	1217	1193	24
531	1231	1193	38
532	1228	1196	32
533	1238	1196	42
534	1231	1201	30
535	1223	1201	22
536	1225	1194	31
537	1221	1202	19
538	1210	1210	0
539	1203	1203	0
540	1204	1198	6
541	1224	1204	20
542	1236	1198	38
543	1225	1199	26
544	1242	1197	45
545	1227	1196	31
546	1221	1194	27
547	1226	1195	31
548	1220	1196	24
549	1214	1199	15
550	1214	1191	23
551	1195	1194	1
552	1212	1196	16
553	1203	1187	16
554	1179	1193	-14
555	1193	1205	-12
556	1220	1208	12
557	1248	1195	53
558	1216	1198	18
559	1214	1195	19
560	1216	1196	20
561	1209	1189	20
562	1234	1180	54
563	1221	1198	23
564	1218	1202	16
565	1213	1206	7
566	1211	1203	8
567	1218	1202	16
568	1236	1188	48
569	1230	1192	38
570	1229	1200	29
571	1215	1200	15
572	1217	1198	19
573	1234	1197	37
574	1237	1197	40
575	1228	1204	24
576	1224	1198	26
577	1217	1189	28
578	1200	1197	3
579	1206	1210	-4
580	1245	1208	37
581	1234	1208	26
582	1221	1199	22
583	1219	1194	25
584	1233	1201	32
585	1233	1201	32
586	1234	1204	30
587	1239	1211	28
588	1217	1209	8
589	1208	1205	3
590	1220	1196	24
591	1219	1195	24
592	1211	1200	11
593	1201	1195	6
594	1194	1196	-2
595	1211	1201	10
596	1228	1195	33
597	1244	1203	41
598	1234	1199	35
599	1222	1198	24
600	1215	1188	27
601	1220	1202	18
602	1230	1209	21
603	1231	1207	24
604	1204	1201	3
605	1199	1201	-2
606	1228	1196	32
607	1254	1193	61
608	1222	1208	14
609	1218	1208	10
610	1233	1194	39
611	1210	1198	12
612	1204	1193	11
613	1209	1192	17
614	1236	1200	36
615	1228	1198	30
616	1218	1190	28
617	1227	1195	32
618	1224	1200	24
619	1216	1194	22
620	1218	1193	25
621	1229	1203	26
622	1231	1199	32
623	1204	1198	6
624	1198	1199	-1
625	1228	1190	38
626	1231	1191	40
627	1216	1203	13
628	1217	1191	26
629	1218	1195	23
630	1235	1197	38
631	1220	1208	12
632	1210	1206	4
633	1212	1198	14
634	1219	1197	22
635	1221	1193	28
636	1211	1192	19
637	1218	1205	13
638	1233	1202	31
639	1223	1196	27
640	1203	1194	9
641	1192	1198	-6
642	1197	1200	-3
643	1214	1202	12
644	1193	1203	-10
645	1212	1201	11
646	1233	1203	30
647	1228	1193	35
648	1213	1199	14
649	1206	1198	8
650	1199	1193	6
651	1197	1202	-5
652	1216	1200	16
653	1239	1193	46
654	1227	1198	29
655	1208	1197	11
656	1216	1198	18
657	1224	1201	23
658	1228	1206	22
659	1210	1208	2
660	1215	1197	18
661	1221	1199	22
662	1237	1196	41
663	1229	1196	33
664	1220	1198	22
665	1230	1194	36
666	1234	1183	51
667	1229	1185	44
668	1217	1189	28
669	1236	1196	40
670	1232	1202	30
671	1233	1208	25
672	1215	1209	6
673	1212	1196	16
674	1235	1197	38
675	1227	1196	31
676	1229	1204	25
677	1220	1206	14
678	1217	1202	15
679	1236	1199	37
680	1238	1193	45
681	1224	1198	26
682	1223	1199	24
683	1239	1201	38
684	1242	1190	52
685	1233	1186	47
686	1246	1200	46
687	1238	1208	30
688	1241	1200	41
689	1242	1203	39
690	1235	1198	37
691	1218	1201	17
692	1229	1197	32
693	1262	1206	56
694	1251	1208	43
695	1240	1205	35
696	1264	1198	66
697	1256	1199	57
698	1249	1205	44
699	1249	1207	42
700	1246	1209	37
701	1237	1203	34
702	1236	1203	33
703	1232	1206	26
704	1232	1210	22
705	1246	1213	33
706	1227	1204	23
707	1256	1203	53
708	1260	1204	56
709	1222	1206	16
710	1222	1203	19
711	1264	1202	62
712	1272	1196	76
713	1238	1189	49
714	1239	1194	45
715	1248	1207	41
716	1255	1199	56
717	1264	1194	70
718	1254	1198	56
719	1235	1202	33
720	1241	1198	43
721	1259	1201	58
722	1261	1195	66
723	1266	1203	63
724	1233	1200	33
725	1217	1202	15
726	1222	1209	13
727	1237	1210	27
728	1207	1200	7
729	1229	1199	30
730	1255	1203	52
731	1252	1201	51
732	1263	1196	67
733	1252	1202	50
734	1236	1197	39
735	1233	1193	40
736	1253	1198	55
737	1261	1198	63
738	1232	1201	31
739	1260	1198	62
740	1262	1202	60
741	1251	1197	54
742	1259	1198	61
743	1260	1204	56
744	1250	1198	52
745	1271	1198	73
746	1279	1196	83
747	1283	1198	85
748	1270	1199	71
749	1268	1199	69
750	1280	1200	80
751	1272	1204	68
752	1273	1202	71
753	1282	1203	79
754	1279	1202	77
755	1281	1201	80
756	1286	1194	92
757	1302	1195	107
758	1297	1200	97
759	1313	1213	100
760	1313	1212	101
761	1288	1204	84
762	1298	1198	100
763	1307	1192	115
764	1311	1198	113
765	1302	1199	103
766	1303	1201	102
767	1323	1211	112
768	1313	1206	107
769	1304	1205	99
770	1306	1197	109
771	1323	1193	130
772	1303	1195	108
773	1315	1206	109
774	1314	1204	110
775	1328	1194	134
776	1350	1199	151
777	1348	1201	147
778	1365	1195	170
779	1340	1197	143
780	1349	1203	146
781	1356	1205	151
782	1361	1196	165
783	1366	1192	174
784	1392	1203	189
785	1394	1205	189
786	1377	1194	183
787	1395	1199	196
788	1410	1202	208
789	1427	1201	226
790	1457	1202	255
791	1446	1209	237
792	1417	1201	216
793	1439	1202	237
794	1476	1205	271
795	1475	1200	275
796	1476	1205	271
797	1479	1207	272
798	1470	1202	268
799	1495	1205	290
800	1495	1195	300
801	1528	1186	342
802	1512	1191	321
803	1536	1187	349
804	1568	1195	373
805	1533	1205	328
806	1537	1205	332
807	1536	1199	337
808	1531	1196	335
809	1557	1194	363
810	1525	1193	332
811	1510	1196	314
812	1552	1196	356
813	1578	1198	380
814	1556	1195	361
815	1536	1187	349
816	1556	1188	368
817	1597	1198	399
818	1604	1200	404
819	1568	1188	380
820	1560	1190	370
821	1581	1199	382
822	1596	1201	395
823	1606	1209	397
824	1595	1203	392
825	1610	1194	416
826	1622	1190	432
827	1635	1208	427
828	1624	1211	413
829	1644	1207	437
830	1652	1194	458
831	1660	1200	460
832	1678	1196	482
833	1673	1197	476
834	1657	1208	449
835	1680	1199	481
836	1668	1197	471
837	1688	1200	488
838	1746	1201	545
839	1750	1205	545
840	1733	1201	532
841	1744	1190	554
842	1779	1192	587
843	1785	1198	587
844	1811	1199	612
845	1817	1198	619
846	1808	1201	607
847	1794	1206	588
848	1789	1206	583
849	1856	1216	640
850	1876	1204	672
851	1890	1198	692
852	1868	1196	672
853	1854	1193	661
854	1839	1190	649
855	1862	1207	655
856	1847	1213	634
857	1859	1204	655
858	1857	1201	656
859	1845	1207	638
860	1836	1204	632
861	1823	1198	625
862	1818	1199	619
863	1795	1192	603
864	1761	1195	566
865	1803	1201	602
866	1805	1203	602
867	1802	1203	599
868	1798	1207	591
869	1842	1198	644
870	1808	1194	614
871	1799	1194	605
872	1835	1195	640
873	1832	1208	624
874	1854	1209	645
875	1854	1204	650
876	1858	1195	663
877	1862	1202	660
878	1863	1202	661
879	1868	1197	671
880	1888	1195	693
881	1910	1191	719
882	1957	1200	757
883	1981	1202	779
884	1983	1204	779
885	1984	1198	786
886	1999	1200	799
887	2049	1199	850
888	2009	1195	814
889	2025	1203	822
890	2079	1196	883
891	2065	1197	868
892	2086	1197	889
893	2111	1194	917
894	2123	1198	925
895	2122	1195	927
896	2128	1205	923
897	2196	1208	988
898	2210	1203	1007
899	2190	1197	993
900	2241	1203	1038
901	2253	1209	1044
902	2294	1202	1092
903	2350	1207	1143
904	2358	1200	1158
905	2371	1197	1174
906	2369	1195	1174
907	2365	1205	1160
908	2378	1203	1175
909	2402	1204	1198
910	2433	1201	1232
911	2401	1204	1197
912	2359	1202	1157
913	2395	1208	1187
914	2429	1196	1233
915	2409	1198	1211
916	2395	1206	1189
917	2389	1206	1183
918	2405	1205	1200
919	2408	1198	1210
920	2437	1202	1235
921	2408	1198	1210
922	2393	1194	1199
923	2409	1189	1220
924	2420	1192	1228
925	2391	1206	1185
926	2368	1208	1160
927	2382	1203	1179
928	2339	1197	1142
929	2304	1201	1103
930	2390	1204	1186
931	2357	1199	1158
932	2304	1196	1108
933	2308	1197	1111
934	2256	1200	1056
935	2262	1195	1067
936	2290	1195	1095
937	2266	1196	1070
938	2266	1201	1065
939	2269	1192	1077
940	2288	1192	1096
941	2290	1200	1090
942	2265	1185	1080
943	2233	1196	1037
944	2239	1201	1038
945	2268	1203	1065
946	2291	1197	1094
947	2294	1197	1097
948	2295	1194	1101
949	2305	1192	1113
950	2320	1196	1124
951	2345	1206	1139
952	2365	1198	1167
953	2312	1198	1114
954	2308	1200	1108
955	2353	1199	1154
956	2354	1198	1156
957	2352	1206	1146
958	2427	1210	1217
959	2472	1199	1273
960	2429	1197	1232
961	2384	1204	1180
962	2444	1198	1246
963	2482	1190	1292
964	2502	1196	1306
965	2514	1201	1313
966	2526	1201	1325
967	2509	1203	1306
968	2534	1184	1350
969	2583	1211	1372
970	2576	1199	1377
971	2574	1200	1374
972	2554	1200	1354
973	2568	1200	1368
974	2556	1193	1363
975	2579	1192	1387
976	2612	1194	1418
977	2573	1196	1377
978	2554	1201	1353
979	2570	1199	1371
980	2608	1192	1416
981	2597	1196	1401
982	2585	1196	1389
983	2592	1198	1394
984	2564	1197	1367
985	2545	1193	1352
986	2546	1193	1353
987	2536	1203	1333
988	2489	1203	1286
989	2473	1203	1270
990	2505	1206	1299
991	2488	1200	1288
992	2454	1196	1258
993	2425	1202	1223
994	2447	1196	1251
995	2413	1196	1217
996	2365	1202	1163
997	2385	1198	1187
998	2401	1203	1198
999	2373	1198	1175
1000	2346	1192	1154
1001	2332	1197	1135
1002	2327	1204	1123
1003	2325	1199	1126
1004	2309	1189	1120
1005	2281	1193	1088
1006	2281	1183	1098
1007	2278	1195	1083
1008	2261	1198	1063
1009	2272	1203	1069
1010	2286	1194	1092
1011	2267	1198	1069
1012	2225	1203	1022
1013	2233	1200	1033
1014	2273	1195	1078
1015	2269	1202	1067
1016	2307	1207	1100
1017	2290	1210	1080
1018	2309	1206	1103
1019	2306	1201	1105
1020	2306	1206	1100
1021	2293	1199	1094
1022	2307	1191	1116
1023	2389	1196	1193
1024	2415	1200	1215
1025	2347	1212	1135
1026	2362	1206	1156
1027	2363	1205	1158
1028	2388	1195	1193
1029	2405	1195	1210
1030	2392	1193	1199
1031	2419	1202	1217
1032	2413	1206	1207
1033	2442	1199	1243
1034	2454	1206	1248
1035	2501	1204	1297
1036	2502	1194	1308
1037	2477	1195	1282
1038	2464	1205	1259
1039	2499	1195	1304
1040	2492	1183	1309
1041	2476	1195	1281
1042	2479	1193	1286
1043	2470	1198	1272
1044	2454	1199	1255
1045	2480	1194	1286
1046	2479	1194	1285
1047	2506	1203	1303
1048	2510	1210	1300
1049	2476	1203	1273
1050	2495	1191	1304
1051	2465	1190	1275
1052	2482	1188	1294
1053	2481	1194	1287
1054	2455	1192	1263
1055	2431	1194	1237
1056	2419	1197	1222
1057	2422	1201	1221
1058	2401	1212	1189
1059	2398	1214	1184
1060	2371	1209	1162
1061	2314	1204	1110
1062	2298	1205	1093
1063	2311	1204	1107
1064	2352	1190	1162
1065	2357	1198	1159
1066	2301	1194	1107
1067	2267	1198	1069
1068	2283	1202	1081
1069	2251	1203	1048
1070	2222	1198	1024
1071	2229	1202	1027
1072	2241	1212	1029
1073	2212	1216	996
1074	2209	1198	1011
1075	2182	1200	982
1076	2221	1193	1028
1077	2214	1190	1024
1078	2151	1199	952
1079	2151	1198	953
1080	2178	1191	987
1081	2180	1199	981
1082	2163	1198	965
1083	2133	1195	938
1084	2156	1200	956
1085	2154	1196	958
1086	2146	1196	950
1087	2177	1199	978
1088	2151	1210	941
1089	2173	1205	968
1090	2217	1193	1024
1091	2196	1203	993
1092	2200	1202	998
1093	2209	1203	1006
1094	2184	1200	984
1095	2175	1199	976
1096	2159	1201	958
1097	2160	1208	952
1098	2194	1202	992
1099	2228	1200	1028
1100	2263	1194	1069
1101	2287	1197	1090
1102	2338	1198	1140
1103	2383	1208	1175
1104	2353	1190	1163
1105	2328	1190	1138
1106	2333	1187	1146
1107	2348	1192	1156
1108	2390	1197	1193
1109	2394	1198	1196
1110	2428	1198	1230
1111	2415	1198	1217
1112	2455	1192	1263
1113	2441	1202	1239
1114	2453	1208	1245
1115	2478	1205	1273
1116	2457	1203	1254
1117	2426	1201	1225
1118	2440	1193	1247
1119	2461	1193	1268
1120	2488	1203	1285
1121	2507	1203	1304
1122	2467	1193	1274
1123	2474	1194	1280
1124	2490	1197	1293
1125	2487	1197	1290
1126	2461	1198	1263
1127	2489	1202	1287
1128	2443	1201	1242
1129	2449	1198	1251
1130	2441	1197	1244
1131	2432	1203	1229
1132	2405	1194	1211
1133	2408	1197	1211
1134	2392	1209	1183
1135	2371	1205	1166
1136	2410	1201	1209
1137	2442	1204	1238
1138	2435	1195	1240
1139	2401	1200	1201
1140	2409	1199	1210
1141	2355	1204	1151
1142	2330	1208	1122
1143	2319	1200	1119
1144	2300	1196	1104
1145	2323	1206	1117
1146	2317	1203	1114
1147	2319	1195	1124
1148	2344	1196	1148
1149	2329	1194	1135
1150	2269	1191	1078
1151	2249	1197	1052
1152	2263	1201	1062
1153	2263	1198	1065
1154	2235	1192	1043
1155	2258	1193	1065
1156	2247	1188	1059
1157	2252	1200	1052
1158	2222	1201	1021
1159	2243	1201	1042
1160	2208	1195	1013
1161	2172	1197	975
1162	2163	1185	978
1163	2191	1195	996
1164	2185	1202	983
1165	2219	1190	1029
1166	2219	1190	1029
1167	2228	1196	1032
1168	2223	1188	1035
1169	2217	1194	1023
1170	2208	1191	1017
1171	2260	1193	1067
1172	2281	1188	1093
1173	2228	1184	1044
1174	2288	1193	1095
1175	2287	1197	1090
1176	2307	1201	1106
1177	2290	1198	1092
1178	2305	1199	1106
1179	2325	1195	1130
1180	2332	1197	1135
1181	2334	1201	1133
1182	2384	1191	1193
1183	2354	1199	1155
1184	2385	1204	1181
1185	2401	1198	1203
1186	2442	1196	1246
1187	2485	1197	1288
1188	2441	1192	1249
1189	2433	1192	1241
1190	2459	1197	1262
1191	2493	1201	1292
1192	2494	1204	1290
1193	2526	1202	1324
1194	2592	1205	1387
1195	2610	1204	1406
1196	2563	1189	1374
1197	2584	1190	1394
1198	2587	1195	1392
1199	2616	1194	1422
1200	2620	1186	1434
1201	2603	1185	1418
1202	2633	1194	1439
1203	2654	1197	1457
1204	2623	1195	1428
1205	2656	1200	1456
1206	2620	1201	1419
1207	2617	1199	1418
1208	2654	1202	1452
1209	2667	1213	1454
1210	2610	1212	1398
1211	2639	1198	1441
1212	2662	1198	1464
1213	2657	1207	1450
1214	2614	1196	1418
1215	2614	1190	1424
1216	2628	1193	1435
1217	2657	1199	1458
1218	2594	1200	1394
1219	2547	1201	1346
1220	2560	1200	1360
1221	2560	1197	1363
1222	2524	1197	1327
1223	2492	1192	1300
1224	2500	1181	1319
1225	2531	1189	1342
1226	2487	1201	1286
1227	2531	1213	1318
1228	2485	1208	1277
1229	2420	1204	1216
1230	2443	1196	1247
1231	2472	1192	1280
1232	2467	1194	1273
1233	2433	1200	1233
1234	2426	1203	1223
1235	2449	1198	1251
1236	2376	1200	1176
1237	2348	1203	1145
1238	2335	1182	1153
1239	2324	1191	1133
1240	2344	1198	1146
1241	2368	1200	1168
1242	2328	1202	1126
1243	2350	1196	1154
1244	2333	1183	1150
1245	2317	1190	1127
1246	2305	1199	1106
1247	2319	1205	1114
1248	2326	1197	1129
1249	2341	1194	1147
1250	2348	1189	1159
1251	2359	1193	1166
1252	2330	1192	1138
1253	2340	1192	1148
1254	2355	1185	1170
1255	2311	1198	1113
1256	2292	1202	1090
1257	2305	1200	1105
1258	2297	1199	1098
1259	2301	1194	1107
1260	2338	1199	1139
1261	2335	1208	1127
1262	2344	1200	1144
1263	2349	1196	1153
1264	2332	1182	1150
1265	2320	1197	1123
1266	2351	1203	1148
1267	2390	1210	1180
1268	2386	1206	1180
1269	2383	1203	1180
1270	2366	1199	1167
1271	2382	1194	1188
1272	2387	1193	1194
1273	2427	1202	1225
1274	2449	1197	1252
1275	2460	1191	1269
1276	2480	1198	1282
1277	2470	1192	1278
1278	2494	1193	1301
1279	2539	1196	1343
1280	2504	1193	1311
1281	2458	1202	1256
1282	2475	1199	1276
1283	2494	1200	1294
1284	2534	1200	1334
1285	2585	1190	1395
1286	2601	1194	1407
1287	2614	1208	1406
1288	2604	1206	1398
1289	2598	1214	1384
1290	2588	1207	1381
1291	2596	1204	1392
1292	2605	1196	1409
1293	2650	1191	1459
1294	2655	1192	1463
1295	2664	1196	1468
1296	2686	1203	1483
1297	2694	1210	1484
1298	2651	1203	1448
1299	2682	1195	1487
1300	2735	1195	1540
1301	2746	1202	1544
1302	2682	1203	1479
1303	2681	1202	1479
1304	2693	1200	1493
1305	2670	1200	1470
1306	2717	1203	1514
1307	2673	1200	1473
1308	2678	1201	1477
1309	2673	1186	1487
1310	2657	1189	1468
1311	2639	1197	1442
1312	2627	1192	1435
1313	2625	1193	1432
1314	2605	1195	1410
1315	2577	1194	1383
1316	2603	1193	1410
1317	2619	1197	1422
1318	2602	1203	1399
1319	2580	1197	1383
1320	2583	1193	1390
1321	2571	1189	1382
1322	2562	1197	1365
1323	2537	1208	1329
1324	2501	1205	1296
1325	2475	1191	1284
1326	2477	1197	1280
1327	2497	1205	1292
1328	2465	1194	1271
1329	2418	1193	1225
1330	2431	1207	1224
1331	2414	1197	1217
1332	2403	1200	1203
1333	2402	1203	1199
1334	2408	1193	1215
1335	2375	1199	1176
1336	2375	1206	1169
1337	2312	1201	1111
1338	2288	1208	1080
1339	2346	1207	1139
1340	2345	1197	1148
1341	2316	1203	1113
1342	2272	1198	1074
1343	2274	1198	1076
1344	2265	1204	1061
1345	2283	1201	1082
1346	2296	1198	1098
1347	2283	1200	1083
1348	2257	1202	1055
1349	2247	1201	1046
1350	2239	1195	1044
1351	2219	1195	1024
1352	2250	1206	1044
1353	2271	1205	1066
1354	2250	1194	1056
1355	2229	1193	1036
1356	2246	1198	1048
1357	2262	1193	1069
1358	2258	1192	1066
1359	2234	1201	1033
1360	2236	1194	1042
1361	2246	1186	1060
1362	2225	1200	1025
1363	2264	1197	1067
1364	2281	1196	1085
1365	2280	1205	1075
1366	2255	1206	1049
1367	2262	1198	1064
1368	2276	1208	1068
1369	2249	1207	1042
1370	2285	1201	1084
1371	2311	1197	1114
1372	2311	1191	1120
1373	2317	1201	1116
1374	2333	1198	1135
1375	2324	1194	1130
1376	2307	1193	1114
1377	2338	1209	1129
1378	2325	1199	1126
1379	2349	1198	1151
1380	2376	1199	1177
1381	2382	1203	1179
1382	2380	1206	1174
1383	2413	1201	1212
1384	2468	1201	1267
1385	2452	1195	1257
1386	2430	1195	1235
1387	2456	1204	1252
1388	2452	1198	1254
1389	2457	1199	1258
1390	2498	1207	1291
1391	2478	1203	1275
1392	2507	1200	1307
1393	2522	1201	1321
1394	2488	1201	1287
1395	2513	1204	1309
1396	2556	1204	1352
1397	2594	1205	1389
1398	2581	1198	1383
1399	2586	1187	1399
1400	2617	1185	1432
1401	2624	1193	1431
1402	2605	1196	1409
1403	2602	1204	1398
1404	2611	1211	1400
1405	2606	1215	1391
1406	2623	1217	1406
1407	2580	1209	1371
1408	2574	1208	1366
1409	2641	1211	1430
1410	2638	1206	1432
1411	2606	1193	1413
1412	2598	1193	1405
1413	2630	1198	1432
1414	2633	1200	1433
1415	2606	1196	1410
1416	2606	1197	1409
1417	2617	1199	1418
1418	2596	1199	1397
1419	2606	1212	1394
1420	2574	1202	1372
1421	2577	1200	1377
1422	2596	1200	1396
1423	2565	1201	1364
1424	2574	1200	1374
1425	2625	1210	1415
1426	2570	1198	1372
1427	2534	1199	1335
1428	2532	1198	1334
1429	2512	1188	1324
1430	2539	1194	1345
1431	2535	1212	1323
1432	2490	1209	1281
1433	2468	1195	1273
1434	2445	1197	1248
1435	2434	1195	1239
1436	2477	1198	1279
1437	2456	1196	1260
1438	2419	1189	1230
1439	2438	1194	1244
1440	2458	1198	1260
1441	2387	1193	1194
1442	2354	1205	1149
1443	2381	1204	1177
1444	2377	1182	1195
1445	2356	1196	1160
1446	2331	1200	1131
1447	2313	1201	1112
1448	2328	1202	1126
1449	2292	1198	1094
1450	2308	1192	1116
1451	2341	1201	1140
1452	2295	1202	1093
1453	2275	1200	1075
1454	2281	1190	1091
1455	2246	1189	1057
1456	2247	1198	1049
1457	2228	1203	1025
1458	2215	1200	1015
1459	2236	1193	1043
1460	2223	1198	1025
1461	2205	1209	996
1462	2192	1198	994
1463	2211	1193	1018
1464	2211	1199	1012
1465	2176	1201	975
1466	2175	1195	980
1467	2149	1198	951
1468	2167	1190	977
1469	2168	1190	978
1470	2182	1184	998
1471	2174	1183	991
1472	2181	1191	990
1473	2218	1191	1027
1474	2242	1196	1046
1475	2242	1194	1048
1476	2176	1198	978
1477	2185	1200	985
1478	2207	1192	1015
1479	2234	1201	1033
1480	2256	1193	1063
1481	2268	1186	1082
1482	2244	1186	1058
1483	2240	1196	1044
1484	2278	1199	1079
1485	2260	1203	1057
1486	2229	1198	1031
1487	2253	1206	1047
1488	2283	1202	1081
1489	2282	1200	1082
1490	2287	1207	1080
1491	2280	1207	1073
1492	2307	1204	1103
1493	2290	1204	1086
1494	2307	1197	1110
1495	2316	1196	1120
1496	2335	1195	1140
1497	2325	1212	1113
1498	2306	1210	1096
1499	2327	1204	1123
1500	2366	1205	1161
1501	2396	1213	1183
1502	2383	1206	1177
1503	2371	1191	1180
1504	2402	1192	1210
1505	2414	1202	1212
1506	2416	1206	1210
1507	2439	1207	1232
1508	2463	1202	1261
1509	2477	1199	1278
1510	2494	1200	1294
1511	2515	1200	1315
1512	2513	1196	1317
1513	2515	1197	1318
1514	2531	1195	1336
1515	2553	1202	1351
1516	2548	1204	1344
1517	2529	1198	1331
1518	2502	1201	1301
1519	2508	1201	1307
1520	2539	1197	1342
1521	2567	1209	1358
1522	2599	1199	1400
1523	2633	1207	1426
1524	2613	1202	1411
1525	2597	1193	1404
1526	2590	1193	1397
1527	2624	1199	1425
1528	2651	1201	1450
1529	2595	1193	1402
1530	2594	1198	1396
1531	2605	1207	1398
1532	2586	1206	1380
1533	2609	1214	1395
1534	2601	1201	1400
1535	2621	1206	1415
1536	2616	1210	1406
1537	2593	1202	1391
1538	2615	1195	1420
1539	2602	1195	1407
1540	2600	1201	1399
1541	2587	1198	1389
1542	2591	1202	1389
1543	2593	1197	1396
1544	2585	1208	1377
1545	2590	1210	1380
1546	2574	1207	1367
1547	2545	1210	1335
1548	2593	1208	1385
1549	2618	1203	1415
1550	2593	1203	1390
1551	2574	1205	1369
1552	2513	1200	1313
1553	2498	1195	1303
1554	2518	1197	1321
1555	2512	1208	1304
1556	2525	1202	1323
1557	2515	1188	1327
1558	2489	1191	1298
1559	2468	1197	1271
1560	2476	1197	1279
1561	2449	1204	1245
1562	2439	1206	1233
1563	2453	1199	1254
1564	2431	1195	1236
1565	2437	1191	1246
1566	2370	1200	1170
1567	2389	1202	1187
1568	2384	1201	1183
1569	2395	1198	1197
1570	2403	1197	1206
1571	2336	1195	1141
1572	2306	1193	1113
1573	2350	1201	1149
1574	2380	1195	1185
1575	2351	1203	1148
1576	2311	1198	1113
1577	2325	1200	1125
1578	2302	1200	1102
1579	2275	1198	1077
1580	2300	1202	1098
1581	2279	1199	1080
1582	2299	1199	1100
1583	2304	1203	1101
1584	2289	1201	1088
1585	2243	1197	1046
1586	2236	1205	1031
1587	2211	1209	1002
1588	2217	1202	1015
1589	2248	1203	1045
1590	2262	1200	1062
1591	2228	1203	1025
1592	2238	1204	1034
1593	2241	1196	1045
1594	2223	1192	1031
1595	2242	1206	1036
1596	2201	1210	991
1597	2202	1203	999
1598	2169	1203	966
1599	2191	1201	990
1600	2241	1197	1044
1601	2250	1199	1051
1602	2224	1199	1025
1603	2178	1197	981
1604	2176	1195	981
1605	2227	1199	1028
1606	2221	1199	1022
1607	2223	1198	1025
1608	2228	1206	1022
1609	2218	1204	1014
1610	2229	1204	1025
1611	2223	1194	1029
1612	2203	1199	1004
1613	2231	1204	1027
1614	2225	1195	1030
1615	2213	1197	1016
1616	2266	1195	1071
1617	2272	1191	1081
1618	2285	1200	1085
1619	2332	1193	1139
1620	2327	1192	1135
1621	2282	1193	1089
1622	2267	1193	1074
1623	2282	1195	1087
1624	2334	1190	1144
1625	2317	1192	1125
1626	2311	1194	1117
1627	2331	1203	1128
1628	2350	1197	1153
1629	2364	1196	1168
1630	2352	1196	1156
1631	2380	1198	1182
1632	2408	1197	1211
1633	2402	1201	1201
1634	2380	1199	1181
1635	2396	1203	1193
1636	2451	1208	1243
1637	2453	1204	1249
1638	2414	1199	1215
1639	2465	1189	1276
1640	2475	1192	1283
1641	2471	1208	1263
1642	2465	1207	1258
1643	2437	1208	1229
1644	2478	1201	1277
1645	2444	1201	1243
1646	2464	1194	1270
1647	2473	1193	1280
1648	2527	1198	1329
1649	2538	1206	1332
1650	2537	1205	1332
1651	2580	1208	1372
1652	2557	1209	1348
1653	2539	1202	1337
1654	2588	1200	1388
1655	2614	1204	1410
1656	2641	1199	1442
1657	2624	1205	1419
1658	2613	1203	1410
1659	2607	1198	1409
1660	2608	1207	1401
1661	2614	1200	1414
1662	2605	1196	1409
1663	2606	1196	1410
1664	2642	1199	1443
1665	2634	1203	1431
1666	2637	1199	1438
1667	2652	1199	1453
1668	2632	1190	1442
1669	2621	1202	1419
1670	2645	1196	1449
1671	2675	1195	1480
1672	2671	1196	1475
1673	2659	1199	1460
1674	2663	1200	1463
1675	2675	1199	1476
1676	2647	1191	1456
1677	2639	1190	1449
1678	2652	1188	1464
1679	2644	1193	1451
1680	2632	1202	1430
1681	2620	1206	1414
1682	2618	1205	1413
1683	2602	1203	1399
1684	2600	1202	1398
1685	2613	1203	1410
1686	2620	1198	1422
1687	2605	1201	1404
1688	2541	1199	1342
1689	2548	1198	1350
1690	2571	1198	1373
1691	2540	1199	1341
1692	2535	1200	1335
1693	2553	1192	1361
1694	2553	1196	1357
1695	2537	1202	1335
1696	2535	1205	1330
1697	2467	1196	1271
1698	2492	1192	1300
1699	2471	1201	1270
1700	2472	1203	1269
1701	2471	1195	1276
1702	2453	1195	1258
1703	2440	1206	1234
1704	2438	1196	1242
1705	2389	1191	1198
1706	2351	1187	1164
1707	2351	1192	1159
1708	2369	1199	1170
1709	2318	1198	1120
1710	2328	1195	1133
1711	2328	1209	1119
1712	2302	1201	1101
1713	2284	1192	1092
1714	2269	1196	1073
1715	2313	1205	1108
1716	2339	1198	1141
1717	2271	1200	1071
1718	2269	1203	1066
1719	2287	1195	1092
1720	2277	1195	1082
1721	2256	1202	1054
1722	2244	1200	1044
1723	2210	1204	1006
1724	2237	1193	1044
1725	2248	1189	1059
1726	2209	1194	1015
1727	2200	1203	997
1728	2190	1209	981
1729	2190	1203	987
1730	2164	1199	965
1731	2184	1197	987
1732	2194	1196	998
1733	2186	1194	992
1734	2176	1199	977
1735	2157	1196	961
1736	2143	1194	949
1737	2120	1197	923
1738	2153	1204	949
1739	2181	1204	977
1740	2136	1201	935
1741	2111	1206	905
1742	2114	1209	905
1743	2132	1209	923
1744	2142	1204	938
1745	2123	1209	914
1746	2105	1200	905
1747	2134	1193	941
1748	2113	1192	921
1749	2113	1198	915
1750	2155	1202	953
1751	2123	1206	917
1752	2133	1200	933
1753	2140	1196	944
1754	2146	1202	944
1755	2153	1202	951
1756	2160	1201	959
1757	2141	1209	932
1758	2119	1208	911
1759	2147	1205	942
1760	2152	1204	948
1761	2127	1203	924
1762	2159	1199	960
1763	2121	1199	922
1764	2133	1195	938
1765	2170	1198	972
1766	2180	1197	983
1767	2203	1202	1001
1768	2215	1201	1014
1769	2186	1207	979
1770	2206	1190	1016
1771	2231	1203	1028
1772	2240	1207	1033
1773	2252	1193	1059
1774	2230	1184	1046
1775	2236	1200	1036
1776	2241	1194	1047
1777	2246	1194	1052
1778	2270	1208	1062
1779	2305	1206	1099
1780	2269	1208	1061
1781	2282	1210	1072
1782	2290	1202	1088
1783	2310	1198	1112
1784	2293	1197	1096
1785	2304	1195	1109
1786	2235	1185	1050
1787	2263	1198	1065
1788	2299	1196	1103
1789	2309	1190	1119
1790	2278	1197	1081
1791	2267	1197	1070
1792	2307	1208	1099
1793	2299	1214	1085
1794	2302	1199	1103
1795	2312	1200	1112
1796	2304	1191	1113
1797	2302	1186	1116
1798	2321	1187	1134
1799	2340	1198	1142
1800	2381	1199	1182
1801	2376	1196	1180
1802	2386	1191	1195
1803	2346	1190	1156
1804	2339	1196	1143
1805	2335	1203	1132
1806	2359	1198	1161
1807	2383	1196	1187
1808	2358	1197	1161
1809	2384	1201	1183
1810	2381	1193	1188
1811	2412	1193	1219
1812	2376	1192	1184
1813	2325	1192	1133
1814	2361	1188	1173
1815	2376	1187	1189
1816	2360	1195	1165
1817	2339	1200	1139
1818	2400	1197	1203
1819	2401	1195	1206
1820	2374	1190	1184
1821	2414	1198	1216
1822	2431	1200	1231
1823	2388	1199	1189
1824	2358	1197	1161
1825	2386	1189	1197
1826	2354	1187	1167
1827	2394	1191	1203
1828	2408	1193	1215
1829	2392	1194	1198
1830	2379	1198	1181
1831	2340	1200	1140
1832	2350	1202	1148
1833	2350	1207	1143
1834	2379	1199	1180
1835	2347	1198	1149
1836	2349	1194	1155
1837	2401	1195	1206
1838	2391	1194	1197
1839	2366	1198	1168
1840	2372	1202	1170
1841	2330	1197	1133
1842	2306	1197	1109
1843	2300	1198	1102
1844	2279	1191	1088
1845	2269	1197	1072
1846	2248	1194	1054
1847	2238	1192	1046
1848	2244	1198	1046
1849	2259	1196	1063
1850	2253	1189	1064
1851	2225	1199	1026
1852	2186	1206	980
1853	2157	1205	952
1854	2200	1199	1001
1855	2205	1202	1003
1856	2175	1207	968
1857	2142	1202	940
1858	2116	1190	926
1859	2099	1201	898
1860	2138	1199	939
1861	2120	1207	913
1862	2079	1203	876
1863	2101	1193	908
1864	2080	1192	888
1865	2089	1200	889
1866	2079	1196	883
1867	2073	1198	875
1868	2066	1198	868
1869	2048	1197	851
1870	2029	1192	837
1871	2045	1201	844
1872	2041	1199	842
1873	2047	1198	849
1874	2034	1203	831
1875	2013	1204	809
1876	1986	1197	789
1877	2000	1201	799
1878	2025	1207	818
1879	2017	1199	818
1880	1963	1200	763
1881	1925	1208	717
1882	1900	1198	702
1883	1892	1187	705
1884	1898	1195	703
1885	1882	1203	679
1886	1865	1210	655
1887	1878	1201	677
1888	1853	1198	655
1889	1826	1200	626
1890	1818	1204	614
1891	1837	1206	631
1892	1850	1200	650
1893	1859	1201	658
1894	1851	1194	657
1895	1807	1195	612
1896	1799	1195	604
1897	1808	1199	609
1898	1800	1189	611
1899	1791	1192	599
1900	1795	1203	592
1901	1808	1197	611
1902	1820	1199	621
1903	1809	1203	606
1904	1812	1191	621
1905	1816	1185	631
1906	1787	1183	604
1907	1795	1190	605
1908	1796	1189	607
1909	1770	1204	566
1910	1772	1197	575
1911	1783	1199	584
1912	1775	1197	578
1913	1772	1199	573
1914	1750	1198	552
1915	1760	1201	559
1916	1743	1193	550
1917	1735	1188	547
1918	1727	1196	531
1919	1722	1190	532
1920	1702	1191	511
1921	1735	1197	538
1922	1732	1199	533
1923	1734	1200	534
1924	1700	1200	500
1925	1657	1194	463
1926	1652	1196	456
1927	1670	1204	466
1928	1683	1210	473
1929	1681	1201	480
1930	1678	1189	489
1931	1684	1194	490
1932	1696	1197	499
1933	1677	1204	473
1934	1669	1198	471
1935	1666	1200	466
1936	1655	1194	461
1937	1668	1196	472
1938	1677	1200	477
1939	1655	1200	455
1940	1663	1197	466
1941	1689	1205	484
1942	1692	1197	495
1943	1676	1202	474
1944	1684	1203	481
1945	1679	1200	479
1946	1638	1199	439
1947	1645	1207	438
1948	1639	1201	438
1949	1658	1199	459
1950	1692	1189	503
1951	1683	1190	493
1952	1689	1198	491
1953	1692	1200	492
1954	1655	1196	459
1955	1652	1197	455
1956	1716	1198	518
1957	1715	1197	518
1958	1683	1195	488
1959	1692	1200	492
1960	1708	1204	504
1961	1685	1209	476
1962	1670	1212	458
1963	1686	1204	482
1964	1649	1206	443
1965	1627	1210	417
1966	1659	1201	458
1967	1700	1199	501
1968	1672	1195	477
1969	1692	1218	474
1970	1706	1198	508
1971	1680	1192	488
1972	1650	1195	455
1973	1672	1197	475
1974	1685	1200	485
1975	1672	1205	467
1976	1686	1195	491
1977	1686	1205	481
1978	1698	1202	496
1979	1711	1197	514
1980	1687	1197	490
1981	1703	1188	515
1982	1705	1199	506
1983	1694	1213	481
1984	1700	1204	496
1985	1684	1192	492
1986	1695	1186	509
1987	1705	1184	521
1988	1680	1190	490
1989	1671	1188	483
1990	1726	1190	536
1991	1739	1198	541
1992	1683	1199	484
1993	1666	1211	455
1994	1684	1200	484
1995	1702	1190	512
1996	1717	1191	526
1997	1730	1187	543
1998	1693	1200	493
1999	1691	1201	490
2000	1711	1193	518
2001	1687	1188	499
2002	1686	1193	493
2003	1698	1203	495
2004	1677	1201	476
2005	1706	1197	509
2006	1707	1205	502
2007	1692	1197	495
2008	1728	1196	532
2009	1712	1203	509
2010	1708	1198	510
2011	1693	1194	499
2012	1685	1195	490
2013	1712	1201	511
2014	1692	1193	499
2015	1673	1193	480
2016	1660	1193	467
2017	1667	1197	470
2018	1654	1206	448
2019	1652	1203	449
2020	1667	1189	478
2021	1672	1197	475
2022	1672	1199	473
2023	1643	1196	447
2024	1625	1193	432
2025	1652	1206	446
2026	1649	1197	452
2027	1639	1194	445
2028	1614	1192	422
2029	1582	1188	394
2030	1601	1192	409
2031	1617	1202	415
2032	1606	1199	407
2033	1598	1208	390
2034	1602	1203	399
2035	1606	1196	410
2036	1607	1189	418
2037	1599	1201	398
2038	1581	1198	383
2039	1587	1192	395
2040	1580	1203	377
2041	1565	1200	365
2042	1556	1188	368
2043	1557	1195	362
2044	1547	1210	337
2045	1546	1209	337
2046	1561	1197	364
2047	1540	1193	347
2048	1538	1207	331
2049	1569	1201	368
2050	1540	1200	340
2051	1529	1211	318
2052	1507	1206	301
2053	1532	1203	329
2054	1523	1191	332
2055	1529	1189	340
2056	1513	1201	312
2057	1485	1201	284
2058	1523	1200	323
2059	1526	1202	324
2060	1542	1199	343
2061	1547	1194	353
2062	1554	1194	360
2063	1551	1197	354
2064	1527	1200	327
2065	1503	1190	313
2066	1520	1201	319
2067	1526	1198	328
2068	1533	1197	336
2069	1544	1205	339
2070	1528	1200	328
2071	1519	1205	314
2072	1523	1200	323
2073	1513	1199	314
2074	1503	1207	296
2075	1505	1205	300
2076	1499	1194	305
2077	1495	1191	304
2078	1517	1205	312
2079	1495	1202	293
2080	1485	1204	281
2081	1461	1201	260
2082	1472	1196	276
2083	1460	1205	255
2084	1447	1208	239
2085	1466	1201	265
2086	1474	1194	280
2087	1465	1204	261
2088	1468	1207	261
2089	1479	1213	266
2090	1489	1201	288
2091	1487	1202	285
2092	1453	1195	258
2093	1474	1186	288
2094	1487	1199	288
2095	1465	1197	268
2096	1446	1187	259
2097	1461	1200	261
2098	1487	1191	296
2099	1455	1192	263
2100	1453	1197	256
2101	1481	1203	278
2102	1470	1190	280
2103	1485	1188	297
2104	1486	1194	292
2105	1464	1200	264
2106	1478	1205	273
2107	1509	1199	310
2108	1492	1199	293
2109	1486	1205	281
2110	1539	1207	332
2111	1509	1205	304
2112	1517	1201	316
2113	1540	1206	334
2114	1529	1201	328
2115	1531	1185	346
2116	1532	1189	343
2117	1522	1201	321
2118	1544	1199	345
2119	1565	1198	367
2120	1559	1197	362
2121	1541	1194	347
2122	1558	1192	366
2123	1598	1186	412
2124	1589	1185	404
2125	1539	1197	342
2126	1570	1203	367
2127	1569	1205	364
2128	1578	1200	378
2129	1601	1197	404
2130	1603	1205	398
2131	1603	1201	402
2132	1598	1192	406
2133	1569	1193	376
2134	1595	1196	399
2135	1632	1201	431
2136	1613	1198	415
2137	1589	1186	403
2138	1592	1187	405
2139	1602	1196	406
2140	1615	1207	408
2141	1611	1199	412
2142	1621	1195	426
2143	1636	1193	443
2144	1675	1189	486
2145	1707	1194	513
2146	1706	1194	512
2147	1698	1203	495
2148	1716	1196	520
2149	1752	1190	562
2150	1746	1196	550
2151	1774	1212	562
2152	1776	1201	575
2153	1778	1187	591
2154	1804	1195	609
2155	1817	1209	608
2156	1800	1200	600
2157	1784	1187	597
2158	1781	1182	599
2159	1811	1188	623
2160	1845	1190	655
2161	1852	1201	651
2162	1870	1196	674
2163	1872	1198	674
2164	1878	1205	673
2165	1923	1207	716
2166	1898	1199	699
2167	1899	1197	702
2168	1944	1193	751
2169	2001	1190	811
2170	1975	1191	784
2171	1974	1202	772
2172	2021	1202	819
2173	2017	1200	817
2174	2027	1197	830
2175	2071	1195	876
2176	2085	1191	894
2177	2118	1194	924
2178	2124	1192	932
2179	2135	1194	941
2180	2149	1197	952
2181	2162	1189	973
2182	2144	1191	953
2183	2206	1192	1014
2184	2245	1187	1058
2185	2231	1194	1037
2186	2229	1206	1023
2187	2253	1212	1041
2188	2298	1199	1099
2189	2275	1195	1080
2190	2295	1197	1098
2191	2315	1200	1115
2192	2291	1203	1088
2193	2329	1201	1128
2194	2354	1197	1157
2195	2424	1209	1215
2196	2443	1206	1237
2197	2496	1204	1292
2198	2549	1203	1346
2199	2610	1201	1409
2200	2651	1194	1457
2201	2629	1194	1435
2202	2641	1205	1436
2203	2642	1208	1434
2204	2634	1206	1428
2205	2651	1204	1447
2206	2624	1200	1424
2207	2617	1197	1420
2208	2615	1198	1417
2209	2626	1199	1427
2210	2611	1196	1415
2211	2615	1200	1415
2212	2618	1195	1423
2213	2616	1191	1425
2214	2619	1198	1421
2215	2632	1195	1437
2216	2615	1195	1420
2217	2655	1196	1459
2218	2675	1193	1482
2219	2641	1200	1441
2220	2641	1200	1441
2221	2635	1202	1433
2222	2669	1202	1467
2223	2647	1201	1446
2224	2630	1190	1440
2225	2631	1196	1435
2226	2636	1206	1430
2227	2657	1203	1454
2228	2681	1199	1482
2229	2667	1197	1470
2230	2666	1196	1470
2231	2684	1195	1489
2232	2721	1199	1522
2233	2786	1201	1585
2234	2790	1196	1594
2235	2823	1208	1615
2236	2835	1200	1635
2237	2813	1203	1610
2238	2866	1198	1668
2239	2890	1196	1694
2240	2883	1197	1686
2241	2896	1197	1699
2242	2903	1195	1708
2243	2916	1198	1718
2244	2945	1195	1750
2245	2961	1194	1767
2246	2994	1195	1799
2247	2950	1204	1746
2248	2953	1203	1750
2249	2974	1209	1765
2250	2988	1205	1783
2251	3022	1199	1823
2252	3066	1198	1868
2253	3093	1202	1891
2254	3086	1199	1887
2255	3044	1209	1835
2256	2995	1193	1802
2257	3043	1192	1851
2258	3074	1202	1872
2259	3095	1200	1895
2260	3092	1188	1904
2261	3107	1196	1911
2262	3122	1196	1926
2263	3070	1204	1866
2264	3015	1194	1821
2265	3047	1195	1852
2266	3071	1206	1865
2267	3035	1212	1823
2268	3033	1207	1826
2269	3015	1203	1812
2270	2992	1195	1797
2271	3030	1192	1838
2272	2987	1201	1786
2273	2979	1207	1772
2274	2948	1198	1750
2275	2925	1199	1726
2276	2930	1199	1731
2277	2992	1189	1803
2278	2978	1193	1785
2279	2948	1201	1747
2280	2949	1208	1741
2281	2946	1195	1751
2282	2955	1188	1767
2283	2954	1192	1762
2284	2900	1188	1712
2285	2906	1196	1710
2286	2877	1202	1675
2287	2847	1195	1652
2288	2832	1199	1633
2289	2870	1202	1668
2290	2923	1193	1730
2291	2884	1195	1689
2292	2906	1193	1713
2293	2909	1197	1712
2294	2894	1191	1703
2295	2915	1190	1725
2296	2947	1195	1752
2297	2930	1198	1732
2298	2907	1203	1704
2299	2923	1202	1721
2300	2940	1202	1738
2301	2874	1200	1674
2302	2867	1196	1671
2303	2890	1192	1698
2304	2864	1205	1659
2305	2863	1201	1662
2306	2871	1195	1676
2307	2862	1197	1665
2308	2864	1192	1672
2309	2878	1197	1681
2310	2892	1194	1698
2311	2928	1199	1729
2312	2950	1197	1753
2313	2967	1204	1763
2314	2951	1207	1744
2315	2959	1209	1750
2316	2958	1206	1752
2317	2988	1199	1789
2318	3037	1197	1840
2319	2994	1198	1796
2320	2993	1193	1800
2321	2997	1196	1801
2322	2972	1207	1765
2323	2924	1200	1724
2324	2949	1188	1761
2325	2948	1189	1759
2326	2925	1196	1729
2327	2896	1192	1704
2328	2876	1196	1680
2329	2908	1205	1703
2330	2908	1199	1709
2331	2901	1191	1710
2332	2845	1195	1650
2333	2864	1196	1668
2334	2838	1200	1638
2335	2827	1198	1629
2336	2854	1198	1656
2337	2861	1216	1645
2338	2804	1204	1600
2339	2775	1204	1571
2340	2734	1198	1536
2341	2761	1195	1566
2342	2774	1198	1576
2343	2748	1201	1547
2344	2729	1193	1536
2345	2704	1195	1509
2346	2679	1205	1474
2347	2709	1207	1502
2348	2779	1198	1581
2349	2760	1196	1564
2350	2781	1197	1584
2351	2845	1208	1637
2352	2828	1204	1624
2353	2812	1200	1612
2354	2862	1195	1667
2355	2924	1200	1724
2356	2891	1198	1693
2357	2879	1190	1689
2358	2951	1198	1753
2359	3020	1203	1817
2360	3011	1203	1808
2361	2985	1205	1780
2362	2939	1205	1734
2363	2990	1202	1788
2364	3014	1198	1816
2365	3015	1200	1815
2366	2966	1202	1764
2367	2984	1201	1783
2368	2969	1202	1767
2369	2971	1203	1768
2370	2985	1207	1778
2371	2946	1205	1741
2372	2907	1202	1705
2373	2849	1203	1646
2374	2838	1202	1636
2375	2858	1206	1652
2376	2837	1192	1645
2377	2822	1197	1625
2378	2780	1190	1590
2379	2810	1190	1620
2380	2826	1190	1636
2381	2831	1190	1641
2382	2857	1192	1665
2383	2865	1193	1672
2384	2851	1207	1644
2385	2885	1203	1682
2386	2868	1191	1677
2387	2873	1193	1680
2388	2843	1199	1644
2389	2765	1195	1570
2390	2766	1189	1577
2391	2754	1195	1559
2392	2750	1194	1556
2393	2763	1186	1577
2394	2736	1193	1543
2395	2728	1200	1528
2396	2739	1204	1535
2397	2747	1203	1544
2398	2729	1195	1534
2399	2688	1201	1487
2400	2663	1196	1467
2401	2699	1190	1509
2402	2703	1192	1511
2403	2769	1197	1572
2404	2797	1194	1603
2405	2806	1191	1615
2406	2791	1197	1594
2407	2776	1201	1575
2408	2854	1192	1662
2409	2842	1189	1653
2410	2849	1201	1648
2411	2824	1205	1619
2412	2891	1206	1685
2413	2947	1198	1749
2414	2957	1192	1765
2415	2978	1207	1771
2416	2982	1204	1778
2417	3033	1193	1840
2418	3065	1192	1873
2419	3039	1194	1845
2420	3047	1182	1865
2421	3069	1188	1881
2422	3078	1210	1868
2423	3041	1211	1830
2424	3047	1202	1845
2425	3089	1200	1889
2426	3087	1202	1885
2427	3051	1193	1858
2428	3054	1185	1869
2429	3012	1194	1818
2430	3034	1199	1835
2431	3123	1199	1924
2432	3164	1194	1970
2433	3169	1196	1973
2434	3170	1189	1981
2435	3123	1186	1937
2436	3091	1182	1909
2437	3202	1187	2015
2438	3212	1203	2009
2439	3134	1202	1932
2440	3149	1205	1944
2441	3152	1210	1942
2442	3133	1196	1937
2443	3099	1194	1905
2444	3060	1193	1867
2445	3097	1196	1901
2446	3123	1198	1925
2447	3108	1196	1912
2448	3119	1192	1927
2449	3133	1204	1929
2450	3125	1206	1919
2451	3160	1205	1955
2452	3195	1202	1993
2453	3213	1202	2011
2454	3255	1202	2053
2455	3255	1199	2056
2456	3263	1196	2067
2457	3248	1201	2047
2458	3253	1204	2049
2459	3179	1195	1984
2460	3159	1194	1965
2461	3188	1198	1990
2462	3161	1198	1963
2463	3244	1203	2041
2464	3287	1200	2087
2465	3293	1194	2099
2466	3319	1195	2124
2467	3366	1192	2174
2468	3346	1199	2147
2469	3373	1204	2169
2470	3397	1198	2199
2471	3353	1194	2159
2472	3374	1187	2187
2473	3356	1195	2161
2474	3337	1192	2145
2475	3366	1196	2170
2476	3365	1206	2159
2477	3370	1201	2169
2478	3403	1194	2209
2479	3348	1202	2146
2480	3341	1204	2137
2481	3356	1203	2153
2482	3400	1194	2206
2483	3363	1195	2168
2484	3336	1191	2145
2485	3365	1195	2170
2486	3372	1197	2175
2487	3390	1205	2185
2488	3413	1194	2219
2489	3383	1186	2197
2490	3398	1195	2203
2491	3464	1191	2273
2492	3482	1196	2286
2493	3549	1202	2347
2494	3598	1193	2405
2495	3593	1196	2397
2496	3569	1207	2362
2497	3608	1201	2407
2498	3674	1188	2486
2499	3754	1186	2568
2500	3772	1198	2574
2501	3933	1192	2741
2502	4324	1194	3130
2503	4936	1203	3733
2504	5489	1194	4295
2505	6009	1196	4813
2506	6290	1189	5101
2507	6380	1188	5192
2508	6353	1191	5162
2509	6352	1192	5160
2510	6348	1199	5149
2511	6130	1198	4932
2512	5821	1193	4628
2513	5385	1202	4183
2514	4846	1200	3646
2515	4288	1198	3090
2516	3987	1205	2782
2517	3875	1198	2677
2518	3847	1195	2652
2519	3758	1191	2567
2520	3702	1189	2513
2521	3676	1187	2489
2522	3630	1190	2440
2523	3583	1203	2380
2524	3491	1198	2293
2525	3472	1196	2276
2526	3474	1203	2271
2527	3479	1199	2280
2528	3461	1200	2261
2529	3471	1199	2272
2530	3503	1199	2304
2531	3478	1197	2281
2532	3492	1190	2302
2533	3560	1184	2376
2534	3580	1193	2387
2535	3555	1201	2354
2536	3538	1201	2337
2537	3528	1195	2333
2538	3573	1192	2381
2539	3556	1197	2359
2540	3548	1188	2360
2541	3550	1198	2352
2542	3496	1196	2300
2543	3516	1196	2320
2544	3471	1194	2277
2545	3443	1200	2243
2546	3433	1191	2242
2547	3421	1181	2240
2548	3399	1193	2206
2549	3389	1196	2193
2550	3378	1184	2194
2551	3330	1192	2138
2552	3308	1195	2113
2553	3324	1198	2126
2554	3359	1199	2160
2555	3395	1204	2191
2556	3370	1202	2168
2557	3355	1199	2156
2558	3350	1188	2162
2559	3319	1190	2129
2560	3346	1197	2149
2561	3352	1198	2154
2562	3298	1207	2091
2563	3317	1199	2118
2564	3326	1183	2143
2565	3331	1194	2137
2566	3301	1199	2102
2567	3285	1201	2084
2568	3209	1194	2015
2569	3173	1198	1975
2570	3179	1200	1979
2571	3160	1198	1962
2572	3099	1196	1903
2573	3097	1187	1910
2574	3102	1193	1909
2575	3127	1203	1924
2576	3157	1208	1949
2577	3195	1200	1995
2578	3211	1193	2018
2579	3237	1199	2038
2580	3270	1203	2067
2581	3264	1206	2058
2582	3192	1201	1991
2583	3228	1204	2024
2584	3206	1200	2006
2585	3135	1201	1934
2586	3098	1196	1902
2587	3076	1190	1886
2588	3052	1192	1860
2589	3051	1202	1849
2590	3086	1202	1884
2591	3078	1200	1878
2592	3018	1202	1816
2593	2995	1207	1788
2594	3027	1198	1829
2595	3079	1197	1882
2596	3099	1205	1894
2597	3062	1199	1863
2598	3105	1204	1901
2599	3095	1209	1886
2600	3090	1196	1894
2601	3115	1198	1917
2602	3086	1204	1882
2603	3079	1199	1880
2604	3086	1193	1893
2605	3027	1206	1821
2606	3014	1213	1801
2607	3035	1204	1831
2608	3011	1205	1806
2609	3015	1209	1806
2610	3000	1204	1796
2611	3037	1202	1835
2612	3034	1201	1833
2613	3051	1199	1852
2614	3070	1196	1874
2615	3016	1205	1811
2616	2986	1201	1785
2617	3061	1196	1865
2618	3105	1197	1908
2619	3075	1208	1867
2620	3082	1205	1877
2621	3074	1193	1881
2622	3056	1196	1860
2623	3010	1196	1814
2624	3034	1190	1844
2625	3044	1191	1853
2626	3080	1193	1887
2627	3044	1194	1850
2628	3063	1197	1866
2629	3132	1194	1938
2630	3060	1185	1875
2631	3019	1201	1818
2632	3053	1213	1840
2633	3049	1208	1841
2634	3030	1200	1830
2635	3011	1196	1815
2636	3037	1195	1842
2637	2980	1203	1777
2638	2955	1202	1753
2639	2972	1197	1775
2640	2998	1195	1803
2641	3015	1188	1827
2642	2990	1190	1800
2643	2993	1199	1794
2644	3001	1202	1799
2645	3016	1206	1810
2646	3076	1201	1875
2647	3050	1197	1853
2648	3028	1193	1835
2649	3028	1190	1838
2650	3008	1197	1811
2651	3033	1196	1837
2652	3010	1194	1816
2653	3029	1192	1837
2654	3048	1200	1848
2655	3073	1203	1870
2656	3072	1201	1871
2657	3060	1200	1860
2658	3028	1192	1836
2659	3019	1200	1819
2660	2966	1205	1761
2661	3024	1209	1815
2662	2985	1201	1784
2663	2952	1193	1759
2664	3046	1197	1849
2665	3084	1208	1876
2666	3042	1208	1834
2667	3058	1195	1863
2668	3041	1186	1855
2669	3074	1197	1877
2670	3065	1196	1869
2671	3065	1198	1867
2672	3074	1198	1876
2673	3078	1203	1875
2674	3076	1207	1869
2675	3103	1201	1902
2676	3150	1197	1953
2677	3078	1202	1876
2678	3049	1206	1843
2679	3062	1206	1856
2680	3111	1211	1900
2681	3090	1210	1880
2682	3049	1205	1844
2683	3068	1205	1863
2684	3148	1194	1954
2685	3132	1196	1936
2686	3130	1205	1925
2687	3149	1203	1946
2688	3148	1201	1947
2689	3105	1197	1908
2690	3117	1198	1919
2691	3130	1207	1923
2692	3106	1206	1900
2693	3117	1195	1922
2694	3092	1196	1896
2695	3063	1206	1857
2696	3123	1199	1924
2697	3122	1196	1926
2698	3106	1197	1909
2699	3103	1196	1907
2700	3107	1197	1910
2701	3153	1199	1954
2702	3093	1191	1902
2703	3059	1196	1863
2704	3064	1202	1862
2705	3078	1200	1878
2706	3049	1203	1846
2707	3028	1197	1831
2708	3081	1199	1882
2709	3045	1200	1845
2710	3046	1194	1852
2711	3017	1197	1820
2712	3001	1203	1798
2713	2994	1209	1785
2714	3016	1202	1814
2715	3037	1200	1837
2716	2972	1194	1778
2717	2956	1195	1761
2718	2943	1205	1738
2719	3014	1213	1801
2720	3024	1205	1819
2721	3002	1192	1810
2722	2970	1201	1769
2723	2916	1207	1709
2724	2930	1209	1721
2725	2898	1202	1696
2726	2904	1198	1706
2727	2937	1202	1735
2728	2942	1203	1739
2729	2933	1195	1738
2730	2963	1185	1778
2731	2941	1200	1741
2732	2914	1197	1717
2733	2903	1199	1704
2734	2928	1202	1726
2735	2887	1209	1678
2736	2906	1195	1711
2737	2958	1191	1767
2738	2961	1193	1768
2739	2958	1195	1763
2740	2946	1199	1747
2741	2924	1199	1725
2742	2889	1193	1696
2743	2926	1204	1722
2744	2975	1202	1773
2745	2971	1205	1766
2746	2940	1201	1739
2747	2897	1197	1700
2748	2878	1190	1688
2749	2853	1186	1667
2750	2847	1185	1662
2751	2847	1194	1653
2752	2870	1195	1675
2753	2887	1192	1695
2754	2864	1194	1670
2755	2902	1197	1705
2756	2909	1192	1717
2757	2906	1193	1713
2758	2914	1197	1717
2759	2894	1203	1691
2760	2874	1190	1684
2761	2812	1196	1616
2762	2819	1198	1621
2763	2819	1207	1612
2764	2842	1200	1642
2765	2885	1194	1691
2766	2874	1191	1683
2767	2846	1180	1666
2768	2866	1183	1683
2769	2881	1201	1680
2770	2893	1199	1694
2771	2914	1200	1714
2772	2913	1202	1711
2773	2938	1198	1740
2774	2938	1197	1741
2775	2895	1202	1693
2776	2880	1202	1678
2777	2898	1196	1702
2778	2952	1194	1758
2779	2947	1198	1749
2780	2970	1190	1780
2781	2974	1192	1782
2782	2959	1194	1765
2783	2932	1195	1737
2784	2946	1194	1752
2785	2976	1193	1783
2786	2972	1194	1778
2787	2959	1202	1757
2788	2954	1202	1752
2789	2973	1199	1774
2790	2957	1191	1766
2791	2971	1198	1773
2792	2971	1189	1782
2793	2960	1199	1761
2794	3032	1199	1833
2795	3022	1199	1823
2796	3001	1202	1799
2797	3002	1192	1810
2798	3027	1190	1837
2799	3013	1198	1815
2800	2976	1200	1776
2801	2947	1202	1745
2802	2909	1200	1709
2803	2936	1195	1741
2804	2938	1193	1745
2805	2985	1204	1781
2806	3061	1197	1864
2807	3091	1194	1897
2808	3120	1193	1927
2809	3120	1191	1929
2810	3091	1190	1901
2811	3074	1200	1874
2812	3108	1204	1904
2813	3127	1200	1927
2814	3074	1199	1875
2815	3079	1201	1878
2816	3104	1199	1905
2817	3092	1202	1890
2818	3074	1202	1872
2819	3091	1202	1889
2820	3084	1196	1888
2821	3106	1197	1909
2822	3069	1202	1867
2823	3067	1207	1860
2824	3054	1197	1857
2825	3029	1190	1839
2826	3057	1191	1866
2827	3089	1195	1894
2828	3103	1194	1909
2829	3073	1198	1875
2830	3065	1200	1865
2831	3036	1206	1830
2832	3082	1200	1882
2833	3126	1201	1925
2834	3099	1207	1892
2835	3111	1203	1908
2836	3184	1193	1991
2837	3162	1196	1966
2838	3208	1207	2001
2839	3223	1210	2013
2840	3271	1208	2063
2841	3285	1202	2083
2842	3218	1199	2019
2843	3294	1198	2096
2844	3280	1191	2089
2845	3218	1200	2018
2846	3252	1196	2056
2847	3246	1199	2047
2848	3212	1201	2011
2849	3263	1194	2069
2850	3292	1194	2098
2851	3267	1205	2062
2852	3239	1198	2041
2853	3199	1198	2001
2854	3198	1200	1998
2855	3164	1197	1967
2856	3158	1201	1957
2857	3174	1207	1967
2858	3184	1205	1979
2859	3145	1197	1948
2860	3066	1195	1871
2861	2991	1203	1788
2862	2993	1198	1795
2863	3001	1191	1810
2864	2984	1190	1794
2865	2991	1194	1797
2866	2988	1192	1796
2867	2992	1197	1795
2868	2987	1207	1780
2869	3018	1205	1813
2870	3060	1200	1860
2871	3099	1201	1898
2872	3077	1198	1879
2873	3045	1201	1844
2874	3073	1201	1872
2875	3087	1203	1884
2876	3088	1204	1884
2877	3091	1206	1885
2878	3090	1207	1883
2879	3107	1203	1904
2880	3044	1194	1850
2881	3048	1198	1850
2882	3048	1202	1846
2883	3059	1203	1856
2884	3046	1199	1847
2885	2997	1193	1804
2886	2977	1190	1787
2887	2946	1206	1740
2888	2914	1201	1713
2889	2907	1199	1708
2890	2907	1204	1703
2891	2913	1195	1718
2892	2888	1197	1691
2893	2937	1204	1733
2894	2931	1190	1741
2895	2884	1188	1696
2896	2864	1196	1668
2897	2921	1188	1733
2898	2933	1194	1739
2899	2894	1200	1694
2900	2890	1190	1700
2901	2885	1196	1689
2902	2926	1191	1735
2903	2932	1194	1738
2904	2913	1198	1715
2905	2914	1199	1715
2906	2931	1194	1737
2907	2925	1191	1734
2908	2904	1197	1707
2909	2917	1201	1716
2910	2914	1194	1720
2911	2871	1194	1677
2912	2880	1194	1686
2913	2928	1190	1738
2914	2911	1197	1714
2915	2928	1192	1736
2916	2942	1187	1755
2917	2939	1196	1743
2918	2934	1198	1736
2919	2909	1194	1715
2920	2899	1194	1705
2921	2910	1208	1702
2922	2945	1200	1745
2923	2915	1189	1726
2924	2868	1187	1681
2925	2869	1195	1674
2926	2822	1197	1625
2927	2796	1190	1606
2928	2802	1191	1611
2929	2790	1201	1589
2930	2703	1197	1506
2931	2687	1192	1495
2932	2694	1191	1503
2933	2689	1191	1498
2934	2733	1201	1532
2935	2749	1198	1551
2936	2745	1187	1558
2937	2774	1188	1586
2938	2805	1187	1618
2939	2795	1184	1611
2940	2853	1201	1652
2941	2861	1205	1656
2942	2934	1201	1733
2943	2921	1203	1718
2944	2948	1202	1746
2945	2947	1204	1743
2946	2977	1190	1787
2947	3014	1190	1824
2948	2976	1197	1779
2949	2948	1195	1753
2950	2913	1196	1717
2951	2912	1200	1712
2952	2856	1197	1659
2953	2781	1198	1583
2954	2776	1196	1580
2955	2820	1197	1623
2956	2844	1183	1661
2957	2839	1187	1652
2958	2794	1191	1603
2959	2753	1183	1570
2960	2734	1191	1543
2961	2789	1195	1594
2962	2781	1194	1587
2963	2745	1190	1555
2964	2708	1193	1515
2965	2702	1195	1507
2966	2721	1198	1523
2967	2683	1197	1486
2968	2680	1189	1491
2969	2782	1216	1566
2970	2755	1207	1548
2971	2734	1196	1538
2972	2774	1193	1581
2973	2813	1197	1616
2974	2862	1193	1669
2975	2913	1191	1722
2976	2885	1194	1691
2977	2875	1200	1675
2978	2918	1198	1720
2979	2904	1200	1704
2980	2858	1199	1659
2981	2832	1196	1636
2982	2843	1191	1652
2983	2866	1200	1666
2984	2868	1200	1668
2985	2846	1193	1653
2986	2870	1203	1667
2987	2874	1205	1669
2988	2830	1199	1631
2989	2834	1202	1632
2990	2821	1208	1613
2991	2812	1198	1614
2992	2781	1194	1587
2993	2759	1198	1561
2994	2758	1194	1564
2995	2735	1191	1544
2996	2804	1196	1608
2997	2849	1204	1645
2998	2838	1198	1640
2999	2902	1202	1700
3000	2878	1196	1682
3001	2886	1192	1694
3002	2914	1201	1713
3003	2964	1203	1761
3004	2970	1201	1769
3005	2948	1194	1754
3006	2930	1186	1744
3007	2965	1190	1775
3008	2983	1191	1792
3009	2947	1197	1750
3010	2933	1195	1738
3011	2900	1197	1703
3012	2932	1193	1739
3013	2936	1192	1744
3014	2930	1193	1737
3015	2913	1197	1716
3016	2898	1187	1711
3017	2868	1185	1683
3018	2886	1195	1691
3019	2871	1198	1673
3020	2859	1195	1664
3021	2855	1196	1659
3022	2821	1194	1627
3023	2793	1195	1598
3024	2780	1194	1586
3025	2838	1193	1645
3026	2885	1187	1698
3027	2892	1187	1705
3028	2898	1195	1703
3029	2936	1202	1734
3030	2920	1194	1726
3031	2909	1198	1711
3032	2971	1193	1778
3033	3063	1182	1881
3034	3075	1196	1879
3035	3072	1193	1879
3036	3084	1190	1894
3037	3065	1199	1866
3038	3076	1200	1876
3039	3032	1199	1833
3040	3021	1196	1825
3041	3016	1193	1823
3042	3015	1186	1829
3043	2973	1197	1776
3044	2944	1203	1741
3045	2951	1204	1747
3046	2959	1200	1759
3047	2905	1198	1707
3048	2882	1198	1684
3049	2885	1200	1685
3050	2896	1188	1708
3051	2924	1187	1737
3052	2936	1199	1737
3053	2927	1193	1734
3054	2926	1194	1732
3055	2921	1199	1722
3056	2969	1197	1772
3057	3041	1191	1850
3058	3022	1188	1834
3059	2973	1199	1774
3060	3010	1206	1804
3061	3033	1201	1832
3062	3039	1203	1836
3063	2969	1207	1762
3064	2955	1202	1753
3065	3035	1201	1834
3066	3043	1193	1850
3067	3030	1195	1835
3068	3035	1189	1846
3069	3038	1193	1845
3070	3034	1191	1843
3071	3047	1191	1856
3072	2985	1190	1795
3073	2995	1197	1798
3074	2995	1197	1798
3075	2972	1200	1772
3076	3020	1201	1819
3077	3089	1205	1884
3078	3184	1197	1987
3079	3204	1200	2004
3080	3239	1195	2044
3081	3326	1197	2129
3082	3335	1204	2131
3083	3366	1209	2157
3084	3387	1199	2188
3085	3468	1200	2268
3086	3523	1201	2322
3087	3536	1205	2331
3088	3583	1195	2388
3089	3622	1193	2429
3090	3666	1190	2476
3091	3689	1193	2496
3092	3725	1201	2524
3093	3798	1207	2591
3094	3807	1205	2602
3095	3956	1211	2745
3096	4160	1203	2957
3097	4308	1197	3111
3098	4464	1201	3263
3099	4498	1198	3300
3100	4633	1204	3429
3101	4725	1199	3526
3102	4794	1191	3603
3103	4704	1191	3513
3104	4721	1196	3525
3105	4889	1197	3692
3106	4940	1196	3744
3107	4981	1198	3783
3108	4997	1198	3799
3109	5063	1198	3865
3110	5106	1198	3908
3111	5210	1197	4013
3112	5305	1205	4100
3113	5437	1207	4230
3114	5576	1195	4381
3115	5655	1197	4458
3116	5583	1194	4389
3117	5497	1191	4306
3118	5386	1192	4194
3119	5259	1191	4068
3120	5281	1196	4085
3121	5299	1203	4096
3122	5347	1204	4143
3123	5407	1197	4210
3124	5452	1196	4256
3125	5587	1201	4386
3126	5635	1204	4431
3127	5829	1200	4629
3128	6030	1203	4827
3129	6277	1207	5070
3130	6557	1202	5355
3131	6658	1201	5457
3132	6688	1193	5495
3133	6682	1197	5485
3134	6644	1201	5443
3135	6674	1212	5462
3136	6693	1202	5491
3137	6753	1203	5550
3138	6778	1203	5575
3139	6628	1204	5424
3140	6467	1193	5274
3141	6422	1194	5228
3142	6338	1196	5142
3143	6279	1195	5084
3144	6263	1197	5066
3145	6222	1197	5025
3146	6350	1193	5157
3147	6451	1193	5258
3148	6498	1197	5301
3149	6506	1204	5302
3150	6657	1204	5453
3151	6800	1201	5599
3152	6878	1199	5679
3153	7050	1204	5846
3154	7320	1192	6128
3155	7649	1186	6463
3156	7948	1188	6760
3157	8189	1192	6997
3158	8422	1193	7229
3159	8449	1194	7255
3160	8429	1199	7230
3161	8418	1195	7223
3162	8453	1197	7256
3163	8284	1202	7082
3164	8053	1195	6858
3165	7714	1191	6523
3166	7293	1192	6101
3167	7086	1188	5898
3168	7024	1192	5832
3169	7067	1189	5878
3170	7044	1185	5859
3171	7179	1192	5987
3172	7253	1190	6063
3173	7363	1196	6167
3174	7482	1198	6284
3175	7607	1197	6410
3176	7740	1200	6540
3177	7765	1198	6567
3178	7681	1200	6481
3179	7613	1199	6414
3180	7778	1193	6585
3181	8246	1200	7046
3182	8750	1202	7548
3183	9235	1204	8031
3184	9536	1205	8331
3185	9822	1204	8618
3186	10047	1194	8853
3187	10435	1199	9236
3188	10718	1200	9518
3189	10846	1207	9639
3190	10698	1207	9491
3191	10252	1193	9059
3192	9730	1183	8547
3193	9097	1185	7912
3194	8481	1193	7288
3195	7986	1198	6788
3196	7566	1188	6378
3197	7109	1192	5917
3198	6712	1197	5515
3199	6436	1194	5242
3200	6243	1192	5051
3201	6209	1199	5010
3202	6222	1196	5026
3203	6352	1192	5160
3204	6501	1189	5312
3205	6571	1199	5372
3206	6777	1200	5577
3207	7083	1200	5883
3208	7368	1195	6173
3209	7596	1207	6389
3210	7908	1200	6708
3211	8006	1195	6811
3212	7996	1191	6805
3213	8081	1189	6892
3214	8101	1189	6912
3215	8118	1198	6920
3216	7990	1196	6794
3217	7707	1192	6515
3218	7438	1194	6244
3219	7173	1200	5973
3220	6960	1197	5763
3221	6801	1199	5602
3222	6598	1203	5395
3223	6575	1209	5366
3224	6501	1200	5301
3225	6493	1206	5287
3226	6591	1201	5390
3227	6687	1196	5491
3228	6816	1190	5626
3229	7038	1193	5845
3230	7083	1192	5891
3231	7034	1199	5835
3232	7033	1190	5843
3233	7048	1197	5851
3234	6934	1198	5736
3235	6851	1188	5663
3236	6722	1189	5533
3237	6542	1197	5345
3238	6233	1195	5038
3239	5963	1195	4768
3240	5829	1188	4641
3241	5767	1193	4574
3242	5659	1181	4478
3243	5535	1191	4344
3244	5411	1200	4211
3245	5274	1199	4075
3246	5178	1200	3978
3247	5103	1193	3910
3248	5070	1191	3879
3249	5057	1204	3853
3250	5057	1197	3860
3251	4988	1202	3786
3252	4915	1204	3711
3253	4873	1195	3678
3254	4813	1191	3622
3255	4731	1194	3537
3256	4647	1199	3448
3257	4638	1206	3432
3258	4632	1203	3429
3259	4631	1200	3431
3260	4619	1201	3418
3261	4540	1196	3344
3262	4567	1200	3367
3263	4653	1197	3456
3264	4813	1192	3621
3265	5022	1196	3826
3266	5163	1193	3970
3267	5299	1201	4098
3268	5505	1189	4316
3269	5660	1181	4479
3270	5714	1200	4514
3271	5839	1217	4622
3272	5951	1202	4749
3273	5909	1196	4713
3274	5858	1192	4666
3275	5632	1183	4449
3276	5330	1196	4134
3277	5132	1204	3928
3278	4985	1198	3787
3279	4950	1186	3764
3280	4962	1186	3776
3281	4954	1196	3758
3282	5073	1207	3866
3283	5078	1214	3864
3284	5118	1201	3917
3285	5164	1189	3975
3286	5144	1186	3958
3287	5189	1196	3993
3288	5135	1196	3939
3289	5114	1196	3918
3290	5043	1189	3854
3291	4851	1194	3657
3292	4649	1205	3444
3293	4545	1202	3343
3294	4440	1193	3247
3295	4242	1205	3037
3296	4202	1204	2998
3297	4200	1204	2996
3298	4082	1206	2876
3299	4083	1199	2884
3300	4137	1198	2939
3301	4220	1201	3019
3302	4239	1195	3044
3303	4247	1197	3050
3304	4210	1200	3010
3305	4143	1200	2943
3306	4189	1199	2990
3307	4173	1191	2982
3308	4158	1198	2960
3309	4213	1201	3012
3310	4348	1194	3154
3311	4407	1195	3212
3312	4425	1195	3230
3313	4497	1192	3305
3314	4498	1197	3301
3315	4518	1199	3319
3316	4543	1199	3344
3317	4512	1198	3314
3318	4523	1193	3330
3319	4489	1199	3290
3320	4392	1205	3187
3321	4374	1205	3169
3322	4274	1206	3068
3323	4278	1213	3065
3324	4299	1197	3102
3325	4309	1188	3121
3326	4304	1194	3110
3327	4359	1206	3153
3328	4280	1211	3069
3329	4195	1207	2988
3330	4274	1193	3081
3331	4249	1191	3058
3332	4231	1190	3041
3333	4224	1197	3027
3334	4215	1204	3011
3335	4168	1205	2963
3336	4084	1189	2895
3337	3990	1191	2799
3338	4049	1196	2853
3339	4089	1201	2888
3340	4045	1203	2842
3341	4081	1200	2881
3342	4145	1195	2950
3343	4202	1195	3007
3344	4237	1197	3040
3345	4237	1210	3027
3346	4303	1203	3100
3347	4315	1201	3114
3348	4220	1211	3009
3349	4151	1202	2949
3350	4123	1199	2924
3351	4066	1202	2864
3352	3996	1203	2793
3353	3878	1202	2676
3354	3778	1203	2575
3355	3685	1196	2489
3356	3685	1191	2494
3357	3634	1201	2433
3358	3580	1199	2381
3359	3597	1197	2400
3360	3641	1200	2441
3361	3700	1217	2483
3362	3723	1203	2520
3363	3676	1197	2479
3364	3671	1200	2471
3365	3726	1204	2522
3366	3715	1200	2515
3367	3695	1197	2498
3368	3706	1202	2504
3369	3673	1204	2469
3370	3554	1197	2357
3371	3476	1190	2286
3372	3463	1187	2276
3373	3500	1184	2316
3374	3462	1186	2276
3375	3433	1190	2243
3376	3430	1194	2236
3377	3453	1200	2253
3378	3431	1201	2230
3379	3416	1212	2204
3380	3368	1209	2159
3381	3301	1210	2091
3382	3277	1206	2071
3383	3277	1194	2083
3384	3266	1197	2069
3385	3265	1204	2061
3386	3234	1194	2040
3387	3180	1196	1984
3388	3115	1190	1925
3389	3109	1200	1909
3390	3125	1201	1924
3391	3110	1198	1912
3392	3103	1201	1902
3393	3129	1201	1928
3394	3194	1193	2001
3395	3193	1197	1996
3396	3172	1196	1976
3397	3216	1200	2016
3398	3164	1198	1966
3399	3138	1198	1940
3400	3153	1192	1961
3401	3138	1201	1937
3402	3141	1201	1940
3403	3067	1201	1866
3404	3096	1195	1901
3405	3032	1193	1839
3406	2975	1203	1772
3407	3008	1202	1806
3408	2988	1200	1788
3409	2979	1204	1775
3410	2931	1185	1746
3411	2897	1190	1707
3412	2860	1195	1665
3413	2851	1194	1657
3414	2838	1200	1638
3415	2824	1197	1627
3416	2802	1192	1610
3417	2767	1190	1577
3418	2729	1189	1540
3419	2746	1198	1548
3420	2704	1191	1513
3421	2749	1197	1552
3422	2780	1198	1582
3423	2734	1190	1544
3424	2751	1200	1551
3425	2735	1206	1529
3426	2662	1198	1464
3427	2639	1202	1437
3428	2640	1199	1441
3429	2648	1192	1456
3430	2605	1196	1409
3431	2597	1195	1402
3432	2601	1194	1407
3433	2581	1198	1383
3434	2561	1190	1371
3435	2533	1192	1341
3436	2540	1189	1351
3437	2546	1191	1355
3438	2519	1200	1319
3439	2475	1210	1265
3440	2426	1200	1226
3441	2449	1199	1250
3442	2433	1204	1229
3443	2377	1201	1176
3444	2336	1198	1138
3445	2354	1212	1142
3446	2353	1208	1145
3447	2320	1204	1116
3448	2287	1192	1095
3449	2281	1202	1079
3450	2266	1195	1071
3451	2262	1194	1068
3452	2272	1200	1072
3453	2244	1194	1050
3454	2200	1185	1015
3455	2163	1195	968
3456	2160	1202	958
3457	2150	1196	954
3458	2125	1188	937
3459	2108	1200	908
3460	2110	1210	900
3461	2080	1202	878
3462	2059	1196	863
3463	2066	1206	860
3464	2033	1201	832
3465	1983	1197	786
3466	2008	1194	814
3467	1987	1194	793
3468	1958	1196	762
3469	1934	1201	733
3470	1951	1207	744
3471	1963	1199	764
3472	1956	1202	754
3473	1954	1204	750
3474	1924	1198	726
3475	1920	1195	725
3476	1946	1198	748
3477	1917	1202	715
3478	1879	1206	673
3479	1871	1204	667
3480	1849	1190	659
3481	1846	1183	663
3482	1843	1189	654
3483	1803	1203	600
3484	1776	1197	579
3485	1770	1205	565
3486	1767	1197	570
3487	1765	1194	571
3488	1770	1187	583
3489	1774	1196	578
3490	1730	1205	525
3491	1708	1196	512
3492	1718	1194	524
3493	1737	1200	537
3494	1699	1193	506
3495	1684	1189	495
3496	1694	1196	498
3497	1713	1200	513
3498	1692	1200	492
3499	1679	1197	482
3500	1657	1194	463
3501	1658	1206	452
3502	1667	1201	466
3503	1691	1197	494
3504	1674	1203	471
3505	1645	1197	448
3506	1650	1191	459
3507	1670	1196	474
3508	1648	1201	447
3509	1611	1204	407
3510	1590	1206	384
3511	1594	1196	398
3512	1603	1197	406
3513	1609	1194	415
3514	1580	1194	386
3515	1573	1199	374
3516	1582	1189	393
3517	1554	1194	360
3518	1532	1195	337
3519	1532	1194	338
3520	1544	1196	348
3521	1512	1206	306
3522	1507	1199	308
3523	1508	1199	309
3524	1519	1198	321
3525	1513	1191	322
3526	1523	1192	331
3527	1505	1198	307
3528	1505	1200	305
3529	1519	1193	326
3530	1499	1199	300
3531	1477	1210	267
3532	1451	1201	250
3533	1444	1199	245
3534	1445	1192	253
3535	1445	1189	256
3536	1426	1200	226
3537	1442	1201	241
3538	1444	1201	243
3539	1409	1199	210
3540	1440	1196	244
3541	1449	1197	252
3542	1433	1193	240
3543	1408	1198	210
3544	1428	1203	225
3545	1422	1211	211
3546	1436	1205	231
3547	1443	1197	246
3548	1407	1191	216
3549	1415	1192	223
3550	1411	1197	214
3551	1395	1193	202
3552	1401	1193	208
3553	1404	1201	203
3554	1386	1198	188
3555	1386	1202	184
3556	1408	1191	217
3557	1406	1195	211
3558	1393	1196	197
3559	1396	1201	195
3560	1396	1199	197
3561	1393	1189	204
3562	1381	1183	198
3563	1355	1194	161
3564	1369	1194	175
3565	1394	1197	197
3566	1372	1199	173
3567	1362	1200	162
3568	1355	1197	158
3569	1353	1190	163
3570	1388	1185	203
3571	1348	1187	161
3572	1334	1197	137
3573	1370	1208	162
3574	1394	1199	195
3575	1389	1199	190
3576	1344	1202	142
3577	1345	1190	155
3578	1373	1192	181
3579	1358	1197	161
3580	1342	1198	144
3581	1353	1198	155
3582	1363	1192	171
3583	1361	1195	166
3584	1375	1193	182
3585	1371	1190	181
3586	1347	1194	153
3587	1330	1195	135
3588	1336	1192	144
3589	1338	1203	135
3590	1328	1204	124
3591	1313	1202	111
3592	1303	1209	94
3593	1326	1203	123
3594	1342	1204	138
3595	1319	1200	119
3596	1335	1193	142
3597	1329	1198	131
3598	1320	1206	114
3599	1328	1196	132
3600	1341	1191	150
3601	1358	1207	151
3602	1369	1201	168
3603	1358	1195	163
3604	1342	1202	140
3605	1338	1209	129
3606	1346	1196	150
3607	1318	1196	122
3608	1325	1192	133
3609	1324	1198	126
3610	1348	1200	148
3611	1333	1200	133
3612	1315	1190	125
3613	1336	1195	141
3614	1339	1196	143
3615	1352	1192	160
3616	1351	1186	165
3617	1362	1195	167
3618	1334	1201	133
3619	1330	1208	122
3620	1359	1206	153
3621	1344	1189	155
3622	1325	1185	140
3623	1335	1195	140
3624	1325	1183	142
3625	1342	1191	151
3626	1356	1201	155
3627	1347	1199	148
3628	1325	1199	126
3629	1347	1207	140
3630	1351	1212	139
3631	1324	1195	129
3632	1332	1195	137
3633	1296	1199	97
3634	1281	1195	86
3635	1304	1195	109
3636	1316	1196	120
3637	1335	1204	131
3638	1352	1201	151
3639	1355	1199	156
3640	1322	1199	123
3641	1326	1195	131
3642	1348	1203	145
3643	1330	1207	123
3644	1327	1202	125
3645	1316	1189	127
3646	1352	1190	162
3647	1334	1197	137
3648	1312	1192	120
