index	original	background	difference
-----------------------------------------------------
1	1162	1099	63
2	1175	1102	73
3	1156	1106	50
4	1135	1108	27
5	1160	1105	55
6	1155	1099	56
7	1163	1105	58
8	1182	1107	75
9	1178	1109	69
10	1162	1109	53
11	1168	1111	57
12	1165	1110	55
13	1169	1111	58
14	1163	1120	43
15	1158	1130	28
16	1194	1117	77
17	1194	1111	83
18	1200	1111	89
19	1178	1123	55
20	1191	1116	75
21	1199	1102	97
22	1191	1121	70
23	1174	1117	57
24	1188	1121	67
25	1185	1121	64
26	1184	1122	62
27	1168	1126	42
28	1175	1123	52
29	1182	1118	64
30	1181	1116	65
31	1174	1124	50
32	1188	1123	65
33	1180	1128	52
34	1205	1131	74
35	1198	1125	73
36	1179	1128	51
37	1190	1122	68
38	1186	1126	60
39	1188	1125	63
40	1192	1128	64
41	1180	1123	57
42	1202	1114	88
43	1205	1124	81
44	1202	1139	63
45	1194	1133	61
46	1194	1125	69
47	1185	1128	57
48	1208	1137	71
49	1193	1143	50
50	1206	1136	70
51	1219	1138	81
52	1207	1139	68
53	1209	1136	73
54	1221	1138	83
55	1197	1130	67
56	1206	1132	74
57	1217	1126	91
58	1199	1130	69
59	1181	1141	40
60	1204	1130	74
61	1210	1126	84
62	1203	1138	65
63	1208	1144	64
64	1205	1140	65
65	1196	1132	64
66	1209	1129	80
67	1187	1131	56
68	1206	1131	75
69	1203	1136	67
70	1216	1134	82
71	1215	1135	80
72	1211	1142	69
73	1215	1152	63
74	1215	1147	68
75	1203	1140	63
76	1210	1141	69
77	1203	1142	61
78	1204	1147	57
79	1214	1147	67
80	1223	1142	81
81	1210	1137	73
82	1197	1132	65
83	1196	1129	67
84	1215	1131	84
85	1214	1137	77
86	1232	1133	99
87	1227	1137	90
88	1210	1146	64
89	1182	1149	33
90	1204	1145	59
91	1204	1140	64
92	1218	1138	80
93	1209	1140	69
94	1209	1138	71
95	1207	1139	68
96	1205	1136	69
97	1175	1140	35
98	1207	1146	61
99	1223	1142	81
100	1223	1135	88
101	1206	1141	65
102	1184	1140	44
103	1201	1135	66
104	1213	1139	74
105	1194	1152	42
106	1199	1144	55
107	1218	1138	80
108	1216	1141	75
109	1210	1145	65
110	1220	1142	78
111	1223	1135	88
112	1220	1136	84
113	1215	1138	77
114	1223	1132	91
115	1205	1136	69
116	1210	1129	81
117	1214	1132	82
118	1219	1140	79
119	1212	1144	68
120	1226	1139	87
121	1232	1140	92
122	1217	1146	71
123	1208	1139	69
124	1224	1137	87
125	1208	1134	74
126	1210	1130	80
127	1221	1134	87
128	1213	1135	78
129	1205	1142	63
130	1213	1149	64
131	1209	1159	50
132	1220	1156	64
133	1222	1146	76
134	1222	1141	81
135	1220	1136	84
136	1212	1139	73
137	1231	1138	93
138	1234	1142	92
139	1236	1144	92
140	1233	1144	89
141	1234	1144	90
142	1251	1134	117
143	1247	1141	106
144	1237	1145	92
145	1245	1140	105
146	1246	1141	105
147	1209	1151	58
148	1208	1144	64
149	1227	1134	93
150	1226	1137	89
151	1212	1144	68
152	1228	1141	87
153	1243	1144	99
154	1244	1143	101
155	1231	1138	93
156	1230	1138	92
157	1216	1140	76
158	1227	1143	84
159	1236	1152	84
160	1244	1146	98
161	1228	1140	88
162	1237	1144	93
163	1248	1145	103
164	1254	1139	115
165	1228	1148	80
166	1214	1145	69
167	1218	1142	76
168	1237	1139	98
169	1224	1142	82
170	1243	1137	106
171	1237	1143	94
172	1212	1146	66
173	1222	1154	68
174	1239	1145	94
175	1194	1139	55
176	1211	1139	72
177	1199	1137	62
178	1226	1143	83
179	1227	1145	82
180	1217	1134	83
181	1228	1132	96
182	1232	1134	98
183	1238	1133	105
184	1239	1140	99
185	1211	1143	68
186	1234	1153	81
187	1227	1152	75
188	1226	1145	81
189	1239	1151	88
190	1234	1149	85
191	1244	1150	94
192	1219	1136	83
193	1259	1126	133
194	1255	1130	125
195	1212	1153	59
196	1239	1147	92
197	1250	1146	104
198	1240	1145	95
199	1230	1150	80
200	1225	1146	79
201	1254	1146	108
202	1261	1135	126
203	1237	1132	105
204	1250	1139	111
205	1242	1146	96
206	1244	1143	101
207	1225	1139	86
208	1236	1152	84
209	1227	1152	75
210	1223	1145	78
211	1217	1137	80
212	1230	1140	90
213	1237	1137	100
214	1234	1136	98
215	1226	1134	92
216	1245	1135	110
217	1257	1141	116
218	1271	1148	123
219	1277	1144	133
220	1251	1132	119
221	1237	1128	109
222	1240	1132	108
223	1232	1138	94
224	1234	1138	96
225	1239	1136	103
226	1260	1134	126
227	1250	1130	120
228	1254	1132	122
229	1275	1146	129
230	1269	1145	124
231	1265	1138	127
232	1286	1139	147
233	1285	1140	145
234	1287	1139	148
235	1267	1132	135
236	1257	1134	123
237	1264	1144	120
238	1268	1145	123
239	1262	1147	115
240	1287	1150	137
241	1267	1150	117
242	1273	1137	136
243	1270	1138	132
244	1273	1144	129
245	1295	1157	138
246	1300	1149	151
247	1287	1148	139
248	1281	1143	138
249	1261	1137	124
250	1282	1145	137
251	1299	1140	159
252	1291	1141	150
253	1294	1148	146
254	1296	1146	150
255	1302	1151	151
256	1283	1137	146
257	1286	1142	144
258	1306	1151	155
259	1319	1150	169
260	1302	1143	159
261	1290	1140	150
262	1320	1133	187
263	1305	1139	166
264	1303	1142	161
265	1304	1136	168
266	1315	1138	177
267	1331	1136	195
268	1338	1135	203
269	1319	1141	178
270	1295	1142	153
271	1292	1148	144
272	1329	1148	181
273	1326	1149	177
274	1327	1138	189
275	1300	1139	161
276	1321	1147	174
277	1323	1143	180
278	1326	1146	180
279	1333	1140	193
280	1335	1130	205
281	1339	1136	203
282	1346	1145	201
283	1353	1139	214
284	1381	1139	242
285	1372	1148	224
286	1398	1146	252
287	1403	1152	251
288	1382	1152	230
289	1376	1150	226
290	1394	1150	244
291	1395	1147	248
292	1377	1140	237
293	1355	1146	209
294	1397	1142	255
295	1407	1143	264
296	1433	1148	285
297	1436	1158	278
298	1448	1153	295
299	1425	1147	278
300	1430	1142	288
301	1447	1150	297
302	1463	1143	320
303	1461	1149	312
304	1467	1147	320
305	1443	1135	308
306	1448	1123	325
307	1460	1134	326
308	1478	1148	330
309	1481	1143	338
310	1469	1144	325
311	1487	1139	348
312	1492	1128	364
313	1490	1137	353
314	1501	1142	359
315	1506	1143	363
316	1507	1135	372
317	1539	1130	409
318	1558	1134	424
319	1547	1136	411
320	1553	1140	413
321	1580	1138	442
322	1599	1138	461
323	1585	1133	452
324	1573	1131	442
325	1580	1136	444
326	1590	1139	451
327	1563	1143	420
328	1575	1154	421
329	1598	1150	448
330	1592	1151	441
331	1628	1159	469
332	1643	1148	495
333	1647	1151	496
334	1650	1142	508
335	1641	1139	502
336	1654	1149	505
337	1671	1139	532
338	1648	1140	508
339	1675	1146	529
340	1691	1150	541
341	1677	1158	519
342	1717	1149	568
343	1735	1140	595
344	1712	1136	576
345	1708	1145	563
346	1709	1141	568
347	1716	1144	572
348	1768	1145	623
349	1793	1143	650
350	1794	1142	652
351	1805	1141	664
352	1808	1137	671
353	1797	1140	657
354	1808	1143	665
355	1801	1147	654
356	1794	1140	654
357	1834	1141	693
358	1854	1143	711
359	1846	1143	703
360	1878	1146	732
361	1903	1148	755
362	1899	1140	759
363	1907	1134	773
364	1884	1136	748
365	1865	1129	736
366	1910	1125	785
367	1939	1144	795
368	1936	1136	800
369	1916	1140	776
370	1967	1142	825
371	2000	1146	854
372	2007	1151	856
373	2006	1143	863
374	2009	1140	869
375	2027	1139	888
376	2012	1140	872
377	2015	1150	865
378	2053	1153	900
379	2050	1142	908
380	2073	1131	942
381	2057	1141	916
382	2053	1150	903
383	2033	1153	880
384	2084	1140	944
385	2102	1141	961
386	2088	1135	953
387	2105	1141	964
388	2142	1149	993
389	2120	1132	988
390	2151	1135	1016
391	2124	1155	969
392	2103	1154	949
393	2107	1147	960
394	2138	1151	987
395	2181	1153	1028
396	2177	1147	1030
397	2189	1148	1041
398	2225	1156	1069
399	2212	1150	1062
400	2232	1152	1080
401	2263	1155	1108
402	2258	1142	1116
403	2251	1151	1100
404	2264	1142	1122
405	2286	1140	1146
406	2281	1146	1135
407	2318	1144	1174
408	2348	1141	1207
409	2294	1141	1153
410	2284	1147	1137
411	2339	1150	1189
412	2365	1143	1222
413	2333	1154	1179
414	2337	1146	1191
415	2333	1142	1191
416	2355	1136	1219
417	2400	1134	1266
418	2399	1133	1266
419	2401	1140	1261
420	2404	1151	1253
421	2388	1149	1239
422	2440	1148	1292
423	2450	1147	1303
424	2456	1142	1314
425	2446	1142	1304
426	2456	1142	1314
427	2450	1144	1306
428	2486	1146	1340
429	2508	1150	1358
430	2476	1147	1329
431	2479	1143	1336
432	2524	1135	1389
433	2536	1143	1393
434	2553	1146	1407
435	2554	1147	1407
436	2539	1140	1399
437	2526	1131	1395
438	2572	1145	1427
439	2572	1146	1426
440	2545	1151	1394
441	2546	1148	1398
442	2585	1151	1434
443	2577	1148	1429
444	2630	1141	1489
445	2639	1142	1497
446	2628	1130	1498
447	2635	1143	1492
448	2644	1153	1491
449	2674	1149	1525
450	2697	1145	1552
451	2666	1146	1520
452	2661	1147	1514
453	2619	1147	1472
454	2648	1138	1510
455	2709	1139	1570
456	2749	1133	1616
457	2712	1135	1577
458	2750	1139	1611
459	2753	1150	1603
460	2741	1148	1593
461	2737	1134	1603
462	2775	1134	1641
463	2812	1134	1678
464	2786	1132	1654
465	2772	1138	1634
466	2754	1141	1613
467	2793	1150	1643
468	2815	1147	1668
469	2839	1156	1683
470	2834	1153	1681
471	2820	1137	1683
472	2847	1130	1717
473	2835	1137	1698
474	2841	1136	1705
475	2857	1133	1724
476	2892	1142	1750
477	2892	1148	1744
478	2864	1143	1721
479	2836	1141	1695
480	2901	1150	1751
481	2889	1141	1748
482	2852	1132	1720
483	2871	1148	1723
484	2905	1146	1759
485	2897	1143	1754
486	2905	1136	1769
487	2924	1141	1783
488	2941	1141	1800
489	2972	1129	1843
490	2989	1127	1862
491	2981	1140	1841
492	3009	1140	1869
493	3020	1145	1875
494	3007	1139	1868
495	3026	1140	1886
496	3076	1146	1930
497	3110	1156	1954
498	3102	1150	1952
499	3047	1149	1898
500	3087	1145	1942
501	3092	1138	1954
502	3101	1141	1960
503	3076	1141	1935
504	3095	1142	1953
505	3108	1142	1966
506	3115	1141	1974
507	3137	1153	1984
508	3149	1158	1991
509	3140	1132	2008
510	3101	1122	1979
511	3102	1136	1966
512	3133	1147	1986
513	3187	1153	2034
514	3194	1134	2060
515	3176	1141	2035
516	3222	1146	2076
517	3211	1144	2067
518	3164	1139	2025
519	3131	1136	1995
520	3136	1139	1997
521	3229	1144	2085
522	3227	1139	2088
523	3248	1133	2115
524	3277	1143	2134
525	3273	1138	2135
526	3276	1144	2132
527	3277	1147	2130
528	3318	1139	2179
529	3307	1133	2174
530	3255	1122	2133
531	3274	1133	2141
532	3230	1136	2094
533	3296	1143	2153
534	3327	1141	2186
535	3322	1134	2188
536	3360	1131	2229
537	3356	1144	2212
538	3393	1138	2255
539	3415	1134	2281
540	3393	1134	2259
541	3387	1142	2245
542	3393	1151	2242
543	3363	1144	2219
544	3428	1145	2283
545	3442	1148	2294
546	3468	1141	2327
547	3437	1140	2297
548	3445	1145	2300
549	3485	1142	2343
550	3471	1144	2327
551	3466	1142	2324
552	3483	1135	2348
553	3475	1147	2328
554	3469	1150	2319
555	3501	1144	2357
556	3521	1144	2377
557	3552	1153	2399
558	3567	1146	2421
559	3609	1142	2467
560	3618	1147	2471
561	3597	1147	2450
562	3630	1132	2498
563	3619	1130	2489
564	3648	1149	2499
565	3709	1144	2565
566	3678	1147	2531
567	3670	1140	2530
568	3709	1131	2578
569	3713	1148	2565
570	3709	1155	2554
571	3701	1149	2552
572	3710	1140	2570
573	3743	1140	2603
574	3757	1137	2620
575	3761	1139	2622
576	3767	1146	2621
577	3764	1147	2617
578	3801	1149	2652
579	3767	1137	2630
580	3772	1136	2636
581	3779	1144	2635
582	3848	1139	2709
583	3847	1142	2705
584	3862	1150	2712
585	3918	1155	2763
586	3955	1149	2806
587	3923	1148	2775
588	3899	1145	2754
589	3911	1147	2764
590	3959	1141	2818
591	3944	1145	2799
592	3961	1137	2824
593	4010	1124	2886
594	3973	1133	2840
595	3980	1151	2829
596	4042	1152	2890
597	4062	1138	2924
598	4023	1138	2885
599	4002	1152	2850
600	3991	1144	2847
601	4095	1142	2953
602	4117	1144	2973
603	4035	1141	2894
604	4086	1147	2939
605	4036	1145	2891
606	4100	1145	2955
607	4131	1147	2984
608	4206	1142	3064
609	4206	1142	3064
610	4137	1140	2997
611	4145	1149	2996
612	4183	1142	3041
613	4171	1140	3031
614	4198	1146	3052
615	4261	1147	3114
616	4220	1144	3076
617	4257	1140	3117
618	4251	1137	3114
619	4303	1141	3162
620	4278	1139	3139
621	4303	1132	3171
622	4310	1133	3177
623	4295	1137	3158
624	4299	1144	3155
625	4312	1145	3167
626	4343	1148	3195
627	4373	1156	3217
628	4397	1146	3251
629	4391	1141	3250
630	4366	1144	3222
631	4354	1138	3216
632	4376	1140	3236
633	4360	1145	3215
634	4366	1141	3225
635	4383	1148	3235
636	4383	1141	3242
637	4391	1142	3249
638	4393	1143	3250
639	4405	1141	3264
640	4423	1132	3291
641	4409	1132	3277
642	4428	1132	3296
643	4447	1134	3313
644	4483	1134	3349
645	4504	1147	3357
646	4493	1150	3343
647	4488	1149	3339
648	4505	1146	3359
649	4507	1146	3361
650	4561	1143	3418
651	4600	1148	3452
652	4617	1141	3476
653	4595	1144	3451
654	4586	1146	3440
655	4597	1137	3460
656	4582	1143	3439
657	4610	1145	3465
658	4647	1142	3505
659	4662	1152	3510
660	4657	1145	3512
661	4664	1143	3521
662	4628	1135	3493
663	4650	1133	3517
664	4724	1136	3588
665	4673	1148	3525
666	4697	1150	3547
667	4713	1152	3561
668	4672	1143	3529
669	4706	1141	3565
670	4711	1142	3569
671	4690	1146	3544
672	4759	1152	3607
673	4732	1149	3583
674	4737	1141	3596
675	4777	1154	3623
676	4761	1146	3615
677	4742	1141	3601
678	4752	1151	3601
679	4720	1138	3582
680	4698	1132	3566
681	4735	1146	3589
682	4778	1145	3633
683	4784	1138	3646
684	4762	1144	3618
685	4711	1143	3568
686	4725	1146	3579
687	4755	1143	3612
688	4803	1146	3657
689	4767	1143	3624
690	4742	1140	3602
691	4798	1139	3659
692	4804	1148	3656
693	4752	1154	3598
694	4772	1145	3627
695	4835	1137	3698
696	4810	1142	3668
697	4785	1140	3645
698	4785	1147	3638
699	4810	1148	3662
700	4842	1148	3694
701	4815	1154	3661
702	4769	1143	3626
703	4783	1154	3629
704	4792	1153	3639
705	4771	1149	3622
706	4830	1147	3683
707	4828	1163	3665
708	4817	1147	3670
709	4851	1142	3709
710	4837	1147	3690
711	4810	1142	3668
712	4822	1129	3693
713	4834	1145	3689
714	4818	1148	3670
715	4836	1142	3694
716	4797	1137	3660
717	4826	1132	3694
718	4860	1143	3717
719	4852	1147	3705
720	4878	1141	3737
721	4894	1141	3753
722	4889	1137	3752
723	4897	1137	3760
724	4866	1138	3728
725	4847	1148	3699
726	4860	1148	3712
727	4862	1144	3718
728	4882	1130	3752
729	4832	1126	3706
730	4866	1137	3729
731	4858	1144	3714
732	4857	1134	3723
733	4909	1141	3768
734	4926	1139	3787
735	4876	1143	3733
736	4903	1146	3757
737	4911	1137	3774
738	4918	1135	3783
739	4916	1136	3780
740	4897	1144	3753
741	4894	1146	3748
742	4872	1148	3724
743	4828	1147	3681
744	4898	1133	3765
745	4887	1137	3750
746	4829	1139	3690
747	4826	1142	3684
748	4873	1147	3726
749	4854	1142	3712
750	4821	1134	3687
751	4867	1141	3726
752	4847	1142	3705
753	4794	1135	3659
754	4795	1143	3652
755	4777	1150	3627
756	4769	1135	3634
757	4795	1135	3660
758	4855	1145	3710
759	4880	1148	3732
760	4878	1139	3739
761	4898	1148	3750
762	4843	1143	3700
763	4839	1143	3696
764	4907	1146	3761
765	4926	1137	3789
766	4872	1140	3732
767	4930	1142	3788
768	4960	1141	3819
769	4944	1150	3794
770	4964	1138	3826
771	4977	1129	3848
772	4958	1130	3828
773	4929	1145	3784
774	4926	1144	3782
775	4990	1145	3845
776	4926	1136	3790
777	4910	1147	3763
778	4966	1155	3811
779	4968	1145	3823
780	4981	1144	3837
781	4940	1154	3786
782	4923	1151	3772
783	4966	1141	3825
784	5001	1135	3866
785	4957	1134	3823
786	4970	1143	3827
787	5009	1132	3877
788	5067	1136	3931
789	5006	1135	3871
790	4954	1128	3826
791	4982	1132	3850
792	4900	1139	3761
793	4918	1132	3786
794	5004	1138	3866
795	4980	1147	3833
796	4970	1145	3825
797	5028	1150	3878
798	5009	1154	3855
799	4991	1145	3846
800	4999	1142	3857
801	5040	1142	3898
802	5014	1147	3867
803	5039	1150	3889
804	5007	1149	3858
805	5006	1151	3855
806	5044	1137	3907
807	5090	1148	3942
808	5087	1142	3945
809	5085	1140	3945
810	5095	1133	3962
811	5086	1136	3950
812	5053	1131	3922
813	5146	1125	4021
814	5209	1136	4073
815	5197	1143	4054
816	5166	1144	4022
817	5203	1149	4054
818	5253	1144	4109
819	5185	1144	4041
820	5041	1146	3895
821	5165	1150	4015
822	5264	1133	4131
823	5209	1137	4072
824	5264	1151	4113
825	5267	1139	4128
826	5275	1123	4152
827	5283	1138	4145
828	5317	1145	4172
829	5340	1142	4198
830	5331	1139	4192
831	5235	1132	4103
832	5279	1139	4140
833	5301	1146	4155
834	5274	1139	4135
835	5326	1154	4172
836	5395	1153	4242
837	5384	1147	4237
838	5411	1138	4273
839	5367	1141	4226
840	5357	1141	4216
841	5367	1135	4232
842	5380	1130	4250
843	5395	1133	4262
844	5352	1140	4212
845	5365	1142	4223
846	5417	1146	4271
847	5331	1148	4183
848	5352	1135	4217
849	5403	1144	4259
850	5398	1140	4258
851	5396	1140	4256
852	5441	1132	4309
853	5434	1129	4305
854	5472	1137	4335
855	5450	1142	4308
856	5444	1131	4313
857	5460	1123	4337
858	5545	1134	4411
859	5599	1142	4457
860	5601	1143	4458
861	5624	1146	4478
862	5651	1155	4496
863	5695	1147	4548
864	5747	1137	4610
865	5731	1142	4589
866	5716	1125	4591
867	5733	1135	4598
868	5753	1157	4596
869	5766	1150	4616
870	5801	1149	4652
871	5853	1143	4710
872	5837	1135	4702
873	5887	1136	4751
874	5901	1127	4774
875	5907	1136	4771
876	5975	1143	4832
877	5915	1146	4769
878	5927	1141	4786
879	5910	1140	4770
880	5964	1140	4824
881	5973	1140	4833
882	6034	1143	4891
883	6055	1145	4910
884	6109	1139	4970
885	6109	1135	4974
886	6128	1140	4988
887	6065	1148	4917
888	6038	1140	4898
889	6073	1130	4943
890	6104	1138	4966
891	6141	1139	5002
892	6159	1134	5025
893	6091	1145	4946
894	6137	1142	4995
895	6170	1139	5031
896	6155	1143	5012
897	6137	1139	4998
898	6125	1137	4988
899	6119	1140	4979
900	6124	1136	4988
901	6135	1132	5003
902	6171	1131	5040
903	6190	1140	5050
904	6194	1144	5050
905	6202	1136	5066
906	6182	1138	5044
907	6160	1142	5018
908	6270	1140	5130
909	6406	1139	5267
910	6423	1131	5292
911	6457	1140	5317
912	6438	1138	5300
913	6433	1140	5293
914	6456	1145	5311
915	6492	1144	5348
916	6594	1142	5452
917	6638	1155	5483
918	6657	1150	5507
919	6642	1132	5510
920	6697	1136	5561
921	6698	1144	5554
922	6745	1148	5597
923	6804	1155	5649
924	6892	1145	5747
925	6899	1134	5765
926	6929	1139	5790
927	6893	1142	5751
928	6830	1138	5692
929	6845	1135	5710
930	6831	1139	5692
931	6850	1144	5706
932	6942	1135	5807
933	6980	1142	5838
934	6999	1140	5859
935	6969	1134	5835
936	7025	1148	5877
937	7108	1145	5963
938	7078	1140	5938
939	7041	1144	5897
940	7131	1140	5991
941	7086	1143	5943
942	7053	1137	5916
943	7044	1136	5908
944	7060	1145	5915
945	7114	1143	5971
946	7115	1129	5986
947	7189	1134	6055
948	7237	1144	6093
949	7223	1151	6072
950	7170	1136	6034
951	7183	1141	6042
952	7240	1152	6088
953	7264	1147	6117
954	7254	1136	6118
955	7250	1141	6109
956	7279	1138	6141
957	7349	1140	6209
958	7408	1142	6266
959	7353	1139	6214
960	7363	1127	6236
961	7350	1132	6218
962	7363	1138	6225
963	7307	1136	6171
964	7283	1140	6143
965	7400	1146	6254
966	7394	1143	6251
967	7388	1144	6244
968	7513	1143	6370
969	7473	1140	6333
970	7498	1140	6358
971	7489	1144	6345
972	7465	1142	6323
973	7450	1142	6308
974	7448	1147	6301
975	7496	1139	6357
976	7503	1144	6359
977	7479	1153	6326
978	7561	1153	6408
979	7586	1146	6440
980	7550	1148	6402
981	7576	1143	6433
982	7615	1144	6471
983	7597	1147	6450
984	7583	1149	6434
985	7557	1151	6406
986	7662	1144	6518
987	7694	1136	6558
988	7653	1144	6509
989	7583	1145	6438
990	7689	1135	6554
991	7717	1142	6575
992	7724	1144	6580
993	7636	1146	6490
994	7668	1151	6517
995	7660	1147	6513
996	7673	1145	6528
997	7706	1138	6568
998	7667	1133	6534
999	7680	1131	6549
1000	7703	1135	6568
1001	7684	1145	6539
1002	7652	1152	6500
1003	7716	1149	6567
1004	7742	1138	6604
1005	7773	1131	6642
1006	7861	1143	6718
1007	7781	1151	6630
1008	7758	1142	6616
1009	7785	1134	6651
1010	7730	1132	6598
1011	7868	1143	6725
1012	7839	1142	6697
1013	7826	1134	6692
1014	7782	1136	6646
1015	7741	1148	6593
1016	7799	1140	6659
1017	7808	1143	6665
1018	7795	1139	6656
1019	7801	1139	6662
1020	7828	1137	6691
1021	7819	1141	6678
1022	7816	1147	6669
1023	7772	1138	6634
1024	7760	1126	6634
1025	7747	1142	6605
1026	7786	1143	6643
1027	7767	1148	6619
1028	7747	1146	6601
1029	7828	1140	6688
1030	7792	1137	6655
1031	7793	1139	6654
1032	7747	1138	6609
1033	7806	1143	6663
1034	7691	1134	6557
1035	7726	1136	6590
1036	7843	1141	6702
1037	7873	1143	6730
1038	7815	1137	6678
1039	7780	1138	6642
1040	7729	1132	6597
1041	7772	1142	6630
1042	7768	1139	6629
1043	7805	1139	6666
1044	7784	1139	6645
1045	7782	1138	6644
1046	7839	1138	6701
1047	7824	1140	6684
1048	7782	1149	6633
1049	7754	1145	6609
1050	7754	1144	6610
1051	7766	1148	6618
1052	7734	1137	6597
1053	7730	1140	6590
1054	7790	1138	6652
1055	7733	1142	6591
1056	7682	1145	6537
1057	7619	1151	6468
1058	7722	1151	6571
1059	7697	1152	6545
1060	7722	1151	6571
1061	7777	1142	6635
1062	7776	1148	6628
1063	7722	1149	6573
1064	7702	1147	6555
1065	7736	1153	6583
1066	7757	1155	6602
1067	7711	1155	6556
1068	7673	1155	6518
1069	7699	1150	6549
1070	7684	1137	6547
1071	7607	1142	6465
1072	7610	1144	6466
1073	7732	1144	6588
1074	7756	1147	6609
1075	7688	1152	6536
1076	7673	1156	6517
1077	7632	1148	6484
1078	7657	1141	6516
1079	7572	1145	6427
1080	7509	1145	6364
1081	7497	1139	6358
1082	7510	1139	6371
1083	7525	1142	6383
1084	7410	1141	6269
1085	7386	1144	6242
1086	7469	1145	6324
1087	7483	1140	6343
1088	7483	1151	6332
1089	7411	1155	6256
1090	7457	1139	6318
1091	7540	1139	6401
1092	7621	1144	6477
1093	7635	1150	6485
1094	7672	1147	6525
1095	7667	1144	6523
1096	7681	1143	6538
1097	7671	1143	6528
1098	7724	1150	6574
1099	7708	1150	6558
1100	7739	1145	6594
1101	7649	1134	6515
1102	7601	1135	6466
1103	7616	1139	6477
1104	7605	1148	6457
1105	7567	1139	6428
1106	7543	1128	6415
1107	7563	1131	6432
1108	7599	1136	6463
1109	7577	1137	6440
1110	7571	1137	6434
1111	7593	1138	6455
1112	7625	1134	6491
1113	7628	1132	6496
1114	7588	1150	6438
1115	7619	1145	6474
1116	7556	1140	6416
1117	7576	1136	6440
1118	7577	1135	6442
1119	7496	1140	6356
1120	7519	1146	6373
1121	7529	1145	6384
1122	7543	1144	6399
1123	7572	1141	6431
1124	7560	1145	6415
1125	7529	1156	6373
1126	7536	1146	6390
1127	7571	1142	6429
1128	7547	1142	6405
1129	7524	1131	6393
1130	7580	1138	6442
1131	7526	1141	6385
1132	7489	1134	6355
1133	7550	1139	6411
1134	7618	1140	6478
1135	7660	1144	6516
1136	7581	1145	6436
1137	7564	1147	6417
1138	7587	1142	6445
1139	7571	1141	6430
1140	7583	1147	6436
1141	7590	1150	6440
1142	7606	1147	6459
1143	7650	1151	6499
1144	7685	1140	6545
1145	7613	1139	6474
1146	7599	1136	6463
1147	7610	1139	6471
1148	7603	1146	6457
1149	7586	1140	6446
1150	7567	1138	6429
1151	7589	1139	6450
1152	7618	1144	6474
1153	7639	1144	6495
1154	7630	1129	6501
1155	7546	1129	6417
1156	7616	1152	6464
1157	7656	1152	6504
1158	7693	1139	6554
1159	7631	1138	6493
1160	7516	1139	6377
1161	7630	1140	6490
1162	7657	1138	6519
1163	7663	1137	6526
1164	7670	1139	6531
1165	7639	1140	6499
1166	7593	1131	6462
1167	7601	1134	6467
1168	7607	1137	6470
1169	7676	1146	6530
1170	7739	1143	6596
1171	7744	1144	6600
1172	7722	1141	6581
1173	7677	1137	6540
1174	7779	1133	6646
1175	7708	1138	6570
1176	7776	1145	6631
1177	7777	1157	6620
1178	7787	1153	6634
1179	7750	1149	6601
1180	7798	1148	6650
1181	7861	1138	6723
1182	7809	1138	6671
1183	7865	1148	6717
1184	7865	1146	6719
1185	7838	1141	6697
1186	7754	1144	6610
1187	7806	1145	6661
1188	7837	1143	6694
1189	7833	1149	6684
1190	7877	1147	6730
1191	7897	1145	6752
1192	7904	1152	6752
1193	7919	1136	6783
1194	7904	1142	6762
1195	7909	1148	6761
1196	7903	1136	6767
1197	7954	1130	6824
1198	8020	1136	6884
1199	8015	1141	6874
1200	8013	1149	6864
1201	7973	1146	6827
1202	7931	1135	6796
1203	7963	1133	6830
1204	8033	1143	6890
1205	8022	1150	6872
1206	7994	1149	6845
1207	8045	1132	6913
1208	8041	1134	6907
1209	8062	1142	6920
1210	8093	1152	6941
1211	8032	1156	6876
1212	8049	1141	6908
1213	8108	1143	6965
1214	8179	1148	7031
1215	8198	1142	7056
1216	8165	1136	7029
1217	8143	1147	6996
1218	8204	1141	7063
1219	8319	1138	7181
1220	8372	1150	7222
1221	8353	1155	7198
1222	8302	1146	7156
1223	8291	1149	7142
1224	8214	1136	7078
1225	8192	1132	7060
1226	8276	1141	7135
1227	8328	1144	7184
1228	8394	1137	7257
1229	8467	1147	7320
1230	8486	1134	7352
1231	8426	1144	7282
1232	8453	1148	7305
1233	8431	1150	7281
1234	8528	1140	7388
1235	8567	1144	7423
1236	8521	1143	7378
1237	8589	1145	7444
1238	8608	1149	7459
1239	8649	1141	7508
1240	8615	1144	7471
1241	8677	1149	7528
1242	8663	1154	7509
1243	8704	1139	7565
1244	8716	1131	7585
1245	8681	1147	7534
1246	8652	1146	7506
1247	8689	1136	7553
1248	8729	1138	7591
1249	8708	1143	7565
1250	8777	1140	7637
1251	8787	1144	7643
1252	8777	1153	7624
1253	8767	1149	7618
1254	8819	1147	7672
1255	8904	1156	7748
1256	8958	1158	7800
1257	8942	1150	7792
1258	8873	1138	7735
1259	8925	1142	7783
1260	8946	1148	7798
1261	8973	1157	7816
1262	9051	1151	7900
1263	9050	1147	7903
1264	9030	1144	7886
1265	9056	1151	7905
1266	9113	1149	7964
1267	9141	1140	8001
1268	9129	1134	7995
1269	9087	1139	7948
1270	9167	1140	8027
1271	9151	1138	8013
1272	9158	1141	8017
1273	9235	1141	8094
1274	9268	1142	8126
1275	9368	1152	8216
1276	9360	1144	8216
1277	9313	1139	8174
1278	9363	1150	8213
1279	9357	1144	8213
1280	9335	1149	8186
1281	9369	1150	8219
1282	9425	1139	8286
1283	9418	1148	8270
1284	9489	1137	8352
1285	9519	1138	8381
1286	9524	1148	8376
1287	9529	1154	8375
1288	9544	1150	8394
1289	9602	1142	8460
1290	9632	1143	8489
1291	9583	1152	8431
1292	9666	1140	8526
1293	9605	1139	8466
1294	9588	1149	8439
1295	9619	1152	8467
1296	9663	1148	8515
1297	9678	1151	8527
1298	9717	1149	8568
1299	9809	1157	8652
1300	9830	1156	8674
1301	9847	1148	8699
1302	9936	1143	8793
1303	9863	1140	8723
1304	9868	1139	8729
1305	9887	1149	8738
1306	9868	1155	8713
1307	9858	1145	8713
1308	9906	1132	8774
1309	9978	1139	8839
1310	9992	1144	8848
1311	10005	1147	8858
1312	9988	1136	8852
1313	9989	1141	8848
1314	10056	1135	8921
1315	10029	1139	8890
1316	10088	1145	8943
1317	10178	1148	9030
1318	10326	1142	9184
1319	10341	1144	9197
1320	10282	1148	9134
1321	10173	1146	9027
1322	10191	1141	9050
1323	10278	1136	9142
1324	10270	1143	9127
1325	10255	1137	9118
1326	10290	1140	9150
1327	10296	1141	9155
1328	10326	1131	9195
1329	10368	1135	9233
1330	10383	1141	9242
1331	10359	1148	9211
1332	10405	1134	9271
1333	10447	1135	9312
1334	10391	1133	9258
1335	10413	1136	9277
1336	10509	1158	9351
1337	10504	1160	9344
1338	10498	1133	9365
1339	10596	1141	9455
1340	10618	1149	9469
1341	10632	1141	9491
1342	10594	1144	9450
1343	10646	1158	9488
1344	10700	1153	9547
1345	10773	1137	9636
1346	10691	1133	9558
1347	10749	1142	9607
1348	10722	1140	9582
1349	10714	1145	9569
1350	10793	1146	9647
1351	10796	1142	9654
1352	10794	1146	9648
1353	10741	1147	9594
1354	10783	1144	9639
1355	10746	1145	9601
1356	10752	1148	9604
1357	10774	1148	9626
1358	10796	1139	9657
1359	10829	1144	9685
1360	10761	1152	9609
1361	10790	1151	9639
1362	10922	1149	9773
1363	10919	1151	9768
1364	10873	1156	9717
1365	10947	1154	9793
1366	10989	1149	9840
1367	10970	1146	9824
1368	10961	1149	9812
1369	10965	1154	9811
1370	11028	1154	9874
1371	11170	1145	10025
1372	11151	1131	10020
1373	11075	1135	9940
1374	11039	1150	9889
1375	11056	1159	9897
1376	11004	1144	9860
1377	11009	1145	9864
1378	11038	1143	9895
1379	11095	1137	9958
1380	11097	1140	9957
1381	11116	1140	9976
1382	11117	1139	9978
1383	11129	1144	9985
1384	11152	1152	10000
1385	11204	1140	10064
1386	11167	1137	10030
1387	11114	1139	9975
1388	11113	1142	9971
1389	11130	1148	9982
1390	11173	1140	10033
1391	11153	1143	10010
1392	11110	1148	9962
1393	11068	1141	9927
1394	11136	1142	9994
1395	11134	1138	9996
1396	11168	1131	10037
1397	11189	1139	10050
1398	11179	1142	10037
1399	11127	1140	9987
1400	11190	1140	10050
1401	11252	1147	10105
1402	11245	1140	10105
1403	11186	1142	10044
1404	11158	1141	10017
1405	11236	1131	10105
1406	11238	1147	10091
1407	11236	1148	10088
1408	11255	1140	10115
1409	11233	1149	10084
1410	11301	1152	10149
1411	11259	1146	10113
1412	11326	1148	10178
1413	11295	1147	10148
1414	11288	1135	10153
1415	11163	1134	10029
1416	11244	1155	10089
1417	11210	1155	10055
1418	11208	1146	10062
1419	11325	1142	10183
1420	11349	1142	10207
1421	11251	1151	10100
1422	11258	1153	10105
1423	11324	1149	10175
1424	11291	1144	10147
1425	11295	1142	10153
1426	11186	1139	10047
1427	11219	1143	10076
1428	11296	1136	10160
1429	11283	1137	10146
1430	11255	1140	10115
1431	11229	1151	10078
1432	11206	1148	10058
1433	11226	1148	10078
1434	11401	1135	10266
1435	11407	1140	10267
1436	11382	1148	10234
1437	11431	1150	10281
1438	11388	1142	10246
1439	11358	1140	10218
1440	11348	1146	10202
1441	11324	1143	10181
1442	11201	1150	10051
1443	11251	1142	10109
1444	11287	1149	10138
1445	11256	1154	10102
1446	11172	1148	10024
1447	11204	1149	10055
1448	11253	1146	10107
1449	11271	1140	10131
1450	11246	1139	10107
1451	11277	1150	10127
1452	11307	1151	10156
1453	11226	1136	10090
1454	11182	1133	10049
1455	11078	1142	9936
1456	11165	1144	10021
1457	11132	1146	9986
1458	11149	1142	10007
1459	11224	1138	10086
1460	11280	1144	10136
1461	11231	1143	10088
1462	11204	1134	10070
1463	11145	1137	10008
1464	11021	1128	9893
1465	11023	1137	9886
1466	11142	1143	9999
1467	11167	1142	10025
1468	11085	1143	9942
1469	11047	1145	9902
1470	11125	1150	9975
1471	11156	1149	10007
1472	11141	1151	9990
1473	11117	1147	9970
1474	11004	1144	9860
1475	10955	1148	9807
1476	10946	1152	9794
1477	10979	1154	9825
1478	11010	1145	9865
1479	10912	1149	9763
1480	10837	1145	9692
1481	10880	1137	9743
1482	10891	1144	9747
1483	10839	1149	9690
1484	10916	1140	9776
1485	10919	1145	9774
1486	10978	1147	9831
1487	11000	1142	9858
1488	11044	1146	9898
1489	11068	1149	9919
1490	11140	1147	9993
1491	11033	1149	9884
1492	10848	1153	9695
1493	10978	1159	9819
1494	10982	1148	9834
1495	10966	1155	9811
1496	11017	1146	9871
1497	10998	1141	9857
1498	11049	1143	9906
1499	11005	1152	9853
1500	10952	1143	9809
1501	10909	1138	9771
1502	10915	1138	9777
1503	11055	1148	9907
1504	11017	1146	9871
1505	10941	1148	9793
1506	10919	1144	9775
1507	10823	1146	9677
1508	10869	1157	9712
1509	10884	1146	9738
1510	10932	1143	9789
1511	10889	1147	9742
1512	10912	1148	9764
1513	10888	1145	9743
1514	10908	1140	9768
1515	10876	1146	9730
1516	10879	1147	9732
1517	10880	1139	9741
1518	10898	1138	9760
1519	10841	1156	9685
1520	10818	1150	9668
1521	10860	1151	9709
1522	10861	1152	9709
1523	10779	1150	9629
1524	10779	1147	9632
1525	10749	1143	9606
1526	10775	1144	9631
1527	10732	1143	9589
1528	10700	1145	9555
1529	10709	1150	9559
1530	10722	1143	9579
1531	10805	1145	9660
1532	10742	1150	9592
1533	10739	1144	9595
1534	10758	1144	9614
1535	10673	1152	9521
1536	10727	1147	9580
1537	10735	1142	9593
1538	10640	1133	9507
1539	10653	1141	9512
1540	10687	1145	9542
1541	10594	1147	9447
1542	10609	1140	9469
1543	10669	1143	9526
1544	10661	1151	9510
1545	10666	1148	9518
1546	10652	1144	9508
1547	10592	1142	9450
1548	10570	1145	9425
1549	10574	1143	9431
1550	10622	1134	9488
1551	10664	1142	9522
1552	10605	1143	9462
1553	10618	1141	9477
1554	10689	1144	9545
1555	10633	1148	9485
1556	10671	1141	9530
1557	10622	1141	9481
1558	10529	1136	9393
1559	10508	1142	9366
1560	10585	1144	9441
1561	10565	1148	9417
1562	10525	1146	9379
1563	10574	1147	9427
1564	10577	1138	9439
1565	10442	1131	9311
1566	10410	1136	9274
1567	10540	1142	9398
1568	10575	1144	9431
1569	10569	1143	9426
1570	10556	1140	9416
1571	10510	1140	9370
1572	10518	1140	9378
1573	10609	1144	9465
1574	10638	1143	9495
1575	10497	1147	9350
1576	10449	1145	9304
1577	10497	1150	9347
1578	10515	1148	9367
1579	10524	1159	9365
1580	10566	1157	9409
1581	10503	1157	9346
1582	10532	1161	9371
1583	10586	1150	9436
1584	10502	1141	9361
1585	10445	1148	9297
1586	10402	1151	9251
1587	10450	1145	9305
1588	10537	1140	9397
1589	10516	1140	9376
1590	10454	1151	9303
1591	10392	1154	9238
1592	10428	1142	9286
1593	10443	1142	9301
1594	10460	1145	9315
1595	10539	1145	9394
1596	10421	1142	9279
1597	10361	1136	9225
1598	10393	1137	9256
1599	10417	1150	9267
1600	10439	1146	9293
1601	10372	1154	9218
1602	10392	1151	9241
1603	10456	1140	9316
1604	10473	1138	9335
1605	10488	1145	9343
1606	10573	1141	9432
1607	10533	1139	9394
1608	10425	1140	9285
1609	10390	1151	9239
1610	10397	1155	9242
1611	10389	1150	9239
1612	10426	1134	9292
1613	10405	1146	9259
1614	10358	1150	9208
1615	10443	1132	9311
1616	10462	1130	9332
1617	10400	1143	9257
1618	10453	1145	9308
1619	10436	1134	9302
1620	10447	1131	9316
1621	10421	1142	9279
1622	10495	1142	9353
1623	10497	1146	9351
1624	10437	1137	9300
1625	10393	1145	9248
1626	10410	1145	9265
1627	10353	1138	9215
1628	10389	1147	9242
1629	10440	1148	9292
1630	10478	1144	9334
1631	10463	1147	9316
1632	10395	1133	9262
1633	10468	1141	9327
1634	10515	1147	9368
1635	10523	1142	9381
1636	10452	1141	9311
1637	10322	1141	9181
1638	10298	1131	9167
1639	10375	1138	9237
1640	10494	1142	9352
1641	10412	1150	9262
1642	10398	1141	9257
1643	10498	1141	9357
1644	10479	1144	9335
1645	10476	1152	9324
1646	10471	1145	9326
1647	10494	1141	9353
1648	10493	1142	9351
1649	10472	1145	9327
1650	10543	1142	9401
1651	10532	1147	9385
1652	10544	1151	9393
1653	10452	1145	9307
1654	10443	1136	9307
1655	10464	1131	9333
1656	10455	1143	9312
1657	10521	1143	9378
1658	10446	1141	9305
1659	10474	1143	9331
1660	10495	1137	9358
1661	10492	1143	9349
1662	10593	1137	9456
1663	10556	1134	9422
1664	10485	1150	9335
1665	10473	1151	9322
1666	10565	1140	9425
1667	10471	1142	9329
1668	10495	1151	9344
1669	10532	1151	9381
1670	10601	1139	9462
1671	10602	1128	9474
1672	10547	1138	9409
1673	10542	1142	9400
1674	10582	1147	9435
1675	10592	1145	9447
1676	10575	1136	9439
1677	10531	1134	9397
1678	10606	1138	9468
1679	10618	1130	9488
1680	10556	1126	9430
1681	10646	1144	9502
1682	10657	1148	9509
1683	10658	1142	9516
1684	10654	1147	9507
1685	10675	1141	9534
1686	10611	1144	9467
1687	10633	1139	9494
1688	10680	1142	9538
1689	10710	1143	9567
1690	10698	1131	9567
1691	10735	1142	9593
1692	10626	1151	9475
1693	10541	1142	9399
1694	10564	1145	9419
1695	10679	1148	9531
1696	10721	1139	9582
1697	10715	1143	9572
1698	10683	1147	9536
1699	10644	1151	9493
1700	10651	1142	9509
1701	10684	1141	9543
1702	10633	1139	9494
1703	10649	1139	9510
1704	10798	1143	9655
1705	10683	1145	9538
1706	10675	1137	9538
1707	10773	1143	9630
1708	10766	1155	9611
1709	10809	1151	9658
1710	10957	1152	9805
1711	10812	1147	9665
1712	10809	1147	9662
1713	10816	1144	9672
1714	10696	1151	9545
1715	10716	1148	9568
1716	10799	1143	9656
1717	10859	1148	9711
1718	10811	1146	9665
1719	10819	1148	9671
1720	10848	1144	9704
1721	10847	1144	9703
1722	10960	1143	9817
1723	10956	1141	9815
1724	10822	1138	9684
1725	10767	1151	9616
1726	10820	1151	9669
1727	10799	1139	9660
1728	10845	1140	9705
1729	10856	1150	9706
1730	10818	1147	9671
1731	10785	1148	9637
1732	10864	1158	9706
1733	10874	1145	9729
1734	10951	1143	9808
1735	10984	1151	9833
1736	10975	1135	9840
1737	11017	1139	9878
1738	11057	1137	9920
1739	10981	1140	9841
1740	11015	1142	9873
1741	10971	1145	9826
1742	11062	1148	9914
1743	11055	1153	9902
1744	10935	1139	9796
1745	11041	1138	9903
1746	11043	1153	9890
1747	11075	1157	9918
1748	11076	1152	9924
1749	11010	1152	9858
1750	11028	1158	9870
1751	11082	1155	9927
1752	11101	1139	9962
1753	11226	1142	10084
1754	11179	1146	10033
1755	11121	1149	9972
1756	11213	1145	10068
1757	11192	1141	10051
1758	11174	1139	10035
1759	11225	1146	10079
1760	11232	1150	10082
1761	11255	1141	10114
1762	11272	1151	10121
1763	11227	1150	10077
1764	11168	1144	10024
1765	11214	1148	10066
1766	11190	1142	10048
1767	11256	1132	10124
1768	11250	1131	10119
1769	11219	1134	10085
1770	11252	1143	10109
1771	11206	1147	10059
1772	11226	1148	10078
1773	11242	1143	10099
1774	11202	1140	10062
1775	11249	1142	10107
1776	11240	1149	10091
1777	11319	1154	10165
1778	11398	1144	10254
1779	11328	1139	10189
1780	11362	1140	10222
1781	11407	1145	10262
1782	11440	1151	10289
1783	11460	1151	10309
1784	11527	1149	10378
1785	11420	1156	10264
1786	11397	1144	10253
1787	11381	1144	10237
1788	11454	1142	10312
1789	11490	1146	10344
1790	11400	1151	10249
1791	11426	1150	10276
1792	11489	1146	10343
1793	11490	1145	10345
1794	11506	1150	10356
1795	11508	1145	10363
1796	11525	1132	10393
1797	11529	1141	10388
1798	11590	1144	10446
1799	11569	1146	10423
1800	11613	1135	10478
1801	11691	1148	10543
1802	11638	1154	10484
1803	11612	1151	10461
1804	11738	1144	10594
1805	11673	1137	10536
1806	11557	1136	10421
1807	11630	1140	10490
1808	11642	1144	10498
1809	11584	1144	10440
1810	11574	1141	10433
1811	11485	1146	10339
1812	11488	1140	10348
1813	11558	1132	10426
1814	11606	1140	10466
1815	11484	1145	10339
1816	11571	1143	10428
1817	11594	1147	10447
1818	11660	1135	10525
1819	11617	1142	10475
1820	11643	1144	10499
1821	11571	1144	10427
1822	11616	1154	10462
1823	11713	1150	10563
1824	11716	1144	10572
1825	11807	1138	10669
1826	11804	1129	10675
1827	11883	1145	10738
1828	11925	1140	10785
1829	11846	1143	10703
1830	11788	1137	10651
1831	11778	1140	10638
1832	11841	1138	10703
1833	11833	1140	10693
1834	11908	1141	10767
1835	12018	1133	10885
1836	11976	1141	10835
1837	11955	1147	10808
1838	11944	1134	10810
1839	11954	1139	10815
1840	12022	1142	10880
1841	11965	1135	10830
1842	11959	1137	10822
1843	12019	1146	10873
1844	12007	1150	10857
1845	11960	1143	10817
1846	12019	1135	10884
1847	11925	1139	10786
1848	11959	1150	10809
1849	11992	1153	10839
1850	11939	1153	10786
1851	12012	1148	10864
1852	12039	1141	10898
1853	11997	1138	10859
1854	12078	1143	10935
1855	12044	1146	10898
1856	12030	1147	10883
1857	12083	1138	10945
1858	12050	1137	10913
1859	12024	1137	10887
1860	12101	1139	10962
1861	12091	1157	10934
1862	12039	1152	10887
1863	12054	1136	10918
1864	12031	1147	10884
1865	11998	1150	10848
1866	12162	1135	11027
1867	12188	1137	11051
1868	12212	1143	11069
1869	12267	1136	11131
1870	12306	1137	11169
1871	12220	1145	11075
1872	12243	1139	11104
1873	12206	1144	11062
1874	12258	1149	11109
1875	12213	1149	11064
1876	12235	1147	11088
1877	12234	1142	11092
1878	12224	1142	11082
1879	12227	1144	11083
1880	12232	1153	11079
1881	12230	1149	11081
1882	12265	1143	11122
1883	12373	1141	11232
1884	12380	1152	11228
1885	12360	1151	11209
1886	12312	1150	11162
1887	12331	1144	11187
1888	12306	1136	11170
1889	12326	1149	11177
1890	12349	1150	11199
1891	12349	1138	11211
1892	12290	1133	11157
1893	12208	1145	11063
1894	12225	1151	11074
1895	12284	1149	11135
1896	12331	1148	11183
1897	12312	1144	11168
1898	12329	1138	11191
1899	12340	1145	11195
1900	12241	1143	11098
1901	12267	1142	11125
1902	12323	1140	11183
1903	12282	1135	11147
1904	12206	1124	11082
1905	12213	1130	11083
1906	12272	1131	11141
1907	12236	1142	11094
1908	12345	1141	11204
1909	12371	1139	11232
1910	12391	1150	11241
1911	12327	1148	11179
1912	12279	1145	11134
1913	12368	1136	11232
1914	12456	1140	11316
1915	12425	1141	11284
1916	12496	1136	11360
1917	12458	1145	11313
1918	12467	1142	11325
1919	12508	1140	11368
1920	12600	1146	11454
1921	12496	1143	11353
1922	12394	1146	11248
1923	12407	1133	11274
1924	12482	1138	11344
1925	12465	1149	11316
1926	12612	1141	11471
1927	12661	1140	11521
1928	12521	1139	11382
1929	12561	1136	11425
1930	12611	1136	11475
1931	12645	1134	11511
1932	12637	1130	11507
1933	12598	1134	11464
1934	12507	1142	11365
1935	12533	1149	11384
1936	12576	1143	11433
1937	12649	1138	11511
1938	12617	1135	11482
1939	12512	1139	11373
1940	12559	1143	11416
1941	12614	1141	11473
1942	12621	1133	11488
1943	12604	1140	11464
1944	12664	1147	11517
1945	12679	1155	11524
1946	12665	1143	11522
1947	12577	1145	11432
1948	12625	1155	11470
1949	12736	1154	11582
1950	12724	1145	11579
1951	12680	1145	11535
1952	12732	1148	11584
1953	12695	1146	11549
1954	12718	1142	11576
1955	12699	1138	11561
1956	12671	1143	11528
1957	12672	1135	11537
1958	12719	1141	11578
1959	12671	1142	11529
1960	12643	1137	11506
1961	12666	1149	11517
1962	12544	1147	11397
1963	12514	1140	11374
1964	12525	1152	11373
1965	12557	1147	11410
1966	12546	1138	11408
1967	12449	1137	11312
1968	12429	1147	11282
1969	12366	1144	11222
1970	12375	1141	11234
1971	12439	1137	11302
1972	12371	1141	11230
1973	12320	1135	11185
1974	12431	1138	11293
1975	12425	1136	11289
1976	12432	1131	11301
1977	12454	1140	11314
1978	12501	1133	11368
1979	12508	1136	11372
1980	12632	1148	11484
1981	12558	1143	11415
1982	12505	1145	11360
1983	12515	1151	11364
1984	12626	1140	11486
1985	12672	1138	11534
1986	12670	1132	11538
1987	12546	1125	11421
1988	12525	1130	11395
1989	12665	1144	11521
1990	12748	1145	11603
1991	12719	1147	11572
1992	12749	1146	11603
1993	12739	1147	11592
1994	12767	1145	11622
1995	12802	1141	11661
1996	12748	1147	11601
1997	12565	1145	11420
1998	12581	1148	11433
1999	12667	1148	11519
2000	12697	1138	11559
2001	12579	1133	11446
2002	12644	1137	11507
2003	12653	1144	11509
2004	12640	1138	11502
2005	12693	1140	11553
2006	12754	1140	11614
2007	12787	1136	11651
2008	12741	1131	11610
2009	12807	1137	11670
2010	12841	1152	11689
2011	12656	1148	11508
2012	12531	1141	11390
2013	12583	1145	11438
2014	12712	1143	11569
2015	12756	1144	11612
2016	12708	1137	11571
2017	12702	1140	11562
2018	12756	1145	11611
2019	12767	1146	11621
2020	12635	1156	11479
2021	12627	1158	11469
2022	12730	1138	11592
2023	12641	1139	11502
2024	12595	1140	11455
2025	12575	1142	11433
2026	12575	1142	11433
2027	12539	1145	11394
2028	12578	1149	11429
2029	12506	1145	11361
2030	12563	1140	11423
2031	12587	1138	11449
2032	12553	1139	11414
2033	12596	1146	11450
2034	12535	1147	11388
2035	12453	1140	11313
2036	12537	1144	11393
2037	12659	1154	11505
2038	12582	1144	11438
2039	12628	1146	11482
2040	12561	1147	11414
2041	12533	1146	11387
2042	12560	1141	11419
2043	12555	1133	11422
2044	12497	1133	11364
2045	12443	1138	11305
2046	12455	1138	11317
2047	12387	1144	11243
2048	12395	1143	11252
2049	12482	1148	11334
2050	12451	1151	11300
2051	12487	1144	11343
2052	12476	1143	11333
2053	12407	1144	11263
2054	12392	1145	11247
2055	12353	1142	11211
2056	12461	1148	11313
2057	12524	1157	11367
2058	12365	1149	11216
2059	12280	1144	11136
2060	12300	1143	11157
2061	12371	1143	11228
2062	12352	1138	11214
2063	12295	1138	11157
2064	12338	1141	11197
2065	12436	1147	11289
2066	12455	1143	11312
2067	12383	1143	11240
2068	12349	1140	11209
2069	12230	1143	11087
2070	12204	1147	11057
2071	12243	1141	11102
2072	12201	1141	11060
2073	12193	1141	11052
2074	12221	1145	11076
2075	12234	1146	11088
2076	12275	1141	11134
2077	12225	1143	11082
2078	12184	1148	11036
2079	12226	1145	11081
2080	12161	1143	11018
2081	12090	1140	10950
2082	12110	1138	10972
2083	12161	1141	11020
2084	12144	1149	10995
2085	12139	1147	10992
2086	12126	1144	10982
2087	12096	1155	10941
2088	12030	1157	10873
2089	12043	1159	10884
2090	12075	1150	10925
2091	12059	1147	10912
2092	11984	1143	10841
2093	11976	1147	10829
2094	11937	1155	10782
2095	11940	1150	10790
2096	12028	1140	10888
2097	12003	1146	10857
2098	12043	1145	10898
2099	11945	1146	10799
2100	11813	1143	10670
2101	11826	1142	10684
2102	11896	1146	10750
2103	11871	1146	10725
2104	11885	1145	10740
2105	11833	1149	10684
2106	11916	1146	10770
2107	11939	1148	10791
2108	11946	1142	10804
2109	11954	1137	10817
2110	11920	1142	10778
2111	11930	1152	10778
2112	11875	1149	10726
2113	11869	1143	10726
2114	11937	1155	10782
2115	11988	1157	10831
2116	11965	1149	10816
2117	11817	1142	10675
2118	11773	1136	10637
2119	11790	1143	10647
2120	11783	1138	10645
2121	11867	1133	10734
2122	11835	1133	10702
2123	11689	1139	10550
2124	11639	1142	10497
2125	11702	1143	10559
2126	11684	1138	10546
2127	11675	1151	10524
2128	11660	1165	10495
2129	11651	1155	10496
2130	11712	1143	10569
2131	11658	1149	10509
2132	11662	1145	10517
2133	11618	1152	10466
2134	11591	1147	10444
2135	11625	1143	10482
2136	11610	1146	10464
2137	11509	1146	10363
2138	11504	1143	10361
2139	11433	1146	10287
2140	11448	1154	10294
2141	11538	1154	10384
2142	11429	1164	10265
2143	11420	1147	10273
2144	11560	1140	10420
2145	11396	1144	10252
2146	11433	1140	10293
2147	11444	1144	10300
2148	11374	1142	10232
2149	11465	1152	10313
2150	11517	1148	10369
2151	11450	1144	10306
2152	11387	1135	10252
2153	11392	1148	10244
2154	11320	1151	10169
2155	11316	1146	10170
2156	11326	1152	10174
2157	11268	1148	10120
2158	11295	1141	10154
2159	11316	1152	10164
2160	11261	1146	10115
2161	11222	1146	10076
2162	11144	1146	9998
2163	11171	1142	10029
2164	11130	1139	9991
2165	11080	1146	9934
2166	11147	1151	9996
2167	11103	1141	9962
2168	11028	1146	9882
2169	10922	1141	9781
2170	10963	1138	9825
2171	10950	1139	9811
2172	10952	1143	9809
2173	11016	1138	9878
2174	11042	1139	9903
2175	11029	1152	9877
2176	10894	1149	9745
2177	10864	1148	9716
2178	10884	1145	9739
2179	10811	1150	9661
2180	10757	1145	9612
2181	10777	1144	9633
2182	10888	1156	9732
2183	10860	1146	9714
2184	10878	1140	9738
2185	10932	1147	9785
2186	10997	1152	9845
2187	10835	1155	9680
2188	10836	1149	9687
2189	10858	1149	9709
2190	10842	1149	9693
2191	10874	1138	9736
2192	10895	1142	9753
2193	10914	1141	9773
2194	10867	1138	9729
2195	10852	1145	9707
2196	10850	1144	9706
2197	10885	1140	9745
2198	10857	1134	9723
2199	10844	1137	9707
2200	10777	1150	9627
2201	10712	1145	9567
2202	10763	1136	9627
2203	10721	1136	9585
2204	10626	1147	9479
2205	10552	1151	9401
2206	10512	1141	9371
2207	10474	1140	9334
2208	10468	1138	9330
2209	10387	1139	9248
2210	10458	1144	9314
2211	10525	1152	9373
2212	10377	1150	9227
2213	10403	1147	9256
2214	10425	1150	9275
2215	10341	1154	9187
2216	10298	1149	9149
2217	10322	1144	9178
2218	10283	1138	9145
2219	10151	1128	9023
2220	9944	1137	8807
2221	9911	1146	8765
2222	9781	1141	8640
2223	9618	1137	8481
2224	9543	1140	8403
2225	9428	1141	8287
2226	9279	1145	8134
2227	9207	1145	8062
2228	9110	1145	7965
2229	9035	1152	7883
2230	8979	1146	7833
2231	8969	1139	7830
2232	8953	1144	7809
2233	8861	1147	7714
2234	8848	1141	7707
2235	8821	1142	7679
2236	8763	1142	7621
2237	8714	1148	7566
2238	8731	1139	7592
2239	8751	1134	7617
2240	8675	1134	7541
2241	8664	1144	7520
2242	8677	1145	7532
2243	8693	1156	7537
2244	8673	1149	7524
2245	8724	1145	7579
2246	8833	1148	7685
2247	8965	1139	7826
2248	8993	1140	7853
2249	8968	1140	7828
2250	8954	1135	7819
2251	9096	1138	7958
2252	9191	1147	8044
2253	9253	1137	8116
2254	9379	1135	8244
2255	9454	1141	8313
2256	9476	1147	8329
2257	9644	1157	8487
2258	9688	1155	8533
2259	9656	1148	8508
2260	9717	1136	8581
2261	9770	1131	8639
2262	9846	1147	8699
2263	9869	1147	8722
2264	9937	1141	8796
2265	10003	1147	8856
2266	10022	1158	8864
2267	9935	1152	8783
2268	10006	1141	8865
2269	10065	1147	8918
2270	9986	1146	8840
2271	9927	1149	8778
2272	9919	1144	8775
2273	9953	1148	8805
2274	10035	1147	8888
2275	10050	1138	8912
2276	9984	1137	8847
2277	9956	1149	8807
2278	9979	1145	8834
2279	10014	1141	8873
2280	9994	1149	8845
2281	9976	1150	8826
2282	10006	1153	8853
2283	9936	1151	8785
2284	9852	1148	8704
2285	9900	1136	8764
2286	9843	1140	8703
2287	9891	1147	8744
2288	10013	1151	8862
2289	9890	1149	8741
2290	9897	1145	8752
2291	9933	1149	8784
2292	9842	1153	8689
2293	9851	1147	8704
2294	9884	1147	8737
2295	9823	1159	8664
2296	9849	1148	8701
2297	9770	1145	8625
2298	9813	1144	8669
2299	9861	1148	8713
2300	9791	1139	8652
2301	9881	1138	8743
2302	9866	1138	8728
2303	9756	1143	8613
2304	9777	1142	8635
2305	9855	1152	8703
2306	9720	1149	8571
2307	9685	1138	8547
2308	9705	1134	8571
2309	9712	1131	8581
2310	9757	1133	8624
2311	9754	1139	8615
2312	9665	1139	8526
2313	9674	1139	8535
2314	9633	1151	8482
2315	9674	1150	8524
2316	9668	1149	8519
2317	9639	1148	8491
2318	9539	1146	8393
2319	9541	1143	8398
2320	9646	1142	8504
2321	9556	1143	8413
2322	9527	1147	8380
2323	9563	1154	8409
2324	9519	1138	8381
2325	9527	1145	8382
2326	9578	1152	8426
2327	9582	1165	8417
2328	9528	1168	8360
2329	9392	1155	8237
2330	9419	1140	8279
2331	9452	1137	8315
2332	9492	1144	8348
2333	9495	1143	8352
2334	9500	1142	8358
2335	9467	1149	8318
2336	9414	1155	8259
2337	9525	1149	8376
2338	9575	1153	8422
2339	9513	1152	8361
2340	9486	1140	8346
2341	9420	1138	8282
2342	9442	1129	8313
2343	9495	1129	8366
2344	9464	1138	8326
2345	9416	1140	8276
2346	9455	1143	8312
2347	9471	1152	8319
2348	9430	1148	8282
2349	9427	1144	8283
2350	9493	1139	8354
2351	9380	1157	8223
2352	9410	1150	8260
2353	9445	1139	8306
2354	9342	1143	8199
2355	9371	1148	8223
2356	9328	1146	8182
2357	9292	1145	8147
2358	9268	1139	8129
2359	9333	1152	8181
2360	9319	1155	8164
2361	9299	1144	8155
2362	9382	1138	8244
2363	9364	1144	8220
2364	9303	1143	8160
2365	9348	1141	8207
2366	9323	1140	8183
2367	9200	1140	8060
2368	9225	1143	8082
2369	9263	1147	8116
2370	9180	1139	8041
2371	9213	1129	8084
2372	9270	1133	8137
2373	9291	1137	8154
2374	9154	1138	8016
2375	9122	1143	7979
2376	9105	1148	7957
2377	9122	1142	7980
2378	9146	1141	8005
2379	9173	1148	8025
2380	9165	1153	8012
2381	9210	1160	8050
2382	9269	1158	8111
2383	9111	1148	7963
2384	9132	1149	7983
2385	9173	1150	8023
2386	9060	1151	7909
2387	9083	1154	7929
2388	9124	1145	7979
2389	9068	1153	7915
2390	9009	1157	7852
2391	9050	1145	7905
2392	9037	1152	7885
2393	9098	1156	7942
2394	9141	1145	7996
2395	9102	1141	7961
2396	9132	1139	7993
2397	9044	1148	7896
2398	9080	1149	7931
2399	9097	1148	7949
2400	9046	1147	7899
2401	9093	1147	7946
2402	9101	1145	7956
2403	9093	1147	7946
2404	9099	1142	7957
2405	9092	1139	7953
2406	9087	1129	7958
2407	9016	1138	7878
2408	8998	1144	7854
2409	8980	1142	7838
2410	8998	1153	7845
2411	9019	1161	7858
2412	9010	1149	7861
2413	9037	1136	7901
2414	9011	1129	7882
2415	9011	1138	7873
2416	9040	1145	7895
2417	8995	1145	7850
2418	8951	1141	7810
2419	8974	1145	7829
2420	9039	1128	7911
2421	9008	1141	7867
2422	8952	1140	7812
2423	8911	1137	7774
2424	8973	1136	7837
2425	8981	1145	7836
2426	8944	1146	7798
2427	8959	1149	7810
2428	8960	1140	7820
2429	8901	1141	7760
2430	8863	1141	7722
2431	8865	1135	7730
2432	8824	1142	7682
2433	8868	1134	7734
2434	8963	1128	7835
2435	8995	1134	7861
2436	9005	1140	7865
2437	8969	1145	7824
2438	8946	1135	7811
2439	8894	1138	7756
2440	8903	1135	7768
2441	8886	1143	7743
2442	8900	1150	7750
2443	8892	1147	7745
2444	8861	1138	7723
2445	8888	1143	7745
2446	8915	1138	7777
2447	8924	1129	7795
2448	8974	1141	7833
2449	8888	1137	7751
2450	8939	1143	7796
2451	8914	1148	7766
2452	8902	1147	7755
2453	8956	1144	7812
2454	8889	1133	7756
2455	8825	1141	7684
2456	8845	1140	7705
2457	8862	1145	7717
2458	8822	1148	7674
2459	8800	1151	7649
2460	8915	1141	7774
2461	8883	1134	7749
2462	8821	1137	7684
2463	8891	1140	7751
2464	8968	1149	7819
2465	8918	1146	7772
2466	8937	1140	7797
2467	9020	1144	7876
2468	9032	1142	7890
2469	9001	1149	7852
2470	8954	1145	7809
2471	8970	1142	7828
2472	9066	1151	7915
2473	8993	1146	7847
2474	8857	1142	7715
2475	8904	1144	7760
2476	9047	1136	7911
2477	9035	1143	7892
2478	8929	1145	7784
2479	8949	1149	7800
2480	8944	1140	7804
2481	8970	1130	7840
2482	8958	1141	7817
2483	8983	1147	7836
2484	9028	1135	7893
2485	9017	1136	7881
2486	8976	1142	7834
2487	8999	1148	7851
2488	8989	1144	7845
2489	8988	1147	7841
2490	9036	1141	7895
2491	8977	1149	7828
2492	9014	1141	7873
2493	9046	1138	7908
2494	9151	1143	8008
2495	9150	1138	8012
2496	9093	1148	7945
2497	9088	1151	7937
2498	9021	1143	7878
2499	9015	1140	7875
2500	9147	1139	8008
2501	9081	1142	7939
2502	8996	1141	7855
2503	9007	1139	7868
2504	9040	1138	7902
2505	9005	1144	7861
2506	9054	1137	7917
2507	9091	1135	7956
2508	9121	1138	7983
2509	9088	1140	7948
2510	9043	1129	7914
2511	9040	1132	7908
2512	9056	1141	7915
2513	9124	1147	7977
2514	9081	1143	7938
2515	9106	1141	7965
2516	9105	1142	7963
2517	9066	1149	7917
2518	9109	1139	7970
2519	9146	1143	8003
2520	9088	1153	7935
2521	9045	1152	7893
2522	9161	1143	8018
2523	9097	1144	7953
2524	9108	1149	7959
2525	9179	1143	8036
2526	9232	1135	8097
2527	9240	1142	8098
2528	9246	1140	8106
2529	9230	1140	8090
2530	9199	1138	8061
2531	9224	1139	8085
2532	9312	1147	8165
2533	9330	1144	8186
2534	9203	1147	8056
2535	9099	1147	7952
2536	9153	1154	7999
2537	9281	1146	8135
2538	9262	1138	8124
2539	9234	1146	8088
2540	9251	1141	8110
2541	9290	1142	8148
2542	9308	1148	8160
2543	9240	1140	8100
2544	9284	1137	8147
2545	9272	1151	8121
2546	9236	1148	8088
2547	9186	1143	8043
2548	9212	1138	8074
2549	9203	1139	8064
2550	9201	1129	8072
2551	9301	1128	8173
2552	9357	1130	8227
2553	9309	1143	8166
2554	9346	1148	8198
2555	9314	1148	8166
2556	9221	1146	8075
2557	9231	1150	8081
2558	9308	1148	8160
2559	9346	1143	8203
2560	9395	1143	8252
2561	9417	1134	8283
2562	9311	1137	8174
2563	9257	1141	8116
2564	9302	1144	8158
2565	9401	1142	8259
2566	9440	1145	8295
2567	9392	1142	8250
2568	9425	1141	8284
2569	9422	1138	8284
2570	9385	1149	8236
2571	9358	1147	8211
2572	9314	1143	8171
2573	9407	1150	8257
2574	9362	1153	8209
2575	9377	1145	8232
2576	9482	1137	8345
2577	9482	1137	8345
2578	9380	1135	8245
2579	9397	1142	8255
2580	9429	1150	8279
2581	9420	1149	8271
2582	9425	1144	8281
2583	9340	1142	8198
2584	9454	1143	8311
2585	9472	1141	8331
2586	9441	1148	8293
2587	9430	1150	8280
2588	9506	1149	8357
2589	9478	1152	8326
2590	9477	1145	8332
2591	9427	1144	8283
2592	9395	1143	8252
2593	9453	1137	8316
2594	9523	1133	8390
2595	9626	1137	8489
2596	9604	1139	8465
2597	9534	1142	8392
2598	9521	1142	8379
2599	9552	1132	8420
2600	9565	1126	8439
2601	9631	1139	8492
2602	9577	1142	8435
2603	9565	1142	8423
2604	9541	1146	8395
2605	9458	1147	8311
2606	9529	1148	8381
2607	9565	1138	8427
2608	9596	1135	8461
2609	9552	1142	8410
2610	9596	1134	8462
2611	9670	1139	8531
2612	9588	1149	8439
2613	9575	1140	8435
2614	9597	1143	8454
2615	9513	1147	8366
2616	9549	1149	8400
2617	9629	1162	8467
2618	9637	1149	8488
2619	9629	1150	8479
2620	9607	1150	8457
2621	9582	1141	8441
2622	9569	1137	8432
2623	9584	1141	8443
2624	9589	1141	8448
2625	9621	1147	8474
2626	9633	1148	8485
2627	9588	1144	8444
2628	9618	1139	8479
2629	9650	1144	8506
2630	9605	1140	8465
2631	9594	1140	8454
2632	9636	1149	8487
2633	9644	1145	8499
2634	9605	1147	8458
2635	9646	1149	8497
2636	9715	1142	8573
2637	9731	1143	8588
2638	9654	1156	8498
2639	9625	1154	8471
2640	9673	1136	8537
2641	9674	1138	8536
2642	9734	1146	8588
2643	9700	1145	8555
2644	9628	1142	8486
2645	9691	1151	8540
2646	9658	1143	8515
2647	9751	1145	8606
2648	9734	1147	8587
2649	9718	1151	8567
2650	9754	1142	8612
2651	9642	1143	8499
2652	9694	1135	8559
2653	9725	1140	8585
2654	9687	1136	8551
2655	9674	1136	8538
2656	9677	1155	8522
2657	9682	1153	8529
2658	9694	1154	8540
2659	9670	1150	8520
2660	9653	1140	8513
2661	9659	1142	8517
2662	9666	1144	8522
2663	9709	1145	8564
2664	9736	1152	8584
2665	9614	1147	8467
2666	9618	1153	8465
2667	9655	1155	8500
2668	9714	1148	8566
2669	9755	1146	8609
2670	9778	1150	8628
2671	9761	1149	8612
2672	9730	1144	8586
2673	9742	1147	8595
2674	9670	1163	8507
2675	9680	1152	8528
2676	9665	1143	8522
2677	9639	1143	8496
2678	9653	1144	8509
2679	9653	1143	8510
2680	9672	1142	8530
2681	9620	1150	8470
2682	9630	1157	8473
2683	9677	1153	8524
2684	9708	1142	8566
2685	9658	1150	8508
2686	9576	1148	8428
2687	9605	1153	8452
2688	9563	1160	8403
2689	9535	1153	8382
2690	9549	1148	8401
2691	9505	1139	8366
2692	9509	1135	8374
2693	9636	1136	8500
2694	9690	1149	8541
2695	9643	1149	8494
2696	9626	1144	8482
2697	9574	1139	8435
2698	9546	1137	8409
2699	9604	1140	8464
2700	9542	1142	8400
2701	9545	1144	8401
2702	9560	1137	8423
2703	9598	1143	8455
2704	9539	1150	8389
2705	9544	1141	8403
2706	9616	1138	8478
2707	9620	1142	8478
2708	9649	1143	8506
2709	9612	1143	8469
2710	9615	1139	8476
2711	9610	1140	8470
2712	9589	1137	8452
2713	9588	1138	8450
2714	9598	1145	8453
2715	9548	1153	8395
2716	9470	1143	8327
2717	9402	1137	8265
2718	9535	1140	8395
2719	9596	1148	8448
2720	9586	1155	8431
2721	9503	1149	8354
2722	9481	1152	8329
2723	9412	1152	8260
2724	9421	1148	8273
2725	9475	1140	8335
2726	9485	1140	8345
2727	9498	1139	8359
2728	9508	1122	8386
2729	9433	1130	8303
2730	9416	1142	8274
2731	9362	1148	8214
2732	9298	1140	8158
2733	9334	1147	8187
2734	9388	1151	8237
2735	9373	1139	8234
2736	9403	1143	8260
2737	9392	1143	8249
2738	9411	1138	8273
2739	9460	1138	8322
2740	9381	1138	8243
2741	9400	1146	8254
2742	9361	1152	8209
2743	9310	1149	8161
2744	9388	1145	8243
2745	9349	1161	8188
2746	9290	1161	8129
2747	9310	1147	8163
2748	9372	1140	8232
2749	9326	1148	8178
2750	9253	1149	8104
2751	9315	1144	8171
2752	9323	1143	8180
2753	9325	1157	8168
2754	9222	1151	8071
2755	9178	1154	8024
2756	9203	1152	8051
2757	9150	1139	8011
2758	9131	1148	7983
2759	9105	1153	7952
2760	9132	1146	7986
2761	9101	1150	7951
2762	9128	1148	7980
2763	9070	1146	7924
2764	9102	1146	7956
2765	9026	1141	7885
2766	9067	1137	7930
2767	9172	1139	8033
2768	9152	1144	8008
2769	9082	1141	7941
2770	9107	1133	7974
2771	9115	1140	7975
2772	9170	1143	8027
2773	9216	1140	8076
2774	9154	1137	8017
2775	9085	1134	7951
2776	9128	1147	7981
2777	9129	1142	7987
2778	9107	1133	7974
2779	9109	1145	7964
2780	9105	1136	7969
2781	9102	1145	7957
2782	9066	1140	7926
2783	9016	1135	7881
2784	8972	1153	7819
2785	8964	1151	7813
2786	8997	1132	7865
2787	8923	1139	7784
2788	8933	1142	7791
2789	8999	1140	7859
2790	9021	1143	7878
2791	8928	1137	7791
2792	8783	1143	7640
2793	8881	1150	7731
2794	8911	1147	7764
2795	8849	1146	7703
2796	8886	1146	7740
2797	8866	1154	7712
2798	8775	1142	7633
2799	8772	1139	7633
2800	8721	1136	7585
2801	8766	1147	7619
2802	8837	1150	7687
2803	8860	1149	7711
2804	8733	1151	7582
2805	8706	1145	7561
2806	8750	1146	7604
2807	8766	1153	7613
2808	8802	1147	7655
2809	8727	1144	7583
2810	8717	1141	7576
2811	8700	1143	7557
2812	8685	1146	7539
2813	8654	1146	7508
2814	8691	1141	7550
2815	8645	1133	7512
2816	8617	1135	7482
2817	8562	1144	7418
2818	8514	1154	7360
2819	8494	1155	7339
2820	8570	1142	7428
2821	8530	1150	7380
2822	8431	1147	7284
2823	8429	1146	7283
2824	8440	1142	7298
2825	8473	1139	7334
2826	8513	1144	7369
2827	8507	1151	7356
2828	8502	1144	7358
2829	8407	1144	7263
2830	8390	1149	7241
2831	8372	1142	7230
2832	8343	1142	7201
2833	8406	1150	7256
2834	8456	1156	7300
2835	8315	1153	7162
2836	8313	1150	7163
2837	8276	1155	7121
2838	8320	1156	7164
2839	8290	1155	7135
2840	8211	1149	7062
2841	8173	1144	7029
2842	8088	1146	6942
2843	8127	1149	6978
2844	8177	1144	7033
2845	8251	1142	7109
2846	8188	1137	7051
2847	8068	1147	6921
2848	8153	1141	7012
2849	8177	1138	7039
2850	8068	1150	6918
2851	8008	1145	6863
2852	8044	1128	6916
2853	7985	1130	6855
2854	8038	1143	6895
2855	8064	1139	6925
2856	8031	1139	6892
2857	7905	1140	6765
2858	7940	1141	6799
2859	7876	1140	6736
2860	7873	1143	6730
2861	7871	1152	6719
2862	7824	1150	6674
2863	7789	1145	6644
2864	7854	1139	6715
2865	7878	1153	6725
2866	7772	1158	6614
2867	7773	1152	6621
2868	7768	1151	6617
2869	7777	1154	6623
2870	7714	1151	6563
2871	7660	1150	6510
2872	7713	1137	6576
2873	7677	1143	6534
2874	7654	1134	6520
2875	7610	1139	6471
2876	7607	1141	6466
2877	7560	1148	6412
2878	7537	1151	6386
2879	7498	1146	6352
2880	7544	1139	6405
2881	7498	1140	6358
2882	7476	1139	6337
2883	7444	1144	6300
2884	7481	1141	6340
2885	7444	1135	6309
2886	7488	1145	6343
2887	7454	1157	6297
2888	7426	1137	6289
2889	7371	1129	6242
2890	7282	1134	6148
2891	7261	1147	6114
2892	7201	1148	6053
2893	7222	1150	6072
2894	7210	1154	6056
2895	7235	1147	6088
2896	7230	1144	6086
2897	7171	1152	6019
2898	7163	1148	6015
2899	7104	1144	5960
2900	6961	1145	5816
2901	7010	1138	5872
2902	7074	1138	5936
2903	7053	1136	5917
2904	7040	1146	5894
2905	7028	1153	5875
2906	7022	1147	5875
2907	6915	1148	5767
2908	6879	1141	5738
2909	6935	1146	5789
2910	6949	1141	5808
2911	6897	1138	5759
2912	6914	1148	5766
2913	6892	1144	5748
2914	6852	1149	5703
2915	6873	1148	5725
2916	6819	1146	5673
2917	6712	1144	5568
2918	6758	1138	5620
2919	6769	1139	5630
2920	6739	1138	5601
2921	6711	1138	5573
2922	6686	1145	5541
2923	6774	1147	5627
2924	6788	1155	5633
2925	6745	1149	5596
2926	6637	1141	5496
2927	6635	1140	5495
2928	6688	1140	5548
2929	6613	1136	5477
2930	6625	1142	5483
2931	6601	1140	5461
2932	6541	1149	5392
2933	6516	1150	5366
2934	6541	1147	5394
2935	6538	1154	5384
2936	6494	1148	5346
2937	6447	1145	5302
2938	6432	1144	5288
2939	6345	1153	5192
2940	6295	1146	5149
2941	6253	1143	5110
2942	6217	1143	5074
2943	6236	1138	5098
2944	6250	1141	5109
2945	6235	1151	5084
2946	6131	1147	4984
2947	6122	1149	4973
2948	6161	1145	5016
2949	6143	1142	5001
2950	6097	1141	4956
2951	6058	1143	4915
2952	6112	1143	4969
2953	6049	1141	4908
2954	6056	1135	4921
2955	6080	1141	4939
2956	6080	1147	4933
2957	6046	1138	4908
2958	6014	1139	4875
2959	6016	1145	4871
2960	6064	1150	4914
2961	5977	1148	4829
2962	5957	1147	4810
2963	5934	1151	4783
2964	5881	1151	4730
2965	5886	1142	4744
2966	5878	1136	4742
2967	5825	1147	4678
2968	5842	1142	4700
2969	5823	1136	4687
2970	5829	1130	4699
2971	5834	1143	4691
2972	5797	1150	4647
2973	5739	1148	4591
2974	5728	1146	4582
2975	5711	1150	4561
2976	5695	1154	4541
2977	5655	1156	4499
2978	5631	1148	4483
2979	5660	1147	4513
2980	5620	1157	4463
2981	5628	1155	4473
2982	5645	1149	4496
2983	5649	1153	4496
2984	5560	1147	4413
2985	5470	1149	4321
2986	5472	1148	4324
2987	5461	1140	4321
2988	5491	1137	4354
2989	5456	1139	4317
2990	5451	1145	4306
2991	5396	1147	4249
2992	5338	1140	4198
2993	5282	1147	4135
2994	5302	1140	4162
2995	5249	1146	4103
2996	5244	1150	4094
2997	5225	1143	4082
2998	5200	1138	4062
2999	5142	1135	4007
3000	5125	1144	3981
3001	5062	1143	3919
3002	5027	1137	3890
3003	5031	1143	3888
3004	5030	1143	3887
3005	5050	1139	3911
3006	5031	1137	3894
3007	5020	1151	3869
3008	5043	1151	3892
3009	5065	1146	3919
3010	5004	1134	3870
3011	5004	1136	3868
3012	5039	1137	3902
3013	4998	1145	3853
3014	4992	1138	3854
3015	4929	1149	3780
3016	4909	1146	3763
3017	4883	1150	3733
3018	4845	1153	3692
3019	4807	1145	3662
3020	4761	1138	3623
3021	4766	1141	3625
3022	4788	1141	3647
3023	4748	1142	3606
3024	4707	1140	3567
3025	4679	1142	3537
3026	4695	1144	3551
3027	4745	1152	3593
3028	4689	1147	3542
3029	4624	1151	3473
3030	4610	1151	3459
3031	4603	1144	3459
3032	4584	1132	3452
3033	4525	1135	3390
3034	4586	1144	3442
3035	4595	1139	3456
3036	4485	1132	3353
3037	4405	1147	3258
3038	4457	1145	3312
3039	4501	1158	3343
3040	4438	1156	3282
3041	4382	1146	3236
3042	4379	1137	3242
3043	4314	1139	3175
3044	4313	1143	3170
3045	4303	1142	3161
3046	4296	1143	3153
3047	4307	1148	3159
3048	4286	1147	3139
3049	4195	1143	3052
3050	4135	1140	2995
3051	4163	1138	3025
3052	4194	1137	3057
3053	4134	1128	3006
3054	4091	1137	2954
3055	4024	1155	2869
3056	4009	1146	2863
3057	4029	1142	2887
3058	4010	1151	2859
3059	3929	1154	2775
3060	3933	1147	2786
3061	3908	1143	2765
3062	3960	1146	2814
3063	3941	1146	2795
3064	3874	1141	2733
3065	3829	1141	2688
3066	3785	1145	2640
3067	3799	1143	2656
3068	3785	1140	2645
3069	3740	1136	2604
3070	3717	1139	2578
3071	3744	1142	2602
3072	3734	1144	2590
3073	3706	1155	2551
3074	3668	1150	2518
3075	3661	1153	2508
3076	3666	1151	2515
3077	3622	1141	2481
3078	3553	1132	2421
3079	3505	1155	2350
3080	3535	1155	2380
3081	3500	1153	2347
3082	3415	1149	2266
3083	3385	1145	2240
3084	3414	1141	2273
3085	3413	1143	2270
3086	3437	1148	2289
3087	3438	1144	2294
3088	3319	1146	2173
3089	3324	1145	2179
3090	3315	1144	2171
3091	3299	1146	2153
3092	3282	1150	2132
3093	3246	1147	2099
3094	3201	1141	2060
3095	3177	1147	2030
3096	3176	1154	2022
3097	3165	1147	2018
3098	3141	1144	1997
3099	3091	1142	1949
3100	3080	1143	1937
3101	3062	1146	1916
3102	2997	1139	1858
3103	3030	1137	1893
3104	3026	1143	1883
3105	2966	1139	1827
3106	2946	1137	1809
3107	2924	1139	1785
3108	2891	1141	1750
3109	2858	1143	1715
3110	2851	1146	1705
3111	2833	1139	1694
3112	2877	1143	1734
3113	2885	1140	1745
3114	2839	1139	1700
3115	2804	1143	1661
3116	2793	1136	1657
3117	2736	1141	1595
3118	2682	1139	1543
3119	2689	1142	1547
3120	2666	1140	1526
3121	2694	1143	1551
3122	2654	1138	1516
3123	2631	1136	1495
3124	2653	1142	1511
3125	2604	1143	1461
3126	2592	1140	1452
3127	2560	1142	1418
3128	2550	1143	1407
3129	2562	1142	1420
3130	2499	1136	1363
3131	2465	1136	1329
3132	2463	1144	1319
3133	2429	1148	1281
3134	2399	1138	1261
3135	2380	1145	1235
3136	2375	1151	1224
3137	2359	1141	1218
3138	2370	1141	1229
3139	2366	1140	1226
3140	2335	1133	1202
3141	2325	1144	1181
3142	2316	1135	1181
3143	2265	1136	1129
3144	2269	1145	1124
3145	2235	1148	1087
3146	2191	1147	1044
3147	2170	1145	1025
3148	2161	1143	1018
3149	2173	1140	1033
3150	2146	1137	1009
3151	2148	1133	1015
3152	2137	1141	996
3153	2124	1151	973
3154	2110	1142	968
3155	2086	1147	939
3156	2074	1149	925
3157	2031	1146	885
3158	2015	1151	864
3159	2018	1148	870
3160	1991	1139	852
3161	1958	1136	822
3162	1958	1140	818
3163	1941	1149	792
3164	1926	1153	773
3165	1889	1149	740
3166	1889	1146	743
3167	1884	1140	744
3168	1889	1136	753
3169	1894	1138	756
3170	1875	1143	732
3171	1828	1144	684
3172	1825	1134	691
3173	1813	1142	671
3174	1781	1147	634
3175	1764	1139	625
3176	1781	1141	640
3177	1770	1144	626
3178	1740	1145	595
3179	1727	1149	578
3180	1729	1148	581
3181	1709	1140	569
3182	1701	1142	559
3183	1686	1150	536
3184	1653	1145	508
3185	1652	1144	508
3186	1651	1138	513
3187	1642	1140	502
3188	1631	1136	495
3189	1612	1131	481
3190	1601	1137	464
3191	1587	1149	438
3192	1585	1147	438
3193	1597	1138	459
3194	1585	1139	446
3195	1557	1153	404
3196	1557	1142	415
3197	1567	1147	420
3198	1551	1146	405
3199	1525	1144	381
3200	1519	1153	366
3201	1502	1161	341
3202	1493	1149	344
3203	1470	1132	338
3204	1473	1134	339
3205	1485	1140	345
3206	1470	1143	327
3207	1443	1138	305
3208	1461	1136	325
3209	1457	1139	318
3210	1478	1140	338
3211	1465	1148	317
3212	1438	1144	294
3213	1423	1148	275
3214	1429	1139	290
3215	1429	1143	286
3216	1441	1142	299
3217	1424	1142	282
3218	1427	1139	288
3219	1425	1137	288
3220	1416	1138	278
3221	1406	1137	269
3222	1394	1142	252
3223	1380	1147	233
3224	1388	1151	237
3225	1398	1150	248
3226	1398	1147	251
3227	1394	1151	243
3228	1403	1157	246
3229	1391	1152	239
3230	1420	1137	283
3231	1404	1142	262
3232	1393	1140	253
3233	1360	1142	218
3234	1379	1140	239
3235	1388	1141	247
3236	1384	1130	254
3237	1358	1135	223
3238	1346	1146	200
3239	1351	1152	199
3240	1367	1148	219
3241	1356	1151	205
3242	1359	1146	213
3243	1350	1139	211
3244	1364	1142	222
3245	1344	1145	199
3246	1349	1145	204
3247	1352	1136	216
3248	1362	1132	230
3249	1355	1142	213
3250	1349	1146	203
3251	1342	1136	206
3252	1356	1138	218
3253	1370	1149	221
3254	1361	1139	222
3255	1372	1150	222
3256	1363	1146	217
3257	1353	1126	227
3258	1360	1134	226
3259	1345	1151	194
3260	1354	1150	204
3261	1335	1149	186
3262	1343	1145	198
3263	1333	1146	187
3264	1346	1140	206
3265	1327	1145	182
3266	1329	1152	177
3267	1332	1147	185
3268	1336	1147	189
3269	1359	1153	206
3270	1345	1146	199
3271	1356	1136	220
3272	1354	1129	225
3273	1360	1125	235
3274	1347	1136	211
3275	1328	1153	175
3276	1318	1145	173
3277	1320	1138	182
3278	1324	1142	182
3279	1328	1138	190
3280	1322	1140	182
3281	1317	1149	168
3282	1315	1142	173
3283	1323	1142	181
3284	1326	1155	171
3285	1336	1147	189
3286	1311	1151	160
3287	1297	1153	144
3288	1329	1142	187
3289	1318	1141	177
3290	1323	1145	178
3291	1324	1135	189
3292	1322	1137	185
3293	1313	1138	175
3294	1340	1135	205
3295	1348	1142	206
3296	1323	1141	182
3297	1322	1147	175
3298	1330	1141	189
3299	1314	1143	171
3300	1337	1148	189
3301	1333	1144	189
3302	1341	1148	193
3303	1342	1141	201
3304	1344	1149	195
3305	1320	1133	187
3306	1309	1118	191
3307	1307	1131	176
3308	1328	1140	188
3309	1320	1136	184
3310	1320	1141	179
3311	1332	1145	187
3312	1342	1140	202
3313	1322	1147	175
3314	1340	1149	191
3315	1332	1149	183
3316	1340	1148	192
3317	1326	1143	183
3318	1315	1149	166
3319	1314	1149	165
3320	1307	1142	165
3321	1317	1140	177
3322	1317	1143	174
3323	1290	1145	145
3324	1312	1137	175
3325	1319	1137	182
3326	1337	1144	193
3327	1332	1143	189
3328	1319	1136	183
3329	1316	1137	179
3330	1321	1144	177
3331	1323	1149	174
3332	1316	1136	180
3333	1302	1137	165
3334	1304	1143	161
3335	1300	1140	160
3336	1321	1134	187
3337	1301	1135	166
3338	1296	1140	156
3339	1288	1139	149
3340	1293	1144	149
3341	1300	1157	143
3342	1323	1145	178
3343	1296	1141	155
3344	1303	1139	164
3345	1313	1143	170
3346	1325	1140	185
3347	1308	1139	169
3348	1293	1142	151
3349	1294	1152	142
3350	1309	1149	160
3351	1311	1146	165
3352	1298	1144	154
3353	1279	1145	134
3354	1298	1144	154
3355	1307	1143	164
3356	1290	1143	147
3357	1289	1141	148
3358	1301	1150	151
3359	1311	1149	162
3360	1306	1147	159
3361	1309	1149	160
3362	1305	1140	165
3363	1300	1142	158
3364	1312	1144	168
3365	1320	1147	173
3366	1316	1157	159
3367	1284	1153	131
3368	1288	1145	143
3369	1300	1147	153
3370	1286	1140	146
3371	1280	1150	130
3372	1302	1141	161
3373	1292	1136	156
3374	1268	1147	121
3375	1244	1157	87
3376	1292	1144	148
3377	1297	1143	154
3378	1316	1143	173
3379	1293	1140	153
3380	1274	1137	137
3381	1269	1140	129
3382	1265	1132	133
3383	1279	1142	137
3384	1302	1147	155
3385	1303	1139	164
3386	1283	1137	146
3387	1274	1146	128
3388	1298	1148	150
3389	1285	1137	148
3390	1298	1146	152
3391	1285	1151	134
3392	1273	1146	127
3393	1273	1142	131
3394	1290	1140	150
3395	1277	1138	139
3396	1279	1140	139
3397	1293	1141	152
3398	1285	1142	143
3399	1279	1148	131
3400	1287	1146	141
3401	1296	1144	152
3402	1285	1146	139
3403	1271	1143	128
3404	1272	1136	136
3405	1268	1150	118
3406	1266	1153	113
3407	1270	1151	119
3408	1277	1154	123
3409	1283	1156	127
3410	1269	1150	119
3411	1257	1141	116
3412	1263	1144	119
3413	1250	1141	109
3414	1265	1149	116
3415	1279	1150	129
3416	1276	1136	140
3417	1273	1143	130
3418	1269	1139	130
3419	1274	1134	140
3420	1273	1134	139
3421	1275	1139	136
3422	1287	1144	143
3423	1278	1145	133
3424	1278	1140	138
3425	1287	1142	145
3426	1285	1145	140
3427	1263	1144	119
3428	1261	1152	109
3429	1247	1145	102
3430	1266	1139	127
3431	1257	1142	115
3432	1249	1151	98
3433	1273	1144	129
3434	1275	1146	129
3435	1244	1157	87
3436	1280	1157	123
3437	1277	1149	128
3438	1289	1152	137
3439	1285	1152	133
3440	1259	1140	119
3441	1256	1142	114
3442	1256	1147	109
3443	1256	1142	114
3444	1277	1145	132
3445	1276	1146	130
3446	1262	1142	120
3447	1264	1139	125
3448	1266	1135	131
3449	1262	1139	123
3450	1255	1140	115
3451	1238	1130	108
3452	1249	1133	116
3453	1233	1137	96
3454	1235	1144	91
3455	1256	1141	115
3456	1243	1140	103
3457	1239	1142	97
3458	1266	1139	127
3459	1252	1143	109
3460	1227	1141	86
3461	1232	1144	88
3462	1243	1147	96
3463	1229	1141	88
3464	1259	1145	114
3465	1260	1143	117
3466	1260	1147	113
3467	1247	1140	107
3468	1271	1129	142
3469	1270	1133	137
3470	1258	1137	121
3471	1246	1137	109
3472	1251	1132	119
3473	1254	1144	110
3474	1252	1140	112
3475	1249	1140	109
3476	1249	1141	108
3477	1243	1148	95
3478	1232	1139	93
3479	1219	1132	87
3480	1248	1148	100
3481	1255	1149	106
3482	1248	1145	103
3483	1240	1138	102
3484	1263	1146	117
3485	1270	1149	121
3486	1254	1142	112
3487	1262	1144	118
3488	1286	1145	141
3489	1268	1154	114
3490	1267	1143	124
3491	1254	1137	117
3492	1224	1141	83
3493	1231	1143	88
3494	1251	1139	112
3495	1227	1149	78
3496	1227	1155	72
3497	1220	1143	77
3498	1224	1147	77
3499	1225	1148	77
3500	1234	1141	93
3501	1246	1151	95
3502	1247	1150	97
3503	1248	1148	100
3504	1248	1147	101
3505	1205	1140	65
3506	1221	1141	80
3507	1219	1143	76
3508	1232	1140	92
3509	1242	1145	97
3510	1237	1148	89
3511	1228	1144	84
3512	1216	1144	72
3513	1234	1141	93
3514	1244	1138	106
3515	1242	1142	100
3516	1218	1142	76
3517	1201	1141	60
3518	1247	1142	105
3519	1228	1140	88
3520	1227	1137	90
3521	1230	1141	89
3522	1238	1141	97
3523	1223	1141	82
3524	1206	1147	59
3525	1207	1149	58
3526	1231	1143	88
3527	1244	1141	103
3528	1231	1131	100
3529	1226	1128	98
3530	1222	1131	91
3531	1212	1138	74
3532	1235	1143	92
3533	1229	1145	84
3534	1246	1141	105
3535	1244	1147	97
3536	1246	1142	104
3537	1237	1140	97
3538	1245	1147	98
3539	1237	1152	85
3540	1239	1147	92
3541	1236	1148	88
3542	1215	1142	73
3543	1202	1146	56
3544	1223	1152	71
3545	1235	1142	93
3546	1234	1135	99
3547	1217	1132	85
3548	1233	1134	99
3549	1215	1131	84
3550	1234	1142	92
3551	1251	1151	100
3552	1259	1143	116
3553	1228	1148	80
3554	1222	1143	79
3555	1230	1139	91
3556	1216	1126	90
3557	1220	1138	82
3558	1225	1153	72
3559	1209	1153	56
3560	1234	1145	89
3561	1237	1144	93
3562	1211	1138	73
3563	1200	1139	61
3564	1215	1143	72
3565	1233	1152	81
3566	1215	1147	68
3567	1220	1140	80
3568	1232	1153	79
3569	1220	1156	64
3570	1221	1146	75
3571	1227	1144	83
3572	1223	1148	75
3573	1205	1148	57
3574	1234	1143	91
3575	1213	1148	65
3576	1229	1156	73
3577	1237	1156	81
3578	1249	1144	105
3579	1208	1147	61
3580	1215	1142	73
3581	1232	1141	91
3582	1226	1139	87
3583	1208	1140	68
3584	1201	1141	60
3585	1205	1135	70
3586	1207	1144	63
3587	1201	1141	60
3588	1212	1138	74
3589	1216	1138	78
3590	1224	1145	79
3591	1195	1142	53
3592	1226	1142	84
3593	1208	1150	58
3594	1191	1142	49
3595	1217	1146	71
3596	1210	1154	56
3597	1200	1164	36
3598	1215	1149	66
3599	1208	1147	61
3600	1215	1136	79
3601	1210	1138	72
3602	1215	1142	73
3603	1203	1144	59
3604	1217	1147	70
3605	1217	1137	80
3606	1217	1144	73
3607	1216	1153	63
3608	1233	1159	74
3609	1209	1156	53
3610	1218	1145	73
3611	1202	1135	67
3612	1179	1135	44
3613	1173	1144	29
3614	1208	1146	62
3615	1211	1147	64
3616	1213	1143	70
3617	1188	1147	41
3618	1199	1142	57
3619	1198	1130	68
3620	1199	1138	61
3621	1194	1141	53
3622	1204	1138	66
3623	1196	1143	53
3624	1210	1143	67
3625	1224	1140	84
3626	1206	1138	68
3627	1192	1140	52
3628	1199	1145	54
3629	1194	1151	43
3630	1217	1149	68
3631	1216	1148	68
3632	1178	1152	26
3633	1180	1151	29
3634	1210	1141	69
3635	1204	1143	61
3636	1189	1152	37
3637	1193	1152	41
3638	1201	1150	51
3639	1203	1153	50
3640	1206	1159	47
3641	1206	1148	58
3642	1202	1143	59
3643	1218	1148	70
3644	1234	1147	87
3645	1207	1143	64
3646	1215	1143	72
3647	1207	1141	66
3648	1187	1147	40
