index	original	background	difference
-----------------------------------------------------
1	1184	1099	85
2	1180	1102	78
3	1180	1106	74
4	1185	1108	77
5	1181	1105	76
6	1200	1099	101
7	1208	1105	103
8	1184	1107	77
9	1191	1109	82
10	1183	1109	74
11	1173	1111	62
12	1179	1110	69
13	1188	1111	77
14	1179	1120	59
15	1182	1130	52
16	1181	1117	64
17	1192	1111	81
18	1204	1111	93
19	1196	1123	73
20	1188	1116	72
21	1198	1102	96
22	1213	1121	92
23	1186	1117	69
24	1197	1121	76
25	1216	1121	95
26	1185	1122	63
27	1193	1126	67
28	1219	1123	96
29	1246	1118	128
30	1222	1116	106
31	1203	1124	79
32	1204	1123	81
33	1202	1128	74
34	1205	1131	74
35	1209	1125	84
36	1188	1128	60
37	1198	1122	76
38	1200	1126	74
39	1192	1125	67
40	1207	1128	79
41	1218	1123	95
42	1215	1114	101
43	1221	1124	97
44	1215	1139	76
45	1193	1133	60
46	1197	1125	72
47	1237	1128	109
48	1227	1137	90
49	1241	1143	98
50	1239	1136	103
51	1237	1138	99
52	1232	1139	93
53	1223	1136	87
54	1213	1138	75
55	1225	1130	95
56	1235	1132	103
57	1227	1126	101
58	1233	1130	103
59	1214	1141	73
60	1218	1130	88
61	1228	1126	102
62	1216	1138	78
63	1232	1144	88
64	1227	1140	87
65	1206	1132	74
66	1217	1129	88
67	1238	1131	107
68	1216	1131	85
69	1212	1136	76
70	1205	1134	71
71	1230	1135	95
72	1227	1142	85
73	1221	1152	69
74	1234	1147	87
75	1257	1140	117
76	1239	1141	98
77	1251	1142	109
78	1228	1147	81
79	1237	1147	90
80	1241	1142	99
81	1246	1137	109
82	1240	1132	108
83	1241	1129	112
84	1257	1131	126
85	1252	1137	115
86	1239	1133	106
87	1264	1137	127
88	1243	1146	97
89	1255	1149	106
90	1242	1145	97
91	1231	1140	91
92	1247	1138	109
93	1272	1140	132
94	1277	1138	139
95	1269	1139	130
96	1263	1136	127
97	1267	1140	127
98	1259	1146	113
99	1265	1142	123
100	1271	1135	136
101	1284	1141	143
102	1254	1140	114
103	1245	1135	110
104	1256	1139	117
105	1260	1152	108
106	1266	1144	122
107	1285	1138	147
108	1267	1141	126
109	1252	1145	107
110	1267	1142	125
111	1271	1135	136
112	1275	1136	139
113	1295	1138	157
114	1250	1132	118
115	1257	1136	121
116	1274	1129	145
117	1292	1132	160
118	1289	1140	149
119	1278	1144	134
120	1299	1139	160
121	1293	1140	153
122	1288	1146	142
123	1280	1139	141
124	1287	1137	150
125	1306	1134	172
126	1316	1130	186
127	1309	1134	175
128	1276	1135	141
129	1293	1142	151
130	1325	1149	176
131	1321	1159	162
132	1314	1156	158
133	1302	1146	156
134	1300	1141	159
135	1295	1136	159
136	1287	1139	148
137	1299	1138	161
138	1295	1142	153
139	1306	1144	162
140	1319	1144	175
141	1321	1144	177
142	1323	1134	189
143	1318	1141	177
144	1270	1145	125
145	1293	1140	153
146	1300	1141	159
147	1320	1151	169
148	1304	1144	160
149	1318	1134	184
150	1332	1137	195
151	1334	1144	190
152	1330	1141	189
153	1323	1144	179
154	1306	1143	163
155	1307	1138	169
156	1348	1138	210
157	1365	1140	225
158	1325	1143	182
159	1326	1152	174
160	1335	1146	189
161	1341	1140	201
162	1337	1144	193
163	1337	1145	192
164	1319	1139	180
165	1328	1148	180
166	1318	1145	173
167	1329	1142	187
168	1339	1139	200
169	1353	1142	211
170	1334	1137	197
171	1342	1143	199
172	1350	1146	204
173	1352	1154	198
174	1365	1145	220
175	1371	1139	232
176	1351	1139	212
177	1350	1137	213
178	1372	1143	229
179	1380	1145	235
180	1356	1134	222
181	1359	1132	227
182	1370	1134	236
183	1382	1133	249
184	1382	1140	242
185	1379	1143	236
186	1349	1153	196
187	1368	1152	216
188	1387	1145	242
189	1382	1151	231
190	1335	1149	186
191	1351	1150	201
192	1402	1136	266
193	1411	1126	285
194	1385	1130	255
195	1372	1153	219
196	1392	1147	245
197	1396	1146	250
198	1406	1145	261
199	1409	1150	259
200	1369	1146	223
201	1387	1146	241
202	1402	1135	267
203	1396	1132	264
204	1400	1139	261
205	1407	1146	261
206	1396	1143	253
207	1425	1139	286
208	1404	1152	252
209	1414	1152	262
210	1392	1145	247
211	1414	1137	277
212	1413	1140	273
213	1433	1137	296
214	1420	1136	284
215	1395	1134	261
216	1395	1135	260
217	1437	1141	296
218	1441	1148	293
219	1433	1144	289
220	1428	1132	296
221	1472	1128	344
222	1468	1132	336
223	1473	1138	335
224	1446	1138	308
225	1447	1136	311
226	1446	1134	312
227	1442	1130	312
228	1460	1132	328
229	1462	1146	316
230	1475	1145	330
231	1467	1138	329
232	1429	1139	290
233	1458	1140	318
234	1461	1139	322
235	1468	1132	336
236	1472	1134	338
237	1490	1144	346
238	1488	1145	343
239	1497	1147	350
240	1509	1150	359
241	1516	1150	366
242	1492	1137	355
243	1518	1138	380
244	1531	1144	387
245	1532	1157	375
246	1535	1149	386
247	1542	1148	394
248	1522	1143	379
249	1539	1137	402
250	1540	1145	395
251	1504	1140	364
252	1512	1141	371
253	1569	1148	421
254	1558	1146	412
255	1550	1151	399
256	1532	1137	395
257	1539	1142	397
258	1542	1151	391
259	1533	1150	383
260	1549	1143	406
261	1548	1140	408
262	1529	1133	396
263	1532	1139	393
264	1555	1142	413
265	1579	1136	443
266	1578	1138	440
267	1592	1136	456
268	1577	1135	442
269	1571	1141	430
270	1594	1142	452
271	1633	1148	485
272	1618	1148	470
273	1598	1149	449
274	1612	1138	474
275	1619	1139	480
276	1616	1147	469
277	1628	1143	485
278	1595	1146	449
279	1592	1140	452
280	1603	1130	473
281	1627	1136	491
282	1630	1145	485
283	1639	1139	500
284	1634	1139	495
285	1622	1148	474
286	1642	1146	496
287	1672	1152	520
288	1668	1152	516
289	1674	1150	524
290	1691	1150	541
291	1682	1147	535
292	1690	1140	550
293	1696	1146	550
294	1697	1142	555
295	1709	1143	566
296	1720	1148	572
297	1737	1158	579
298	1725	1153	572
299	1752	1147	605
300	1739	1142	597
301	1742	1150	592
302	1740	1143	597
303	1767	1149	618
304	1757	1147	610
305	1788	1135	653
306	1790	1123	667
307	1760	1134	626
308	1795	1148	647
309	1815	1143	672
310	1811	1144	667
311	1808	1139	669
312	1829	1128	701
313	1838	1137	701
314	1847	1142	705
315	1869	1143	726
316	1854	1135	719
317	1829	1130	699
318	1856	1134	722
319	1872	1136	736
320	1878	1140	738
321	1891	1138	753
322	1897	1138	759
323	1906	1133	773
324	1908	1131	777
325	1909	1136	773
326	1922	1139	783
327	1921	1143	778
328	1927	1154	773
329	1909	1150	759
330	1921	1151	770
331	1933	1159	774
332	1980	1148	832
333	1992	1151	841
334	1994	1142	852
335	1991	1139	852
336	1956	1149	807
337	1966	1139	827
338	1985	1140	845
339	1993	1146	847
340	2004	1150	854
341	2004	1158	846
342	2015	1149	866
343	2035	1140	895
344	2044	1136	908
345	2053	1145	908
346	2088	1141	947
347	2090	1144	946
348	2094	1145	949
349	2092	1143	949
350	2070	1142	928
351	2082	1141	941
352	2101	1137	964
353	2121	1140	981
354	2118	1143	975
355	2107	1147	960
356	2122	1140	982
357	2146	1141	1005
358	2140	1143	997
359	2174	1143	1031
360	2176	1146	1030
361	2188	1148	1040
362	2194	1140	1054
363	2184	1134	1050
364	2169	1136	1033
365	2159	1129	1030
366	2164	1125	1039
367	2214	1144	1070
368	2211	1136	1075
369	2255	1140	1115
370	2259	1142	1117
371	2220	1146	1074
372	2220	1151	1069
373	2265	1143	1122
374	2285	1140	1145
375	2285	1139	1146
376	2311	1140	1171
377	2316	1150	1166
378	2290	1153	1137
379	2322	1142	1180
380	2311	1131	1180
381	2325	1141	1184
382	2298	1150	1148
383	2341	1153	1188
384	2353	1140	1213
385	2312	1141	1171
386	2323	1135	1188
387	2361	1141	1220
388	2331	1149	1182
389	2338	1132	1206
390	2335	1135	1200
391	2380	1155	1225
392	2401	1154	1247
393	2421	1147	1274
394	2397	1151	1246
395	2396	1153	1243
396	2375	1147	1228
397	2416	1148	1268
398	2420	1156	1264
399	2435	1150	1285
400	2477	1152	1325
401	2457	1155	1302
402	2463	1142	1321
403	2472	1151	1321
404	2439	1142	1297
405	2464	1140	1324
406	2465	1146	1319
407	2490	1144	1346
408	2494	1141	1353
409	2457	1141	1316
410	2449	1147	1302
411	2501	1150	1351
412	2544	1143	1401
413	2555	1154	1401
414	2546	1146	1400
415	2526	1142	1384
416	2524	1136	1388
417	2576	1134	1442
418	2547	1133	1414
419	2542	1140	1402
420	2549	1151	1398
421	2582	1149	1433
422	2586	1148	1438
423	2629	1147	1482
424	2605	1142	1463
425	2609	1142	1467
426	2581	1142	1439
427	2584	1144	1440
428	2605	1146	1459
429	2645	1150	1495
430	2610	1147	1463
431	2628	1143	1485
432	2674	1135	1539
433	2633	1143	1490
434	2630	1146	1484
435	2658	1147	1511
436	2623	1140	1483
437	2632	1131	1501
438	2633	1145	1488
439	2659	1146	1513
440	2671	1151	1520
441	2670	1148	1522
442	2647	1151	1496
443	2686	1148	1538
444	2717	1141	1576
445	2754	1142	1612
446	2701	1130	1571
447	2699	1143	1556
448	2675	1153	1522
449	2698	1149	1549
450	2717	1145	1572
451	2669	1146	1523
452	2673	1147	1526
453	2734	1147	1587
454	2769	1138	1631
455	2752	1139	1613
456	2749	1133	1616
457	2778	1135	1643
458	2766	1139	1627
459	2804	1150	1654
460	2831	1148	1683
461	2818	1134	1684
462	2754	1134	1620
463	2790	1134	1656
464	2814	1132	1682
465	2788	1138	1650
466	2787	1141	1646
467	2827	1150	1677
468	2832	1147	1685
469	2841	1156	1685
470	2844	1153	1691
471	2852	1137	1715
472	2881	1130	1751
473	2885	1137	1748
474	2883	1136	1747
475	2913	1133	1780
476	2900	1142	1758
477	2861	1148	1713
478	2908	1143	1765
479	2922	1141	1781
480	2862	1150	1712
481	2845	1141	1704
482	2890	1132	1758
483	2879	1148	1731
484	2860	1146	1714
485	2879	1143	1736
486	2898	1136	1762
487	2944	1141	1803
488	2974	1141	1833
489	2942	1129	1813
490	2947	1127	1820
491	2976	1140	1836
492	2994	1140	1854
493	2985	1145	1840
494	2964	1139	1825
495	2981	1140	1841
496	3013	1146	1867
497	3013	1156	1857
498	3017	1150	1867
499	3028	1149	1879
500	3018	1145	1873
501	3022	1138	1884
502	3020	1141	1879
503	3047	1141	1906
504	3022	1142	1880
505	3094	1142	1952
506	3122	1141	1981
507	3100	1153	1947
508	3057	1158	1899
509	3100	1132	1968
510	3094	1122	1972
511	3110	1136	1974
512	3114	1147	1967
513	3135	1153	1982
514	3120	1134	1986
515	3134	1141	1993
516	3169	1146	2023
517	3192	1144	2048
518	3183	1139	2044
519	3193	1136	2057
520	3162	1139	2023
521	3167	1144	2023
522	3198	1139	2059
523	3209	1133	2076
524	3179	1143	2036
525	3170	1138	2032
526	3144	1144	2000
527	3179	1147	2032
528	3201	1139	2062
529	3218	1133	2085
530	3263	1122	2141
531	3269	1133	2136
532	3287	1136	2151
533	3281	1143	2138
534	3261	1141	2120
535	3255	1134	2121
536	3288	1131	2157
537	3306	1144	2162
538	3294	1138	2156
539	3310	1134	2176
540	3333	1134	2199
541	3329	1142	2187
542	3336	1151	2185
543	3344	1144	2200
544	3373	1145	2228
545	3408	1148	2260
546	3439	1141	2298
547	3396	1140	2256
548	3365	1145	2220
549	3370	1142	2228
550	3371	1144	2227
551	3356	1142	2214
552	3404	1135	2269
553	3440	1147	2293
554	3420	1150	2270
555	3401	1144	2257
556	3362	1144	2218
557	3426	1153	2273
558	3452	1146	2306
559	3495	1142	2353
560	3497	1147	2350
561	3460	1147	2313
562	3506	1132	2374
563	3506	1130	2376
564	3509	1149	2360
565	3524	1144	2380
566	3528	1147	2381
567	3528	1140	2388
568	3556	1131	2425
569	3590	1148	2442
570	3588	1155	2433
571	3559	1149	2410
572	3567	1140	2427
573	3593	1140	2453
574	3602	1137	2465
575	3613	1139	2474
576	3639	1146	2493
577	3637	1147	2490
578	3618	1149	2469
579	3663	1137	2526
580	3651	1136	2515
581	3611	1144	2467
582	3653	1139	2514
583	3660	1142	2518
584	3681	1150	2531
585	3687	1155	2532
586	3678	1149	2529
587	3708	1148	2560
588	3710	1145	2565
589	3729	1147	2582
590	3770	1141	2629
591	3740	1145	2595
592	3714	1137	2577
593	3720	1124	2596
594	3687	1133	2554
595	3792	1151	2641
596	3844	1152	2692
597	3779	1138	2641
598	3757	1138	2619
599	3840	1152	2688
600	3855	1144	2711
601	3857	1142	2715
602	3833	1144	2689
603	3815	1141	2674
604	3848	1147	2701
605	3862	1145	2717
606	3855	1145	2710
607	3839	1147	2692
608	3879	1142	2737
609	3931	1142	2789
610	3893	1140	2753
611	3942	1149	2793
612	3940	1142	2798
613	3923	1140	2783
614	3931	1146	2785
615	3998	1147	2851
616	4014	1144	2870
617	4027	1140	2887
618	4017	1137	2880
619	3995	1141	2854
620	4040	1139	2901
621	4009	1132	2877
622	4020	1133	2887
623	3999	1137	2862
624	3993	1144	2849
625	3964	1145	2819
626	3993	1148	2845
627	4017	1156	2861
628	4070	1146	2924
629	4095	1141	2954
630	4055	1144	2911
631	4063	1138	2925
632	4030	1140	2890
633	4070	1145	2925
634	4087	1141	2946
635	4094	1148	2946
636	4107	1141	2966
637	4115	1142	2973
638	4121	1143	2978
639	4091	1141	2950
640	4091	1132	2959
641	4073	1132	2941
642	4117	1132	2985
643	4145	1134	3011
644	4183	1134	3049
645	4163	1147	3016
646	4219	1150	3069
647	4216	1149	3067
648	4161	1146	3015
649	4202	1146	3056
650	4141	1143	2998
651	4131	1148	2983
652	4223	1141	3082
653	4226	1144	3082
654	4201	1146	3055
655	4191	1137	3054
656	4164	1143	3021
657	4205	1145	3060
658	4185	1142	3043
659	4205	1152	3053
660	4231	1145	3086
661	4234	1143	3091
662	4240	1135	3105
663	4253	1133	3120
664	4228	1136	3092
665	4211	1148	3063
666	4174	1150	3024
667	4193	1152	3041
668	4236	1143	3093
669	4264	1141	3123
670	4305	1142	3163
671	4285	1146	3139
672	4247	1152	3095
673	4289	1149	3140
674	4245	1141	3104
675	4297	1154	3143
676	4251	1146	3105
677	4223	1141	3082
678	4259	1151	3108
679	4326	1138	3188
680	4384	1132	3252
681	4382	1146	3236
682	4288	1145	3143
683	4277	1138	3139
684	4210	1144	3066
685	4238	1143	3095
686	4241	1146	3095
687	4273	1143	3130
688	4273	1146	3127
689	4292	1143	3149
690	4276	1140	3136
691	4237	1139	3098
692	4200	1148	3052
693	4221	1154	3067
694	4266	1145	3121
695	4318	1137	3181
696	4299	1142	3157
697	4278	1140	3138
698	4307	1147	3160
699	4291	1148	3143
700	4278	1148	3130
701	4288	1154	3134
702	4261	1143	3118
703	4285	1154	3131
704	4290	1153	3137
705	4330	1149	3181
706	4314	1147	3167
707	4338	1163	3175
708	4336	1147	3189
709	4276	1142	3134
710	4231	1147	3084
711	4232	1142	3090
712	4235	1129	3106
713	4217	1145	3072
714	4215	1148	3067
715	4242	1142	3100
716	4212	1137	3075
717	4208	1132	3076
718	4213	1143	3070
719	4220	1147	3073
720	4233	1141	3092
721	4261	1141	3120
722	4263	1137	3126
723	4270	1137	3133
724	4286	1138	3148
725	4222	1148	3074
726	4227	1148	3079
727	4244	1144	3100
728	4246	1130	3116
729	4244	1126	3118
730	4246	1137	3109
731	4241	1144	3097
732	4241	1134	3107
733	4204	1141	3063
734	4170	1139	3031
735	4211	1143	3068
736	4210	1146	3064
737	4170	1137	3033
738	4195	1135	3060
739	4181	1136	3045
740	4174	1144	3030
741	4157	1146	3011
742	4204	1148	3056
743	4255	1147	3108
744	4204	1133	3071
745	4135	1137	2998
746	4121	1139	2982
747	4146	1142	3004
748	4194	1147	3047
749	4200	1142	3058
750	4162	1134	3028
751	4120	1141	2979
752	4103	1142	2961
753	4131	1135	2996
754	4118	1143	2975
755	4132	1150	2982
756	4125	1135	2990
757	4116	1135	2981
758	4111	1145	2966
759	4132	1148	2984
760	4174	1139	3035
761	4096	1148	2948
762	4081	1143	2938
763	4131	1143	2988
764	4094	1146	2948
765	4158	1137	3021
766	4139	1140	2999
767	4110	1142	2968
768	4135	1141	2994
769	4140	1150	2990
770	4107	1138	2969
771	4186	1129	3057
772	4155	1130	3025
773	4066	1145	2921
774	4122	1144	2978
775	4118	1145	2973
776	4131	1136	2995
777	4089	1147	2942
778	4073	1155	2918
779	4160	1145	3015
780	4107	1144	2963
781	4095	1154	2941
782	4113	1151	2962
783	4133	1141	2992
784	4146	1135	3011
785	4113	1134	2979
786	4109	1143	2966
787	4120	1132	2988
788	4066	1136	2930
789	4082	1135	2947
790	4066	1128	2938
791	4039	1132	2907
792	4054	1139	2915
793	4014	1132	2882
794	4041	1138	2903
795	4055	1147	2908
796	4069	1145	2924
797	4074	1150	2924
798	4054	1154	2900
799	4069	1145	2924
800	4106	1142	2964
801	4110	1142	2968
802	4063	1147	2916
803	4042	1150	2892
804	4036	1149	2887
805	4018	1151	2867
806	3950	1137	2813
807	4027	1148	2879
808	4068	1142	2926
809	4028	1140	2888
810	4033	1133	2900
811	4110	1136	2974
812	4064	1131	2933
813	4050	1125	2925
814	4044	1136	2908
815	4098	1143	2955
816	4077	1144	2933
817	4096	1149	2947
818	4087	1144	2943
819	4076	1144	2932
820	3985	1146	2839
821	4105	1150	2955
822	4093	1133	2960
823	4041	1137	2904
824	4086	1151	2935
825	4090	1139	2951
826	4050	1123	2927
827	4091	1138	2953
828	4107	1145	2962
829	4083	1142	2941
830	4118	1139	2979
831	4102	1132	2970
832	4108	1139	2969
833	4100	1146	2954
834	4082	1139	2943
835	4100	1154	2946
836	4081	1153	2928
837	4110	1147	2963
838	4104	1138	2966
839	4129	1141	2988
840	4100	1141	2959
841	4035	1135	2900
842	4029	1130	2899
843	4026	1133	2893
844	4035	1140	2895
845	4047	1142	2905
846	4044	1146	2898
847	4045	1148	2897
848	4000	1135	2865
849	4009	1144	2865
850	4015	1140	2875
851	4013	1140	2873
852	4017	1132	2885
853	4005	1129	2876
854	3998	1137	2861
855	4011	1142	2869
856	3989	1131	2858
857	3999	1123	2876
858	4062	1134	2928
859	4115	1142	2973
860	4100	1143	2957
861	4070	1146	2924
862	4110	1155	2955
863	4124	1147	2977
864	4092	1137	2955
865	4096	1142	2954
866	4114	1125	2989
867	4142	1135	3007
868	4137	1157	2980
869	4170	1150	3020
870	4123	1149	2974
871	4130	1143	2987
872	4177	1135	3042
873	4104	1136	2968
874	4127	1127	3000
875	4151	1136	3015
876	4163	1143	3020
877	4153	1146	3007
878	4129	1141	2988
879	4165	1140	3025
880	4170	1140	3030
881	4196	1140	3056
882	4168	1143	3025
883	4204	1145	3059
884	4197	1139	3058
885	4152	1135	3017
886	4163	1140	3023
887	4158	1148	3010
888	4151	1140	3011
889	4170	1130	3040
890	4183	1138	3045
891	4144	1139	3005
892	4121	1134	2987
893	4139	1145	2994
894	4138	1142	2996
895	4148	1139	3009
896	4134	1143	2991
897	4153	1139	3014
898	4093	1137	2956
899	4098	1140	2958
900	4134	1136	2998
901	4122	1132	2990
902	4104	1131	2973
903	4102	1140	2962
904	4123	1144	2979
905	4161	1136	3025
906	4170	1138	3032
907	4158	1142	3016
908	4127	1140	2987
909	4117	1139	2978
910	4180	1131	3049
911	4171	1140	3031
912	4212	1138	3074
913	4234	1140	3094
914	4260	1145	3115
915	4239	1144	3095
916	4231	1142	3089
917	4288	1155	3133
918	4303	1150	3153
919	4319	1132	3187
920	4374	1136	3238
921	4336	1144	3192
922	4308	1148	3160
923	4325	1155	3170
924	4296	1145	3151
925	4307	1134	3173
926	4300	1139	3161
927	4303	1142	3161
928	4328	1138	3190
929	4334	1135	3199
930	4322	1139	3183
931	4313	1144	3169
932	4295	1135	3160
933	4343	1142	3201
934	4404	1140	3264
935	4419	1134	3285
936	4397	1148	3249
937	4359	1145	3214
938	4324	1140	3184
939	4379	1144	3235
940	4375	1140	3235
941	4338	1143	3195
942	4368	1137	3231
943	4379	1136	3243
944	4394	1145	3249
945	4415	1143	3272
946	4364	1129	3235
947	4385	1134	3251
948	4385	1144	3241
949	4396	1151	3245
950	4328	1136	3192
951	4285	1141	3144
952	4277	1152	3125
953	4333	1147	3186
954	4364	1136	3228
955	4327	1141	3186
956	4328	1138	3190
957	4381	1140	3241
958	4390	1142	3248
959	4346	1139	3207
960	4394	1127	3267
961	4433	1132	3301
962	4368	1138	3230
963	4313	1136	3177
964	4356	1140	3216
965	4365	1146	3219
966	4365	1143	3222
967	4361	1144	3217
968	4351	1143	3208
969	4387	1140	3247
970	4392	1140	3252
971	4383	1144	3239
972	4388	1142	3246
973	4372	1142	3230
974	4353	1147	3206
975	4358	1139	3219
976	4386	1144	3242
977	4366	1153	3213
978	4353	1153	3200
979	4321	1146	3175
980	4331	1148	3183
981	4367	1143	3224
982	4349	1144	3205
983	4349	1147	3202
984	4360	1149	3211
985	4336	1151	3185
986	4399	1144	3255
987	4382	1136	3246
988	4330	1144	3186
989	4270	1145	3125
990	4307	1135	3172
991	4408	1142	3266
992	4398	1144	3254
993	4324	1146	3178
994	4341	1151	3190
995	4385	1147	3238
996	4334	1145	3189
997	4290	1138	3152
998	4308	1133	3175
999	4317	1131	3186
1000	4347	1135	3212
1001	4341	1145	3196
1002	4395	1152	3243
1003	4314	1149	3165
1004	4245	1138	3107
1005	4358	1131	3227
1006	4367	1143	3224
1007	4362	1151	3211
1008	4350	1142	3208
1009	4333	1134	3199
1010	4287	1132	3155
1011	4280	1143	3137
1012	4290	1142	3148
1013	4273	1134	3139
1014	4227	1136	3091
1015	4213	1148	3065
1016	4218	1140	3078
1017	4231	1143	3088
1018	4245	1139	3106
1019	4182	1139	3043
1020	4196	1137	3059
1021	4186	1141	3045
1022	4184	1147	3037
1023	4239	1138	3101
1024	4187	1126	3061
1025	4204	1142	3062
1026	4225	1143	3082
1027	4223	1148	3075
1028	4213	1146	3067
1029	4169	1140	3029
1030	4161	1137	3024
1031	4166	1139	3027
1032	4161	1138	3023
1033	4189	1143	3046
1034	4240	1134	3106
1035	4242	1136	3106
1036	4169	1141	3028
1037	4189	1143	3046
1038	4170	1137	3033
1039	4147	1138	3009
1040	4130	1132	2998
1041	4118	1142	2976
1042	4079	1139	2940
1043	4114	1139	2975
1044	4135	1139	2996
1045	4096	1138	2958
1046	4037	1138	2899
1047	4110	1140	2970
1048	4124	1149	2975
1049	4085	1145	2940
1050	4028	1144	2884
1051	4057	1148	2909
1052	4111	1137	2974
1053	4113	1140	2973
1054	4076	1138	2938
1055	4009	1142	2867
1056	4023	1145	2878
1057	4047	1151	2896
1058	4049	1151	2898
1059	4029	1152	2877
1060	4009	1151	2858
1061	4029	1142	2887
1062	4003	1148	2855
1063	3988	1149	2839
1064	4023	1147	2876
1065	3964	1153	2811
1066	3911	1155	2756
1067	3975	1155	2820
1068	3951	1155	2796
1069	3898	1150	2748
1070	3913	1137	2776
1071	3873	1142	2731
1072	3874	1144	2730
1073	3891	1144	2747
1074	3815	1147	2668
1075	3834	1152	2682
1076	3876	1156	2720
1077	3832	1148	2684
1078	3839	1141	2698
1079	3830	1145	2685
1080	3789	1145	2644
1081	3803	1139	2664
1082	3740	1139	2601
1083	3685	1142	2543
1084	3685	1141	2544
1085	3695	1144	2551
1086	3699	1145	2554
1087	3679	1140	2539
1088	3662	1151	2511
1089	3654	1155	2499
1090	3661	1139	2522
1091	3657	1139	2518
1092	3671	1144	2527
1093	3643	1150	2493
1094	3624	1147	2477
1095	3666	1144	2522
1096	3701	1143	2558
1097	3646	1143	2503
1098	3667	1150	2517
1099	3693	1150	2543
1100	3641	1145	2496
1101	3609	1134	2475
1102	3605	1135	2470
1103	3611	1139	2472
1104	3592	1148	2444
1105	3593	1139	2454
1106	3524	1128	2396
1107	3570	1131	2439
1108	3573	1136	2437
1109	3510	1137	2373
1110	3487	1137	2350
1111	3485	1138	2347
1112	3461	1134	2327
1113	3481	1132	2349
1114	3461	1150	2311
1115	3470	1145	2325
1116	3463	1140	2323
1117	3451	1136	2315
1118	3471	1135	2336
1119	3476	1140	2336
1120	3467	1146	2321
1121	3439	1145	2294
1122	3400	1144	2256
1123	3430	1141	2289
1124	3390	1145	2245
1125	3385	1156	2229
1126	3366	1146	2220
1127	3375	1142	2233
1128	3393	1142	2251
1129	3330	1131	2199
1130	3324	1138	2186
1131	3359	1141	2218
1132	3361	1134	2227
1133	3341	1139	2202
1134	3310	1140	2170
1135	3349	1144	2205
1136	3326	1145	2181
1137	3315	1147	2168
1138	3306	1142	2164
1139	3238	1141	2097
1140	3266	1147	2119
1141	3297	1150	2147
1142	3235	1147	2088
1143	3218	1151	2067
1144	3184	1140	2044
1145	3206	1139	2067
1146	3173	1136	2037
1147	3208	1139	2069
1148	3188	1146	2042
1149	3175	1140	2035
1150	3165	1138	2027
1151	3177	1139	2038
1152	3153	1144	2009
1153	3130	1144	1986
1154	3142	1129	2013
1155	3132	1129	2003
1156	3090	1152	1938
1157	3097	1152	1945
1158	3084	1139	1945
1159	3093	1138	1955
1160	3044	1139	1905
1161	3062	1140	1922
1162	3068	1138	1930
1163	3068	1137	1931
1164	3014	1139	1875
1165	3009	1140	1869
1166	2976	1131	1845
1167	2954	1134	1820
1168	3018	1137	1881
1169	3067	1146	1921
1170	3041	1143	1898
1171	3010	1144	1866
1172	3006	1141	1865
1173	3006	1137	1869
1174	2974	1133	1841
1175	2953	1138	1815
1176	2950	1145	1805
1177	2973	1157	1816
1178	2981	1153	1828
1179	3013	1149	1864
1180	2975	1148	1827
1181	2944	1138	1806
1182	2912	1138	1774
1183	2919	1148	1771
1184	2922	1146	1776
1185	2902	1141	1761
1186	2902	1144	1758
1187	2908	1145	1763
1188	2890	1143	1747
1189	2869	1149	1720
1190	2893	1147	1746
1191	2916	1145	1771
1192	2914	1152	1762
1193	2868	1136	1732
1194	2831	1142	1689
1195	2880	1148	1732
1196	2853	1136	1717
1197	2843	1130	1713
1198	2881	1136	1745
1199	2907	1141	1766
1200	2898	1149	1749
1201	2848	1146	1702
1202	2852	1135	1717
1203	2891	1133	1758
1204	2869	1143	1726
1205	2840	1150	1690
1206	2816	1149	1667
1207	2855	1132	1723
1208	2834	1134	1700
1209	2811	1142	1669
1210	2823	1152	1671
1211	2785	1156	1629
1212	2800	1141	1659
1213	2833	1143	1690
1214	2785	1148	1637
1215	2807	1142	1665
1216	2837	1136	1701
1217	2838	1147	1691
1218	2833	1141	1692
1219	2804	1138	1666
1220	2800	1150	1650
1221	2830	1155	1675
1222	2857	1146	1711
1223	2856	1149	1707
1224	2809	1136	1673
1225	2841	1132	1709
1226	2848	1141	1707
1227	2848	1144	1704
1228	2791	1137	1654
1229	2757	1147	1610
1230	2795	1134	1661
1231	2846	1144	1702
1232	2850	1148	1702
1233	2873	1150	1723
1234	2847	1140	1707
1235	2823	1144	1679
1236	2841	1143	1698
1237	2893	1145	1748
1238	2866	1149	1717
1239	2853	1141	1712
1240	2888	1144	1744
1241	2943	1149	1794
1242	2900	1154	1746
1243	2885	1139	1746
1244	2896	1131	1765
1245	2886	1147	1739
1246	2926	1146	1780
1247	2933	1136	1797
1248	2926	1138	1788
1249	2955	1143	1812
1250	2927	1140	1787
1251	2952	1144	1808
1252	2961	1153	1808
1253	2963	1149	1814
1254	2960	1147	1813
1255	2988	1156	1832
1256	2991	1158	1833
1257	2969	1150	1819
1258	2956	1138	1818
1259	2993	1142	1851
1260	2994	1148	1846
1261	3009	1157	1852
1262	3038	1151	1887
1263	3051	1147	1904
1264	3056	1144	1912
1265	3092	1151	1941
1266	3097	1149	1948
1267	3175	1140	2035
1268	3178	1134	2044
1269	3143	1139	2004
1270	3145	1140	2005
1271	3175	1138	2037
1272	3166	1141	2025
1273	3216	1141	2075
1274	3205	1142	2063
1275	3281	1152	2129
1276	3305	1144	2161
1277	3340	1139	2201
1278	3367	1150	2217
1279	3349	1144	2205
1280	3336	1149	2187
1281	3330	1150	2180
1282	3337	1139	2198
1283	3392	1148	2244
1284	3406	1137	2269
1285	3434	1138	2296
1286	3433	1148	2285
1287	3449	1154	2295
1288	3517	1150	2367
1289	3517	1142	2375
1290	3528	1143	2385
1291	3540	1152	2388
1292	3544	1140	2404
1293	3610	1139	2471
1294	3642	1149	2493
1295	3654	1152	2502
1296	3666	1148	2518
1297	3652	1151	2501
1298	3684	1149	2535
1299	3728	1157	2571
1300	3806	1156	2650
1301	3857	1148	2709
1302	3878	1143	2735
1303	3936	1140	2796
1304	3867	1139	2728
1305	3856	1149	2707
1306	3896	1155	2741
1307	3943	1145	2798
1308	3966	1132	2834
1309	4042	1139	2903
1310	4075	1144	2931
1311	4117	1147	2970
1312	4178	1136	3042
1313	4139	1141	2998
1314	4228	1135	3093
1315	4292	1139	3153
1316	4328	1145	3183
1317	4377	1148	3229
1318	4402	1142	3260
1319	4440	1144	3296
1320	4446	1148	3298
1321	4473	1146	3327
1322	4520	1141	3379
1323	4558	1136	3422
1324	4569	1143	3426
1325	4613	1137	3476
1326	4670	1140	3530
1327	4682	1141	3541
1328	4670	1131	3539
1329	4742	1135	3607
1330	4710	1141	3569
1331	4760	1148	3612
1332	4827	1134	3693
1333	4835	1135	3700
1334	4929	1133	3796
1335	4972	1136	3836
1336	4967	1158	3809
1337	4971	1160	3811
1338	5037	1133	3904
1339	5108	1141	3967
1340	5144	1149	3995
1341	5201	1141	4060
1342	5231	1144	4087
1343	5293	1158	4135
1344	5340	1153	4187
1345	5414	1137	4277
1346	5374	1133	4241
1347	5322	1142	4180
1348	5395	1140	4255
1349	5478	1145	4333
1350	5558	1146	4412
1351	5647	1142	4505
1352	5655	1146	4509
1353	5671	1147	4524
1354	5670	1144	4526
1355	5658	1145	4513
1356	5752	1148	4604
1357	5819	1148	4671
1358	5851	1139	4712
1359	5909	1144	4765
1360	6005	1152	4853
1361	6071	1151	4920
1362	6055	1149	4906
1363	6103	1151	4952
1364	6099	1156	4943
1365	6085	1154	4931
1366	6230	1149	5081
1367	6265	1146	5119
1368	6301	1149	5152
1369	6338	1154	5184
1370	6293	1154	5139
1371	6373	1145	5228
1372	6521	1131	5390
1373	6590	1135	5455
1374	6615	1150	5465
1375	6712	1159	5553
1376	6626	1144	5482
1377	6711	1145	5566
1378	6814	1143	5671
1379	6824	1137	5687
1380	6818	1140	5678
1381	6878	1140	5738
1382	6883	1139	5744
1383	6904	1144	5760
1384	7003	1152	5851
1385	7148	1140	6008
1386	7185	1137	6048
1387	7111	1139	5972
1388	7099	1142	5957
1389	7207	1148	6059
1390	7207	1140	6067
1391	7267	1143	6124
1392	7316	1148	6168
1393	7352	1141	6211
1394	7402	1142	6260
1395	7503	1138	6365
1396	7515	1131	6384
1397	7584	1139	6445
1398	7625	1142	6483
1399	7664	1140	6524
1400	7638	1140	6498
1401	7612	1147	6465
1402	7744	1140	6604
1403	7792	1142	6650
1404	7853	1141	6712
1405	7839	1131	6708
1406	7800	1147	6653
1407	7799	1148	6651
1408	7836	1140	6696
1409	8006	1149	6857
1410	7998	1152	6846
1411	7982	1146	6836
1412	8049	1148	6901
1413	8053	1147	6906
1414	8096	1135	6961
1415	8221	1134	7087
1416	8261	1155	7106
1417	8199	1155	7044
1418	8274	1146	7128
1419	8374	1142	7232
1420	8326	1142	7184
1421	8387	1151	7236
1422	8401	1153	7248
1423	8413	1149	7264
1424	8443	1144	7299
1425	8527	1142	7385
1426	8626	1139	7487
1427	8638	1143	7495
1428	8610	1136	7474
1429	8626	1137	7489
1430	8621	1140	7481
1431	8694	1151	7543
1432	8833	1148	7685
1433	8900	1148	7752
1434	8959	1135	7824
1435	8860	1140	7720
1436	8857	1148	7709
1437	8941	1150	7791
1438	8977	1142	7835
1439	9020	1140	7880
1440	9022	1146	7876
1441	8920	1143	7777
1442	8971	1150	7821
1443	9056	1142	7914
1444	9053	1149	7904
1445	9139	1154	7985
1446	9175	1148	8027
1447	9171	1149	8022
1448	9215	1146	8069
1449	9246	1140	8106
1450	9242	1139	8103
1451	9278	1150	8128
1452	9213	1151	8062
1453	9208	1136	8072
1454	9352	1133	8219
1455	9375	1142	8233
1456	9275	1144	8131
1457	9308	1146	8162
1458	9346	1142	8204
1459	9440	1138	8302
1460	9496	1144	8352
1461	9542	1143	8399
1462	9459	1134	8325
1463	9478	1137	8341
1464	9477	1128	8349
1465	9486	1137	8349
1466	9534	1143	8391
1467	9515	1142	8373
1468	9546	1143	8403
1469	9659	1145	8514
1470	9654	1150	8504
1471	9640	1149	8491
1472	9591	1151	8440
1473	9646	1147	8499
1474	9585	1144	8441
1475	9569	1148	8421
1476	9565	1152	8413
1477	9561	1154	8407
1478	9692	1145	8547
1479	9660	1149	8511
1480	9553	1145	8408
1481	9552	1137	8415
1482	9641	1144	8497
1483	9731	1149	8582
1484	9799	1140	8659
1485	9793	1145	8648
1486	9742	1147	8595
1487	9845	1142	8703
1488	9864	1146	8718
1489	9846	1149	8697
1490	9900	1147	8753
1491	9963	1149	8814
1492	9970	1153	8817
1493	9933	1159	8774
1494	9943	1148	8795
1495	9926	1155	8771
1496	9926	1146	8780
1497	9965	1141	8824
1498	10030	1143	8887
1499	10031	1152	8879
1500	9966	1143	8823
1501	9988	1138	8850
1502	10018	1138	8880
1503	10027	1148	8879
1504	10018	1146	8872
1505	10092	1148	8944
1506	10116	1144	8972
1507	10042	1146	8896
1508	10072	1157	8915
1509	10139	1146	8993
1510	10123	1143	8980
1511	10116	1147	8969
1512	10066	1148	8918
1513	10097	1145	8952
1514	10115	1140	8975
1515	10114	1146	8968
1516	10137	1147	8990
1517	10097	1139	8958
1518	10114	1138	8976
1519	10194	1156	9038
1520	10136	1150	8986
1521	10081	1151	8930
1522	10248	1152	9096
1523	10211	1150	9061
1524	10158	1147	9011
1525	10150	1143	9007
1526	10069	1144	8925
1527	10100	1143	8957
1528	10095	1145	8950
1529	10178	1150	9028
1530	10154	1143	9011
1531	10080	1145	8935
1532	10086	1150	8936
1533	10112	1144	8968
1534	10164	1144	9020
1535	10180	1152	9028
1536	10184	1147	9037
1537	10169	1142	9027
1538	10111	1133	8978
1539	10109	1141	8968
1540	10114	1145	8969
1541	10173	1147	9026
1542	10251	1140	9111
1543	10315	1143	9172
1544	10221	1151	9070
1545	10210	1148	9062
1546	10177	1144	9033
1547	10169	1142	9027
1548	10230	1145	9085
1549	10163	1143	9020
1550	10111	1134	8977
1551	10142	1142	9000
1552	10217	1143	9074
1553	10167	1141	9026
1554	10222	1144	9078
1555	10201	1148	9053
1556	10159	1141	9018
1557	10246	1141	9105
1558	10232	1136	9096
1559	10297	1142	9155
1560	10208	1144	9064
1561	10247	1148	9099
1562	10233	1146	9087
1563	10141	1147	8994
1564	10134	1138	8996
1565	10197	1131	9066
1566	10142	1136	9006
1567	10179	1142	9037
1568	10217	1144	9073
1569	10211	1143	9068
1570	10262	1140	9122
1571	10163	1140	9023
1572	10264	1140	9124
1573	10313	1144	9169
1574	10262	1143	9119
1575	10217	1147	9070
1576	10162	1145	9017
1577	10235	1150	9085
1578	10223	1148	9075
1579	10244	1159	9085
1580	10238	1157	9081
1581	10263	1157	9106
1582	10113	1161	8952
1583	10195	1150	9045
1584	10171	1141	9030
1585	10195	1148	9047
1586	10206	1151	9055
1587	10236	1145	9091
1588	10196	1140	9056
1589	10197	1140	9057
1590	10229	1151	9078
1591	10261	1154	9107
1592	10225	1142	9083
1593	10174	1142	9032
1594	10155	1145	9010
1595	10143	1145	8998
1596	10128	1142	8986
1597	10167	1136	9031
1598	10185	1137	9048
1599	10238	1150	9088
1600	10196	1146	9050
1601	10204	1154	9050
1602	10252	1151	9101
1603	10255	1140	9115
1604	10275	1138	9137
1605	10200	1145	9055
1606	10231	1141	9090
1607	10173	1139	9034
1608	10143	1140	9003
1609	10257	1151	9106
1610	10227	1155	9072
1611	10169	1150	9019
1612	10086	1134	8952
1613	10117	1146	8971
1614	10219	1150	9069
1615	10122	1132	8990
1616	10176	1130	9046
1617	10227	1143	9084
1618	10205	1145	9060
1619	10224	1134	9090
1620	10215	1131	9084
1621	10312	1142	9170
1622	10233	1142	9091
1623	10141	1146	8995
1624	10143	1137	9006
1625	10184	1145	9039
1626	10199	1145	9054
1627	10244	1138	9106
1628	10218	1147	9071
1629	10318	1148	9170
1630	10456	1144	9312
1631	10365	1147	9218
1632	10267	1133	9134
1633	10347	1141	9206
1634	10391	1147	9244
1635	10311	1142	9169
1636	10292	1141	9151
1637	10325	1141	9184
1638	10350	1131	9219
1639	10391	1138	9253
1640	10311	1142	9169
1641	10252	1150	9102
1642	10289	1141	9148
1643	10293	1141	9152
1644	10287	1144	9143
1645	10274	1152	9122
1646	10296	1145	9151
1647	10335	1141	9194
1648	10299	1142	9157
1649	10370	1145	9225
1650	10383	1142	9241
1651	10442	1147	9295
1652	10399	1151	9248
1653	10386	1145	9241
1654	10453	1136	9317
1655	10308	1131	9177
1656	10326	1143	9183
1657	10417	1143	9274
1658	10530	1141	9389
1659	10491	1143	9348
1660	10460	1137	9323
1661	10469	1143	9326
1662	10400	1137	9263
1663	10406	1134	9272
1664	10459	1150	9309
1665	10459	1151	9308
1666	10487	1140	9347
1667	10558	1142	9416
1668	10453	1151	9302
1669	10397	1151	9246
1670	10484	1139	9345
1671	10389	1128	9261
1672	10363	1138	9225
1673	10505	1142	9363
1674	10537	1147	9390
1675	10564	1145	9419
1676	10574	1136	9438
1677	10569	1134	9435
1678	10602	1138	9464
1679	10610	1130	9480
1680	10550	1126	9424
1681	10547	1144	9403
1682	10646	1148	9498
1683	10586	1142	9444
1684	10533	1147	9386
1685	10509	1141	9368
1686	10531	1144	9387
1687	10484	1139	9345
1688	10467	1142	9325
1689	10559	1143	9416
1690	10603	1131	9472
1691	10690	1142	9548
1692	10571	1151	9420
1693	10551	1142	9409
1694	10543	1145	9398
1695	10505	1148	9357
1696	10569	1139	9430
1697	10590	1143	9447
1698	10657	1147	9510
1699	10634	1151	9483
1700	10574	1142	9432
1701	10663	1141	9522
1702	10631	1139	9492
1703	10729	1139	9590
1704	10664	1143	9521
1705	10657	1145	9512
1706	10702	1137	9565
1707	10754	1143	9611
1708	10716	1155	9561
1709	10779	1151	9628
1710	10774	1152	9622
1711	10694	1147	9547
1712	10687	1147	9540
1713	10714	1144	9570
1714	10729	1151	9578
1715	10781	1148	9633
1716	10775	1143	9632
1717	10750	1148	9602
1718	10742	1146	9596
1719	10675	1148	9527
1720	10744	1144	9600
1721	10743	1144	9599
1722	10805	1143	9662
1723	10833	1141	9692
1724	10764	1138	9626
1725	10763	1151	9612
1726	10815	1151	9664
1727	10882	1139	9743
1728	10910	1140	9770
1729	10897	1150	9747
1730	10884	1147	9737
1731	10925	1148	9777
1732	10919	1158	9761
1733	10878	1145	9733
1734	10936	1143	9793
1735	10989	1151	9838
1736	11001	1135	9866
1737	10995	1139	9856
1738	10981	1137	9844
1739	11054	1140	9914
1740	11084	1142	9942
1741	10919	1145	9774
1742	10961	1148	9813
1743	11044	1153	9891
1744	11068	1139	9929
1745	11135	1138	9997
1746	11052	1153	9899
1747	11054	1157	9897
1748	11065	1152	9913
1749	11085	1152	9933
1750	10985	1158	9827
1751	10958	1155	9803
1752	11028	1139	9889
1753	11183	1142	10041
1754	11185	1146	10039
1755	11153	1149	10004
1756	11175	1145	10030
1757	11124	1141	9983
1758	11170	1139	10031
1759	11193	1146	10047
1760	11255	1150	10105
1761	11248	1141	10107
1762	11175	1151	10024
1763	11215	1150	10065
1764	11234	1144	10090
1765	11236	1148	10088
1766	11247	1142	10105
1767	11200	1132	10068
1768	11176	1131	10045
1769	11212	1134	10078
1770	11214	1143	10071
1771	11282	1147	10135
1772	11337	1148	10189
1773	11421	1143	10278
1774	11412	1140	10272
1775	11362	1142	10220
1776	11398	1149	10249
1777	11389	1154	10235
1778	11478	1144	10334
1779	11313	1139	10174
1780	11330	1140	10190
1781	11387	1145	10242
1782	11363	1151	10212
1783	11405	1151	10254
1784	11533	1149	10384
1785	11597	1156	10441
1786	11474	1144	10330
1787	11395	1144	10251
1788	11480	1142	10338
1789	11449	1146	10303
1790	11526	1151	10375
1791	11645	1150	10495
1792	11552	1146	10406
1793	11460	1145	10315
1794	11442	1150	10292
1795	11551	1145	10406
1796	11540	1132	10408
1797	11505	1141	10364
1798	11621	1144	10477
1799	11579	1146	10433
1800	11623	1135	10488
1801	11618	1148	10470
1802	11551	1154	10397
1803	11587	1151	10436
1804	11609	1144	10465
1805	11640	1137	10503
1806	11678	1136	10542
1807	11727	1140	10587
1808	11710	1144	10566
1809	11596	1144	10452
1810	11611	1141	10470
1811	11630	1146	10484
1812	11642	1140	10502
1813	11591	1132	10459
1814	11586	1140	10446
1815	11658	1145	10513
1816	11651	1143	10508
1817	11717	1147	10570
1818	11772	1135	10637
1819	11737	1142	10595
1820	11653	1144	10509
1821	11692	1144	10548
1822	11709	1154	10555
1823	11775	1150	10625
1824	11812	1144	10668
1825	11847	1138	10709
1826	11770	1129	10641
1827	11836	1145	10691
1828	11912	1140	10772
1829	12011	1143	10868
1830	12003	1137	10866
1831	11886	1140	10746
1832	11918	1138	10780
1833	12033	1140	10893
1834	11954	1141	10813
1835	11972	1133	10839
1836	12028	1141	10887
1837	11991	1147	10844
1838	12013	1134	10879
1839	12041	1139	10902
1840	12088	1142	10946
1841	12061	1135	10926
1842	11964	1137	10827
1843	12022	1146	10876
1844	12013	1150	10863
1845	11994	1143	10851
1846	12016	1135	10881
1847	12048	1139	10909
1848	12064	1150	10914
1849	12071	1153	10918
1850	12142	1153	10989
1851	12124	1148	10976
1852	12113	1141	10972
1853	12104	1138	10966
1854	12109	1143	10966
1855	12066	1146	10920
1856	12125	1147	10978
1857	12179	1138	11041
1858	12074	1137	10937
1859	12096	1137	10959
1860	12150	1139	11011
1861	12074	1157	10917
1862	12118	1152	10966
1863	12142	1136	11006
1864	12064	1147	10917
1865	12154	1150	11004
1866	12151	1135	11016
1867	12156	1137	11019
1868	12159	1143	11016
1869	12193	1136	11057
1870	12286	1137	11149
1871	12278	1145	11133
1872	12282	1139	11143
1873	12291	1144	11147
1874	12202	1149	11053
1875	12184	1149	11035
1876	12343	1147	11196
1877	12267	1142	11125
1878	12295	1142	11153
1879	12354	1144	11210
1880	12391	1153	11238
1881	12372	1149	11223
1882	12406	1143	11263
1883	12343	1141	11202
1884	12276	1152	11124
1885	12318	1151	11167
1886	12484	1150	11334
1887	12434	1144	11290
1888	12418	1136	11282
1889	12389	1149	11240
1890	12476	1150	11326
1891	12492	1138	11354
1892	12372	1133	11239
1893	12333	1145	11188
1894	12302	1151	11151
1895	12310	1149	11161
1896	12389	1148	11241
1897	12427	1144	11283
1898	12442	1138	11304
1899	12384	1145	11239
1900	12284	1143	11141
1901	12306	1142	11164
1902	12407	1140	11267
1903	12466	1135	11331
1904	12367	1124	11243
1905	12404	1130	11274
1906	12452	1131	11321
1907	12461	1142	11319
1908	12405	1141	11264
1909	12416	1139	11277
1910	12369	1150	11219
1911	12366	1148	11218
1912	12403	1145	11258
1913	12296	1136	11160
1914	12314	1140	11174
1915	12475	1141	11334
1916	12618	1136	11482
1917	12645	1145	11500
1918	12586	1142	11444
1919	12562	1140	11422
1920	12568	1146	11422
1921	12615	1143	11472
1922	12658	1146	11512
1923	12605	1133	11472
1924	12644	1138	11506
1925	12751	1149	11602
1926	12696	1141	11555
1927	12638	1140	11498
1928	12661	1139	11522
1929	12688	1136	11552
1930	12767	1136	11631
1931	12772	1134	11638
1932	12620	1130	11490
1933	12661	1134	11527
1934	12741	1142	11599
1935	12715	1149	11566
1936	12610	1143	11467
1937	12574	1138	11436
1938	12630	1135	11495
1939	12668	1139	11529
1940	12567	1143	11424
1941	12719	1141	11578
1942	12676	1133	11543
1943	12696	1140	11556
1944	12714	1147	11567
1945	12729	1155	11574
1946	12750	1143	11607
1947	12757	1145	11612
1948	12700	1155	11545
1949	12744	1154	11590
1950	12827	1145	11682
1951	12689	1145	11544
1952	12639	1148	11491
1953	12700	1146	11554
1954	12769	1142	11627
1955	12797	1138	11659
1956	12733	1143	11590
1957	12775	1135	11640
1958	12826	1141	11685
1959	12750	1142	11608
1960	12752	1137	11615
1961	12759	1149	11610
1962	12638	1147	11491
1963	12589	1140	11449
1964	12602	1152	11450
1965	12566	1147	11419
1966	12508	1138	11370
1967	12532	1137	11395
1968	12509	1147	11362
1969	12496	1144	11352
1970	12495	1141	11354
1971	12464	1137	11327
1972	12359	1141	11218
1973	12501	1135	11366
1974	12569	1138	11431
1975	12406	1136	11270
1976	12448	1131	11317
1977	12537	1140	11397
1978	12612	1133	11479
1979	12638	1136	11502
1980	12576	1148	11428
1981	12586	1143	11443
1982	12597	1145	11452
1983	12676	1151	11525
1984	12647	1140	11507
1985	12592	1138	11454
1986	12617	1132	11485
1987	12812	1125	11687
1988	12836	1130	11706
1989	12697	1144	11553
1990	12716	1145	11571
1991	12792	1147	11645
1992	12735	1146	11589
1993	12717	1147	11570
1994	12748	1145	11603
1995	12760	1141	11619
1996	12776	1147	11629
1997	12719	1145	11574
1998	12753	1148	11605
1999	12724	1148	11576
2000	12705	1138	11567
2001	12807	1133	11674
2002	12826	1137	11689
2003	12745	1144	11601
2004	12671	1138	11533
2005	12723	1140	11583
2006	12807	1140	11667
2007	12798	1136	11662
2008	12750	1131	11619
2009	12663	1137	11526
2010	12599	1152	11447
2011	12767	1148	11619
2012	12765	1141	11624
2013	12732	1145	11587
2014	12716	1143	11573
2015	12770	1144	11626
2016	12856	1137	11719
2017	12732	1140	11592
2018	12688	1145	11543
2019	12729	1146	11583
2020	12640	1156	11484
2021	12712	1158	11554
2022	12684	1138	11546
2023	12647	1139	11508
2024	12642	1140	11502
2025	12728	1142	11586
2026	12762	1142	11620
2027	12736	1145	11591
2028	12759	1149	11610
2029	12797	1145	11652
2030	12775	1140	11635
2031	12735	1138	11597
2032	12601	1139	11462
2033	12557	1146	11411
2034	12622	1147	11475
2035	12576	1140	11436
2036	12612	1144	11468
2037	12679	1154	11525
2038	12617	1144	11473
2039	12717	1146	11571
2040	12663	1147	11516
2041	12556	1146	11410
2042	12599	1141	11458
2043	12623	1133	11490
2044	12554	1133	11421
2045	12556	1138	11418
2046	12588	1138	11450
2047	12489	1144	11345
2048	12529	1143	11386
2049	12608	1148	11460
2050	12648	1151	11497
2051	12561	1144	11417
2052	12501	1143	11358
2053	12551	1144	11407
2054	12613	1145	11468
2055	12541	1142	11399
2056	12401	1148	11253
2057	12381	1157	11224
2058	12466	1149	11317
2059	12510	1144	11366
2060	12541	1143	11398
2061	12579	1143	11436
2062	12535	1138	11397
2063	12439	1138	11301
2064	12367	1141	11226
2065	12327	1147	11180
2066	12349	1143	11206
2067	12361	1143	11218
2068	12337	1140	11197
2069	12384	1143	11241
2070	12420	1147	11273
2071	12370	1141	11229
2072	12334	1141	11193
2073	12367	1141	11226
2074	12342	1145	11197
2075	12319	1146	11173
2076	12273	1141	11132
2077	12287	1143	11144
2078	12230	1148	11082
2079	12293	1145	11148
2080	12228	1143	11085
2081	12207	1140	11067
2082	12260	1138	11122
2083	12288	1141	11147
2084	12260	1149	11111
2085	12219	1147	11072
2086	12125	1144	10981
2087	12111	1155	10956
2088	12128	1157	10971
2089	12064	1159	10905
2090	12011	1150	10861
2091	12014	1147	10867
2092	12009	1143	10866
2093	11946	1147	10799
2094	11983	1155	10828
2095	11977	1150	10827
2096	12070	1140	10930
2097	11985	1146	10839
2098	12032	1145	10887
2099	12063	1146	10917
2100	12098	1143	10955
2101	12115	1142	10973
2102	12101	1146	10955
2103	12086	1146	10940
2104	12059	1145	10914
2105	12003	1149	10854
2106	12031	1146	10885
2107	11980	1148	10832
2108	11956	1142	10814
2109	12102	1137	10965
2110	12126	1142	10984
2111	11988	1152	10836
2112	11893	1149	10744
2113	11836	1143	10693
2114	11868	1155	10713
2115	11983	1157	10826
2116	11940	1149	10791
2117	11855	1142	10713
2118	11894	1136	10758
2119	11910	1143	10767
2120	11817	1138	10679
2121	11810	1133	10677
2122	11893	1133	10760
2123	11893	1139	10754
2124	11693	1142	10551
2125	11670	1143	10527
2126	11734	1138	10596
2127	11668	1151	10517
2128	11701	1165	10536
2129	11743	1155	10588
2130	11780	1143	10637
2131	11775	1149	10626
2132	11746	1145	10601
2133	11620	1152	10468
2134	11581	1147	10434
2135	11617	1143	10474
2136	11479	1146	10333
2137	11462	1146	10316
2138	11497	1143	10354
2139	11552	1146	10406
2140	11591	1154	10437
2141	11527	1154	10373
2142	11403	1164	10239
2143	11449	1147	10302
2144	11523	1140	10383
2145	11433	1144	10289
2146	11497	1140	10357
2147	11554	1144	10410
2148	11556	1142	10414
2149	11442	1152	10290
2150	11392	1148	10244
2151	11342	1144	10198
2152	11361	1135	10226
2153	11287	1148	10139
2154	11471	1151	10320
2155	11445	1146	10299
2156	11370	1152	10218
2157	11264	1148	10116
2158	11163	1141	10022
2159	11261	1152	10109
2160	11269	1146	10123
2161	11232	1146	10086
2162	11221	1146	10075
2163	11240	1142	10098
2164	11145	1139	10006
2165	11027	1146	9881
2166	11061	1151	9910
2167	11039	1141	9898
2168	11077	1146	9931
2169	11092	1141	9951
2170	11071	1138	9933
2171	11009	1139	9870
2172	11063	1143	9920
2173	11049	1138	9911
2174	10940	1139	9801
2175	10947	1152	9795
2176	10944	1149	9795
2177	10993	1148	9845
2178	11000	1145	9855
2179	11009	1150	9859
2180	10890	1145	9745
2181	10889	1144	9745
2182	10938	1156	9782
2183	10938	1146	9792
2184	10907	1140	9767
2185	10989	1147	9842
2186	10984	1152	9832
2187	10939	1155	9784
2188	10957	1149	9808
2189	10933	1149	9784
2190	10905	1149	9756
2191	10888	1138	9750
2192	10875	1142	9733
2193	10941	1141	9800
2194	10867	1138	9729
2195	10806	1145	9661
2196	10793	1144	9649
2197	10809	1140	9669
2198	10752	1134	9618
2199	10794	1137	9657
2200	10832	1150	9682
2201	10754	1145	9609
2202	10673	1136	9537
2203	10683	1136	9547
2204	10704	1147	9557
2205	10592	1151	9441
2206	10571	1141	9430
2207	10556	1140	9416
2208	10471	1138	9333
2209	10411	1139	9272
2210	10398	1144	9254
2211	10337	1152	9185
2212	10317	1150	9167
2213	10353	1147	9206
2214	10428	1150	9278
2215	10532	1154	9378
2216	10336	1149	9187
2217	10383	1144	9239
2218	10327	1138	9189
2219	10246	1128	9118
2220	10129	1137	8992
2221	9981	1146	8835
2222	9754	1141	8613
2223	9695	1137	8558
2224	9626	1140	8486
2225	9521	1141	8380
2226	9484	1145	8339
2227	9311	1145	8166
2228	9161	1145	8016
2229	9086	1152	7934
2230	9067	1146	7921
2231	9006	1139	7867
2232	8948	1144	7804
2233	8923	1147	7776
2234	8866	1141	7725
2235	8841	1142	7699
2236	8892	1142	7750
2237	8853	1148	7705
2238	8783	1139	7644
2239	8850	1134	7716
2240	8828	1134	7694
2241	8804	1144	7660
2242	8802	1145	7657
2243	8719	1156	7563
2244	8692	1149	7543
2245	8682	1145	7537
2246	8809	1148	7661
2247	8889	1139	7750
2248	8960	1140	7820
2249	9078	1140	7938
2250	9103	1135	7968
2251	9101	1138	7963
2252	9261	1147	8114
2253	9371	1137	8234
2254	9435	1135	8300
2255	9522	1141	8381
2256	9533	1147	8386
2257	9625	1157	8468
2258	9678	1155	8523
2259	9782	1148	8634
2260	9804	1136	8668
2261	9869	1131	8738
2262	9921	1147	8774
2263	10001	1147	8854
2264	9926	1141	8785
2265	9936	1147	8789
2266	9914	1158	8756
2267	9914	1152	8762
2268	9960	1141	8819
2269	9965	1147	8818
2270	9912	1146	8766
2271	9982	1149	8833
2272	10091	1144	8947
2273	10065	1148	8917
2274	9958	1147	8811
2275	9944	1138	8806
2276	9949	1137	8812
2277	9945	1149	8796
2278	9997	1145	8852
2279	10035	1141	8894
2280	10011	1149	8862
2281	9968	1150	8818
2282	9998	1153	8845
2283	10035	1151	8884
2284	9993	1148	8845
2285	9992	1136	8856
2286	9973	1140	8833
2287	9900	1147	8753
2288	9921	1151	8770
2289	10023	1149	8874
2290	9960	1145	8815
2291	9870	1149	8721
2292	9828	1153	8675
2293	9885	1147	8738
2294	9844	1147	8697
2295	9891	1159	8732
2296	9845	1148	8697
2297	9758	1145	8613
2298	9747	1144	8603
2299	9768	1148	8620
2300	9779	1139	8640
2301	9769	1138	8631
2302	9812	1138	8674
2303	9844	1143	8701
2304	9754	1142	8612
2305	9654	1152	8502
2306	9730	1149	8581
2307	9724	1138	8586
2308	9745	1134	8611
2309	9814	1131	8683
2310	9761	1133	8628
2311	9687	1139	8548
2312	9776	1139	8637
2313	9740	1139	8601
2314	9699	1151	8548
2315	9646	1150	8496
2316	9621	1149	8472
2317	9588	1148	8440
2318	9577	1146	8431
2319	9601	1143	8458
2320	9665	1142	8523
2321	9709	1143	8566
2322	9616	1147	8469
2323	9572	1154	8418
2324	9594	1138	8456
2325	9562	1145	8417
2326	9534	1152	8382
2327	9465	1165	8300
2328	9516	1168	8348
2329	9481	1155	8326
2330	9538	1140	8398
2331	9573	1137	8436
2332	9605	1144	8461
2333	9510	1143	8367
2334	9488	1142	8346
2335	9460	1149	8311
2336	9488	1155	8333
2337	9457	1149	8308
2338	9425	1153	8272
2339	9428	1152	8276
2340	9397	1140	8257
2341	9453	1138	8315
2342	9507	1129	8378
2343	9531	1129	8402
2344	9547	1138	8409
2345	9464	1140	8324
2346	9459	1143	8316
2347	9461	1152	8309
2348	9403	1148	8255
2349	9312	1144	8168
2350	9365	1139	8226
2351	9500	1157	8343
2352	9522	1150	8372
2353	9530	1139	8391
2354	9449	1143	8306
2355	9306	1148	8158
2356	9281	1146	8135
2357	9237	1145	8092
2358	9264	1139	8125
2359	9355	1152	8203
2360	9331	1155	8176
2361	9349	1144	8205
2362	9344	1138	8206
2363	9293	1144	8149
2364	9316	1143	8173
2365	9303	1141	8162
2366	9301	1140	8161
2367	9278	1140	8138
2368	9171	1143	8028
2369	9271	1147	8124
2370	9341	1139	8202
2371	9313	1129	8184
2372	9291	1133	8158
2373	9268	1137	8131
2374	9221	1138	8083
2375	9246	1143	8103
2376	9215	1148	8067
2377	9135	1142	7993
2378	9187	1141	8046
2379	9225	1148	8077
2380	9230	1153	8077
2381	9198	1160	8038
2382	9142	1158	7984
2383	9133	1148	7985
2384	9165	1149	8016
2385	9146	1150	7996
2386	9082	1151	7931
2387	9006	1154	7852
2388	9096	1145	7951
2389	9087	1153	7934
2390	9059	1157	7902
2391	8975	1145	7830
2392	9028	1152	7876
2393	9108	1156	7952
2394	9072	1145	7927
2395	9116	1141	7975
2396	9156	1139	8017
2397	9158	1148	8010
2398	9177	1149	8028
2399	9082	1148	7934
2400	9081	1147	7934
2401	9102	1147	7955
2402	9125	1145	7980
2403	9093	1147	7946
2404	9102	1142	7960
2405	9091	1139	7952
2406	9138	1129	8009
2407	9055	1138	7917
2408	9057	1144	7913
2409	9056	1142	7914
2410	9064	1153	7911
2411	9077	1161	7916
2412	9040	1149	7891
2413	9134	1136	7998
2414	9010	1129	7881
2415	8991	1138	7853
2416	8960	1145	7815
2417	8948	1145	7803
2418	8959	1141	7818
2419	8874	1145	7729
2420	8951	1128	7823
2421	9019	1141	7878
2422	8988	1140	7848
2423	8962	1137	7825
2424	8940	1136	7804
2425	9009	1145	7864
2426	8988	1146	7842
2427	8995	1149	7846
2428	8991	1140	7851
2429	8965	1141	7824
2430	8927	1141	7786
2431	8892	1135	7757
2432	8902	1142	7760
2433	8944	1134	7810
2434	8915	1128	7787
2435	8945	1134	7811
2436	9042	1140	7902
2437	9055	1145	7910
2438	8895	1135	7760
2439	8913	1138	7775
2440	8940	1135	7805
2441	8945	1143	7802
2442	8928	1150	7778
2443	8943	1147	7796
2444	8910	1138	7772
2445	9072	1143	7929
2446	9048	1138	7910
2447	8973	1129	7844
2448	8861	1141	7720
2449	8891	1137	7754
2450	8917	1143	7774
2451	8936	1148	7788
2452	8921	1147	7774
2453	8996	1144	7852
2454	8998	1133	7865
2455	8870	1141	7729
2456	8897	1140	7757
2457	8933	1145	7788
2458	8935	1148	7787
2459	8948	1151	7797
2460	8958	1141	7817
2461	9081	1134	7947
2462	9013	1137	7876
2463	8915	1140	7775
2464	8995	1149	7846
2465	8983	1146	7837
2466	8980	1140	7840
2467	9043	1144	7899
2468	9110	1142	7968
2469	9056	1149	7907
2470	9024	1145	7879
2471	9066	1142	7924
2472	9024	1151	7873
2473	9067	1146	7921
2474	9045	1142	7903
2475	8988	1144	7844
2476	9015	1136	7879
2477	9055	1143	7912
2478	9008	1145	7863
2479	8906	1149	7757
2480	9008	1140	7868
2481	9107	1130	7977
2482	9013	1141	7872
2483	9046	1147	7899
2484	9013	1135	7878
2485	8991	1136	7855
2486	8981	1142	7839
2487	9015	1148	7867
2488	9101	1144	7957
2489	9145	1147	7998
2490	9164	1141	8023
2491	9130	1149	7981
2492	9017	1141	7876
2493	9066	1138	7928
2494	9142	1143	7999
2495	9089	1138	7951
2496	9092	1148	7944
2497	9141	1151	7990
2498	9054	1143	7911
2499	9040	1140	7900
2500	9115	1139	7976
2501	9173	1142	8031
2502	9100	1141	7959
2503	9121	1139	7982
2504	9177	1138	8039
2505	9129	1144	7985
2506	9103	1137	7966
2507	9136	1135	8001
2508	9080	1138	7942
2509	9192	1140	8052
2510	9288	1129	8159
2511	9316	1132	8184
2512	9170	1141	8029
2513	9190	1147	8043
2514	9192	1143	8049
2515	9172	1141	8031
2516	9164	1142	8022
2517	9260	1149	8111
2518	9303	1139	8164
2519	9286	1143	8143
2520	9283	1153	8130
2521	9309	1152	8157
2522	9174	1143	8031
2523	9202	1144	8058
2524	9247	1149	8098
2525	9287	1143	8144
2526	9191	1135	8056
2527	9295	1142	8153
2528	9335	1140	8195
2529	9335	1140	8195
2530	9263	1138	8125
2531	9342	1139	8203
2532	9345	1147	8198
2533	9240	1144	8096
2534	9238	1147	8091
2535	9261	1147	8114
2536	9269	1154	8115
2537	9249	1146	8103
2538	9287	1138	8149
2539	9323	1146	8177
2540	9377	1141	8236
2541	9447	1142	8305
2542	9400	1148	8252
2543	9387	1140	8247
2544	9393	1137	8256
2545	9326	1151	8175
2546	9323	1148	8175
2547	9339	1143	8196
2548	9392	1138	8254
2549	9438	1139	8299
2550	9363	1129	8234
2551	9347	1128	8219
2552	9407	1130	8277
2553	9391	1143	8248
2554	9407	1148	8259
2555	9359	1148	8211
2556	9358	1146	8212
2557	9396	1150	8246
2558	9414	1148	8266
2559	9455	1143	8312
2560	9417	1143	8274
2561	9331	1134	8197
2562	9460	1137	8323
2563	9494	1141	8353
2564	9478	1144	8334
2565	9474	1142	8332
2566	9471	1145	8326
2567	9473	1142	8331
2568	9421	1141	8280
2569	9460	1138	8322
2570	9479	1149	8330
2571	9485	1147	8338
2572	9441	1143	8298
2573	9582	1150	8432
2574	9673	1153	8520
2575	9638	1145	8493
2576	9625	1137	8488
2577	9610	1137	8473
2578	9566	1135	8431
2579	9502	1142	8360
2580	9549	1150	8399
2581	9572	1149	8423
2582	9569	1144	8425
2583	9539	1142	8397
2584	9573	1143	8430
2585	9596	1141	8455
2586	9637	1148	8489
2587	9673	1150	8523
2588	9665	1149	8516
2589	9581	1152	8429
2590	9610	1145	8465
2591	9668	1144	8524
2592	9606	1143	8463
2593	9615	1137	8478
2594	9668	1133	8535
2595	9723	1137	8586
2596	9707	1139	8568
2597	9715	1142	8573
2598	9617	1142	8475
2599	9592	1132	8460
2600	9581	1126	8455
2601	9742	1139	8603
2602	9702	1142	8560
2603	9776	1142	8634
2604	9715	1146	8569
2605	9692	1147	8545
2606	9629	1148	8481
2607	9644	1138	8506
2608	9560	1135	8425
2609	9551	1142	8409
2610	9686	1134	8552
2611	9755	1139	8616
2612	9701	1149	8552
2613	9723	1140	8583
2614	9762	1143	8619
2615	9693	1147	8546
2616	9682	1149	8533
2617	9702	1162	8540
2618	9678	1149	8529
2619	9623	1150	8473
2620	9630	1150	8480
2621	9700	1141	8559
2622	9723	1137	8586
2623	9733	1141	8592
2624	9707	1141	8566
2625	9708	1147	8561
2626	9751	1148	8603
2627	9716	1144	8572
2628	9729	1139	8590
2629	9747	1144	8603
2630	9698	1140	8558
2631	9748	1140	8608
2632	9804	1149	8655
2633	9823	1145	8678
2634	9827	1147	8680
2635	9758	1149	8609
2636	9750	1142	8608
2637	9715	1143	8572
2638	9736	1156	8580
2639	9852	1154	8698
2640	9850	1136	8714
2641	9739	1138	8601
2642	9726	1146	8580
2643	9754	1145	8609
2644	9677	1142	8535
2645	9687	1151	8536
2646	9836	1143	8693
2647	9746	1145	8601
2648	9673	1147	8526
2649	9738	1151	8587
2650	9830	1142	8688
2651	9854	1143	8711
2652	9835	1135	8700
2653	9785	1140	8645
2654	9760	1136	8624
2655	9741	1136	8605
2656	9723	1155	8568
2657	9720	1153	8567
2658	9751	1154	8597
2659	9768	1150	8618
2660	9761	1140	8621
2661	9708	1142	8566
2662	9714	1144	8570
2663	9742	1145	8597
2664	9797	1152	8645
2665	9773	1147	8626
2666	9801	1153	8648
2667	9803	1155	8648
2668	9727	1148	8579
2669	9714	1146	8568
2670	9703	1150	8553
2671	9717	1149	8568
2672	9737	1144	8593
2673	9700	1147	8553
2674	9769	1163	8606
2675	9713	1152	8561
2676	9693	1143	8550
2677	9743	1143	8600
2678	9782	1144	8638
2679	9746	1143	8603
2680	9698	1142	8556
2681	9688	1150	8538
2682	9706	1157	8549
2683	9704	1153	8551
2684	9679	1142	8537
2685	9728	1150	8578
2686	9657	1148	8509
2687	9605	1153	8452
2688	9685	1160	8525
2689	9644	1153	8491
2690	9636	1148	8488
2691	9601	1139	8462
2692	9721	1135	8586
2693	9739	1136	8603
2694	9669	1149	8520
2695	9576	1149	8427
2696	9708	1144	8564
2697	9656	1139	8517
2698	9602	1137	8465
2699	9593	1140	8453
2700	9661	1142	8519
2701	9675	1144	8531
2702	9629	1137	8492
2703	9587	1143	8444
2704	9706	1150	8556
2705	9657	1141	8516
2706	9648	1138	8510
2707	9666	1142	8524
2708	9616	1143	8473
2709	9572	1143	8429
2710	9615	1139	8476
2711	9684	1140	8544
2712	9653	1137	8516
2713	9623	1138	8485
2714	9541	1145	8396
2715	9615	1153	8462
2716	9668	1143	8525
2717	9609	1137	8472
2718	9510	1140	8370
2719	9501	1148	8353
2720	9581	1155	8426
2721	9495	1149	8346
2722	9529	1152	8377
2723	9586	1152	8434
2724	9613	1148	8465
2725	9608	1140	8468
2726	9588	1140	8448
2727	9497	1139	8358
2728	9470	1122	8348
2729	9399	1130	8269
2730	9404	1142	8262
2731	9440	1148	8292
2732	9442	1140	8302
2733	9412	1147	8265
2734	9451	1151	8300
2735	9526	1139	8387
2736	9522	1143	8379
2737	9369	1143	8226
2738	9451	1138	8313
2739	9375	1138	8237
2740	9339	1138	8201
2741	9389	1146	8243
2742	9466	1152	8314
2743	9389	1149	8240
2744	9245	1145	8100
2745	9197	1161	8036
2746	9281	1161	8120
2747	9264	1147	8117
2748	9258	1140	8118
2749	9312	1148	8164
2750	9303	1149	8154
2751	9334	1144	8190
2752	9318	1143	8175
2753	9257	1157	8100
2754	9268	1151	8117
2755	9267	1154	8113
2756	9196	1152	8044
2757	9209	1139	8070
2758	9135	1148	7987
2759	9118	1153	7965
2760	9205	1146	8059
2761	9150	1150	8000
2762	8962	1148	7814
2763	9039	1146	7893
2764	8968	1146	7822
2765	8982	1141	7841
2766	9020	1137	7883
2767	9034	1139	7895
2768	9119	1144	7975
2769	9154	1141	8013
2770	9171	1133	8038
2771	9149	1140	8009
2772	9073	1143	7930
2773	9088	1140	7948
2774	9071	1137	7934
2775	8986	1134	7852
2776	9054	1147	7907
2777	9046	1142	7904
2778	9036	1133	7903
2779	9078	1145	7933
2780	9059	1136	7923
2781	9106	1145	7961
2782	9116	1140	7976
2783	9079	1135	7944
2784	9066	1153	7913
2785	9070	1151	7919
2786	9030	1132	7898
2787	8994	1139	7855
2788	8939	1142	7797
2789	8905	1140	7765
2790	8920	1143	7777
2791	8875	1137	7738
2792	8862	1143	7719
2793	8907	1150	7757
2794	8912	1147	7765
2795	8889	1146	7743
2796	8812	1146	7666
2797	8748	1154	7594
2798	8744	1142	7602
2799	8758	1139	7619
2800	8781	1136	7645
2801	8856	1147	7709
2802	8781	1150	7631
2803	8842	1149	7693
2804	8885	1151	7734
2805	8783	1145	7638
2806	8684	1146	7538
2807	8652	1153	7499
2808	8750	1147	7603
2809	8763	1144	7619
2810	8640	1141	7499
2811	8603	1143	7460
2812	8677	1146	7531
2813	8654	1146	7508
2814	8564	1141	7423
2815	8614	1133	7481
2816	8622	1135	7487
2817	8523	1144	7379
2818	8466	1154	7312
2819	8458	1155	7303
2820	8457	1142	7315
2821	8489	1150	7339
2822	8490	1147	7343
2823	8495	1146	7349
2824	8502	1142	7360
2825	8475	1139	7336
2826	8485	1144	7341
2827	8463	1151	7312
2828	8386	1144	7242
2829	8370	1144	7226
2830	8325	1149	7176
2831	8276	1142	7134
2832	8308	1142	7166
2833	8421	1150	7271
2834	8345	1156	7189
2835	8260	1153	7107
2836	8236	1150	7086
2837	8247	1155	7092
2838	8255	1156	7099
2839	8238	1155	7083
2840	8176	1149	7027
2841	8222	1144	7078
2842	8206	1146	7060
2843	8214	1149	7065
2844	8195	1144	7051
2845	8085	1142	6943
2846	8094	1137	6957
2847	8116	1147	6969
2848	8029	1141	6888
2849	7960	1138	6822
2850	8022	1150	6872
2851	8109	1145	6964
2852	8080	1128	6952
2853	8071	1130	6941
2854	8003	1143	6860
2855	7875	1139	6736
2856	7967	1139	6828
2857	7996	1140	6856
2858	7967	1141	6826
2859	7999	1140	6859
2860	7898	1143	6755
2861	7876	1152	6724
2862	7820	1150	6670
2863	7784	1145	6639
2864	7849	1139	6710
2865	7797	1153	6644
2866	7784	1158	6626
2867	7795	1152	6643
2868	7744	1151	6593
2869	7740	1154	6586
2870	7716	1151	6565
2871	7657	1150	6507
2872	7659	1137	6522
2873	7672	1143	6529
2874	7671	1134	6537
2875	7651	1139	6512
2876	7653	1141	6512
2877	7596	1148	6448
2878	7508	1151	6357
2879	7500	1146	6354
2880	7515	1139	6376
2881	7562	1140	6422
2882	7527	1139	6388
2883	7453	1144	6309
2884	7468	1141	6327
2885	7483	1135	6348
2886	7429	1145	6284
2887	7426	1157	6269
2888	7396	1137	6259
2889	7372	1129	6243
2890	7296	1134	6162
2891	7219	1147	6072
2892	7221	1148	6073
2893	7304	1150	6154
2894	7232	1154	6078
2895	7187	1147	6040
2896	7253	1144	6109
2897	7195	1152	6043
2898	7120	1148	5972
2899	7110	1144	5966
2900	7113	1145	5968
2901	7085	1138	5947
2902	7018	1138	5880
2903	6975	1136	5839
2904	6987	1146	5841
2905	7066	1153	5913
2906	6963	1147	5816
2907	6938	1148	5790
2908	6933	1141	5792
2909	6900	1146	5754
2910	6883	1141	5742
2911	6866	1138	5728
2912	6919	1148	5771
2913	6859	1144	5715
2914	6809	1149	5660
2915	6808	1148	5660
2916	6830	1146	5684
2917	6829	1144	5685
2918	6711	1138	5573
2919	6738	1139	5599
2920	6705	1138	5567
2921	6721	1138	5583
2922	6719	1145	5574
2923	6718	1147	5571
2924	6673	1155	5518
2925	6668	1149	5519
2926	6601	1141	5460
2927	6611	1140	5471
2928	6592	1140	5452
2929	6575	1136	5439
2930	6621	1142	5479
2931	6573	1140	5433
2932	6501	1149	5352
2933	6493	1150	5343
2934	6434	1147	5287
2935	6396	1154	5242
2936	6303	1148	5155
2937	6338	1145	5193
2938	6400	1144	5256
2939	6362	1153	5209
2940	6395	1146	5249
2941	6332	1143	5189
2942	6259	1143	5116
2943	6214	1138	5076
2944	6206	1141	5065
2945	6102	1151	4951
2946	6130	1147	4983
2947	6222	1149	5073
2948	6224	1145	5079
2949	6113	1142	4971
2950	6113	1141	4972
2951	6152	1143	5009
2952	6123	1143	4980
2953	6127	1141	4986
2954	6019	1135	4884
2955	6032	1141	4891
2956	6065	1147	4918
2957	6079	1138	4941
2958	6043	1139	4904
2959	6026	1145	4881
2960	5937	1150	4787
2961	5956	1148	4808
2962	5967	1147	4820
2963	5920	1151	4769
2964	5907	1151	4756
2965	5913	1142	4771
2966	5877	1136	4741
2967	5890	1147	4743
2968	5962	1142	4820
2969	5881	1136	4745
2970	5823	1130	4693
2971	5817	1143	4674
2972	5741	1150	4591
2973	5722	1148	4574
2974	5707	1146	4561
2975	5661	1150	4511
2976	5715	1154	4561
2977	5656	1156	4500
2978	5651	1148	4503
2979	5647	1147	4500
2980	5602	1157	4445
2981	5602	1155	4447
2982	5535	1149	4386
2983	5525	1153	4372
2984	5466	1147	4319
2985	5435	1149	4286
2986	5506	1148	4358
2987	5494	1140	4354
2988	5488	1137	4351
2989	5514	1139	4375
2990	5475	1145	4330
2991	5457	1147	4310
2992	5384	1140	4244
2993	5345	1147	4198
2994	5330	1140	4190
2995	5263	1146	4117
2996	5206	1150	4056
2997	5186	1143	4043
2998	5143	1138	4005
2999	5128	1135	3993
3000	5066	1144	3922
3001	5047	1143	3904
3002	4983	1137	3846
3003	5052	1143	3909
3004	5062	1143	3919
3005	5026	1139	3887
3006	5041	1137	3904
3007	5059	1151	3908
3008	5036	1151	3885
3009	5003	1146	3857
3010	4998	1134	3864
3011	5023	1136	3887
3012	5031	1137	3894
3013	4988	1145	3843
3014	4942	1138	3804
3015	4900	1149	3751
3016	4844	1146	3698
3017	4926	1150	3776
3018	4937	1153	3784
3019	4893	1145	3748
3020	4831	1138	3693
3021	4806	1141	3665
3022	4813	1141	3672
3023	4821	1142	3679
3024	4806	1140	3666
3025	4772	1142	3630
3026	4764	1144	3620
3027	4743	1152	3591
3028	4663	1147	3516
3029	4654	1151	3503
3030	4660	1151	3509
3031	4658	1144	3514
3032	4607	1132	3475
3033	4593	1135	3458
3034	4534	1144	3390
3035	4525	1139	3386
3036	4509	1132	3377
3037	4456	1147	3309
3038	4471	1145	3326
3039	4471	1158	3313
3040	4475	1156	3319
3041	4434	1146	3288
3042	4366	1137	3229
3043	4376	1139	3237
3044	4345	1143	3202
3045	4325	1142	3183
3046	4302	1143	3159
3047	4250	1148	3102
3048	4241	1147	3094
3049	4239	1143	3096
3050	4223	1140	3083
3051	4191	1138	3053
3052	4200	1137	3063
3053	4127	1128	2999
3054	4105	1137	2968
3055	4138	1155	2983
3056	4104	1146	2958
3057	4095	1142	2953
3058	4100	1151	2949
3059	4055	1154	2901
3060	4013	1147	2866
3061	4024	1143	2881
3062	3947	1146	2801
3063	3925	1146	2779
3064	3877	1141	2736
3065	3820	1141	2679
3066	3795	1145	2650
3067	3788	1143	2645
3068	3806	1140	2666
3069	3814	1136	2678
3070	3769	1139	2630
3071	3771	1142	2629
3072	3740	1144	2596
3073	3782	1155	2627
3074	3737	1150	2587
3075	3738	1153	2585
3076	3698	1151	2547
3077	3630	1141	2489
3078	3620	1132	2488
3079	3626	1155	2471
3080	3584	1155	2429
3081	3568	1153	2415
3082	3547	1149	2398
3083	3552	1145	2407
3084	3546	1141	2405
3085	3485	1143	2342
3086	3473	1148	2325
3087	3490	1144	2346
3088	3498	1146	2352
3089	3462	1145	2317
3090	3400	1144	2256
3091	3353	1146	2207
3092	3334	1150	2184
3093	3314	1147	2167
3094	3271	1141	2130
3095	3253	1147	2106
3096	3210	1154	2056
3097	3209	1147	2062
3098	3192	1144	2048
3099	3155	1142	2013
3100	3119	1143	1976
3101	3109	1146	1963
3102	3132	1139	1993
3103	3100	1137	1963
3104	3064	1143	1921
3105	3044	1139	1905
3106	3038	1137	1901
3107	3001	1139	1862
3108	3015	1141	1874
3109	2963	1143	1820
3110	2945	1146	1799
3111	2959	1139	1820
3112	2933	1143	1790
3113	2933	1140	1793
3114	2900	1139	1761
3115	2850	1143	1707
3116	2846	1136	1710
3117	2861	1141	1720
3118	2818	1139	1679
3119	2828	1142	1686
3120	2834	1140	1694
3121	2778	1143	1635
3122	2706	1138	1568
3123	2677	1136	1541
3124	2677	1142	1535
3125	2657	1143	1514
3126	2618	1140	1478
3127	2598	1142	1456
3128	2601	1143	1458
3129	2609	1142	1467
3130	2584	1136	1448
3131	2573	1136	1437
3132	2557	1144	1413
3133	2521	1148	1373
3134	2512	1138	1374
3135	2496	1145	1351
3136	2479	1151	1328
3137	2459	1141	1318
3138	2399	1141	1258
3139	2388	1140	1248
3140	2390	1133	1257
3141	2384	1144	1240
3142	2380	1135	1245
3143	2345	1136	1209
3144	2331	1145	1186
3145	2316	1148	1168
3146	2207	1147	1060
3147	2227	1145	1082
3148	2298	1143	1155
3149	2272	1140	1132
3150	2206	1137	1069
3151	2218	1133	1085
3152	2190	1141	1049
3153	2194	1151	1043
3154	2161	1142	1019
3155	2107	1147	960
3156	2129	1149	980
3157	2131	1146	985
3158	2076	1151	925
3159	2047	1148	899
3160	2005	1139	866
3161	2020	1136	884
3162	2043	1140	903
3163	2039	1149	890
3164	2003	1153	850
3165	1981	1149	832
3166	1953	1146	807
3167	1973	1140	833
3168	1993	1136	857
3169	1960	1138	822
3170	1904	1143	761
3171	1877	1144	733
3172	1861	1134	727
3173	1873	1142	731
3174	1866	1147	719
3175	1863	1139	724
3176	1838	1141	697
3177	1831	1144	687
3178	1815	1145	670
3179	1798	1149	649
3180	1779	1148	631
3181	1762	1140	622
3182	1747	1142	605
3183	1732	1150	582
3184	1693	1145	548
3185	1718	1144	574
3186	1709	1138	571
3187	1700	1140	560
3188	1674	1136	538
3189	1677	1131	546
3190	1656	1137	519
3191	1652	1149	503
3192	1625	1147	478
3193	1631	1138	493
3194	1620	1139	481
3195	1629	1153	476
3196	1622	1142	480
3197	1588	1147	441
3198	1586	1146	440
3199	1551	1144	407
3200	1544	1153	391
3201	1562	1161	401
3202	1553	1149	404
3203	1538	1132	406
3204	1523	1134	389
3205	1524	1140	384
3206	1518	1143	375
3207	1497	1138	359
3208	1477	1136	341
3209	1496	1139	357
3210	1488	1140	348
3211	1477	1148	329
3212	1446	1144	302
3213	1437	1148	289
3214	1455	1139	316
3215	1459	1143	316
3216	1452	1142	310
3217	1442	1142	300
3218	1434	1139	295
3219	1425	1137	288
3220	1433	1138	295
3221	1447	1137	310
3222	1419	1142	277
3223	1409	1147	262
3224	1412	1151	261
3225	1427	1150	277
3226	1423	1147	276
3227	1422	1151	271
3228	1408	1157	251
3229	1417	1152	265
3230	1414	1137	277
3231	1424	1142	282
3232	1408	1140	268
3233	1394	1142	252
3234	1390	1140	250
3235	1382	1141	241
3236	1388	1130	258
3237	1395	1135	260
3238	1395	1146	249
3239	1400	1152	248
3240	1397	1148	249
3241	1387	1151	236
3242	1398	1146	252
3243	1387	1139	248
3244	1356	1142	214
3245	1383	1145	238
3246	1394	1145	249
3247	1393	1136	257
3248	1373	1132	241
3249	1364	1142	222
3250	1340	1146	194
3251	1358	1136	222
3252	1377	1138	239
3253	1377	1149	228
3254	1361	1139	222
3255	1381	1150	231
3256	1382	1146	236
3257	1367	1126	241
3258	1351	1134	217
3259	1355	1151	204
3260	1353	1150	203
3261	1343	1149	194
3262	1336	1145	191
3263	1361	1146	215
3264	1359	1140	219
3265	1368	1145	223
3266	1362	1152	210
3267	1363	1147	216
3268	1373	1147	226
3269	1348	1153	195
3270	1332	1146	186
3271	1351	1136	215
3272	1353	1129	224
3273	1355	1125	230
3274	1374	1136	238
3275	1355	1153	202
3276	1316	1145	171
3277	1351	1138	213
3278	1386	1142	244
3279	1391	1138	253
3280	1351	1140	211
3281	1331	1149	182
3282	1334	1142	192
3283	1371	1142	229
3284	1338	1155	183
3285	1323	1147	176
3286	1318	1151	167
3287	1338	1153	185
3288	1328	1142	186
3289	1313	1141	172
3290	1308	1145	163
3291	1305	1135	170
3292	1323	1137	186
3293	1337	1138	199
3294	1333	1135	198
3295	1325	1142	183
3296	1324	1141	183
3297	1350	1147	203
3298	1350	1141	209
3299	1338	1143	195
3300	1319	1148	171
3301	1325	1144	181
3302	1316	1148	168
3303	1325	1141	184
3304	1331	1149	182
3305	1336	1133	203
3306	1307	1118	189
3307	1306	1131	175
3308	1323	1140	183
3309	1324	1136	188
3310	1317	1141	176
3311	1306	1145	161
3312	1300	1140	160
3313	1316	1147	169
3314	1333	1149	184
3315	1335	1149	186
3316	1328	1148	180
3317	1334	1143	191
3318	1330	1149	181
3319	1322	1149	173
3320	1302	1142	160
3321	1325	1140	185
3322	1321	1143	178
3323	1319	1145	174
3324	1309	1137	172
3325	1320	1137	183
3326	1311	1144	167
3327	1317	1143	174
3328	1318	1136	182
3329	1314	1137	177
3330	1304	1144	160
3331	1305	1149	156
3332	1304	1136	168
3333	1312	1137	175
3334	1299	1143	156
3335	1292	1140	152
3336	1314	1134	180
3337	1322	1135	187
3338	1330	1140	190
3339	1344	1139	205
3340	1321	1144	177
3341	1308	1157	151
3342	1284	1145	139
3343	1293	1141	152
3344	1284	1139	145
3345	1286	1143	143
3346	1264	1140	124
3347	1315	1139	176
3348	1323	1142	181
3349	1310	1152	158
3350	1309	1149	160
3351	1313	1146	167
3352	1303	1144	159
3353	1298	1145	153
3354	1282	1144	138
3355	1304	1143	161
3356	1309	1143	166
3357	1289	1141	148
3358	1264	1150	114
3359	1294	1149	145
3360	1313	1147	166
3361	1313	1149	164
3362	1331	1140	191
3363	1320	1142	178
3364	1309	1144	165
3365	1322	1147	175
3366	1318	1157	161
3367	1311	1153	158
3368	1299	1145	154
3369	1329	1147	182
3370	1320	1140	180
3371	1318	1150	168
3372	1309	1141	168
3373	1324	1136	188
3374	1314	1147	167
3375	1298	1157	141
3376	1294	1144	150
3377	1288	1143	145
3378	1289	1143	146
3379	1287	1140	147
3380	1305	1137	168
3381	1312	1140	172
3382	1294	1132	162
3383	1308	1142	166
3384	1315	1147	168
3385	1305	1139	166
3386	1294	1137	157
3387	1299	1146	153
3388	1312	1148	164
3389	1302	1137	165
3390	1269	1146	123
3391	1279	1151	128
3392	1310	1146	164
3393	1315	1142	173
3394	1291	1140	151
3395	1297	1138	159
3396	1276	1140	136
3397	1278	1141	137
3398	1302	1142	160
3399	1305	1148	157
3400	1294	1146	148
3401	1293	1144	149
3402	1295	1146	149
3403	1294	1143	151
3404	1295	1136	159
3405	1308	1150	158
3406	1292	1153	139
3407	1297	1151	146
3408	1271	1154	117
3409	1270	1156	114
3410	1285	1150	135
3411	1299	1141	158
3412	1296	1144	152
3413	1274	1141	133
3414	1258	1149	109
3415	1269	1150	119
3416	1250	1136	114
3417	1274	1143	131
3418	1256	1139	117
3419	1243	1134	109
3420	1286	1134	152
3421	1279	1139	140
3422	1280	1144	136
3423	1281	1145	136
3424	1273	1140	133
3425	1261	1142	119
3426	1246	1145	101
3427	1247	1144	103
3428	1252	1152	100
3429	1260	1145	115
3430	1268	1139	129
3431	1270	1142	128
3432	1273	1151	122
3433	1294	1144	150
3434	1290	1146	144
3435	1282	1157	125
3436	1288	1157	131
3437	1278	1149	129
3438	1285	1152	133
3439	1309	1152	157
3440	1294	1140	154
3441	1275	1142	133
3442	1261	1147	114
3443	1249	1142	107
3444	1264	1145	119
3445	1275	1146	129
3446	1249	1142	107
3447	1275	1139	136
3448	1271	1135	136
3449	1262	1139	123
3450	1242	1140	102
3451	1267	1130	137
3452	1290	1133	157
3453	1278	1137	141
3454	1256	1144	112
3455	1277	1141	136
3456	1268	1140	128
3457	1272	1142	130
3458	1258	1139	119
3459	1242	1143	99
3460	1248	1141	107
3461	1266	1144	122
3462	1267	1147	120
3463	1264	1141	123
3464	1263	1145	118
3465	1256	1143	113
3466	1268	1147	121
3467	1270	1140	130
3468	1278	1129	149
3469	1268	1133	135
3470	1241	1137	104
3471	1243	1137	106
3472	1256	1132	124
3473	1257	1144	113
3474	1262	1140	122
3475	1264	1140	124
3476	1259	1141	118
3477	1246	1148	98
3478	1249	1139	110
3479	1253	1132	121
3480	1251	1148	103
3481	1240	1149	91
3482	1238	1145	93
3483	1243	1138	105
3484	1242	1146	96
3485	1243	1149	94
3486	1233	1142	91
3487	1252	1144	108
3488	1257	1145	112
3489	1262	1154	108
3490	1246	1143	103
3491	1240	1137	103
3492	1223	1141	82
3493	1233	1143	90
3494	1261	1139	122
3495	1272	1149	123
3496	1249	1155	94
3497	1229	1143	86
3498	1220	1147	73
3499	1225	1148	77
3500	1211	1141	70
3501	1232	1151	81
3502	1247	1150	97
3503	1255	1148	107
3504	1248	1147	101
3505	1240	1140	100
3506	1244	1141	103
3507	1237	1143	94
3508	1256	1140	116
3509	1260	1145	115
3510	1249	1148	101
3511	1241	1144	97
3512	1221	1144	77
3513	1240	1141	99
3514	1222	1138	84
3515	1239	1142	97
3516	1246	1142	104
3517	1244	1141	103
3518	1239	1142	97
3519	1216	1140	76
3520	1220	1137	83
3521	1211	1141	70
3522	1215	1141	74
3523	1235	1141	94
3524	1226	1147	79
3525	1237	1149	88
3526	1244	1143	101
3527	1235	1141	94
3528	1224	1131	93
3529	1222	1128	94
3530	1238	1131	107
3531	1212	1138	74
3532	1214	1143	71
3533	1240	1145	95
3534	1216	1141	75
3535	1232	1147	85
3536	1250	1142	108
3537	1245	1140	105
3538	1228	1147	81
3539	1233	1152	81
3540	1207	1147	60
3541	1205	1148	57
3542	1204	1142	62
3543	1214	1146	68
3544	1229	1152	77
3545	1258	1142	116
3546	1239	1135	104
3547	1216	1132	84
3548	1234	1134	100
3549	1249	1131	118
3550	1249	1142	107
3551	1245	1151	94
3552	1232	1143	89
3553	1231	1148	83
3554	1214	1143	71
3555	1225	1139	86
3556	1216	1126	90
3557	1210	1138	72
3558	1240	1153	87
3559	1220	1153	67
3560	1232	1145	87
3561	1249	1144	105
3562	1234	1138	96
3563	1238	1139	99
3564	1230	1143	87
3565	1213	1152	61
3566	1198	1147	51
3567	1215	1140	75
3568	1213	1153	60
3569	1230	1156	74
3570	1214	1146	68
3571	1217	1144	73
3572	1219	1148	71
3573	1230	1148	82
3574	1228	1143	85
3575	1228	1148	80
3576	1231	1156	75
3577	1235	1156	79
3578	1234	1144	90
3579	1236	1147	89
3580	1238	1142	96
3581	1224	1141	83
3582	1210	1139	71
3583	1208	1140	68
3584	1208	1141	67
3585	1213	1135	78
3586	1212	1144	68
3587	1224	1141	83
3588	1225	1138	87
3589	1216	1138	78
3590	1222	1145	77
3591	1217	1142	75
3592	1230	1142	88
3593	1220	1150	70
3594	1221	1142	79
3595	1234	1146	88
3596	1220	1154	66
3597	1213	1164	49
3598	1250	1149	101
3599	1243	1147	96
3600	1219	1136	83
3601	1235	1138	97
3602	1236	1142	94
3603	1224	1144	80
3604	1233	1147	86
3605	1231	1137	94
3606	1213	1144	69
3607	1233	1153	80
3608	1200	1159	41
3609	1218	1156	62
3610	1224	1145	79
3611	1225	1135	90
3612	1217	1135	82
3613	1233	1144	89
3614	1217	1146	71
3615	1238	1147	91
3616	1229	1143	86
3617	1206	1147	59
3618	1210	1142	68
3619	1223	1130	93
3620	1228	1138	90
3621	1233	1141	92
3622	1213	1138	75
3623	1209	1143	66
3624	1204	1143	61
3625	1231	1140	91
3626	1217	1138	79
3627	1206	1140	66
3628	1198	1145	53
3629	1226	1151	75
3630	1216	1149	67
3631	1220	1148	72
3632	1200	1152	48
3633	1191	1151	40
3634	1201	1141	60
3635	1218	1143	75
3636	1216	1152	64
3637	1207	1152	55
3638	1194	1150	44
3639	1219	1153	66
3640	1206	1159	47
3641	1211	1148	63
3642	1209	1143	66
3643	1197	1148	49
3644	1199	1147	52
3645	1212	1143	69
3646	1215	1143	72
3647	1202	1141	61
3648	1200	1147	53
