index	original	background	difference
-----------------------------------------------------
1	1175	1099	76
2	1191	1102	89
3	1207	1106	101
4	1196	1108	88
5	1185	1105	80
6	1185	1099	86
7	1194	1105	89
8	1179	1107	72
9	1190	1109	81
10	1189	1109	80
11	1197	1111	86
12	1185	1110	75
13	1185	1111	74
14	1185	1120	65
15	1171	1130	41
16	1187	1117	70
17	1210	1111	99
18	1194	1111	83
19	1217	1123	94
20	1215	1116	99
21	1207	1102	105
22	1184	1121	63
23	1193	1117	76
24	1210	1121	89
25	1190	1121	69
26	1180	1122	58
27	1203	1126	77
28	1209	1123	86
29	1209	1118	91
30	1212	1116	96
31	1215	1124	91
32	1195	1123	72
33	1211	1128	83
34	1202	1131	71
35	1205	1125	80
36	1200	1128	72
37	1195	1122	73
38	1199	1126	73
39	1224	1125	99
40	1224	1128	96
41	1236	1123	113
42	1231	1114	117
43	1219	1124	95
44	1210	1139	71
45	1219	1133	86
46	1214	1125	89
47	1225	1128	97
48	1218	1137	81
49	1234	1143	91
50	1213	1136	77
51	1199	1138	61
52	1222	1139	83
53	1226	1136	90
54	1223	1138	85
55	1239	1130	109
56	1242	1132	110
57	1217	1126	91
58	1219	1130	89
59	1227	1141	86
60	1212	1130	82
61	1227	1126	101
62	1236	1138	98
63	1238	1144	94
64	1211	1140	71
65	1232	1132	100
66	1245	1129	116
67	1248	1131	117
68	1241	1131	110
69	1261	1136	125
70	1270	1134	136
71	1255	1135	120
72	1243	1142	101
73	1244	1152	92
74	1258	1147	111
75	1260	1140	120
76	1252	1141	111
77	1263	1142	121
78	1260	1147	113
79	1273	1147	126
80	1269	1142	127
81	1255	1137	118
82	1238	1132	106
83	1246	1129	117
84	1232	1131	101
85	1244	1137	107
86	1257	1133	124
87	1235	1137	98
88	1256	1146	110
89	1261	1149	112
90	1236	1145	91
91	1246	1140	106
92	1261	1138	123
93	1275	1140	135
94	1286	1138	148
95	1282	1139	143
96	1237	1136	101
97	1245	1140	105
98	1285	1146	139
99	1287	1142	145
100	1262	1135	127
101	1275	1141	134
102	1263	1140	123
103	1264	1135	129
104	1253	1139	114
105	1268	1152	116
106	1265	1144	121
107	1264	1138	126
108	1268	1141	127
109	1277	1145	132
110	1282	1142	140
111	1290	1135	155
112	1299	1136	163
113	1287	1138	149
114	1280	1132	148
115	1286	1136	150
116	1286	1129	157
117	1286	1132	154
118	1288	1140	148
119	1285	1144	141
120	1292	1139	153
121	1323	1140	183
122	1301	1146	155
123	1296	1139	157
124	1306	1137	169
125	1318	1134	184
126	1319	1130	189
127	1303	1134	169
128	1294	1135	159
129	1304	1142	162
130	1311	1149	162
131	1289	1159	130
132	1295	1156	139
133	1312	1146	166
134	1320	1141	179
135	1320	1136	184
136	1291	1139	152
137	1310	1138	172
138	1340	1142	198
139	1323	1144	179
140	1302	1144	158
141	1320	1144	176
142	1313	1134	179
143	1314	1141	173
144	1316	1145	171
145	1328	1140	188
146	1309	1141	168
147	1339	1151	188
148	1347	1144	203
149	1354	1134	220
150	1327	1137	190
151	1317	1144	173
152	1321	1141	180
153	1336	1144	192
154	1338	1143	195
155	1346	1138	208
156	1347	1138	209
157	1350	1140	210
158	1339	1143	196
159	1361	1152	209
160	1375	1146	229
161	1360	1140	220
162	1325	1144	181
163	1361	1145	216
164	1359	1139	220
165	1368	1148	220
166	1360	1145	215
167	1356	1142	214
168	1362	1139	223
169	1369	1142	227
170	1354	1137	217
171	1354	1143	211
172	1377	1146	231
173	1379	1154	225
174	1365	1145	220
175	1391	1139	252
176	1384	1139	245
177	1383	1137	246
178	1387	1143	244
179	1386	1145	241
180	1395	1134	261
181	1388	1132	256
182	1397	1134	263
183	1410	1133	277
184	1396	1140	256
185	1407	1143	264
186	1411	1153	258
187	1436	1152	284
188	1451	1145	306
189	1416	1151	265
190	1416	1149	267
191	1421	1150	271
192	1406	1136	270
193	1421	1126	295
194	1432	1130	302
195	1433	1153	280
196	1434	1147	287
197	1448	1146	302
198	1432	1145	287
199	1453	1150	303
200	1453	1146	307
201	1465	1146	319
202	1464	1135	329
203	1462	1132	330
204	1446	1139	307
205	1453	1146	307
206	1460	1143	317
207	1485	1139	346
208	1506	1152	354
209	1503	1152	351
210	1498	1145	353
211	1490	1137	353
212	1477	1140	337
213	1493	1137	356
214	1486	1136	350
215	1466	1134	332
216	1467	1135	332
217	1496	1141	355
218	1489	1148	341
219	1483	1144	339
220	1489	1132	357
221	1488	1128	360
222	1496	1132	364
223	1504	1138	366
224	1501	1138	363
225	1500	1136	364
226	1491	1134	357
227	1494	1130	364
228	1494	1132	362
229	1532	1146	386
230	1530	1145	385
231	1536	1138	398
232	1529	1139	390
233	1525	1140	385
234	1554	1139	415
235	1568	1132	436
236	1575	1134	441
237	1564	1144	420
238	1576	1145	431
239	1563	1147	416
240	1541	1150	391
241	1550	1150	400
242	1542	1137	405
243	1558	1138	420
244	1554	1144	410
245	1585	1157	428
246	1617	1149	468
247	1596	1148	448
248	1586	1143	443
249	1603	1137	466
250	1583	1145	438
251	1608	1140	468
252	1610	1141	469
253	1612	1148	464
254	1602	1146	456
255	1630	1151	479
256	1626	1137	489
257	1609	1142	467
258	1597	1151	446
259	1637	1150	487
260	1663	1143	520
261	1647	1140	507
262	1662	1133	529
263	1677	1139	538
264	1647	1142	505
265	1675	1136	539
266	1674	1138	536
267	1675	1136	539
268	1679	1135	544
269	1693	1141	552
270	1692	1142	550
271	1688	1148	540
272	1668	1148	520
273	1689	1149	540
274	1708	1138	570
275	1712	1139	573
276	1706	1147	559
277	1710	1143	567
278	1720	1146	574
279	1732	1140	592
280	1756	1130	626
281	1773	1136	637
282	1767	1145	622
283	1741	1139	602
284	1744	1139	605
285	1761	1148	613
286	1783	1146	637
287	1808	1152	656
288	1796	1152	644
289	1809	1150	659
290	1803	1150	653
291	1796	1147	649
292	1816	1140	676
293	1819	1146	673
294	1821	1142	679
295	1824	1143	681
296	1839	1148	691
297	1882	1158	724
298	1877	1153	724
299	1884	1147	737
300	1887	1142	745
301	1878	1150	728
302	1900	1143	757
303	1913	1149	764
304	1921	1147	774
305	1926	1135	791
306	1913	1123	790
307	1923	1134	789
308	1908	1148	760
309	1910	1143	767
310	1935	1144	791
311	1930	1139	791
312	1929	1128	801
313	1932	1137	795
314	1938	1142	796
315	1991	1143	848
316	2018	1135	883
317	2026	1130	896
318	2009	1134	875
319	1980	1136	844
320	2000	1140	860
321	2047	1138	909
322	2058	1138	920
323	2071	1133	938
324	2101	1131	970
325	2090	1136	954
326	2051	1139	912
327	2100	1143	957
328	2080	1154	926
329	2069	1150	919
330	2076	1151	925
331	2052	1159	893
332	2077	1148	929
333	2120	1151	969
334	2113	1142	971
335	2142	1139	1003
336	2167	1149	1018
337	2204	1139	1065
338	2182	1140	1042
339	2171	1146	1025
340	2179	1150	1029
341	2183	1158	1025
342	2183	1149	1034
343	2227	1140	1087
344	2205	1136	1069
345	2210	1145	1065
346	2201	1141	1060
347	2222	1144	1078
348	2244	1145	1099
349	2251	1143	1108
350	2252	1142	1110
351	2291	1141	1150
352	2278	1137	1141
353	2278	1140	1138
354	2287	1143	1144
355	2301	1147	1154
356	2294	1140	1154
357	2334	1141	1193
358	2338	1143	1195
359	2303	1143	1160
360	2324	1146	1178
361	2360	1148	1212
362	2324	1140	1184
363	2340	1134	1206
364	2381	1136	1245
365	2403	1129	1274
366	2394	1125	1269
367	2428	1144	1284
368	2379	1136	1243
369	2388	1140	1248
370	2459	1142	1317
371	2479	1146	1333
372	2463	1151	1312
373	2472	1143	1329
374	2508	1140	1368
375	2497	1139	1358
376	2450	1140	1310
377	2450	1150	1300
378	2482	1153	1329
379	2506	1142	1364
380	2488	1131	1357
381	2497	1141	1356
382	2501	1150	1351
383	2520	1153	1367
384	2500	1140	1360
385	2501	1141	1360
386	2510	1135	1375
387	2565	1141	1424
388	2561	1149	1412
389	2527	1132	1395
390	2531	1135	1396
391	2557	1155	1402
392	2569	1154	1415
393	2584	1147	1437
394	2584	1151	1433
395	2587	1153	1434
396	2577	1147	1430
397	2607	1148	1459
398	2673	1156	1517
399	2628	1150	1478
400	2618	1152	1466
401	2656	1155	1501
402	2683	1142	1541
403	2655	1151	1504
404	2678	1142	1536
405	2674	1140	1534
406	2652	1146	1506
407	2642	1144	1498
408	2678	1141	1537
409	2651	1141	1510
410	2667	1147	1520
411	2670	1150	1520
412	2702	1143	1559
413	2722	1154	1568
414	2733	1146	1587
415	2767	1142	1625
416	2748	1136	1612
417	2735	1134	1601
418	2734	1133	1601
419	2760	1140	1620
420	2770	1151	1619
421	2759	1149	1610
422	2776	1148	1628
423	2783	1147	1636
424	2838	1142	1696
425	2825	1142	1683
426	2801	1142	1659
427	2844	1144	1700
428	2873	1146	1727
429	2872	1150	1722
430	2858	1147	1711
431	2823	1143	1680
432	2862	1135	1727
433	2882	1143	1739
434	2874	1146	1728
435	2891	1147	1744
436	2822	1140	1682
437	2856	1131	1725
438	2847	1145	1702
439	2873	1146	1727
440	2906	1151	1755
441	2908	1148	1760
442	2891	1151	1740
443	2900	1148	1752
444	2887	1141	1746
445	2897	1142	1755
446	2921	1130	1791
447	2926	1143	1783
448	2928	1153	1775
449	2959	1149	1810
450	2932	1145	1787
451	2936	1146	1790
452	2968	1147	1821
453	2918	1147	1771
454	2926	1138	1788
455	2962	1139	1823
456	2981	1133	1848
457	3011	1135	1876
458	3008	1139	1869
459	3045	1150	1895
460	3017	1148	1869
461	2991	1134	1857
462	3025	1134	1891
463	3042	1134	1908
464	3014	1132	1882
465	3014	1138	1876
466	3063	1141	1922
467	3108	1150	1958
468	3109	1147	1962
469	3095	1156	1939
470	3091	1153	1938
471	3100	1137	1963
472	3084	1130	1954
473	3051	1137	1914
474	3088	1136	1952
475	3105	1133	1972
476	3109	1142	1967
477	3087	1148	1939
478	3080	1143	1937
479	3116	1141	1975
480	3145	1150	1995
481	3134	1141	1993
482	3177	1132	2045
483	3159	1148	2011
484	3201	1146	2055
485	3235	1143	2092
486	3202	1136	2066
487	3161	1141	2020
488	3182	1141	2041
489	3257	1129	2128
490	3253	1127	2126
491	3218	1140	2078
492	3206	1140	2066
493	3200	1145	2055
494	3227	1139	2088
495	3238	1140	2098
496	3235	1146	2089
497	3280	1156	2124
498	3251	1150	2101
499	3255	1149	2106
500	3282	1145	2137
501	3298	1138	2160
502	3293	1141	2152
503	3296	1141	2155
504	3238	1142	2096
505	3278	1142	2136
506	3318	1141	2177
507	3354	1153	2201
508	3408	1158	2250
509	3401	1132	2269
510	3326	1122	2204
511	3346	1136	2210
512	3366	1147	2219
513	3392	1153	2239
514	3413	1134	2279
515	3484	1141	2343
516	3477	1146	2331
517	3458	1144	2314
518	3456	1139	2317
519	3436	1136	2300
520	3396	1139	2257
521	3405	1144	2261
522	3458	1139	2319
523	3519	1133	2386
524	3553	1143	2410
525	3505	1138	2367
526	3436	1144	2292
527	3490	1147	2343
528	3546	1139	2407
529	3558	1133	2425
530	3544	1122	2422
531	3541	1133	2408
532	3574	1136	2438
533	3568	1143	2425
534	3581	1141	2440
535	3590	1134	2456
536	3595	1131	2464
537	3606	1144	2462
538	3605	1138	2467
539	3558	1134	2424
540	3537	1134	2403
541	3604	1142	2462
542	3622	1151	2471
543	3630	1144	2486
544	3609	1145	2464
545	3631	1148	2483
546	3661	1141	2520
547	3710	1140	2570
548	3678	1145	2533
549	3697	1142	2555
550	3760	1144	2616
551	3689	1142	2547
552	3720	1135	2585
553	3745	1147	2598
554	3772	1150	2622
555	3828	1144	2684
556	3787	1144	2643
557	3757	1153	2604
558	3789	1146	2643
559	3789	1142	2647
560	3814	1147	2667
561	3841	1147	2694
562	3869	1132	2737
563	3894	1130	2764
564	3882	1149	2733
565	3861	1144	2717
566	3838	1147	2691
567	3862	1140	2722
568	3939	1131	2808
569	3958	1148	2810
570	3960	1155	2805
571	3973	1149	2824
572	3942	1140	2802
573	3981	1140	2841
574	3986	1137	2849
575	3979	1139	2840
576	4021	1146	2875
577	4001	1147	2854
578	4012	1149	2863
579	4025	1137	2888
580	4055	1136	2919
581	4068	1144	2924
582	4074	1139	2935
583	4052	1142	2910
584	4049	1150	2899
585	4101	1155	2946
586	4121	1149	2972
587	4124	1148	2976
588	4130	1145	2985
589	4145	1147	2998
590	4155	1141	3014
591	4115	1145	2970
592	4116	1137	2979
593	4142	1124	3018
594	4160	1133	3027
595	4191	1151	3040
596	4222	1152	3070
597	4249	1138	3111
598	4246	1138	3108
599	4230	1152	3078
600	4181	1144	3037
601	4261	1142	3119
602	4354	1144	3210
603	4319	1141	3178
604	4302	1147	3155
605	4325	1145	3180
606	4327	1145	3182
607	4355	1147	3208
608	4365	1142	3223
609	4391	1142	3249
610	4410	1140	3270
611	4431	1149	3282
612	4413	1142	3271
613	4445	1140	3305
614	4452	1146	3306
615	4529	1147	3382
616	4535	1144	3391
617	4529	1140	3389
618	4519	1137	3382
619	4480	1141	3339
620	4505	1139	3366
621	4567	1132	3435
622	4511	1133	3378
623	4531	1137	3394
624	4582	1144	3438
625	4591	1145	3446
626	4618	1148	3470
627	4621	1156	3465
628	4624	1146	3478
629	4683	1141	3542
630	4649	1144	3505
631	4617	1138	3479
632	4650	1140	3510
633	4693	1145	3548
634	4664	1141	3523
635	4721	1148	3573
636	4775	1141	3634
637	4795	1142	3653
638	4751	1143	3608
639	4703	1141	3562
640	4714	1132	3582
641	4727	1132	3595
642	4677	1132	3545
643	4771	1134	3637
644	4779	1134	3645
645	4773	1147	3626
646	4831	1150	3681
647	4798	1149	3649
648	4820	1146	3674
649	4813	1146	3667
650	4844	1143	3701
651	4902	1148	3754
652	4933	1141	3792
653	4922	1144	3778
654	4882	1146	3736
655	4902	1137	3765
656	4962	1143	3819
657	4933	1145	3788
658	4907	1142	3765
659	4921	1152	3769
660	4927	1145	3782
661	4903	1143	3760
662	4942	1135	3807
663	4977	1133	3844
664	4984	1136	3848
665	4974	1148	3826
666	4929	1150	3779
667	4944	1152	3792
668	4982	1143	3839
669	5066	1141	3925
670	5038	1142	3896
671	5004	1146	3858
672	5032	1152	3880
673	5062	1149	3913
674	4978	1141	3837
675	5014	1154	3860
676	5014	1146	3868
677	5029	1141	3888
678	5035	1151	3884
679	5003	1138	3865
680	5064	1132	3932
681	5033	1146	3887
682	4998	1145	3853
683	5026	1138	3888
684	5048	1144	3904
685	5095	1143	3952
686	5112	1146	3966
687	5116	1143	3973
688	5085	1146	3939
689	5071	1143	3928
690	5054	1140	3914
691	5115	1139	3976
692	5150	1148	4002
693	5151	1154	3997
694	5118	1145	3973
695	5049	1137	3912
696	5055	1142	3913
697	5132	1140	3992
698	5104	1147	3957
699	5130	1148	3982
700	5118	1148	3970
701	5156	1154	4002
702	5189	1143	4046
703	5158	1154	4004
704	5159	1153	4006
705	5183	1149	4034
706	5187	1147	4040
707	5202	1163	4039
708	5149	1147	4002
709	5136	1142	3994
710	5150	1147	4003
711	5204	1142	4062
712	5170	1129	4041
713	5135	1145	3990
714	5177	1148	4029
715	5202	1142	4060
716	5166	1137	4029
717	5189	1132	4057
718	5162	1143	4019
719	5219	1147	4072
720	5272	1141	4131
721	5196	1141	4055
722	5182	1137	4045
723	5219	1137	4082
724	5200	1138	4062
725	5203	1148	4055
726	5253	1148	4105
727	5229	1144	4085
728	5252	1130	4122
729	5322	1126	4196
730	5293	1137	4156
731	5218	1144	4074
732	5217	1134	4083
733	5250	1141	4109
734	5163	1139	4024
735	5197	1143	4054
736	5244	1146	4098
737	5206	1137	4069
738	5227	1135	4092
739	5206	1136	4070
740	5172	1144	4028
741	5159	1146	4013
742	5198	1148	4050
743	5234	1147	4087
744	5246	1133	4113
745	5231	1137	4094
746	5183	1139	4044
747	5165	1142	4023
748	5229	1147	4082
749	5217	1142	4075
750	5193	1134	4059
751	5181	1141	4040
752	5220	1142	4078
753	5235	1135	4100
754	5177	1143	4034
755	5203	1150	4053
756	5277	1135	4142
757	5204	1135	4069
758	5160	1145	4015
759	5208	1148	4060
760	5234	1139	4095
761	5215	1148	4067
762	5245	1143	4102
763	5296	1143	4153
764	5244	1146	4098
765	5278	1137	4141
766	5302	1140	4162
767	5243	1142	4101
768	5290	1141	4149
769	5318	1150	4168
770	5245	1138	4107
771	5261	1129	4132
772	5327	1130	4197
773	5337	1145	4192
774	5313	1144	4169
775	5270	1145	4125
776	5245	1136	4109
777	5264	1147	4117
778	5227	1155	4072
779	5262	1145	4117
780	5261	1144	4117
781	5289	1154	4135
782	5271	1151	4120
783	5302	1141	4161
784	5344	1135	4209
785	5314	1134	4180
786	5244	1143	4101
787	5274	1132	4142
788	5314	1136	4178
789	5279	1135	4144
790	5263	1128	4135
791	5318	1132	4186
792	5278	1139	4139
793	5327	1132	4195
794	5296	1138	4158
795	5320	1147	4173
796	5354	1145	4209
797	5320	1150	4170
798	5313	1154	4159
799	5417	1145	4272
800	5378	1142	4236
801	5312	1142	4170
802	5289	1147	4142
803	5393	1150	4243
804	5460	1149	4311
805	5479	1151	4328
806	5432	1137	4295
807	5457	1148	4309
808	5404	1142	4262
809	5423	1140	4283
810	5487	1133	4354
811	5490	1136	4354
812	5430	1131	4299
813	5399	1125	4274
814	5500	1136	4364
815	5511	1143	4368
816	5536	1144	4392
817	5496	1149	4347
818	5556	1144	4412
819	5547	1144	4403
820	5336	1146	4190
821	5473	1150	4323
822	5603	1133	4470
823	5547	1137	4410
824	5515	1151	4364
825	5589	1139	4450
826	5667	1123	4544
827	5703	1138	4565
828	5614	1145	4469
829	5666	1142	4524
830	5629	1139	4490
831	5589	1132	4457
832	5614	1139	4475
833	5574	1146	4428
834	5658	1139	4519
835	5705	1154	4551
836	5674	1153	4521
837	5639	1147	4492
838	5703	1138	4565
839	5719	1141	4578
840	5682	1141	4541
841	5720	1135	4585
842	5731	1130	4601
843	5754	1133	4621
844	5733	1140	4593
845	5721	1142	4579
846	5780	1146	4634
847	5722	1148	4574
848	5690	1135	4555
849	5736	1144	4592
850	5691	1140	4551
851	5730	1140	4590
852	5724	1132	4592
853	5789	1129	4660
854	5881	1137	4744
855	5850	1142	4708
856	5851	1131	4720
857	5909	1123	4786
858	5948	1134	4814
859	5945	1142	4803
860	5982	1143	4839
861	6006	1146	4860
862	6084	1155	4929
863	6061	1147	4914
864	6075	1137	4938
865	6105	1142	4963
866	6136	1125	5011
867	6253	1135	5118
868	6238	1157	5081
869	6178	1150	5028
870	6234	1149	5085
871	6267	1143	5124
872	6212	1135	5077
873	6169	1136	5033
874	6144	1127	5017
875	6225	1136	5089
876	6265	1143	5122
877	6273	1146	5127
878	6320	1141	5179
879	6378	1140	5238
880	6411	1140	5271
881	6354	1140	5214
882	6405	1143	5262
883	6440	1145	5295
884	6462	1139	5323
885	6458	1135	5323
886	6439	1140	5299
887	6476	1148	5328
888	6476	1140	5336
889	6453	1130	5323
890	6448	1138	5310
891	6432	1139	5293
892	6435	1134	5301
893	6480	1145	5335
894	6513	1142	5371
895	6511	1139	5372
896	6523	1143	5380
897	6539	1139	5400
898	6529	1137	5392
899	6512	1140	5372
900	6510	1136	5374
901	6605	1132	5473
902	6551	1131	5420
903	6555	1140	5415
904	6652	1144	5508
905	6677	1136	5541
906	6644	1138	5506
907	6642	1142	5500
908	6643	1140	5503
909	6728	1139	5589
910	6764	1131	5633
911	6784	1140	5644
912	6832	1138	5694
913	6922	1140	5782
914	6997	1145	5852
915	7066	1144	5922
916	7017	1142	5875
917	7096	1155	5941
918	7094	1150	5944
919	7098	1132	5966
920	7118	1136	5982
921	7160	1144	6016
922	7170	1148	6022
923	7260	1155	6105
924	7327	1145	6182
925	7307	1134	6173
926	7364	1139	6225
927	7323	1142	6181
928	7285	1138	6147
929	7322	1135	6187
930	7324	1139	6185
931	7387	1144	6243
932	7448	1135	6313
933	7444	1142	6302
934	7492	1140	6352
935	7572	1134	6438
936	7546	1148	6398
937	7522	1145	6377
938	7506	1140	6366
939	7559	1144	6415
940	7616	1140	6476
941	7573	1143	6430
942	7544	1137	6407
943	7585	1136	6449
944	7646	1145	6501
945	7680	1143	6537
946	7666	1129	6537
947	7661	1134	6527
948	7704	1144	6560
949	7721	1151	6570
950	7654	1136	6518
951	7674	1141	6533
952	7792	1152	6640
953	7785	1147	6638
954	7746	1136	6610
955	7815	1141	6674
956	7872	1138	6734
957	7834	1140	6694
958	7783	1142	6641
959	7834	1139	6695
960	7850	1127	6723
961	7729	1132	6597
962	7856	1138	6718
963	7949	1136	6813
964	8010	1140	6870
965	7983	1146	6837
966	7901	1143	6758
967	7846	1144	6702
968	7896	1143	6753
969	7952	1140	6812
970	7917	1140	6777
971	7987	1144	6843
972	8034	1142	6892
973	8151	1142	7009
974	8070	1147	6923
975	8012	1139	6873
976	8071	1144	6927
977	8085	1153	6932
978	8139	1153	6986
979	8169	1146	7023
980	8152	1148	7004
981	8053	1143	6910
982	8114	1144	6970
983	8183	1147	7036
984	8165	1149	7016
985	8174	1151	7023
986	8190	1144	7046
987	8195	1136	7059
988	8115	1144	6971
989	8206	1145	7061
990	8240	1135	7105
991	8235	1142	7093
992	8264	1144	7120
993	8227	1146	7081
994	8270	1151	7119
995	8285	1147	7138
996	8235	1145	7090
997	8214	1138	7076
998	8224	1133	7091
999	8330	1131	7199
1000	8356	1135	7221
1001	8315	1145	7170
1002	8295	1152	7143
1003	8419	1149	7270
1004	8402	1138	7264
1005	8287	1131	7156
1006	8305	1143	7162
1007	8376	1151	7225
1008	8340	1142	7198
1009	8293	1134	7159
1010	8312	1132	7180
1011	8374	1143	7231
1012	8424	1142	7282
1013	8407	1134	7273
1014	8389	1136	7253
1015	8360	1148	7212
1016	8408	1140	7268
1017	8385	1143	7242
1018	8342	1139	7203
1019	8383	1139	7244
1020	8361	1137	7224
1021	8335	1141	7194
1022	8383	1147	7236
1023	8352	1138	7214
1024	8403	1126	7277
1025	8400	1142	7258
1026	8379	1143	7236
1027	8380	1148	7232
1028	8328	1146	7182
1029	8389	1140	7249
1030	8403	1137	7266
1031	8411	1139	7272
1032	8386	1138	7248
1033	8411	1143	7268
1034	8463	1134	7329
1035	8443	1136	7307
1036	8412	1141	7271
1037	8398	1143	7255
1038	8537	1137	7400
1039	8442	1138	7304
1040	8352	1132	7220
1041	8434	1142	7292
1042	8445	1139	7306
1043	8448	1139	7309
1044	8414	1139	7275
1045	8445	1138	7307
1046	8434	1138	7296
1047	8344	1140	7204
1048	8336	1149	7187
1049	8364	1145	7219
1050	8360	1144	7216
1051	8356	1148	7208
1052	8407	1137	7270
1053	8414	1140	7274
1054	8347	1138	7209
1055	8307	1142	7165
1056	8301	1145	7156
1057	8325	1151	7174
1058	8293	1151	7142
1059	8363	1152	7211
1060	8369	1151	7218
1061	8363	1142	7221
1062	8359	1148	7211
1063	8406	1149	7257
1064	8389	1147	7242
1065	8309	1153	7156
1066	8264	1155	7109
1067	8338	1155	7183
1068	8388	1155	7233
1069	8370	1150	7220
1070	8236	1137	7099
1071	8242	1142	7100
1072	8282	1144	7138
1073	8252	1144	7108
1074	8205	1147	7058
1075	8260	1152	7108
1076	8216	1156	7060
1077	8181	1148	7033
1078	8260	1141	7119
1079	8296	1145	7151
1080	8220	1145	7075
1081	8123	1139	6984
1082	8095	1139	6956
1083	8149	1142	7007
1084	8116	1141	6975
1085	8073	1144	6929
1086	8105	1145	6960
1087	8172	1140	7032
1088	8068	1151	6917
1089	8128	1155	6973
1090	8069	1139	6930
1091	8077	1139	6938
1092	8229	1144	7085
1093	8265	1150	7115
1094	8229	1147	7082
1095	8255	1144	7111
1096	8235	1143	7092
1097	8323	1143	7180
1098	8303	1150	7153
1099	8256	1150	7106
1100	8276	1145	7131
1101	8221	1134	7087
1102	8148	1135	7013
1103	8206	1139	7067
1104	8133	1148	6985
1105	8164	1139	7025
1106	8229	1128	7101
1107	8219	1131	7088
1108	8214	1136	7078
1109	8209	1137	7072
1110	8216	1137	7079
1111	8179	1138	7041
1112	8156	1134	7022
1113	8119	1132	6987
1114	8177	1150	7027
1115	8217	1145	7072
1116	8084	1140	6944
1117	8084	1136	6948
1118	8153	1135	7018
1119	8076	1140	6936
1120	8116	1146	6970
1121	8206	1145	7061
1122	8167	1144	7023
1123	8140	1141	6999
1124	8198	1145	7053
1125	8204	1156	7048
1126	8201	1146	7055
1127	8107	1142	6965
1128	8139	1142	6997
1129	8120	1131	6989
1130	8132	1138	6994
1131	8097	1141	6956
1132	8169	1134	7035
1133	8200	1139	7061
1134	8214	1140	7074
1135	8193	1144	7049
1136	8207	1145	7062
1137	8252	1147	7105
1138	8256	1142	7114
1139	8226	1141	7085
1140	8200	1147	7053
1141	8172	1150	7022
1142	8101	1147	6954
1143	8127	1151	6976
1144	8149	1140	7009
1145	8196	1139	7057
1146	8189	1136	7053
1147	8206	1139	7067
1148	8166	1146	7020
1149	8192	1140	7052
1150	8139	1138	7001
1151	8162	1139	7023
1152	8172	1144	7028
1153	8225	1144	7081
1154	8246	1129	7117
1155	8230	1129	7101
1156	8173	1152	7021
1157	8162	1152	7010
1158	8265	1139	7126
1159	8250	1138	7112
1160	8251	1139	7112
1161	8260	1140	7120
1162	8184	1138	7046
1163	8225	1137	7088
1164	8335	1139	7196
1165	8250	1140	7110
1166	8178	1131	7047
1167	8178	1134	7044
1168	8220	1137	7083
1169	8287	1146	7141
1170	8337	1143	7194
1171	8312	1144	7168
1172	8326	1141	7185
1173	8290	1137	7153
1174	8283	1133	7150
1175	8269	1138	7131
1176	8331	1145	7186
1177	8392	1157	7235
1178	8476	1153	7323
1179	8364	1149	7215
1180	8361	1148	7213
1181	8421	1138	7283
1182	8299	1138	7161
1183	8313	1148	7165
1184	8354	1146	7208
1185	8268	1141	7127
1186	8370	1144	7226
1187	8413	1145	7268
1188	8290	1143	7147
1189	8430	1149	7281
1190	8458	1147	7311
1191	8403	1145	7258
1192	8467	1152	7315
1193	8448	1136	7312
1194	8476	1142	7334
1195	8525	1148	7377
1196	8460	1136	7324
1197	8497	1130	7367
1198	8404	1136	7268
1199	8401	1141	7260
1200	8512	1149	7363
1201	8481	1146	7335
1202	8468	1135	7333
1203	8538	1133	7405
1204	8595	1143	7452
1205	8594	1150	7444
1206	8619	1149	7470
1207	8718	1132	7586
1208	8701	1134	7567
1209	8653	1142	7511
1210	8723	1152	7571
1211	8669	1156	7513
1212	8653	1141	7512
1213	8625	1143	7482
1214	8601	1148	7453
1215	8732	1142	7590
1216	8825	1136	7689
1217	8791	1147	7644
1218	8810	1141	7669
1219	8824	1138	7686
1220	8849	1150	7699
1221	8927	1155	7772
1222	8837	1146	7691
1223	8821	1149	7672
1224	8818	1136	7682
1225	8824	1132	7692
1226	8810	1141	7669
1227	8915	1144	7771
1228	8898	1137	7761
1229	8902	1147	7755
1230	8933	1134	7799
1231	9025	1144	7881
1232	9009	1148	7861
1233	9036	1150	7886
1234	9072	1140	7932
1235	9097	1144	7953
1236	9199	1143	8056
1237	9211	1145	8066
1238	9161	1149	8012
1239	9156	1141	8015
1240	9222	1144	8078
1241	9192	1149	8043
1242	9205	1154	8051
1243	9222	1139	8083
1244	9221	1131	8090
1245	9319	1147	8172
1246	9269	1146	8123
1247	9275	1136	8139
1248	9283	1138	8145
1249	9335	1143	8192
1250	9462	1140	8322
1251	9400	1144	8256
1252	9423	1153	8270
1253	9367	1149	8218
1254	9353	1147	8206
1255	9461	1156	8305
1256	9426	1158	8268
1257	9533	1150	8383
1258	9584	1138	8446
1259	9502	1142	8360
1260	9487	1148	8339
1261	9589	1157	8432
1262	9529	1151	8378
1263	9514	1147	8367
1264	9649	1144	8505
1265	9560	1151	8409
1266	9513	1149	8364
1267	9641	1140	8501
1268	9686	1134	8552
1269	9717	1139	8578
1270	9730	1140	8590
1271	9856	1138	8718
1272	9826	1141	8685
1273	9818	1141	8677
1274	9876	1142	8734
1275	9888	1152	8736
1276	9995	1144	8851
1277	9974	1139	8835
1278	9960	1150	8810
1279	10057	1144	8913
1280	10054	1149	8905
1281	10035	1150	8885
1282	10022	1139	8883
1283	10003	1148	8855
1284	10058	1137	8921
1285	10078	1138	8940
1286	10111	1148	8963
1287	10181	1154	9027
1288	10201	1150	9051
1289	10176	1142	9034
1290	10153	1143	9010
1291	10179	1152	9027
1292	10254	1140	9114
1293	10285	1139	9146
1294	10329	1149	9180
1295	10318	1152	9166
1296	10335	1148	9187
1297	10236	1151	9085
1298	10250	1149	9101
1299	10275	1157	9118
1300	10368	1156	9212
1301	10456	1148	9308
1302	10477	1143	9334
1303	10461	1140	9321
1304	10471	1139	9332
1305	10512	1149	9363
1306	10576	1155	9421
1307	10550	1145	9405
1308	10559	1132	9427
1309	10688	1139	9549
1310	10723	1144	9579
1311	10682	1147	9535
1312	10700	1136	9564
1313	10665	1141	9524
1314	10668	1135	9533
1315	10706	1139	9567
1316	10799	1145	9654
1317	10873	1148	9725
1318	10876	1142	9734
1319	10870	1144	9726
1320	10856	1148	9708
1321	10857	1146	9711
1322	10864	1141	9723
1323	10826	1136	9690
1324	10879	1143	9736
1325	11028	1137	9891
1326	10996	1140	9856
1327	11006	1141	9865
1328	11041	1131	9910
1329	11082	1135	9947
1330	11074	1141	9933
1331	11021	1148	9873
1332	11059	1134	9925
1333	11188	1135	10053
1334	11091	1133	9958
1335	11153	1136	10017
1336	11178	1158	10020
1337	11211	1160	10051
1338	11216	1133	10083
1339	11228	1141	10087
1340	11376	1149	10227
1341	11525	1141	10384
1342	11330	1144	10186
1343	11384	1158	10226
1344	11454	1153	10301
1345	11409	1137	10272
1346	11440	1133	10307
1347	11477	1142	10335
1348	11421	1140	10281
1349	11466	1145	10321
1350	11539	1146	10393
1351	11583	1142	10441
1352	11583	1146	10437
1353	11517	1147	10370
1354	11473	1144	10329
1355	11501	1145	10356
1356	11588	1148	10440
1357	11579	1148	10431
1358	11554	1139	10415
1359	11563	1144	10419
1360	11636	1152	10484
1361	11757	1151	10606
1362	11706	1149	10557
1363	11618	1151	10467
1364	11632	1156	10476
1365	11690	1154	10536
1366	11652	1149	10503
1367	11684	1146	10538
1368	11706	1149	10557
1369	11731	1154	10577
1370	11766	1154	10612
1371	11796	1145	10651
1372	11794	1131	10663
1373	11797	1135	10662
1374	11862	1150	10712
1375	11887	1159	10728
1376	11761	1144	10617
1377	11837	1145	10692
1378	11843	1143	10700
1379	11896	1137	10759
1380	11880	1140	10740
1381	11844	1140	10704
1382	11875	1139	10736
1383	11754	1144	10610
1384	11853	1152	10701
1385	11943	1140	10803
1386	11852	1137	10715
1387	11879	1139	10740
1388	11905	1142	10763
1389	11949	1148	10801
1390	12008	1140	10868
1391	12011	1143	10868
1392	11991	1148	10843
1393	11937	1141	10796
1394	11919	1142	10777
1395	11973	1138	10835
1396	11987	1131	10856
1397	11973	1139	10834
1398	11986	1142	10844
1399	12019	1140	10879
1400	12095	1140	10955
1401	12062	1147	10915
1402	11984	1140	10844
1403	11956	1142	10814
1404	12066	1141	10925
1405	12101	1131	10970
1406	11970	1147	10823
1407	11951	1148	10803
1408	12031	1140	10891
1409	12171	1149	11022
1410	12114	1152	10962
1411	12073	1146	10927
1412	12103	1148	10955
1413	12116	1147	10969
1414	12180	1135	11045
1415	12112	1134	10978
1416	12025	1155	10870
1417	12072	1155	10917
1418	12121	1146	10975
1419	12091	1142	10949
1420	11999	1142	10857
1421	12009	1151	10858
1422	11993	1153	10840
1423	12075	1149	10926
1424	12076	1144	10932
1425	12081	1142	10939
1426	12005	1139	10866
1427	11941	1143	10798
1428	12005	1136	10869
1429	12119	1137	10982
1430	12078	1140	10938
1431	12016	1151	10865
1432	12008	1148	10860
1433	12075	1148	10927
1434	12071	1135	10936
1435	12090	1140	10950
1436	12105	1148	10957
1437	12098	1150	10948
1438	12169	1142	11027
1439	12158	1140	11018
1440	12046	1146	10900
1441	12100	1143	10957
1442	12152	1150	11002
1443	12087	1142	10945
1444	12031	1149	10882
1445	12021	1154	10867
1446	11997	1148	10849
1447	12061	1149	10912
1448	12001	1146	10855
1449	11951	1140	10811
1450	11924	1139	10785
1451	11999	1150	10849
1452	12003	1151	10852
1453	12014	1136	10878
1454	11988	1133	10855
1455	11967	1142	10825
1456	12049	1144	10905
1457	11913	1146	10767
1458	11855	1142	10713
1459	11933	1138	10795
1460	11944	1144	10800
1461	11940	1143	10797
1462	11937	1134	10803
1463	11887	1137	10750
1464	11915	1128	10787
1465	11924	1137	10787
1466	11828	1143	10685
1467	11873	1142	10731
1468	11804	1143	10661
1469	11736	1145	10591
1470	11834	1150	10684
1471	12009	1149	10860
1472	11855	1151	10704
1473	11745	1147	10598
1474	11784	1144	10640
1475	11774	1148	10626
1476	11693	1152	10541
1477	11670	1154	10516
1478	11720	1145	10575
1479	11580	1149	10431
1480	11538	1145	10393
1481	11513	1137	10376
1482	11581	1144	10437
1483	11642	1149	10493
1484	11688	1140	10548
1485	11748	1145	10603
1486	11717	1147	10570
1487	11698	1142	10556
1488	11687	1146	10541
1489	11685	1149	10536
1490	11730	1147	10583
1491	11725	1149	10576
1492	11700	1153	10547
1493	11683	1159	10524
1494	11663	1148	10515
1495	11638	1155	10483
1496	11634	1146	10488
1497	11579	1141	10438
1498	11636	1143	10493
1499	11680	1152	10528
1500	11749	1143	10606
1501	11675	1138	10537
1502	11633	1138	10495
1503	11632	1148	10484
1504	11557	1146	10411
1505	11652	1148	10504
1506	11620	1144	10476
1507	11535	1146	10389
1508	11565	1157	10408
1509	11630	1146	10484
1510	11578	1143	10435
1511	11569	1147	10422
1512	11604	1148	10456
1513	11545	1145	10400
1514	11544	1140	10404
1515	11545	1146	10399
1516	11537	1147	10390
1517	11556	1139	10417
1518	11469	1138	10331
1519	11483	1156	10327
1520	11487	1150	10337
1521	11439	1151	10288
1522	11409	1152	10257
1523	11355	1150	10205
1524	11358	1147	10211
1525	11386	1143	10243
1526	11361	1144	10217
1527	11326	1143	10183
1528	11255	1145	10110
1529	11301	1150	10151
1530	11247	1143	10104
1531	11314	1145	10169
1532	11322	1150	10172
1533	11350	1144	10206
1534	11330	1144	10186
1535	11288	1152	10136
1536	11271	1147	10124
1537	11279	1142	10137
1538	11205	1133	10072
1539	11217	1141	10076
1540	11232	1145	10087
1541	11288	1147	10141
1542	11350	1140	10210
1543	11297	1143	10154
1544	11234	1151	10083
1545	11239	1148	10091
1546	11234	1144	10090
1547	11258	1142	10116
1548	11195	1145	10050
1549	11204	1143	10061
1550	11233	1134	10099
1551	11153	1142	10011
1552	11098	1143	9955
1553	11160	1141	10019
1554	11191	1144	10047
1555	11100	1148	9952
1556	11050	1141	9909
1557	11055	1141	9914
1558	11209	1136	10073
1559	11153	1142	10011
1560	11015	1144	9871
1561	10974	1148	9826
1562	11055	1146	9909
1563	11076	1147	9929
1564	11060	1138	9922
1565	11065	1131	9934
1566	11031	1136	9895
1567	11085	1142	9943
1568	11064	1144	9920
1569	11055	1143	9912
1570	11134	1140	9994
1571	11126	1140	9986
1572	11121	1140	9981
1573	11100	1144	9956
1574	11058	1143	9915
1575	11049	1147	9902
1576	11001	1145	9856
1577	11071	1150	9921
1578	11055	1148	9907
1579	11028	1159	9869
1580	11066	1157	9909
1581	11097	1157	9940
1582	11070	1161	9909
1583	11015	1150	9865
1584	10912	1141	9771
1585	10981	1148	9833
1586	11016	1151	9865
1587	10974	1145	9829
1588	11007	1140	9867
1589	11058	1140	9918
1590	10978	1151	9827
1591	10850	1154	9696
1592	10838	1142	9696
1593	10841	1142	9699
1594	10821	1145	9676
1595	10842	1145	9697
1596	10963	1142	9821
1597	10940	1136	9804
1598	10938	1137	9801
1599	10964	1150	9814
1600	10872	1146	9726
1601	10858	1154	9704
1602	10791	1151	9640
1603	10825	1140	9685
1604	10830	1138	9692
1605	10880	1145	9735
1606	10883	1141	9742
1607	10923	1139	9784
1608	10867	1140	9727
1609	10874	1151	9723
1610	10833	1155	9678
1611	10881	1150	9731
1612	10899	1134	9765
1613	10886	1146	9740
1614	11004	1150	9854
1615	10901	1132	9769
1616	10845	1130	9715
1617	10866	1143	9723
1618	10893	1145	9748
1619	10910	1134	9776
1620	10846	1131	9715
1621	10863	1142	9721
1622	10866	1142	9724
1623	10958	1146	9812
1624	10942	1137	9805
1625	10890	1145	9745
1626	10834	1145	9689
1627	10878	1138	9740
1628	10881	1147	9734
1629	10933	1148	9785
1630	10880	1144	9736
1631	10752	1147	9605
1632	10785	1133	9652
1633	10893	1141	9752
1634	10889	1147	9742
1635	10811	1142	9669
1636	10771	1141	9630
1637	10858	1141	9717
1638	10876	1131	9745
1639	10852	1138	9714
1640	10835	1142	9693
1641	10906	1150	9756
1642	10911	1141	9770
1643	11039	1141	9898
1644	10882	1144	9738
1645	10759	1152	9607
1646	10798	1145	9653
1647	10834	1141	9693
1648	10986	1142	9844
1649	11000	1145	9855
1650	10869	1142	9727
1651	10859	1147	9712
1652	10938	1151	9787
1653	10940	1145	9795
1654	10932	1136	9796
1655	10907	1131	9776
1656	10963	1143	9820
1657	10944	1143	9801
1658	10915	1141	9774
1659	10880	1143	9737
1660	10900	1137	9763
1661	10938	1143	9795
1662	10856	1137	9719
1663	10881	1134	9747
1664	10948	1150	9798
1665	10915	1151	9764
1666	10934	1140	9794
1667	10985	1142	9843
1668	11011	1151	9860
1669	10988	1151	9837
1670	10958	1139	9819
1671	10978	1128	9850
1672	10878	1138	9740
1673	10786	1142	9644
1674	10888	1147	9741
1675	10915	1145	9770
1676	10853	1136	9717
1677	10955	1134	9821
1678	10922	1138	9784
1679	10973	1130	9843
1680	11101	1126	9975
1681	11078	1144	9934
1682	11018	1148	9870
1683	11083	1142	9941
1684	11078	1147	9931
1685	11162	1141	10021
1686	11121	1144	9977
1687	11032	1139	9893
1688	11012	1142	9870
1689	11066	1143	9923
1690	11051	1131	9920
1691	10979	1142	9837
1692	11039	1151	9888
1693	11072	1142	9930
1694	11024	1145	9879
1695	11049	1148	9901
1696	11036	1139	9897
1697	11105	1143	9962
1698	11049	1147	9902
1699	11091	1151	9940
1700	11121	1142	9979
1701	11128	1141	9987
1702	11116	1139	9977
1703	11203	1139	10064
1704	11110	1143	9967
1705	11193	1145	10048
1706	11198	1137	10061
1707	11072	1143	9929
1708	11145	1155	9990
1709	11234	1151	10083
1710	11169	1152	10017
1711	11209	1147	10062
1712	11189	1147	10042
1713	11242	1144	10098
1714	11189	1151	10038
1715	11064	1148	9916
1716	11065	1143	9922
1717	11139	1148	9991
1718	11185	1146	10039
1719	11098	1148	9950
1720	11191	1144	10047
1721	11156	1144	10012
1722	11113	1143	9970
1723	11184	1141	10043
1724	11200	1138	10062
1725	11220	1151	10069
1726	11223	1151	10072
1727	11158	1139	10019
1728	11084	1140	9944
1729	11217	1150	10067
1730	11327	1147	10180
1731	11312	1148	10164
1732	11286	1158	10128
1733	11260	1145	10115
1734	11214	1143	10071
1735	11208	1151	10057
1736	11245	1135	10110
1737	11306	1139	10167
1738	11386	1137	10249
1739	11366	1140	10226
1740	11314	1142	10172
1741	11315	1145	10170
1742	11327	1148	10179
1743	11351	1153	10198
1744	11350	1139	10211
1745	11435	1138	10297
1746	11401	1153	10248
1747	11358	1157	10201
1748	11333	1152	10181
1749	11295	1152	10143
1750	11345	1158	10187
1751	11366	1155	10211
1752	11351	1139	10212
1753	11331	1142	10189
1754	11475	1146	10329
1755	11523	1149	10374
1756	11480	1145	10335
1757	11560	1141	10419
1758	11531	1139	10392
1759	11551	1146	10405
1760	11508	1150	10358
1761	11482	1141	10341
1762	11482	1151	10331
1763	11479	1150	10329
1764	11556	1144	10412
1765	11569	1148	10421
1766	11555	1142	10413
1767	11545	1132	10413
1768	11569	1131	10438
1769	11691	1134	10557
1770	11600	1143	10457
1771	11663	1147	10516
1772	11721	1148	10573
1773	11681	1143	10538
1774	11651	1140	10511
1775	11659	1142	10517
1776	11680	1149	10531
1777	11684	1154	10530
1778	11528	1144	10384
1779	11589	1139	10450
1780	11667	1140	10527
1781	11664	1145	10519
1782	11614	1151	10463
1783	11667	1151	10516
1784	11736	1149	10587
1785	11790	1156	10634
1786	11634	1144	10490
1787	11640	1144	10496
1788	11722	1142	10580
1789	11696	1146	10550
1790	11741	1151	10590
1791	11855	1150	10705
1792	11875	1146	10729
1793	11804	1145	10659
1794	11789	1150	10639
1795	11795	1145	10650
1796	11767	1132	10635
1797	11763	1141	10622
1798	11809	1144	10665
1799	11933	1146	10787
1800	11864	1135	10729
1801	11831	1148	10683
1802	11885	1154	10731
1803	11939	1151	10788
1804	11917	1144	10773
1805	11938	1137	10801
1806	11917	1136	10781
1807	11832	1140	10692
1808	11784	1144	10640
1809	11814	1144	10670
1810	11838	1141	10697
1811	11808	1146	10662
1812	11840	1140	10700
1813	11824	1132	10692
1814	11782	1140	10642
1815	11861	1145	10716
1816	11881	1143	10738
1817	11920	1147	10773
1818	11903	1135	10768
1819	11763	1142	10621
1820	11748	1144	10604
1821	11829	1144	10685
1822	11941	1154	10787
1823	12007	1150	10857
1824	11979	1144	10835
1825	11912	1138	10774
1826	12009	1129	10880
1827	12104	1145	10959
1828	12029	1140	10889
1829	11968	1143	10825
1830	12061	1137	10924
1831	12102	1140	10962
1832	12111	1138	10973
1833	12053	1140	10913
1834	12078	1141	10937
1835	12104	1133	10971
1836	12130	1141	10989
1837	12069	1147	10922
1838	12004	1134	10870
1839	12036	1139	10897
1840	12031	1142	10889
1841	12017	1135	10882
1842	12065	1137	10928
1843	12072	1146	10926
1844	12137	1150	10987
1845	12257	1143	11114
1846	12141	1135	11006
1847	12130	1139	10991
1848	12144	1150	10994
1849	12079	1153	10926
1850	12057	1153	10904
1851	12085	1148	10937
1852	12046	1141	10905
1853	12101	1138	10963
1854	12065	1143	10922
1855	12177	1146	11031
1856	12145	1147	10998
1857	12151	1138	11013
1858	12209	1137	11072
1859	12127	1137	10990
1860	12196	1139	11057
1861	12112	1157	10955
1862	12102	1152	10950
1863	12076	1136	10940
1864	12066	1147	10919
1865	12195	1150	11045
1866	12124	1135	10989
1867	12072	1137	10935
1868	12103	1143	10960
1869	12189	1136	11053
1870	12161	1137	11024
1871	12054	1145	10909
1872	12077	1139	10938
1873	12072	1144	10928
1874	12068	1149	10919
1875	12200	1149	11051
1876	12232	1147	11085
1877	12212	1142	11070
1878	12219	1142	11077
1879	12182	1144	11038
1880	12243	1153	11090
1881	12302	1149	11153
1882	12239	1143	11096
1883	12199	1141	11058
1884	12228	1152	11076
1885	12274	1151	11123
1886	12221	1150	11071
1887	12228	1144	11084
1888	12247	1136	11111
1889	12391	1149	11242
1890	12296	1150	11146
1891	12127	1138	10989
1892	12176	1133	11043
1893	12178	1145	11033
1894	12193	1151	11042
1895	12157	1149	11008
1896	12067	1148	10919
1897	12068	1144	10924
1898	12123	1138	10985
1899	12242	1145	11097
1900	12194	1143	11051
1901	12157	1142	11015
1902	12105	1140	10965
1903	12104	1135	10969
1904	12156	1124	11032
1905	12237	1130	11107
1906	12131	1131	11000
1907	12141	1142	10999
1908	12101	1141	10960
1909	12130	1139	10991
1910	12113	1150	10963
1911	12148	1148	11000
1912	12180	1145	11035
1913	12149	1136	11013
1914	12114	1140	10974
1915	12123	1141	10982
1916	12213	1136	11077
1917	12226	1145	11081
1918	12194	1142	11052
1919	12153	1140	11013
1920	12231	1146	11085
1921	12249	1143	11106
1922	12258	1146	11112
1923	12344	1133	11211
1924	12310	1138	11172
1925	12285	1149	11136
1926	12209	1141	11068
1927	12265	1140	11125
1928	12262	1139	11123
1929	12192	1136	11056
1930	12159	1136	11023
1931	12229	1134	11095
1932	12252	1130	11122
1933	12215	1134	11081
1934	12169	1142	11027
1935	12193	1149	11044
1936	12207	1143	11064
1937	12197	1138	11059
1938	12179	1135	11044
1939	12111	1139	10972
1940	12148	1143	11005
1941	12150	1141	11009
1942	12132	1133	10999
1943	12209	1140	11069
1944	12334	1147	11187
1945	12292	1155	11137
1946	12259	1143	11116
1947	12242	1145	11097
1948	12196	1155	11041
1949	12203	1154	11049
1950	12219	1145	11074
1951	12225	1145	11080
1952	12219	1148	11071
1953	12222	1146	11076
1954	12233	1142	11091
1955	12183	1138	11045
1956	12155	1143	11012
1957	12180	1135	11045
1958	12205	1141	11064
1959	12141	1142	10999
1960	12083	1137	10946
1961	12065	1149	10916
1962	12127	1147	10980
1963	12074	1140	10934
1964	12003	1152	10851
1965	11994	1147	10847
1966	11926	1138	10788
1967	12009	1137	10872
1968	11997	1147	10850
1969	11854	1144	10710
1970	11868	1141	10727
1971	11829	1137	10692
1972	11903	1141	10762
1973	11916	1135	10781
1974	11882	1138	10744
1975	11861	1136	10725
1976	11970	1131	10839
1977	12044	1140	10904
1978	11931	1133	10798
1979	11945	1136	10809
1980	11839	1148	10691
1981	11873	1143	10730
1982	11932	1145	10787
1983	11935	1151	10784
1984	11958	1140	10818
1985	11967	1138	10829
1986	12107	1132	10975
1987	12111	1125	10986
1988	12136	1130	11006
1989	12116	1144	10972
1990	12173	1145	11028
1991	12113	1147	10966
1992	12010	1146	10864
1993	12085	1147	10938
1994	12090	1145	10945
1995	12055	1141	10914
1996	12017	1147	10870
1997	12026	1145	10881
1998	12045	1148	10897
1999	12091	1148	10943
2000	12114	1138	10976
2001	12090	1133	10957
2002	12023	1137	10886
2003	11911	1144	10767
2004	11966	1138	10828
2005	11987	1140	10847
2006	12053	1140	10913
2007	12121	1136	10985
2008	12078	1131	10947
2009	12081	1137	10944
2010	12187	1152	11035
2011	11950	1148	10802
2012	11855	1141	10714
2013	11969	1145	10824
2014	11941	1143	10798
2015	12013	1144	10869
2016	11987	1137	10850
2017	12025	1140	10885
2018	12072	1145	10927
2019	12072	1146	10926
2020	11973	1156	10817
2021	11947	1158	10789
2022	12038	1138	10900
2023	12087	1139	10948
2024	11970	1140	10830
2025	12053	1142	10911
2026	11982	1142	10840
2027	11994	1145	10849
2028	11903	1149	10754
2029	11874	1145	10729
2030	11890	1140	10750
2031	11920	1138	10782
2032	11980	1139	10841
2033	11909	1146	10763
2034	11863	1147	10716
2035	11881	1140	10741
2036	11895	1144	10751
2037	11986	1154	10832
2038	11962	1144	10818
2039	12012	1146	10866
2040	11986	1147	10839
2041	12006	1146	10860
2042	12006	1141	10865
2043	11957	1133	10824
2044	11868	1133	10735
2045	11908	1138	10770
2046	11858	1138	10720
2047	11849	1144	10705
2048	11850	1143	10707
2049	11871	1148	10723
2050	11891	1151	10740
2051	11801	1144	10657
2052	11757	1143	10614
2053	11885	1144	10741
2054	11847	1145	10702
2055	11825	1142	10683
2056	11683	1148	10535
2057	11816	1157	10659
2058	11756	1149	10607
2059	11782	1144	10638
2060	11809	1143	10666
2061	11811	1143	10668
2062	11693	1138	10555
2063	11686	1138	10548
2064	11641	1141	10500
2065	11715	1147	10568
2066	11743	1143	10600
2067	11767	1143	10624
2068	11798	1140	10658
2069	11778	1143	10635
2070	11700	1147	10553
2071	11632	1141	10491
2072	11626	1141	10485
2073	11641	1141	10500
2074	11598	1145	10453
2075	11580	1146	10434
2076	11547	1141	10406
2077	11599	1143	10456
2078	11677	1148	10529
2079	11792	1145	10647
2080	11685	1143	10542
2081	11667	1140	10527
2082	11670	1138	10532
2083	11684	1141	10543
2084	11696	1149	10547
2085	11669	1147	10522
2086	11607	1144	10463
2087	11588	1155	10433
2088	11634	1157	10477
2089	11608	1159	10449
2090	11535	1150	10385
2091	11532	1147	10385
2092	11492	1143	10349
2093	11501	1147	10354
2094	11487	1155	10332
2095	11530	1150	10380
2096	11511	1140	10371
2097	11625	1146	10479
2098	11600	1145	10455
2099	11597	1146	10451
2100	11508	1143	10365
2101	11504	1142	10362
2102	11560	1146	10414
2103	11511	1146	10365
2104	11575	1145	10430
2105	11491	1149	10342
2106	11515	1146	10369
2107	11595	1148	10447
2108	11598	1142	10456
2109	11600	1137	10463
2110	11708	1142	10566
2111	11635	1152	10483
2112	11525	1149	10376
2113	11535	1143	10392
2114	11579	1155	10424
2115	11556	1157	10399
2116	11601	1149	10452
2117	11606	1142	10464
2118	11510	1136	10374
2119	11381	1143	10238
2120	11486	1138	10348
2121	11571	1133	10438
2122	11537	1133	10404
2123	11414	1139	10275
2124	11376	1142	10234
2125	11336	1143	10193
2126	11356	1138	10218
2127	11399	1151	10248
2128	11347	1165	10182
2129	11344	1155	10189
2130	11369	1143	10226
2131	11421	1149	10272
2132	11483	1145	10338
2133	11430	1152	10278
2134	11444	1147	10297
2135	11415	1143	10272
2136	11330	1146	10184
2137	11328	1146	10182
2138	11293	1143	10150
2139	11296	1146	10150
2140	11275	1154	10121
2141	11289	1154	10135
2142	11291	1164	10127
2143	11276	1147	10129
2144	11373	1140	10233
2145	11356	1144	10212
2146	11271	1140	10131
2147	11313	1144	10169
2148	11355	1142	10213
2149	11402	1152	10250
2150	11313	1148	10165
2151	11242	1144	10098
2152	11234	1135	10099
2153	11266	1148	10118
2154	11229	1151	10078
2155	11161	1146	10015
2156	11163	1152	10011
2157	11180	1148	10032
2158	11189	1141	10048
2159	11066	1152	9914
2160	11086	1146	9940
2161	11182	1146	10036
2162	11184	1146	10038
2163	11197	1142	10055
2164	11078	1139	9939
2165	11047	1146	9901
2166	11142	1151	9991
2167	11105	1141	9964
2168	11062	1146	9916
2169	11126	1141	9985
2170	11162	1138	10024
2171	10942	1139	9803
2172	10915	1143	9772
2173	11057	1138	9919
2174	11075	1139	9936
2175	11072	1152	9920
2176	11078	1149	9929
2177	11084	1148	9936
2178	11028	1145	9883
2179	11026	1150	9876
2180	11009	1145	9864
2181	11103	1144	9959
2182	11058	1156	9902
2183	11054	1146	9908
2184	10994	1140	9854
2185	11035	1147	9888
2186	11168	1152	10016
2187	11137	1155	9982
2188	11090	1149	9941
2189	11076	1149	9927
2190	11065	1149	9916
2191	11129	1138	9991
2192	11185	1142	10043
2193	11072	1141	9931
2194	11030	1138	9892
2195	11019	1145	9874
2196	11043	1144	9899
2197	10984	1140	9844
2198	10976	1134	9842
2199	11041	1137	9904
2200	10959	1150	9809
2201	11029	1145	9884
2202	10992	1136	9856
2203	10903	1136	9767
2204	10777	1147	9630
2205	10754	1151	9603
2206	10847	1141	9706
2207	10827	1140	9687
2208	10783	1138	9645
2209	10759	1139	9620
2210	10747	1144	9603
2211	10823	1152	9671
2212	10742	1150	9592
2213	10751	1147	9604
2214	10732	1150	9582
2215	10690	1154	9536
2216	10662	1149	9513
2217	10590	1144	9446
2218	10484	1138	9346
2219	10435	1128	9307
2220	10273	1137	9136
2221	10130	1146	8984
2222	10102	1141	8961
2223	10032	1137	8895
2224	9986	1140	8846
2225	9873	1141	8732
2226	9726	1145	8581
2227	9617	1145	8472
2228	9530	1145	8385
2229	9491	1152	8339
2230	9387	1146	8241
2231	9348	1139	8209
2232	9388	1144	8244
2233	9277	1147	8130
2234	9314	1141	8173
2235	9294	1142	8152
2236	9259	1142	8117
2237	9263	1148	8115
2238	9160	1139	8021
2239	9150	1134	8016
2240	9140	1134	8006
2241	9133	1144	7989
2242	9104	1145	7959
2243	9126	1156	7970
2244	9057	1149	7908
2245	9092	1145	7947
2246	9183	1148	8035
2247	9314	1139	8175
2248	9376	1140	8236
2249	9493	1140	8353
2250	9654	1135	8519
2251	9700	1138	8562
2252	9799	1147	8652
2253	9934	1137	8797
2254	10021	1135	8886
2255	10024	1141	8883
2256	10098	1147	8951
2257	10206	1157	9049
2258	10264	1155	9109
2259	10310	1148	9162
2260	10252	1136	9116
2261	10319	1131	9188
2262	10391	1147	9244
2263	10537	1147	9390
2264	10551	1141	9410
2265	10500	1147	9353
2266	10521	1158	9363
2267	10675	1152	9523
2268	10742	1141	9601
2269	10668	1147	9521
2270	10588	1146	9442
2271	10629	1149	9480
2272	10635	1144	9491
2273	10571	1148	9423
2274	10567	1147	9420
2275	10642	1138	9504
2276	10665	1137	9528
2277	10586	1149	9437
2278	10588	1145	9443
2279	10658	1141	9517
2280	10622	1149	9473
2281	10564	1150	9414
2282	10596	1153	9443
2283	10669	1151	9518
2284	10634	1148	9486
2285	10568	1136	9432
2286	10606	1140	9466
2287	10641	1147	9494
2288	10537	1151	9386
2289	10518	1149	9369
2290	10510	1145	9365
2291	10509	1149	9360
2292	10572	1153	9419
2293	10504	1147	9357
2294	10503	1147	9356
2295	10529	1159	9370
2296	10507	1148	9359
2297	10462	1145	9317
2298	10496	1144	9352
2299	10606	1148	9458
2300	10541	1139	9402
2301	10559	1138	9421
2302	10476	1138	9338
2303	10466	1143	9323
2304	10367	1142	9225
2305	10365	1152	9213
2306	10350	1149	9201
2307	10390	1138	9252
2308	10427	1134	9293
2309	10370	1131	9239
2310	10419	1133	9286
2311	10420	1139	9281
2312	10356	1139	9217
2313	10381	1139	9242
2314	10405	1151	9254
2315	10382	1150	9232
2316	10381	1149	9232
2317	10400	1148	9252
2318	10422	1146	9276
2319	10403	1143	9260
2320	10347	1142	9205
2321	10310	1143	9167
2322	10318	1147	9171
2323	10300	1154	9146
2324	10306	1138	9168
2325	10336	1145	9191
2326	10345	1152	9193
2327	10251	1165	9086
2328	10230	1168	9062
2329	10267	1155	9112
2330	10283	1140	9143
2331	10338	1137	9201
2332	10320	1144	9176
2333	10320	1143	9177
2334	10190	1142	9048
2335	10195	1149	9046
2336	10262	1155	9107
2337	10240	1149	9091
2338	10191	1153	9038
2339	10237	1152	9085
2340	10298	1140	9158
2341	10201	1138	9063
2342	10222	1129	9093
2343	10291	1129	9162
2344	10283	1138	9145
2345	10206	1140	9066
2346	10297	1143	9154
2347	10265	1152	9113
2348	10219	1148	9071
2349	10157	1144	9013
2350	10083	1139	8944
2351	10181	1157	9024
2352	10047	1150	8897
2353	10146	1139	9007
2354	10226	1143	9083
2355	10150	1148	9002
2356	10145	1146	8999
2357	10161	1145	9016
2358	10097	1139	8958
2359	10083	1152	8931
2360	10100	1155	8945
2361	10165	1144	9021
2362	10164	1138	9026
2363	10059	1144	8915
2364	10019	1143	8876
2365	10017	1141	8876
2366	10046	1140	8906
2367	10010	1140	8870
2368	9968	1143	8825
2369	10009	1147	8862
2370	10037	1139	8898
2371	9995	1129	8866
2372	9961	1133	8828
2373	9985	1137	8848
2374	10008	1138	8870
2375	9930	1143	8787
2376	9977	1148	8829
2377	9950	1142	8808
2378	9975	1141	8834
2379	9953	1148	8805
2380	9962	1153	8809
2381	10000	1160	8840
2382	10009	1158	8851
2383	9918	1148	8770
2384	9897	1149	8748
2385	9898	1150	8748
2386	9865	1151	8714
2387	9879	1154	8725
2388	9866	1145	8721
2389	9856	1153	8703
2390	9826	1157	8669
2391	9769	1145	8624
2392	9811	1152	8659
2393	9885	1156	8729
2394	9813	1145	8668
2395	9856	1141	8715
2396	9993	1139	8854
2397	9930	1148	8782
2398	9854	1149	8705
2399	9833	1148	8685
2400	9821	1147	8674
2401	9815	1147	8668
2402	9860	1145	8715
2403	9788	1147	8641
2404	9756	1142	8614
2405	9803	1139	8664
2406	9807	1129	8678
2407	9738	1138	8600
2408	9803	1144	8659
2409	9944	1142	8802
2410	9943	1153	8790
2411	9828	1161	8667
2412	9789	1149	8640
2413	9839	1136	8703
2414	9809	1129	8680
2415	9796	1138	8658
2416	9800	1145	8655
2417	9747	1145	8602
2418	9785	1141	8644
2419	9781	1145	8636
2420	9703	1128	8575
2421	9719	1141	8578
2422	9715	1140	8575
2423	9728	1137	8591
2424	9824	1136	8688
2425	9821	1145	8676
2426	9757	1146	8611
2427	9783	1149	8634
2428	9756	1140	8616
2429	9643	1141	8502
2430	9660	1141	8519
2431	9747	1135	8612
2432	9761	1142	8619
2433	9736	1134	8602
2434	9593	1128	8465
2435	9695	1134	8561
2436	9709	1140	8569
2437	9707	1145	8562
2438	9676	1135	8541
2439	9662	1138	8524
2440	9665	1135	8530
2441	9662	1143	8519
2442	9650	1150	8500
2443	9657	1147	8510
2444	9726	1138	8588
2445	9602	1143	8459
2446	9575	1138	8437
2447	9643	1129	8514
2448	9635	1141	8494
2449	9637	1137	8500
2450	9712	1143	8569
2451	9715	1148	8567
2452	9735	1147	8588
2453	9692	1144	8548
2454	9682	1133	8549
2455	9623	1141	8482
2456	9649	1140	8509
2457	9664	1145	8519
2458	9672	1148	8524
2459	9702	1151	8551
2460	9695	1141	8554
2461	9714	1134	8580
2462	9708	1137	8571
2463	9668	1140	8528
2464	9642	1149	8493
2465	9795	1146	8649
2466	9851	1140	8711
2467	9807	1144	8663
2468	9894	1142	8752
2469	9879	1149	8730
2470	9824	1145	8679
2471	9778	1142	8636
2472	9670	1151	8519
2473	9699	1146	8553
2474	9698	1142	8556
2475	9750	1144	8606
2476	9823	1136	8687
2477	9901	1143	8758
2478	9794	1145	8649
2479	9686	1149	8537
2480	9711	1140	8571
2481	9668	1130	8538
2482	9681	1141	8540
2483	9728	1147	8581
2484	9755	1135	8620
2485	9803	1136	8667
2486	9787	1142	8645
2487	9878	1148	8730
2488	9798	1144	8654
2489	9805	1147	8658
2490	9841	1141	8700
2491	9868	1149	8719
2492	9884	1141	8743
2493	9921	1138	8783
2494	9836	1143	8693
2495	9817	1138	8679
2496	9841	1148	8693
2497	9774	1151	8623
2498	9791	1143	8648
2499	9781	1140	8641
2500	9728	1139	8589
2501	9812	1142	8670
2502	9797	1141	8656
2503	9884	1139	8745
2504	9877	1138	8739
2505	9857	1144	8713
2506	9769	1137	8632
2507	9799	1135	8664
2508	9899	1138	8761
2509	9894	1140	8754
2510	9869	1129	8740
2511	9766	1132	8634
2512	9784	1141	8643
2513	9885	1147	8738
2514	9924	1143	8781
2515	9873	1141	8732
2516	9878	1142	8736
2517	9996	1149	8847
2518	9915	1139	8776
2519	9930	1143	8787
2520	9954	1153	8801
2521	9962	1152	8810
2522	9962	1143	8819
2523	9898	1144	8754
2524	10000	1149	8851
2525	10049	1143	8906
2526	9975	1135	8840
2527	9907	1142	8765
2528	9975	1140	8835
2529	10042	1140	8902
2530	10015	1138	8877
2531	10113	1139	8974
2532	10046	1147	8899
2533	10033	1144	8889
2534	9947	1147	8800
2535	9986	1147	8839
2536	10035	1154	8881
2537	10020	1146	8874
2538	10035	1138	8897
2539	10043	1146	8897
2540	10088	1141	8947
2541	10119	1142	8977
2542	10107	1148	8959
2543	10059	1140	8919
2544	10024	1137	8887
2545	10024	1151	8873
2546	10055	1148	8907
2547	10106	1143	8963
2548	10063	1138	8925
2549	10076	1139	8937
2550	10203	1129	9074
2551	10185	1128	9057
2552	10137	1130	9007
2553	10050	1143	8907
2554	10005	1148	8857
2555	10064	1148	8916
2556	10062	1146	8916
2557	10102	1150	8952
2558	10142	1148	8994
2559	10114	1143	8971
2560	10208	1143	9065
2561	10256	1134	9122
2562	10169	1137	9032
2563	10150	1141	9009
2564	10200	1144	9056
2565	10258	1142	9116
2566	10192	1145	9047
2567	10204	1142	9062
2568	10223	1141	9082
2569	10217	1138	9079
2570	10299	1149	9150
2571	10270	1147	9123
2572	10217	1143	9074
2573	10292	1150	9142
2574	10348	1153	9195
2575	10263	1145	9118
2576	10282	1137	9145
2577	10338	1137	9201
2578	10220	1135	9085
2579	10184	1142	9042
2580	10284	1150	9134
2581	10315	1149	9166
2582	10275	1144	9131
2583	10346	1142	9204
2584	10335	1143	9192
2585	10310	1141	9169
2586	10321	1148	9173
2587	10263	1150	9113
2588	10249	1149	9100
2589	10346	1152	9194
2590	10386	1145	9241
2591	10410	1144	9266
2592	10369	1143	9226
2593	10304	1137	9167
2594	10348	1133	9215
2595	10439	1137	9302
2596	10400	1139	9261
2597	10402	1142	9260
2598	10389	1142	9247
2599	10410	1132	9278
2600	10392	1126	9266
2601	10415	1139	9276
2602	10374	1142	9232
2603	10423	1142	9281
2604	10435	1146	9289
2605	10440	1147	9293
2606	10442	1148	9294
2607	10502	1138	9364
2608	10516	1135	9381
2609	10503	1142	9361
2610	10497	1134	9363
2611	10462	1139	9323
2612	10475	1149	9326
2613	10474	1140	9334
2614	10503	1143	9360
2615	10547	1147	9400
2616	10457	1149	9308
2617	10368	1162	9206
2618	10412	1149	9263
2619	10423	1150	9273
2620	10451	1150	9301
2621	10519	1141	9378
2622	10513	1137	9376
2623	10471	1141	9330
2624	10510	1141	9369
2625	10506	1147	9359
2626	10526	1148	9378
2627	10546	1144	9402
2628	10488	1139	9349
2629	10511	1144	9367
2630	10519	1140	9379
2631	10559	1140	9419
2632	10552	1149	9403
2633	10561	1145	9416
2634	10532	1147	9385
2635	10539	1149	9390
2636	10496	1142	9354
2637	10502	1143	9359
2638	10515	1156	9359
2639	10503	1154	9349
2640	10582	1136	9446
2641	10622	1138	9484
2642	10551	1146	9405
2643	10511	1145	9366
2644	10543	1142	9401
2645	10634	1151	9483
2646	10627	1143	9484
2647	10589	1145	9444
2648	10663	1147	9516
2649	10632	1151	9481
2650	10573	1142	9431
2651	10598	1143	9455
2652	10648	1135	9513
2653	10701	1140	9561
2654	10559	1136	9423
2655	10598	1136	9462
2656	10649	1155	9494
2657	10540	1153	9387
2658	10550	1154	9396
2659	10559	1150	9409
2660	10570	1140	9430
2661	10625	1142	9483
2662	10633	1144	9489
2663	10623	1145	9478
2664	10626	1152	9474
2665	10555	1147	9408
2666	10675	1153	9522
2667	10627	1155	9472
2668	10614	1148	9466
2669	10661	1146	9515
2670	10684	1150	9534
2671	10668	1149	9519
2672	10556	1144	9412
2673	10581	1147	9434
2674	10535	1163	9372
2675	10563	1152	9411
2676	10599	1143	9456
2677	10596	1143	9453
2678	10590	1144	9446
2679	10630	1143	9487
2680	10580	1142	9438
2681	10534	1150	9384
2682	10577	1157	9420
2683	10637	1153	9484
2684	10565	1142	9423
2685	10593	1150	9443
2686	10621	1148	9473
2687	10538	1153	9385
2688	10515	1160	9355
2689	10536	1153	9383
2690	10583	1148	9435
2691	10506	1139	9367
2692	10500	1135	9365
2693	10497	1136	9361
2694	10456	1149	9307
2695	10587	1149	9438
2696	10537	1144	9393
2697	10399	1139	9260
2698	10429	1137	9292
2699	10491	1140	9351
2700	10525	1142	9383
2701	10440	1144	9296
2702	10524	1137	9387
2703	10473	1143	9330
2704	10406	1150	9256
2705	10439	1141	9298
2706	10374	1138	9236
2707	10420	1142	9278
2708	10465	1143	9322
2709	10493	1143	9350
2710	10459	1139	9320
2711	10463	1140	9323
2712	10433	1137	9296
2713	10373	1138	9235
2714	10404	1145	9259
2715	10446	1153	9293
2716	10362	1143	9219
2717	10405	1137	9268
2718	10388	1140	9248
2719	10357	1148	9209
2720	10502	1155	9347
2721	10447	1149	9298
2722	10397	1152	9245
2723	10306	1152	9154
2724	10363	1148	9215
2725	10396	1140	9256
2726	10288	1140	9148
2727	10336	1139	9197
2728	10343	1122	9221
2729	10345	1130	9215
2730	10275	1142	9133
2731	10314	1148	9166
2732	10310	1140	9170
2733	10241	1147	9094
2734	10257	1151	9106
2735	10368	1139	9229
2736	10349	1143	9206
2737	10294	1143	9151
2738	10257	1138	9119
2739	10345	1138	9207
2740	10331	1138	9193
2741	10292	1146	9146
2742	10272	1152	9120
2743	10192	1149	9043
2744	10114	1145	8969
2745	10140	1161	8979
2746	10169	1161	9008
2747	10283	1147	9136
2748	10290	1140	9150
2749	10228	1148	9080
2750	10265	1149	9116
2751	10199	1144	9055
2752	10145	1143	9002
2753	10134	1157	8977
2754	10101	1151	8950
2755	10047	1154	8893
2756	10067	1152	8915
2757	10095	1139	8956
2758	10061	1148	8913
2759	10034	1153	8881
2760	10066	1146	8920
2761	10044	1150	8894
2762	10007	1148	8859
2763	9921	1146	8775
2764	9885	1146	8739
2765	9936	1141	8795
2766	9982	1137	8845
2767	9915	1139	8776
2768	9948	1144	8804
2769	10032	1141	8891
2770	9961	1133	8828
2771	10003	1140	8863
2772	9952	1143	8809
2773	9927	1140	8787
2774	9943	1137	8806
2775	9931	1134	8797
2776	9940	1147	8793
2777	9888	1142	8746
2778	9876	1133	8743
2779	9959	1145	8814
2780	9982	1136	8846
2781	9943	1145	8798
2782	9930	1140	8790
2783	9930	1135	8795
2784	9894	1153	8741
2785	9860	1151	8709
2786	9934	1132	8802
2787	9898	1139	8759
2788	9890	1142	8748
2789	9863	1140	8723
2790	9770	1143	8627
2791	9709	1137	8572
2792	9671	1143	8528
2793	9743	1150	8593
2794	9686	1147	8539
2795	9675	1146	8529
2796	9644	1146	8498
2797	9702	1154	8548
2798	9657	1142	8515
2799	9663	1139	8524
2800	9757	1136	8621
2801	9628	1147	8481
2802	9600	1150	8450
2803	9656	1149	8507
2804	9644	1151	8493
2805	9669	1145	8524
2806	9613	1146	8467
2807	9562	1153	8409
2808	9531	1147	8384
2809	9458	1144	8314
2810	9449	1141	8308
2811	9505	1143	8362
2812	9481	1146	8335
2813	9397	1146	8251
2814	9431	1141	8290
2815	9414	1133	8281
2816	9391	1135	8256
2817	9347	1144	8203
2818	9320	1154	8166
2819	9350	1155	8195
2820	9283	1142	8141
2821	9273	1150	8123
2822	9352	1147	8205
2823	9425	1146	8279
2824	9376	1142	8234
2825	9368	1139	8229
2826	9321	1144	8177
2827	9332	1151	8181
2828	9259	1144	8115
2829	9193	1144	8049
2830	9198	1149	8049
2831	9188	1142	8046
2832	9166	1142	8024
2833	9260	1150	8110
2834	9179	1156	8023
2835	9164	1153	8011
2836	9179	1150	8029
2837	9076	1155	7921
2838	9010	1156	7854
2839	9079	1155	7924
2840	9071	1149	7922
2841	8970	1144	7826
2842	8959	1146	7813
2843	8976	1149	7827
2844	8946	1144	7802
2845	8926	1142	7784
2846	8926	1137	7789
2847	8912	1147	7765
2848	8864	1141	7723
2849	8843	1138	7705
2850	8789	1150	7639
2851	8812	1145	7667
2852	8876	1128	7748
2853	8816	1130	7686
2854	8797	1143	7654
2855	8858	1139	7719
2856	8739	1139	7600
2857	8682	1140	7542
2858	8636	1141	7495
2859	8629	1140	7489
2860	8587	1143	7444
2861	8598	1152	7446
2862	8584	1150	7434
2863	8636	1145	7491
2864	8577	1139	7438
2865	8491	1153	7338
2866	8512	1158	7354
2867	8520	1152	7368
2868	8514	1151	7363
2869	8549	1154	7395
2870	8503	1151	7352
2871	8494	1150	7344
2872	8453	1137	7316
2873	8423	1143	7280
2874	8379	1134	7245
2875	8307	1139	7168
2876	8277	1141	7136
2877	8303	1148	7155
2878	8220	1151	7069
2879	8215	1146	7069
2880	8193	1139	7054
2881	8204	1140	7064
2882	8274	1139	7135
2883	8239	1144	7095
2884	8170	1141	7029
2885	8129	1135	6994
2886	8111	1145	6966
2887	8118	1157	6961
2888	8051	1137	6914
2889	7989	1129	6860
2890	7994	1134	6860
2891	7967	1147	6820
2892	7960	1148	6812
2893	7877	1150	6727
2894	7829	1154	6675
2895	7826	1147	6679
2896	7838	1144	6694
2897	7805	1152	6653
2898	7777	1148	6629
2899	7772	1144	6628
2900	7788	1145	6643
2901	7685	1138	6547
2902	7631	1138	6493
2903	7612	1136	6476
2904	7635	1146	6489
2905	7629	1153	6476
2906	7611	1147	6464
2907	7614	1148	6466
2908	7552	1141	6411
2909	7575	1146	6429
2910	7596	1141	6455
2911	7509	1138	6371
2912	7470	1148	6322
2913	7486	1144	6342
2914	7390	1149	6241
2915	7425	1148	6277
2916	7477	1146	6331
2917	7353	1144	6209
2918	7431	1138	6293
2919	7441	1139	6302
2920	7381	1138	6243
2921	7274	1138	6136
2922	7236	1145	6091
2923	7248	1147	6101
2924	7138	1155	5983
2925	7156	1149	6007
2926	7193	1141	6052
2927	7218	1140	6078
2928	7164	1140	6024
2929	7232	1136	6096
2930	7234	1142	6092
2931	7137	1140	5997
2932	7105	1149	5956
2933	7026	1150	5876
2934	6944	1147	5797
2935	6973	1154	5819
2936	6994	1148	5846
2937	6976	1145	5831
2938	6920	1144	5776
2939	6819	1153	5666
2940	6782	1146	5636
2941	6739	1143	5596
2942	6707	1143	5564
2943	6726	1138	5588
2944	6717	1141	5576
2945	6665	1151	5514
2946	6677	1147	5530
2947	6659	1149	5510
2948	6647	1145	5502
2949	6616	1142	5474
2950	6557	1141	5416
2951	6551	1143	5408
2952	6593	1143	5450
2953	6642	1141	5501
2954	6607	1135	5472
2955	6513	1141	5372
2956	6480	1147	5333
2957	6489	1138	5351
2958	6541	1139	5402
2959	6555	1145	5410
2960	6515	1150	5365
2961	6475	1148	5327
2962	6390	1147	5243
2963	6351	1151	5200
2964	6349	1151	5198
2965	6295	1142	5153
2966	6275	1136	5139
2967	6274	1147	5127
2968	6280	1142	5138
2969	6240	1136	5104
2970	6238	1130	5108
2971	6260	1143	5117
2972	6194	1150	5044
2973	6162	1148	5014
2974	6110	1146	4964
2975	6055	1150	4905
2976	6042	1154	4888
2977	6048	1156	4892
2978	6001	1148	4853
2979	5960	1147	4813
2980	5901	1157	4744
2981	5908	1155	4753
2982	5916	1149	4767
2983	5890	1153	4737
2984	5809	1147	4662
2985	5845	1149	4696
2986	5787	1148	4639
2987	5769	1140	4629
2988	5772	1137	4635
2989	5800	1139	4661
2990	5739	1145	4594
2991	5708	1147	4561
2992	5646	1140	4506
2993	5651	1147	4504
2994	5610	1140	4470
2995	5564	1146	4418
2996	5544	1150	4394
2997	5473	1143	4330
2998	5367	1138	4229
2999	5343	1135	4208
3000	5361	1144	4217
3001	5338	1143	4195
3002	5267	1137	4130
3003	5263	1143	4120
3004	5276	1143	4133
3005	5256	1139	4117
3006	5210	1137	4073
3007	5232	1151	4081
3008	5216	1151	4065
3009	5265	1146	4119
3010	5290	1134	4156
3011	5309	1136	4173
3012	5268	1137	4131
3013	5278	1145	4133
3014	5274	1138	4136
3015	5187	1149	4038
3016	5137	1146	3991
3017	5159	1150	4009
3018	5080	1153	3927
3019	5102	1145	3957
3020	5097	1138	3959
3021	4986	1141	3845
3022	4979	1141	3838
3023	4976	1142	3834
3024	4978	1140	3838
3025	4932	1142	3790
3026	4915	1144	3771
3027	4954	1152	3802
3028	4902	1147	3755
3029	4886	1151	3735
3030	4883	1151	3732
3031	4816	1144	3672
3032	4774	1132	3642
3033	4712	1135	3577
3034	4684	1144	3540
3035	4707	1139	3568
3036	4707	1132	3575
3037	4685	1147	3538
3038	4568	1145	3423
3039	4529	1158	3371
3040	4522	1156	3366
3041	4494	1146	3348
3042	4543	1137	3406
3043	4563	1139	3424
3044	4547	1143	3404
3045	4483	1142	3341
3046	4387	1143	3244
3047	4421	1148	3273
3048	4411	1147	3264
3049	4392	1143	3249
3050	4358	1140	3218
3051	4286	1138	3148
3052	4282	1137	3145
3053	4266	1128	3138
3054	4241	1137	3104
3055	4251	1155	3096
3056	4190	1146	3044
3057	4202	1142	3060
3058	4167	1151	3016
3059	4094	1154	2940
3060	4078	1147	2931
3061	4081	1143	2938
3062	4015	1146	2869
3063	4021	1146	2875
3064	4002	1141	2861
3065	3948	1141	2807
3066	3908	1145	2763
3067	3914	1143	2771
3068	3891	1140	2751
3069	3893	1136	2757
3070	3802	1139	2663
3071	3789	1142	2647
3072	3794	1144	2650
3073	3789	1155	2634
3074	3767	1150	2617
3075	3781	1153	2628
3076	3734	1151	2583
3077	3676	1141	2535
3078	3632	1132	2500
3079	3575	1155	2420
3080	3563	1155	2408
3081	3590	1153	2437
3082	3541	1149	2392
3083	3495	1145	2350
3084	3465	1141	2324
3085	3446	1143	2303
3086	3453	1148	2305
3087	3409	1144	2265
3088	3390	1146	2244
3089	3368	1145	2223
3090	3374	1144	2230
3091	3321	1146	2175
3092	3336	1150	2186
3093	3322	1147	2175
3094	3253	1141	2112
3095	3255	1147	2108
3096	3241	1154	2087
3097	3218	1147	2071
3098	3175	1144	2031
3099	3166	1142	2024
3100	3148	1143	2005
3101	3122	1146	1976
3102	3057	1139	1918
3103	3067	1137	1930
3104	3040	1143	1897
3105	3051	1139	1912
3106	3012	1137	1875
3107	2977	1139	1838
3108	2937	1141	1796
3109	2937	1143	1794
3110	2945	1146	1799
3111	2909	1139	1770
3112	2865	1143	1722
3113	2809	1140	1669
3114	2848	1139	1709
3115	2875	1143	1732
3116	2833	1136	1697
3117	2797	1141	1656
3118	2747	1139	1608
3119	2722	1142	1580
3120	2742	1140	1602
3121	2707	1143	1564
3122	2641	1138	1503
3123	2628	1136	1492
3124	2630	1142	1488
3125	2602	1143	1459
3126	2538	1140	1398
3127	2577	1142	1435
3128	2550	1143	1407
3129	2508	1142	1366
3130	2508	1136	1372
3131	2527	1136	1391
3132	2459	1144	1315
3133	2465	1148	1317
3134	2469	1138	1331
3135	2463	1145	1318
3136	2432	1151	1281
3137	2406	1141	1265
3138	2419	1141	1278
3139	2378	1140	1238
3140	2363	1133	1230
3141	2372	1144	1228
3142	2293	1135	1158
3143	2255	1136	1119
3144	2252	1145	1107
3145	2261	1148	1113
3146	2237	1147	1090
3147	2202	1145	1057
3148	2160	1143	1017
3149	2204	1140	1064
3150	2203	1137	1066
3151	2194	1133	1061
3152	2135	1141	994
3153	2085	1151	934
3154	2098	1142	956
3155	2107	1147	960
3156	2114	1149	965
3157	2079	1146	933
3158	2043	1151	892
3159	2032	1148	884
3160	2006	1139	867
3161	2001	1136	865
3162	1991	1140	851
3163	1985	1149	836
3164	1928	1153	775
3165	1900	1149	751
3166	1921	1146	775
3167	1930	1140	790
3168	1901	1136	765
3169	1865	1138	727
3170	1844	1143	701
3171	1852	1144	708
3172	1836	1134	702
3173	1821	1142	679
3174	1822	1147	675
3175	1794	1139	655
3176	1757	1141	616
3177	1765	1144	621
3178	1740	1145	595
3179	1740	1149	591
3180	1742	1148	594
3181	1730	1140	590
3182	1723	1142	581
3183	1729	1150	579
3184	1696	1145	551
3185	1715	1144	571
3186	1677	1138	539
3187	1671	1140	531
3188	1633	1136	497
3189	1626	1131	495
3190	1636	1137	499
3191	1610	1149	461
3192	1597	1147	450
3193	1602	1138	464
3194	1597	1139	458
3195	1562	1153	409
3196	1555	1142	413
3197	1571	1147	424
3198	1550	1146	404
3199	1545	1144	401
3200	1539	1153	386
3201	1529	1161	368
3202	1506	1149	357
3203	1525	1132	393
3204	1505	1134	371
3205	1490	1140	350
3206	1471	1143	328
3207	1471	1138	333
3208	1488	1136	352
3209	1502	1139	363
3210	1471	1140	331
3211	1471	1148	323
3212	1435	1144	291
3213	1443	1148	295
3214	1450	1139	311
3215	1444	1143	301
3216	1425	1142	283
3217	1437	1142	295
3218	1412	1139	273
3219	1421	1137	284
3220	1423	1138	285
3221	1423	1137	286
3222	1419	1142	277
3223	1430	1147	283
3224	1425	1151	274
3225	1444	1150	294
3226	1411	1147	264
3227	1411	1151	260
3228	1411	1157	254
3229	1399	1152	247
3230	1404	1137	267
3231	1386	1142	244
3232	1379	1140	239
3233	1399	1142	257
3234	1408	1140	268
3235	1405	1141	264
3236	1402	1130	272
3237	1400	1135	265
3238	1397	1146	251
3239	1389	1152	237
3240	1375	1148	227
3241	1368	1151	217
3242	1383	1146	237
3243	1379	1139	240
3244	1376	1142	234
3245	1368	1145	223
3246	1358	1145	213
3247	1368	1136	232
3248	1401	1132	269
3249	1396	1142	254
3250	1381	1146	235
3251	1359	1136	223
3252	1350	1138	212
3253	1358	1149	209
3254	1356	1139	217
3255	1343	1150	193
3256	1345	1146	199
3257	1360	1126	234
3258	1364	1134	230
3259	1350	1151	199
3260	1362	1150	212
3261	1390	1149	241
3262	1362	1145	217
3263	1351	1146	205
3264	1352	1140	212
3265	1361	1145	216
3266	1349	1152	197
3267	1353	1147	206
3268	1352	1147	205
3269	1372	1153	219
3270	1362	1146	216
3271	1344	1136	208
3272	1351	1129	222
3273	1357	1125	232
3274	1357	1136	221
3275	1373	1153	220
3276	1352	1145	207
3277	1345	1138	207
3278	1345	1142	203
3279	1363	1138	225
3280	1357	1140	217
3281	1330	1149	181
3282	1340	1142	198
3283	1332	1142	190
3284	1317	1155	162
3285	1347	1147	200
3286	1363	1151	212
3287	1340	1153	187
3288	1306	1142	164
3289	1317	1141	176
3290	1342	1145	197
3291	1350	1135	215
3292	1339	1137	202
3293	1336	1138	198
3294	1348	1135	213
3295	1363	1142	221
3296	1346	1141	205
3297	1349	1147	202
3298	1329	1141	188
3299	1348	1143	205
3300	1345	1148	197
3301	1336	1144	192
3302	1325	1148	177
3303	1347	1141	206
3304	1325	1149	176
3305	1316	1133	183
3306	1327	1118	209
3307	1313	1131	182
3308	1316	1140	176
3309	1328	1136	192
3310	1334	1141	193
3311	1341	1145	196
3312	1331	1140	191
3313	1346	1147	199
3314	1346	1149	197
3315	1322	1149	173
3316	1330	1148	182
3317	1334	1143	191
3318	1337	1149	188
3319	1334	1149	185
3320	1336	1142	194
3321	1330	1140	190
3322	1319	1143	176
3323	1311	1145	166
3324	1313	1137	176
3325	1329	1137	192
3326	1323	1144	179
3327	1322	1143	179
3328	1293	1136	157
3329	1309	1137	172
3330	1323	1144	179
3331	1330	1149	181
3332	1322	1136	186
3333	1314	1137	177
3334	1306	1143	163
3335	1314	1140	174
3336	1327	1134	193
3337	1327	1135	192
3338	1322	1140	182
3339	1332	1139	193
3340	1303	1144	159
3341	1316	1157	159
3342	1301	1145	156
3343	1333	1141	192
3344	1329	1139	190
3345	1282	1143	139
3346	1298	1140	158
3347	1301	1139	162
3348	1289	1142	147
3349	1310	1152	158
3350	1294	1149	145
3351	1326	1146	180
3352	1338	1144	194
3353	1334	1145	189
3354	1295	1144	151
3355	1282	1143	139
3356	1315	1143	172
3357	1325	1141	184
3358	1304	1150	154
3359	1322	1149	173
3360	1326	1147	179
3361	1325	1149	176
3362	1306	1140	166
3363	1302	1142	160
3364	1306	1144	162
3365	1306	1147	159
3366	1304	1157	147
3367	1284	1153	131
3368	1274	1145	129
3369	1321	1147	174
3370	1317	1140	177
3371	1310	1150	160
3372	1292	1141	151
3373	1306	1136	170
3374	1301	1147	154
3375	1314	1157	157
3376	1308	1144	164
3377	1286	1143	143
3378	1288	1143	145
3379	1290	1140	150
3380	1276	1137	139
3381	1317	1140	177
3382	1317	1132	185
3383	1315	1142	173
3384	1326	1147	179
3385	1301	1139	162
3386	1289	1137	152
3387	1318	1146	172
3388	1304	1148	156
3389	1317	1137	180
3390	1295	1146	149
3391	1288	1151	137
3392	1277	1146	131
3393	1286	1142	144
3394	1287	1140	147
3395	1277	1138	139
3396	1281	1140	141
3397	1305	1141	164
3398	1286	1142	144
3399	1303	1148	155
3400	1297	1146	151
3401	1265	1144	121
3402	1284	1146	138
3403	1296	1143	153
3404	1261	1136	125
3405	1272	1150	122
3406	1282	1153	129
3407	1297	1151	146
3408	1271	1154	117
3409	1293	1156	137
3410	1288	1150	138
3411	1315	1141	174
3412	1324	1144	180
3413	1281	1141	140
3414	1265	1149	116
3415	1288	1150	138
3416	1279	1136	143
3417	1285	1143	142
3418	1283	1139	144
3419	1285	1134	151
3420	1252	1134	118
3421	1273	1139	134
3422	1288	1144	144
3423	1306	1145	161
3424	1271	1140	131
3425	1267	1142	125
3426	1263	1145	118
3427	1266	1144	122
3428	1256	1152	104
3429	1252	1145	107
3430	1253	1139	114
3431	1288	1142	146
3432	1273	1151	122
3433	1271	1144	127
3434	1262	1146	116
3435	1253	1157	96
3436	1264	1157	107
3437	1256	1149	107
3438	1232	1152	80
3439	1248	1152	96
3440	1252	1140	112
3441	1267	1142	125
3442	1268	1147	121
3443	1260	1142	118
3444	1247	1145	102
3445	1261	1146	115
3446	1292	1142	150
3447	1286	1139	147
3448	1273	1135	138
3449	1284	1139	145
3450	1284	1140	144
3451	1274	1130	144
3452	1284	1133	151
3453	1270	1137	133
3454	1242	1144	98
3455	1242	1141	101
3456	1241	1140	101
3457	1261	1142	119
3458	1284	1139	145
3459	1276	1143	133
3460	1263	1141	122
3461	1275	1144	131
3462	1260	1147	113
3463	1252	1141	111
3464	1267	1145	122
3465	1274	1143	131
3466	1254	1147	107
3467	1240	1140	100
3468	1241	1129	112
3469	1269	1133	136
3470	1274	1137	137
3471	1283	1137	146
3472	1263	1132	131
3473	1285	1144	141
3474	1283	1140	143
3475	1266	1140	126
3476	1280	1141	139
3477	1278	1148	130
3478	1244	1139	105
3479	1242	1132	110
3480	1235	1148	87
3481	1237	1149	88
3482	1235	1145	90
3483	1255	1138	117
3484	1252	1146	106
3485	1249	1149	100
3486	1252	1142	110
3487	1249	1144	105
3488	1234	1145	89
3489	1258	1154	104
3490	1256	1143	113
3491	1238	1137	101
3492	1230	1141	89
3493	1229	1143	86
3494	1237	1139	98
3495	1261	1149	112
3496	1233	1155	78
3497	1230	1143	87
3498	1249	1147	102
3499	1233	1148	85
3500	1257	1141	116
3501	1247	1151	96
3502	1250	1150	100
3503	1232	1148	84
3504	1236	1147	89
3505	1234	1140	94
3506	1232	1141	91
3507	1237	1143	94
3508	1214	1140	74
3509	1235	1145	90
3510	1220	1148	72
3511	1227	1144	83
3512	1230	1144	86
3513	1260	1141	119
3514	1243	1138	105
3515	1228	1142	86
3516	1227	1142	85
3517	1227	1141	86
3518	1238	1142	96
3519	1246	1140	106
3520	1225	1137	88
3521	1209	1141	68
3522	1189	1141	48
3523	1211	1141	70
3524	1236	1147	89
3525	1231	1149	82
3526	1235	1143	92
3527	1240	1141	99
3528	1239	1131	108
3529	1243	1128	115
3530	1245	1131	114
3531	1238	1138	100
3532	1217	1143	74
3533	1227	1145	82
3534	1236	1141	95
3535	1242	1147	95
3536	1229	1142	87
3537	1238	1140	98
3538	1233	1147	86
3539	1231	1152	79
3540	1230	1147	83
3541	1270	1148	122
3542	1262	1142	120
3543	1237	1146	91
3544	1225	1152	73
3545	1229	1142	87
3546	1224	1135	89
3547	1240	1132	108
3548	1231	1134	97
3549	1226	1131	95
3550	1227	1142	85
3551	1251	1151	100
3552	1231	1143	88
3553	1218	1148	70
3554	1212	1143	69
3555	1227	1139	88
3556	1216	1126	90
3557	1219	1138	81
3558	1216	1153	63
3559	1241	1153	88
3560	1230	1145	85
3561	1207	1144	63
3562	1202	1138	64
3563	1199	1139	60
3564	1220	1143	77
3565	1213	1152	61
3566	1193	1147	46
3567	1207	1140	67
3568	1231	1153	78
3569	1237	1156	81
3570	1234	1146	88
3571	1250	1144	106
3572	1218	1148	70
3573	1216	1148	68
3574	1219	1143	76
3575	1222	1148	74
3576	1222	1156	66
3577	1222	1156	66
3578	1217	1144	73
3579	1216	1147	69
3580	1219	1142	77
3581	1218	1141	77
3582	1205	1139	66
3583	1221	1140	81
3584	1215	1141	74
3585	1201	1135	66
3586	1218	1144	74
3587	1217	1141	76
3588	1226	1138	88
3589	1225	1138	87
3590	1226	1145	81
3591	1232	1142	90
3592	1225	1142	83
3593	1203	1150	53
3594	1205	1142	63
3595	1214	1146	68
3596	1209	1154	55
3597	1189	1164	25
3598	1196	1149	47
3599	1228	1147	81
3600	1228	1136	92
3601	1206	1138	68
3602	1222	1142	80
3603	1221	1144	77
3604	1211	1147	64
3605	1221	1137	84
3606	1209	1144	65
3607	1208	1153	55
3608	1230	1159	71
3609	1216	1156	60
3610	1193	1145	48
3611	1216	1135	81
3612	1232	1135	97
3613	1223	1144	79
3614	1197	1146	51
3615	1209	1147	62
3616	1226	1143	83
3617	1212	1147	65
3618	1206	1142	64
3619	1211	1130	81
3620	1190	1138	52
3621	1181	1141	40
3622	1208	1138	70
3623	1222	1143	79
3624	1205	1143	62
3625	1199	1140	59
3626	1190	1138	52
3627	1196	1140	56
3628	1191	1145	46
3629	1214	1151	63
3630	1204	1149	55
3631	1216	1148	68
3632	1208	1152	56
3633	1216	1151	65
3634	1226	1141	85
3635	1225	1143	82
3636	1203	1152	51
3637	1215	1152	63
3638	1230	1150	80
3639	1226	1153	73
3640	1208	1159	49
3641	1218	1148	70
3642	1224	1143	81
3643	1222	1148	74
3644	1226	1147	79
3645	1207	1143	64
3646	1189	1143	46
3647	1214	1141	73
3648	1229	1147	82
