index	original	background	difference
-----------------------------------------------------
1	1155	1099	56
2	1153	1102	51
3	1152	1106	46
4	1178	1108	70
5	1169	1105	64
6	1166	1099	67
7	1166	1105	61
8	1172	1107	65
9	1193	1109	84
10	1187	1109	78
11	1176	1111	65
12	1180	1110	70
13	1162	1111	51
14	1178	1120	58
15	1157	1130	27
16	1145	1117	28
17	1144	1111	33
18	1168	1111	57
19	1179	1123	56
20	1189	1116	73
21	1191	1102	89
22	1184	1121	63
23	1171	1117	54
24	1210	1121	89
25	1203	1121	82
26	1164	1122	42
27	1152	1126	26
28	1183	1123	60
29	1173	1118	55
30	1185	1116	69
31	1186	1124	62
32	1175	1123	52
33	1173	1128	45
34	1184	1131	53
35	1185	1125	60
36	1201	1128	73
37	1203	1122	81
38	1193	1126	67
39	1186	1125	61
40	1185	1128	57
41	1199	1123	76
42	1207	1114	93
43	1171	1124	47
44	1190	1139	51
45	1196	1133	63
46	1186	1125	61
47	1205	1128	77
48	1219	1137	82
49	1206	1143	63
50	1206	1136	70
51	1239	1138	101
52	1233	1139	94
53	1202	1136	66
54	1202	1138	64
55	1219	1130	89
56	1230	1132	98
57	1223	1126	97
58	1204	1130	74
59	1206	1141	65
60	1239	1130	109
61	1208	1126	82
62	1204	1138	66
63	1218	1144	74
64	1230	1140	90
65	1226	1132	94
66	1226	1129	97
67	1180	1131	49
68	1194	1131	63
69	1220	1136	84
70	1203	1134	69
71	1217	1135	82
72	1216	1142	74
73	1236	1152	84
74	1244	1147	97
75	1219	1140	79
76	1228	1141	87
77	1240	1142	98
78	1225	1147	78
79	1205	1147	58
80	1201	1142	59
81	1237	1137	100
82	1241	1132	109
83	1204	1129	75
84	1199	1131	68
85	1219	1137	82
86	1248	1133	115
87	1215	1137	78
88	1226	1146	80
89	1221	1149	72
90	1226	1145	81
91	1229	1140	89
92	1233	1138	95
93	1228	1140	88
94	1243	1138	105
95	1261	1139	122
96	1234	1136	98
97	1227	1140	87
98	1228	1146	82
99	1233	1142	91
100	1238	1135	103
101	1232	1141	91
102	1231	1140	91
103	1226	1135	91
104	1217	1139	78
105	1217	1152	65
106	1248	1144	104
107	1247	1138	109
108	1231	1141	90
109	1237	1145	92
110	1242	1142	100
111	1248	1135	113
112	1248	1136	112
113	1250	1138	112
114	1249	1132	117
115	1247	1136	111
116	1277	1129	148
117	1272	1132	140
118	1251	1140	111
119	1283	1144	139
120	1258	1139	119
121	1241	1140	101
122	1271	1146	125
123	1274	1139	135
124	1257	1137	120
125	1243	1134	109
126	1246	1130	116
127	1280	1134	146
128	1293	1135	158
129	1298	1142	156
130	1286	1149	137
131	1283	1159	124
132	1277	1156	121
133	1246	1146	100
134	1267	1141	126
135	1270	1136	134
136	1283	1139	144
137	1267	1138	129
138	1262	1142	120
139	1285	1144	141
140	1308	1144	164
141	1297	1144	153
142	1304	1134	170
143	1292	1141	151
144	1267	1145	122
145	1303	1140	163
146	1330	1141	189
147	1313	1151	162
148	1306	1144	162
149	1301	1134	167
150	1320	1137	183
151	1313	1144	169
152	1320	1141	179
153	1332	1144	188
154	1325	1143	182
155	1313	1138	175
156	1293	1138	155
157	1305	1140	165
158	1312	1143	169
159	1310	1152	158
160	1326	1146	180
161	1306	1140	166
162	1301	1144	157
163	1297	1145	152
164	1319	1139	180
165	1322	1148	174
166	1343	1145	198
167	1339	1142	197
168	1330	1139	191
169	1335	1142	193
170	1354	1137	217
171	1344	1143	201
172	1328	1146	182
173	1319	1154	165
174	1330	1145	185
175	1347	1139	208
176	1356	1139	217
177	1340	1137	203
178	1329	1143	186
179	1328	1145	183
180	1327	1134	193
181	1352	1132	220
182	1361	1134	227
183	1363	1133	230
184	1375	1140	235
185	1358	1143	215
186	1358	1153	205
187	1365	1152	213
188	1351	1145	206
189	1358	1151	207
190	1368	1149	219
191	1382	1150	232
192	1392	1136	256
193	1404	1126	278
194	1396	1130	266
195	1365	1153	212
196	1373	1147	226
197	1375	1146	229
198	1401	1145	256
199	1384	1150	234
200	1381	1146	235
201	1367	1146	221
202	1377	1135	242
203	1386	1132	254
204	1406	1139	267
205	1407	1146	261
206	1427	1143	284
207	1431	1139	292
208	1402	1152	250
209	1370	1152	218
210	1415	1145	270
211	1428	1137	291
212	1410	1140	270
213	1426	1137	289
214	1439	1136	303
215	1437	1134	303
216	1429	1135	294
217	1413	1141	272
218	1429	1148	281
219	1463	1144	319
220	1462	1132	330
221	1426	1128	298
222	1439	1132	307
223	1433	1138	295
224	1452	1138	314
225	1454	1136	318
226	1434	1134	300
227	1440	1130	310
228	1476	1132	344
229	1495	1146	349
230	1471	1145	326
231	1467	1138	329
232	1472	1139	333
233	1479	1140	339
234	1469	1139	330
235	1459	1132	327
236	1470	1134	336
237	1474	1144	330
238	1501	1145	356
239	1476	1147	329
240	1498	1150	348
241	1521	1150	371
242	1516	1137	379
243	1510	1138	372
244	1515	1144	371
245	1500	1157	343
246	1515	1149	366
247	1537	1148	389
248	1522	1143	379
249	1528	1137	391
250	1523	1145	378
251	1522	1140	382
252	1520	1141	379
253	1539	1148	391
254	1557	1146	411
255	1569	1151	418
256	1571	1137	434
257	1585	1142	443
258	1553	1151	402
259	1561	1150	411
260	1592	1143	449
261	1581	1140	441
262	1600	1133	467
263	1599	1139	460
264	1597	1142	455
265	1604	1136	468
266	1616	1138	478
267	1607	1136	471
268	1610	1135	475
269	1625	1141	484
270	1616	1142	474
271	1628	1148	480
272	1634	1148	486
273	1619	1149	470
274	1608	1138	470
275	1617	1139	478
276	1623	1147	476
277	1635	1143	492
278	1656	1146	510
279	1643	1140	503
280	1649	1130	519
281	1631	1136	495
282	1626	1145	481
283	1642	1139	503
284	1680	1139	541
285	1694	1148	546
286	1728	1146	582
287	1698	1152	546
288	1686	1152	534
289	1687	1150	537
290	1709	1150	559
291	1718	1147	571
292	1730	1140	590
293	1716	1146	570
294	1724	1142	582
295	1741	1143	598
296	1762	1148	614
297	1743	1158	585
298	1751	1153	598
299	1745	1147	598
300	1747	1142	605
301	1746	1150	596
302	1751	1143	608
303	1763	1149	614
304	1797	1147	650
305	1797	1135	662
306	1784	1123	661
307	1790	1134	656
308	1826	1148	678
309	1828	1143	685
310	1847	1144	703
311	1835	1139	696
312	1862	1128	734
313	1875	1137	738
314	1855	1142	713
315	1833	1143	690
316	1877	1135	742
317	1912	1130	782
318	1892	1134	758
319	1902	1136	766
320	1919	1140	779
321	1923	1138	785
322	1934	1138	796
323	1897	1133	764
324	1915	1131	784
325	1924	1136	788
326	1955	1139	816
327	1963	1143	820
328	1959	1154	805
329	1951	1150	801
330	2012	1151	861
331	1995	1159	836
332	1977	1148	829
333	1991	1151	840
334	1973	1142	831
335	2001	1139	862
336	2024	1149	875
337	2005	1139	866
338	2003	1140	863
339	2004	1146	858
340	2044	1150	894
341	2031	1158	873
342	2070	1149	921
343	2097	1140	957
344	2110	1136	974
345	2117	1145	972
346	2138	1141	997
347	2098	1144	954
348	2088	1145	943
349	2098	1143	955
350	2136	1142	994
351	2189	1141	1048
352	2186	1137	1049
353	2149	1140	1009
354	2167	1143	1024
355	2159	1147	1012
356	2163	1140	1023
357	2155	1141	1014
358	2215	1143	1072
359	2212	1143	1069
360	2217	1146	1071
361	2206	1148	1058
362	2238	1140	1098
363	2262	1134	1128
364	2251	1136	1115
365	2222	1129	1093
366	2213	1125	1088
367	2253	1144	1109
368	2278	1136	1142
369	2298	1140	1158
370	2344	1142	1202
371	2362	1146	1216
372	2331	1151	1180
373	2335	1143	1192
374	2325	1140	1185
375	2297	1139	1158
376	2318	1140	1178
377	2335	1150	1185
378	2368	1153	1215
379	2313	1142	1171
380	2364	1131	1233
381	2430	1141	1289
382	2411	1150	1261
383	2393	1153	1240
384	2377	1140	1237
385	2379	1141	1238
386	2374	1135	1239
387	2355	1141	1214
388	2418	1149	1269
389	2437	1132	1305
390	2443	1135	1308
391	2446	1155	1291
392	2457	1154	1303
393	2455	1147	1308
394	2482	1151	1331
395	2469	1153	1316
396	2520	1147	1373
397	2537	1148	1389
398	2494	1156	1338
399	2497	1150	1347
400	2529	1152	1377
401	2538	1155	1383
402	2518	1142	1376
403	2539	1151	1388
404	2581	1142	1439
405	2564	1140	1424
406	2543	1146	1397
407	2522	1144	1378
408	2552	1141	1411
409	2584	1141	1443
410	2583	1147	1436
411	2568	1150	1418
412	2576	1143	1433
413	2607	1154	1453
414	2618	1146	1472
415	2592	1142	1450
416	2602	1136	1466
417	2665	1134	1531
418	2627	1133	1494
419	2645	1140	1505
420	2679	1151	1528
421	2660	1149	1511
422	2669	1148	1521
423	2682	1147	1535
424	2654	1142	1512
425	2678	1142	1536
426	2706	1142	1564
427	2675	1144	1531
428	2691	1146	1545
429	2692	1150	1542
430	2706	1147	1559
431	2693	1143	1550
432	2694	1135	1559
433	2726	1143	1583
434	2720	1146	1574
435	2740	1147	1593
436	2764	1140	1624
437	2780	1131	1649
438	2785	1145	1640
439	2737	1146	1591
440	2762	1151	1611
441	2792	1148	1644
442	2747	1151	1596
443	2771	1148	1623
444	2792	1141	1651
445	2769	1142	1627
446	2797	1130	1667
447	2799	1143	1656
448	2797	1153	1644
449	2787	1149	1638
450	2800	1145	1655
451	2843	1146	1697
452	2872	1147	1725
453	2817	1147	1670
454	2836	1138	1698
455	2875	1139	1736
456	2867	1133	1734
457	2851	1135	1716
458	2884	1139	1745
459	2904	1150	1754
460	2924	1148	1776
461	2874	1134	1740
462	2840	1134	1706
463	2893	1134	1759
464	2958	1132	1826
465	2974	1138	1836
466	2974	1141	1833
467	2933	1150	1783
468	2972	1147	1825
469	3046	1156	1890
470	2975	1153	1822
471	2961	1137	1824
472	2992	1130	1862
473	2979	1137	1842
474	2990	1136	1854
475	3008	1133	1875
476	3019	1142	1877
477	3014	1148	1866
478	3000	1143	1857
479	2991	1141	1850
480	2992	1150	1842
481	2976	1141	1835
482	2982	1132	1850
483	3048	1148	1900
484	3086	1146	1940
485	3070	1143	1927
486	3060	1136	1924
487	3041	1141	1900
488	3098	1141	1957
489	3144	1129	2015
490	3092	1127	1965
491	3095	1140	1955
492	3066	1140	1926
493	3116	1145	1971
494	3155	1139	2016
495	3132	1140	1992
496	3176	1146	2030
497	3185	1156	2029
498	3180	1150	2030
499	3194	1149	2045
500	3190	1145	2045
501	3183	1138	2045
502	3150	1141	2009
503	3162	1141	2021
504	3162	1142	2020
505	3186	1142	2044
506	3172	1141	2031
507	3184	1153	2031
508	3225	1158	2067
509	3227	1132	2095
510	3276	1122	2154
511	3257	1136	2121
512	3223	1147	2076
513	3279	1153	2126
514	3290	1134	2156
515	3259	1141	2118
516	3258	1146	2112
517	3320	1144	2176
518	3356	1139	2217
519	3334	1136	2198
520	3286	1139	2147
521	3304	1144	2160
522	3354	1139	2215
523	3346	1133	2213
524	3358	1143	2215
525	3375	1138	2237
526	3372	1144	2228
527	3318	1147	2171
528	3343	1139	2204
529	3363	1133	2230
530	3410	1122	2288
531	3369	1133	2236
532	3353	1136	2217
533	3384	1143	2241
534	3408	1141	2267
535	3396	1134	2262
536	3432	1131	2301
537	3465	1144	2321
538	3447	1138	2309
539	3472	1134	2338
540	3481	1134	2347
541	3452	1142	2310
542	3478	1151	2327
543	3486	1144	2342
544	3479	1145	2334
545	3533	1148	2385
546	3548	1141	2407
547	3504	1140	2364
548	3520	1145	2375
549	3570	1142	2428
550	3613	1144	2469
551	3593	1142	2451
552	3552	1135	2417
553	3609	1147	2462
554	3649	1150	2499
555	3634	1144	2490
556	3687	1144	2543
557	3646	1153	2493
558	3612	1146	2466
559	3672	1142	2530
560	3688	1147	2541
561	3700	1147	2553
562	3738	1132	2606
563	3758	1130	2628
564	3787	1149	2638
565	3738	1144	2594
566	3721	1147	2574
567	3766	1140	2626
568	3736	1131	2605
569	3741	1148	2593
570	3757	1155	2602
571	3721	1149	2572
572	3747	1140	2607
573	3805	1140	2665
574	3803	1137	2666
575	3817	1139	2678
576	3876	1146	2730
577	3831	1147	2684
578	3824	1149	2675
579	3884	1137	2747
580	3875	1136	2739
581	3863	1144	2719
582	3872	1139	2733
583	3873	1142	2731
584	3899	1150	2749
585	3920	1155	2765
586	3919	1149	2770
587	3939	1148	2791
588	3973	1145	2828
589	4001	1147	2854
590	3985	1141	2844
591	4014	1145	2869
592	4050	1137	2913
593	4043	1124	2919
594	4048	1133	2915
595	4058	1151	2907
596	4061	1152	2909
597	4030	1138	2892
598	4059	1138	2921
599	4111	1152	2959
600	4118	1144	2974
601	4127	1142	2985
602	4159	1144	3015
603	4151	1141	3010
604	4158	1147	3011
605	4171	1145	3026
606	4158	1145	3013
607	4181	1147	3034
608	4260	1142	3118
609	4221	1142	3079
610	4199	1140	3059
611	4212	1149	3063
612	4218	1142	3076
613	4233	1140	3093
614	4266	1146	3120
615	4252	1147	3105
616	4240	1144	3096
617	4276	1140	3136
618	4296	1137	3159
619	4386	1141	3245
620	4387	1139	3248
621	4337	1132	3205
622	4331	1133	3198
623	4386	1137	3249
624	4352	1144	3208
625	4342	1145	3197
626	4391	1148	3243
627	4384	1156	3228
628	4391	1146	3245
629	4355	1141	3214
630	4381	1144	3237
631	4420	1138	3282
632	4430	1140	3290
633	4457	1145	3312
634	4481	1141	3340
635	4523	1148	3375
636	4546	1141	3405
637	4527	1142	3385
638	4536	1143	3393
639	4531	1141	3390
640	4506	1132	3374
641	4457	1132	3325
642	4512	1132	3380
643	4502	1134	3368
644	4505	1134	3371
645	4575	1147	3428
646	4576	1150	3426
647	4544	1149	3395
648	4590	1146	3444
649	4602	1146	3456
650	4610	1143	3467
651	4570	1148	3422
652	4628	1141	3487
653	4677	1144	3533
654	4682	1146	3536
655	4669	1137	3532
656	4628	1143	3485
657	4673	1145	3528
658	4714	1142	3572
659	4736	1152	3584
660	4676	1145	3531
661	4685	1143	3542
662	4730	1135	3595
663	4735	1133	3602
664	4748	1136	3612
665	4746	1148	3598
666	4741	1150	3591
667	4776	1152	3624
668	4793	1143	3650
669	4753	1141	3612
670	4748	1142	3606
671	4765	1146	3619
672	4806	1152	3654
673	4807	1149	3658
674	4792	1141	3651
675	4775	1154	3621
676	4783	1146	3637
677	4798	1141	3657
678	4843	1151	3692
679	4824	1138	3686
680	4776	1132	3644
681	4769	1146	3623
682	4798	1145	3653
683	4803	1138	3665
684	4844	1144	3700
685	4819	1143	3676
686	4828	1146	3682
687	4834	1143	3691
688	4829	1146	3683
689	4847	1143	3704
690	4870	1140	3730
691	4805	1139	3666
692	4834	1148	3686
693	4869	1154	3715
694	4856	1145	3711
695	4846	1137	3709
696	4862	1142	3720
697	4883	1140	3743
698	4913	1147	3766
699	4907	1148	3759
700	4904	1148	3756
701	4878	1154	3724
702	4882	1143	3739
703	4896	1154	3742
704	4902	1153	3749
705	4865	1149	3716
706	4839	1147	3692
707	4848	1163	3685
708	4850	1147	3703
709	4824	1142	3682
710	4825	1147	3678
711	4849	1142	3707
712	4862	1129	3733
713	4854	1145	3709
714	4876	1148	3728
715	4905	1142	3763
716	4877	1137	3740
717	4868	1132	3736
718	4917	1143	3774
719	4906	1147	3759
720	4980	1141	3839
721	4950	1141	3809
722	4964	1137	3827
723	4961	1137	3824
724	4967	1138	3829
725	4962	1148	3814
726	4912	1148	3764
727	4865	1144	3721
728	4912	1130	3782
729	4895	1126	3769
730	4879	1137	3742
731	4896	1144	3752
732	4924	1134	3790
733	4969	1141	3828
734	4989	1139	3850
735	4965	1143	3822
736	4943	1146	3797
737	4927	1137	3790
738	4932	1135	3797
739	4935	1136	3799
740	4949	1144	3805
741	4950	1146	3804
742	4950	1148	3802
743	4868	1147	3721
744	4904	1133	3771
745	4933	1137	3796
746	4901	1139	3762
747	4913	1142	3771
748	4937	1147	3790
749	4892	1142	3750
750	4882	1134	3748
751	4937	1141	3796
752	4941	1142	3799
753	4941	1135	3806
754	4915	1143	3772
755	4905	1150	3755
756	4919	1135	3784
757	4874	1135	3739
758	4921	1145	3776
759	4934	1148	3786
760	4949	1139	3810
761	4983	1148	3835
762	4966	1143	3823
763	4918	1143	3775
764	4918	1146	3772
765	4916	1137	3779
766	4983	1140	3843
767	5007	1142	3865
768	4946	1141	3805
769	4990	1150	3840
770	5030	1138	3892
771	5044	1129	3915
772	5012	1130	3882
773	5023	1145	3878
774	5086	1144	3942
775	5065	1145	3920
776	5085	1136	3949
777	5119	1147	3972
778	5059	1155	3904
779	5012	1145	3867
780	5012	1144	3868
781	5036	1154	3882
782	4999	1151	3848
783	5019	1141	3878
784	5032	1135	3897
785	5067	1134	3933
786	5032	1143	3889
787	4992	1132	3860
788	5070	1136	3934
789	5086	1135	3951
790	5027	1128	3899
791	5032	1132	3900
792	5093	1139	3954
793	5077	1132	3945
794	5076	1138	3938
795	5067	1147	3920
796	5068	1145	3923
797	5120	1150	3970
798	5101	1154	3947
799	5070	1145	3925
800	5070	1142	3928
801	5016	1142	3874
802	5071	1147	3924
803	5085	1150	3935
804	5114	1149	3965
805	5157	1151	4006
806	5134	1137	3997
807	5150	1148	4002
808	5185	1142	4043
809	5196	1140	4056
810	5217	1133	4084
811	5210	1136	4074
812	5192	1131	4061
813	5203	1125	4078
814	5266	1136	4130
815	5272	1143	4129
816	5254	1144	4110
817	5221	1149	4072
818	5297	1144	4153
819	5222	1144	4078
820	5088	1146	3942
821	5262	1150	4112
822	5330	1133	4197
823	5234	1137	4097
824	5260	1151	4109
825	5323	1139	4184
826	5316	1123	4193
827	5334	1138	4196
828	5379	1145	4234
829	5410	1142	4268
830	5415	1139	4276
831	5391	1132	4259
832	5384	1139	4245
833	5378	1146	4232
834	5420	1139	4281
835	5458	1154	4304
836	5402	1153	4249
837	5452	1147	4305
838	5473	1138	4335
839	5469	1141	4328
840	5469	1141	4328
841	5438	1135	4303
842	5442	1130	4312
843	5440	1133	4307
844	5462	1140	4322
845	5456	1142	4314
846	5413	1146	4267
847	5446	1148	4298
848	5507	1135	4372
849	5463	1144	4319
850	5391	1140	4251
851	5441	1140	4301
852	5459	1132	4327
853	5501	1129	4372
854	5559	1137	4422
855	5579	1142	4437
856	5603	1131	4472
857	5604	1123	4481
858	5637	1134	4503
859	5734	1142	4592
860	5725	1143	4582
861	5776	1146	4630
862	5808	1155	4653
863	5809	1147	4662
864	5840	1137	4703
865	5849	1142	4707
866	5776	1125	4651
867	5790	1135	4655
868	5841	1157	4684
869	5859	1150	4709
870	5906	1149	4757
871	5912	1143	4769
872	5913	1135	4778
873	5916	1136	4780
874	5983	1127	4856
875	5971	1136	4835
876	5968	1143	4825
877	6020	1146	4874
878	6057	1141	4916
879	6003	1140	4863
880	6066	1140	4926
881	6045	1140	4905
882	6061	1143	4918
883	6157	1145	5012
884	6177	1139	5038
885	6151	1135	5016
886	6163	1140	5023
887	6171	1148	5023
888	6178	1140	5038
889	6216	1130	5086
890	6206	1138	5068
891	6155	1139	5016
892	6184	1134	5050
893	6196	1145	5051
894	6184	1142	5042
895	6234	1139	5095
896	6233	1143	5090
897	6209	1139	5070
898	6180	1137	5043
899	6170	1140	5030
900	6205	1136	5069
901	6219	1132	5087
902	6254	1131	5123
903	6254	1140	5114
904	6242	1144	5098
905	6277	1136	5141
906	6325	1138	5187
907	6346	1142	5204
908	6344	1140	5204
909	6409	1139	5270
910	6433	1131	5302
911	6454	1140	5314
912	6524	1138	5386
913	6475	1140	5335
914	6500	1145	5355
915	6482	1144	5338
916	6622	1142	5480
917	6663	1155	5508
918	6728	1150	5578
919	6686	1132	5554
920	6792	1136	5656
921	6794	1144	5650
922	6845	1148	5697
923	6836	1155	5681
924	6827	1145	5682
925	6909	1134	5775
926	6916	1139	5777
927	6984	1142	5842
928	6963	1138	5825
929	6971	1135	5836
930	6959	1139	5820
931	6970	1144	5826
932	6986	1135	5851
933	7041	1142	5899
934	7074	1140	5934
935	7151	1134	6017
936	7114	1148	5966
937	7110	1145	5965
938	7143	1140	6003
939	7204	1144	6060
940	7133	1140	5993
941	7187	1143	6044
942	7203	1137	6066
943	7230	1136	6094
944	7225	1145	6080
945	7176	1143	6033
946	7216	1129	6087
947	7306	1134	6172
948	7337	1144	6193
949	7267	1151	6116
950	7228	1136	6092
951	7281	1141	6140
952	7306	1152	6154
953	7357	1147	6210
954	7374	1136	6238
955	7354	1141	6213
956	7356	1138	6218
957	7408	1140	6268
958	7473	1142	6331
959	7439	1139	6300
960	7399	1127	6272
961	7387	1132	6255
962	7504	1138	6366
963	7445	1136	6309
964	7398	1140	6258
965	7451	1146	6305
966	7514	1143	6371
967	7512	1144	6368
968	7562	1143	6419
969	7626	1140	6486
970	7540	1140	6400
971	7501	1144	6357
972	7525	1142	6383
973	7569	1142	6427
974	7550	1147	6403
975	7592	1139	6453
976	7649	1144	6505
977	7532	1153	6379
978	7618	1153	6465
979	7732	1146	6586
980	7657	1148	6509
981	7714	1143	6571
982	7733	1144	6589
983	7710	1147	6563
984	7671	1149	6522
985	7697	1151	6546
986	7757	1144	6613
987	7737	1136	6601
988	7709	1144	6565
989	7719	1145	6574
990	7739	1135	6604
991	7720	1142	6578
992	7751	1144	6607
993	7805	1146	6659
994	7746	1151	6595
995	7731	1147	6584
996	7769	1145	6624
997	7770	1138	6632
998	7807	1133	6674
999	7793	1131	6662
1000	7836	1135	6701
1001	7808	1145	6663
1002	7775	1152	6623
1003	7782	1149	6633
1004	7820	1138	6682
1005	7826	1131	6695
1006	7848	1143	6705
1007	7890	1151	6739
1008	7869	1142	6727
1009	7855	1134	6721
1010	7826	1132	6694
1011	7809	1143	6666
1012	7825	1142	6683
1013	7881	1134	6747
1014	7867	1136	6731
1015	7886	1148	6738
1016	7922	1140	6782
1017	7915	1143	6772
1018	7928	1139	6789
1019	7884	1139	6745
1020	7855	1137	6718
1021	7910	1141	6769
1022	7882	1147	6735
1023	7816	1138	6678
1024	7847	1126	6721
1025	7894	1142	6752
1026	7814	1143	6671
1027	7782	1148	6634
1028	7914	1146	6768
1029	7947	1140	6807
1030	7852	1137	6715
1031	7852	1139	6713
1032	7913	1138	6775
1033	7933	1143	6790
1034	7925	1134	6791
1035	7877	1136	6741
1036	7877	1141	6736
1037	7881	1143	6738
1038	7898	1137	6761
1039	7948	1138	6810
1040	7933	1132	6801
1041	7902	1142	6760
1042	7875	1139	6736
1043	7832	1139	6693
1044	7899	1139	6760
1045	7851	1138	6713
1046	7765	1138	6627
1047	7785	1140	6645
1048	7766	1149	6617
1049	7805	1145	6660
1050	7842	1144	6698
1051	7827	1148	6679
1052	7835	1137	6698
1053	7787	1140	6647
1054	7819	1138	6681
1055	7890	1142	6748
1056	7796	1145	6651
1057	7745	1151	6594
1058	7728	1151	6577
1059	7779	1152	6627
1060	7856	1151	6705
1061	7774	1142	6632
1062	7744	1148	6596
1063	7817	1149	6668
1064	7770	1147	6623
1065	7768	1153	6615
1066	7820	1155	6665
1067	7753	1155	6598
1068	7738	1155	6583
1069	7765	1150	6615
1070	7701	1137	6564
1071	7631	1142	6489
1072	7699	1144	6555
1073	7687	1144	6543
1074	7661	1147	6514
1075	7593	1152	6441
1076	7669	1156	6513
1077	7719	1148	6571
1078	7689	1141	6548
1079	7618	1145	6473
1080	7626	1145	6481
1081	7599	1139	6460
1082	7627	1139	6488
1083	7610	1142	6468
1084	7562	1141	6421
1085	7507	1144	6363
1086	7455	1145	6310
1087	7473	1140	6333
1088	7470	1151	6319
1089	7495	1155	6340
1090	7539	1139	6400
1091	7611	1139	6472
1092	7661	1144	6517
1093	7611	1150	6461
1094	7611	1147	6464
1095	7715	1144	6571
1096	7699	1143	6556
1097	7711	1143	6568
1098	7703	1150	6553
1099	7653	1150	6503
1100	7725	1145	6580
1101	7702	1134	6568
1102	7593	1135	6458
1103	7593	1139	6454
1104	7649	1148	6501
1105	7596	1139	6457
1106	7623	1128	6495
1107	7718	1131	6587
1108	7688	1136	6552
1109	7669	1137	6532
1110	7643	1137	6506
1111	7606	1138	6468
1112	7599	1134	6465
1113	7563	1132	6431
1114	7532	1150	6382
1115	7562	1145	6417
1116	7642	1140	6502
1117	7596	1136	6460
1118	7601	1135	6466
1119	7629	1140	6489
1120	7666	1146	6520
1121	7643	1145	6498
1122	7620	1144	6476
1123	7636	1141	6495
1124	7609	1145	6464
1125	7548	1156	6392
1126	7558	1146	6412
1127	7623	1142	6481
1128	7618	1142	6476
1129	7533	1131	6402
1130	7524	1138	6386
1131	7580	1141	6439
1132	7667	1134	6533
1133	7630	1139	6491
1134	7628	1140	6488
1135	7622	1144	6478
1136	7659	1145	6514
1137	7661	1147	6514
1138	7631	1142	6489
1139	7588	1141	6447
1140	7614	1147	6467
1141	7635	1150	6485
1142	7625	1147	6478
1143	7620	1151	6469
1144	7584	1140	6444
1145	7690	1139	6551
1146	7679	1136	6543
1147	7611	1139	6472
1148	7690	1146	6544
1149	7704	1140	6564
1150	7679	1138	6541
1151	7710	1139	6571
1152	7721	1144	6577
1153	7723	1144	6579
1154	7649	1129	6520
1155	7659	1129	6530
1156	7681	1152	6529
1157	7679	1152	6527
1158	7694	1139	6555
1159	7744	1138	6606
1160	7699	1139	6560
1161	7637	1140	6497
1162	7641	1138	6503
1163	7653	1137	6516
1164	7689	1139	6550
1165	7782	1140	6642
1166	7832	1131	6701
1167	7751	1134	6617
1168	7727	1137	6590
1169	7795	1146	6649
1170	7765	1143	6622
1171	7732	1144	6588
1172	7691	1141	6550
1173	7729	1137	6592
1174	7746	1133	6613
1175	7732	1138	6594
1176	7810	1145	6665
1177	7800	1157	6643
1178	7847	1153	6694
1179	7848	1149	6699
1180	7856	1148	6708
1181	7820	1138	6682
1182	7793	1138	6655
1183	7771	1148	6623
1184	7864	1146	6718
1185	7836	1141	6695
1186	7848	1144	6704
1187	7822	1145	6677
1188	7823	1143	6680
1189	7927	1149	6778
1190	7907	1147	6760
1191	7839	1145	6694
1192	7921	1152	6769
1193	7959	1136	6823
1194	7867	1142	6725
1195	7920	1148	6772
1196	7962	1136	6826
1197	7922	1130	6792
1198	7985	1136	6849
1199	8006	1141	6865
1200	8043	1149	6894
1201	8022	1146	6876
1202	7941	1135	6806
1203	8007	1133	6874
1204	8094	1143	6951
1205	8011	1150	6861
1206	8058	1149	6909
1207	8135	1132	7003
1208	8164	1134	7030
1209	8124	1142	6982
1210	8143	1152	6991
1211	8071	1156	6915
1212	8112	1141	6971
1213	8148	1143	7005
1214	8196	1148	7048
1215	8190	1142	7048
1216	8205	1136	7069
1217	8213	1147	7066
1218	8222	1141	7081
1219	8296	1138	7158
1220	8277	1150	7127
1221	8313	1155	7158
1222	8258	1146	7112
1223	8269	1149	7120
1224	8297	1136	7161
1225	8348	1132	7216
1226	8406	1141	7265
1227	8410	1144	7266
1228	8374	1137	7237
1229	8427	1147	7280
1230	8444	1134	7310
1231	8407	1144	7263
1232	8488	1148	7340
1233	8542	1150	7392
1234	8535	1140	7395
1235	8586	1144	7442
1236	8627	1143	7484
1237	8601	1145	7456
1238	8651	1149	7502
1239	8623	1141	7482
1240	8637	1144	7493
1241	8661	1149	7512
1242	8669	1154	7515
1243	8636	1139	7497
1244	8675	1131	7544
1245	8749	1147	7602
1246	8747	1146	7601
1247	8726	1136	7590
1248	8745	1138	7607
1249	8790	1143	7647
1250	8875	1140	7735
1251	8898	1144	7754
1252	8872	1153	7719
1253	8868	1149	7719
1254	8886	1147	7739
1255	8838	1156	7682
1256	8826	1158	7668
1257	8890	1150	7740
1258	8917	1138	7779
1259	8938	1142	7796
1260	8951	1148	7803
1261	8956	1157	7799
1262	9041	1151	7890
1263	9032	1147	7885
1264	9009	1144	7865
1265	9123	1151	7972
1266	9118	1149	7969
1267	9054	1140	7914
1268	9008	1134	7874
1269	9047	1139	7908
1270	9199	1140	8059
1271	9240	1138	8102
1272	9249	1141	8108
1273	9322	1141	8181
1274	9338	1142	8196
1275	9220	1152	8068
1276	9207	1144	8063
1277	9233	1139	8094
1278	9318	1150	8168
1279	9326	1144	8182
1280	9380	1149	8231
1281	9449	1150	8299
1282	9481	1139	8342
1283	9495	1148	8347
1284	9540	1137	8403
1285	9539	1138	8401
1286	9501	1148	8353
1287	9518	1154	8364
1288	9534	1150	8384
1289	9486	1142	8344
1290	9537	1143	8394
1291	9621	1152	8469
1292	9657	1140	8517
1293	9545	1139	8406
1294	9588	1149	8439
1295	9687	1152	8535
1296	9717	1148	8569
1297	9648	1151	8497
1298	9709	1149	8560
1299	9727	1157	8570
1300	9780	1156	8624
1301	9805	1148	8657
1302	9761	1143	8618
1303	9771	1140	8631
1304	9834	1139	8695
1305	9831	1149	8682
1306	9800	1155	8645
1307	9819	1145	8674
1308	9852	1132	8720
1309	9905	1139	8766
1310	9968	1144	8824
1311	10029	1147	8882
1312	10039	1136	8903
1313	10102	1141	8961
1314	10101	1135	8966
1315	10103	1139	8964
1316	10124	1145	8979
1317	10056	1148	8908
1318	10123	1142	8981
1319	10241	1144	9097
1320	10300	1148	9152
1321	10244	1146	9098
1322	10319	1141	9178
1323	10280	1136	9144
1324	10294	1143	9151
1325	10277	1137	9140
1326	10313	1140	9173
1327	10278	1141	9137
1328	10341	1131	9210
1329	10399	1135	9264
1330	10381	1141	9240
1331	10328	1148	9180
1332	10417	1134	9283
1333	10411	1135	9276
1334	10354	1133	9221
1335	10340	1136	9204
1336	10394	1158	9236
1337	10388	1160	9228
1338	10386	1133	9253
1339	10485	1141	9344
1340	10505	1149	9356
1341	10495	1141	9354
1342	10490	1144	9346
1343	10626	1158	9468
1344	10606	1153	9453
1345	10547	1137	9410
1346	10636	1133	9503
1347	10648	1142	9506
1348	10632	1140	9492
1349	10606	1145	9461
1350	10768	1146	9622
1351	10720	1142	9578
1352	10715	1146	9569
1353	10832	1147	9685
1354	10816	1144	9672
1355	10724	1145	9579
1356	10693	1148	9545
1357	10734	1148	9586
1358	10830	1139	9691
1359	10763	1144	9619
1360	10775	1152	9623
1361	10712	1151	9561
1362	10693	1149	9544
1363	10818	1151	9667
1364	10863	1156	9707
1365	10840	1154	9686
1366	10735	1149	9586
1367	10768	1146	9622
1368	10872	1149	9723
1369	10856	1154	9702
1370	10930	1154	9776
1371	10883	1145	9738
1372	10848	1131	9717
1373	10983	1135	9848
1374	10964	1150	9814
1375	11016	1159	9857
1376	10966	1144	9822
1377	10940	1145	9795
1378	10935	1143	9792
1379	10984	1137	9847
1380	10982	1140	9842
1381	11057	1140	9917
1382	11122	1139	9983
1383	11048	1144	9904
1384	11096	1152	9944
1385	11061	1140	9921
1386	11067	1137	9930
1387	11041	1139	9902
1388	11014	1142	9872
1389	10931	1148	9783
1390	11072	1140	9932
1391	11053	1143	9910
1392	11007	1148	9859
1393	11012	1141	9871
1394	11008	1142	9866
1395	11049	1138	9911
1396	11085	1131	9954
1397	11135	1139	9996
1398	11128	1142	9986
1399	11043	1140	9903
1400	11057	1140	9917
1401	11057	1147	9910
1402	11018	1140	9878
1403	10993	1142	9851
1404	11019	1141	9878
1405	11070	1131	9939
1406	11040	1147	9893
1407	11043	1148	9895
1408	11050	1140	9910
1409	11031	1149	9882
1410	11096	1152	9944
1411	11087	1146	9941
1412	11097	1148	9949
1413	11065	1147	9918
1414	11143	1135	10008
1415	11121	1134	9987
1416	11227	1155	10072
1417	11171	1155	10016
1418	11073	1146	9927
1419	11045	1142	9903
1420	11017	1142	9875
1421	11130	1151	9979
1422	11154	1153	10001
1423	11150	1149	10001
1424	11116	1144	9972
1425	11015	1142	9873
1426	11109	1139	9970
1427	11146	1143	10003
1428	11037	1136	9901
1429	11089	1137	9952
1430	11142	1140	10002
1431	11087	1151	9936
1432	11031	1148	9883
1433	11061	1148	9913
1434	11073	1135	9938
1435	11052	1140	9912
1436	11110	1148	9962
1437	11144	1150	9994
1438	11132	1142	9990
1439	11068	1140	9928
1440	11117	1146	9971
1441	11016	1143	9873
1442	11026	1150	9876
1443	11081	1142	9939
1444	11067	1149	9918
1445	11023	1154	9869
1446	11004	1148	9856
1447	11024	1149	9875
1448	10996	1146	9850
1449	10957	1140	9817
1450	11039	1139	9900
1451	11043	1150	9893
1452	11032	1151	9881
1453	11015	1136	9879
1454	10905	1133	9772
1455	10894	1142	9752
1456	10959	1144	9815
1457	10907	1146	9761
1458	10933	1142	9791
1459	10979	1138	9841
1460	10852	1144	9708
1461	10930	1143	9787
1462	10938	1134	9804
1463	10885	1137	9748
1464	10859	1128	9731
1465	10885	1137	9748
1466	10873	1143	9730
1467	10800	1142	9658
1468	10772	1143	9629
1469	10835	1145	9690
1470	10787	1150	9637
1471	10726	1149	9577
1472	10766	1151	9615
1473	10742	1147	9595
1474	10780	1144	9636
1475	10757	1148	9609
1476	10667	1152	9515
1477	10614	1154	9460
1478	10601	1145	9456
1479	10586	1149	9437
1480	10533	1145	9388
1481	10560	1137	9423
1482	10638	1144	9494
1483	10669	1149	9520
1484	10731	1140	9591
1485	10697	1145	9552
1486	10665	1147	9518
1487	10685	1142	9543
1488	10662	1146	9516
1489	10663	1149	9514
1490	10720	1147	9573
1491	10757	1149	9608
1492	10656	1153	9503
1493	10601	1159	9442
1494	10661	1148	9513
1495	10655	1155	9500
1496	10660	1146	9514
1497	10616	1141	9475
1498	10656	1143	9513
1499	10749	1152	9597
1500	10710	1143	9567
1501	10621	1138	9483
1502	10559	1138	9421
1503	10650	1148	9502
1504	10630	1146	9484
1505	10632	1148	9484
1506	10676	1144	9532
1507	10594	1146	9448
1508	10576	1157	9419
1509	10632	1146	9486
1510	10629	1143	9486
1511	10623	1147	9476
1512	10543	1148	9395
1513	10548	1145	9403
1514	10486	1140	9346
1515	10435	1146	9289
1516	10541	1147	9394
1517	10504	1139	9365
1518	10418	1138	9280
1519	10468	1156	9312
1520	10500	1150	9350
1521	10408	1151	9257
1522	10391	1152	9239
1523	10411	1150	9261
1524	10463	1147	9316
1525	10366	1143	9223
1526	10353	1144	9209
1527	10379	1143	9236
1528	10342	1145	9197
1529	10295	1150	9145
1530	10311	1143	9168
1531	10349	1145	9204
1532	10314	1150	9164
1533	10381	1144	9237
1534	10383	1144	9239
1535	10309	1152	9157
1536	10297	1147	9150
1537	10269	1142	9127
1538	10379	1133	9246
1539	10316	1141	9175
1540	10240	1145	9095
1541	10306	1147	9159
1542	10336	1140	9196
1543	10265	1143	9122
1544	10298	1151	9147
1545	10293	1148	9145
1546	10307	1144	9163
1547	10217	1142	9075
1548	10197	1145	9052
1549	10250	1143	9107
1550	10209	1134	9075
1551	10169	1142	9027
1552	10160	1143	9017
1553	10213	1141	9072
1554	10233	1144	9089
1555	10164	1148	9016
1556	10160	1141	9019
1557	10137	1141	8996
1558	10187	1136	9051
1559	10140	1142	8998
1560	10061	1144	8917
1561	10048	1148	8900
1562	10063	1146	8917
1563	10124	1147	8977
1564	10201	1138	9063
1565	10150	1131	9019
1566	10043	1136	8907
1567	10090	1142	8948
1568	10077	1144	8933
1569	10145	1143	9002
1570	10130	1140	8990
1571	10104	1140	8964
1572	10106	1140	8966
1573	10134	1144	8990
1574	10047	1143	8904
1575	10101	1147	8954
1576	10054	1145	8909
1577	10004	1150	8854
1578	9998	1148	8850
1579	10018	1159	8859
1580	10106	1157	8949
1581	10068	1157	8911
1582	9995	1161	8834
1583	10010	1150	8860
1584	10064	1141	8923
1585	10072	1148	8924
1586	10017	1151	8866
1587	9943	1145	8798
1588	9966	1140	8826
1589	9961	1140	8821
1590	9893	1151	8742
1591	9932	1154	8778
1592	9965	1142	8823
1593	10003	1142	8861
1594	9961	1145	8816
1595	9927	1145	8782
1596	9966	1142	8824
1597	9965	1136	8829
1598	9954	1137	8817
1599	10018	1150	8868
1600	10030	1146	8884
1601	9953	1154	8799
1602	9954	1151	8803
1603	10005	1140	8865
1604	9993	1138	8855
1605	10021	1145	8876
1606	10022	1141	8881
1607	9976	1139	8837
1608	9937	1140	8797
1609	9945	1151	8794
1610	10030	1155	8875
1611	10022	1150	8872
1612	9939	1134	8805
1613	9889	1146	8743
1614	9841	1150	8691
1615	9825	1132	8693
1616	9882	1130	8752
1617	9848	1143	8705
1618	9877	1145	8732
1619	9912	1134	8778
1620	9849	1131	8718
1621	9914	1142	8772
1622	9849	1142	8707
1623	9926	1146	8780
1624	9925	1137	8788
1625	9883	1145	8738
1626	9918	1145	8773
1627	9834	1138	8696
1628	9828	1147	8681
1629	9860	1148	8712
1630	9867	1144	8723
1631	9927	1147	8780
1632	9931	1133	8798
1633	9971	1141	8830
1634	9973	1147	8826
1635	9877	1142	8735
1636	9894	1141	8753
1637	9972	1141	8831
1638	10000	1131	8869
1639	9908	1138	8770
1640	9813	1142	8671
1641	9787	1150	8637
1642	9902	1141	8761
1643	9912	1141	8771
1644	9828	1144	8684
1645	9889	1152	8737
1646	10019	1145	8874
1647	9921	1141	8780
1648	9932	1142	8790
1649	9928	1145	8783
1650	9945	1142	8803
1651	9933	1147	8786
1652	9856	1151	8705
1653	9916	1145	8771
1654	9976	1136	8840
1655	9970	1131	8839
1656	10021	1143	8878
1657	10020	1143	8877
1658	10002	1141	8861
1659	10025	1143	8882
1660	9941	1137	8804
1661	9886	1143	8743
1662	9934	1137	8797
1663	9896	1134	8762
1664	9913	1150	8763
1665	9982	1151	8831
1666	9926	1140	8786
1667	9980	1142	8838
1668	10019	1151	8868
1669	9955	1151	8804
1670	9982	1139	8843
1671	10002	1128	8874
1672	10062	1138	8924
1673	10040	1142	8898
1674	10012	1147	8865
1675	9959	1145	8814
1676	9988	1136	8852
1677	9953	1134	8819
1678	9994	1138	8856
1679	10008	1130	8878
1680	9974	1126	8848
1681	9936	1144	8792
1682	9980	1148	8832
1683	9963	1142	8821
1684	9992	1147	8845
1685	9951	1141	8810
1686	10028	1144	8884
1687	10118	1139	8979
1688	10084	1142	8942
1689	10091	1143	8948
1690	10099	1131	8968
1691	10059	1142	8917
1692	10046	1151	8895
1693	10074	1142	8932
1694	10082	1145	8937
1695	10038	1148	8890
1696	10015	1139	8876
1697	10028	1143	8885
1698	9994	1147	8847
1699	9983	1151	8832
1700	10042	1142	8900
1701	10086	1141	8945
1702	10110	1139	8971
1703	10054	1139	8915
1704	10107	1143	8964
1705	10112	1145	8967
1706	10132	1137	8995
1707	10178	1143	9035
1708	10180	1155	9025
1709	10101	1151	8950
1710	10114	1152	8962
1711	10195	1147	9048
1712	10223	1147	9076
1713	10125	1144	8981
1714	10098	1151	8947
1715	10095	1148	8947
1716	10091	1143	8948
1717	10199	1148	9051
1718	10179	1146	9033
1719	10148	1148	9000
1720	10073	1144	8929
1721	10031	1144	8887
1722	10193	1143	9050
1723	10211	1141	9070
1724	10169	1138	9031
1725	10245	1151	9094
1726	10214	1151	9063
1727	10140	1139	9001
1728	10170	1140	9030
1729	10199	1150	9049
1730	10174	1147	9027
1731	10224	1148	9076
1732	10292	1158	9134
1733	10213	1145	9068
1734	10183	1143	9040
1735	10295	1151	9144
1736	10308	1135	9173
1737	10264	1139	9125
1738	10233	1137	9096
1739	10220	1140	9080
1740	10440	1142	9298
1741	10406	1145	9261
1742	10285	1148	9137
1743	10356	1153	9203
1744	10384	1139	9245
1745	10329	1138	9191
1746	10263	1153	9110
1747	10290	1157	9133
1748	10326	1152	9174
1749	10266	1152	9114
1750	10287	1158	9129
1751	10378	1155	9223
1752	10395	1139	9256
1753	10288	1142	9146
1754	10289	1146	9143
1755	10308	1149	9159
1756	10218	1145	9073
1757	10240	1141	9099
1758	10299	1139	9160
1759	10345	1146	9199
1760	10357	1150	9207
1761	10400	1141	9259
1762	10416	1151	9265
1763	10423	1150	9273
1764	10349	1144	9205
1765	10393	1148	9245
1766	10521	1142	9379
1767	10497	1132	9365
1768	10432	1131	9301
1769	10396	1134	9262
1770	10317	1143	9174
1771	10445	1147	9298
1772	10493	1148	9345
1773	10488	1143	9345
1774	10488	1140	9348
1775	10403	1142	9261
1776	10466	1149	9317
1777	10544	1154	9390
1778	10507	1144	9363
1779	10436	1139	9297
1780	10449	1140	9309
1781	10537	1145	9392
1782	10506	1151	9355
1783	10486	1151	9335
1784	10491	1149	9342
1785	10474	1156	9318
1786	10517	1144	9373
1787	10554	1144	9410
1788	10550	1142	9408
1789	10507	1146	9361
1790	10443	1151	9292
1791	10420	1150	9270
1792	10460	1146	9314
1793	10490	1145	9345
1794	10467	1150	9317
1795	10488	1145	9343
1796	10658	1132	9526
1797	10600	1141	9459
1798	10499	1144	9355
1799	10609	1146	9463
1800	10584	1135	9449
1801	10517	1148	9369
1802	10524	1154	9370
1803	10534	1151	9383
1804	10557	1144	9413
1805	10529	1137	9392
1806	10515	1136	9379
1807	10536	1140	9396
1808	10518	1144	9374
1809	10581	1144	9437
1810	10656	1141	9515
1811	10597	1146	9451
1812	10620	1140	9480
1813	10548	1132	9416
1814	10489	1140	9349
1815	10520	1145	9375
1816	10566	1143	9423
1817	10534	1147	9387
1818	10582	1135	9447
1819	10503	1142	9361
1820	10506	1144	9362
1821	10481	1144	9337
1822	10506	1154	9352
1823	10556	1150	9406
1824	10554	1144	9410
1825	10565	1138	9427
1826	10621	1129	9492
1827	10602	1145	9457
1828	10619	1140	9479
1829	10665	1143	9522
1830	10660	1137	9523
1831	10626	1140	9486
1832	10647	1138	9509
1833	10603	1140	9463
1834	10657	1141	9516
1835	10727	1133	9594
1836	10677	1141	9536
1837	10646	1147	9499
1838	10680	1134	9546
1839	10730	1139	9591
1840	10675	1142	9533
1841	10617	1135	9482
1842	10716	1137	9579
1843	10652	1146	9506
1844	10643	1150	9493
1845	10629	1143	9486
1846	10704	1135	9569
1847	10598	1139	9459
1848	10630	1150	9480
1849	10659	1153	9506
1850	10601	1153	9448
1851	10625	1148	9477
1852	10699	1141	9558
1853	10664	1138	9526
1854	10637	1143	9494
1855	10636	1146	9490
1856	10691	1147	9544
1857	10710	1138	9572
1858	10645	1137	9508
1859	10630	1137	9493
1860	10562	1139	9423
1861	10567	1157	9410
1862	10582	1152	9430
1863	10592	1136	9456
1864	10511	1147	9364
1865	10590	1150	9440
1866	10629	1135	9494
1867	10573	1137	9436
1868	10626	1143	9483
1869	10610	1136	9474
1870	10573	1137	9436
1871	10532	1145	9387
1872	10620	1139	9481
1873	10520	1144	9376
1874	10545	1149	9396
1875	10577	1149	9428
1876	10568	1147	9421
1877	10639	1142	9497
1878	10616	1142	9474
1879	10638	1144	9494
1880	10674	1153	9521
1881	10541	1149	9392
1882	10567	1143	9424
1883	10568	1141	9427
1884	10605	1152	9453
1885	10644	1151	9493
1886	10581	1150	9431
1887	10613	1144	9469
1888	10653	1136	9517
1889	10642	1149	9493
1890	10551	1150	9401
1891	10563	1138	9425
1892	10555	1133	9422
1893	10547	1145	9402
1894	10501	1151	9350
1895	10485	1149	9336
1896	10609	1148	9461
1897	10536	1144	9392
1898	10505	1138	9367
1899	10546	1145	9401
1900	10536	1143	9393
1901	10500	1142	9358
1902	10463	1140	9323
1903	10506	1135	9371
1904	10577	1124	9453
1905	10423	1130	9293
1906	10422	1131	9291
1907	10526	1142	9384
1908	10507	1141	9366
1909	10394	1139	9255
1910	10391	1150	9241
1911	10395	1148	9247
1912	10458	1145	9313
1913	10444	1136	9308
1914	10463	1140	9323
1915	10423	1141	9282
1916	10463	1136	9327
1917	10500	1145	9355
1918	10592	1142	9450
1919	10597	1140	9457
1920	10608	1146	9462
1921	10546	1143	9403
1922	10514	1146	9368
1923	10490	1133	9357
1924	10499	1138	9361
1925	10582	1149	9433
1926	10590	1141	9449
1927	10549	1140	9409
1928	10556	1139	9417
1929	10543	1136	9407
1930	10572	1136	9436
1931	10577	1134	9443
1932	10551	1130	9421
1933	10552	1134	9418
1934	10557	1142	9415
1935	10498	1149	9349
1936	10512	1143	9369
1937	10528	1138	9390
1938	10468	1135	9333
1939	10512	1139	9373
1940	10529	1143	9386
1941	10509	1141	9368
1942	10479	1133	9346
1943	10420	1140	9280
1944	10355	1147	9208
1945	10334	1155	9179
1946	10480	1143	9337
1947	10435	1145	9290
1948	10425	1155	9270
1949	10449	1154	9295
1950	10387	1145	9242
1951	10419	1145	9274
1952	10432	1148	9284
1953	10491	1146	9345
1954	10416	1142	9274
1955	10287	1138	9149
1956	10413	1143	9270
1957	10438	1135	9303
1958	10444	1141	9303
1959	10385	1142	9243
1960	10289	1137	9152
1961	10309	1149	9160
1962	10363	1147	9216
1963	10291	1140	9151
1964	10194	1152	9042
1965	10186	1147	9039
1966	10174	1138	9036
1967	10138	1137	9001
1968	10164	1147	9017
1969	10217	1144	9073
1970	10156	1141	9015
1971	10109	1137	8972
1972	10157	1141	9016
1973	10092	1135	8957
1974	10080	1138	8942
1975	10089	1136	8953
1976	10068	1131	8937
1977	9987	1140	8847
1978	10126	1133	8993
1979	10161	1136	9025
1980	10115	1148	8967
1981	10087	1143	8944
1982	10138	1145	8993
1983	10201	1151	9050
1984	10280	1140	9140
1985	10229	1138	9091
1986	10226	1132	9094
1987	10280	1125	9155
1988	10263	1130	9133
1989	10271	1144	9127
1990	10265	1145	9120
1991	10212	1147	9065
1992	10276	1146	9130
1993	10302	1147	9155
1994	10246	1145	9101
1995	10219	1141	9078
1996	10214	1147	9067
1997	10202	1145	9057
1998	10199	1148	9051
1999	10248	1148	9100
2000	10234	1138	9096
2001	10047	1133	8914
2002	10106	1137	8969
2003	10147	1144	9003
2004	10224	1138	9086
2005	10218	1140	9078
2006	10138	1140	8998
2007	10160	1136	9024
2008	10248	1131	9117
2009	10227	1137	9090
2010	10191	1152	9039
2011	10072	1148	8924
2012	10050	1141	8909
2013	10148	1145	9003
2014	10153	1143	9010
2015	10205	1144	9061
2016	10202	1137	9065
2017	10231	1140	9091
2018	10154	1145	9009
2019	10120	1146	8974
2020	10145	1156	8989
2021	10158	1158	9000
2022	10125	1138	8987
2023	10088	1139	8949
2024	10037	1140	8897
2025	10041	1142	8899
2026	10056	1142	8914
2027	10026	1145	8881
2028	10083	1149	8934
2029	10086	1145	8941
2030	10061	1140	8921
2031	10108	1138	8970
2032	10021	1139	8882
2033	9996	1146	8850
2034	10026	1147	8879
2035	10040	1140	8900
2036	10097	1144	8953
2037	10120	1154	8966
2038	10152	1144	9008
2039	10104	1146	8958
2040	10018	1147	8871
2041	10033	1146	8887
2042	10176	1141	9035
2043	10112	1133	8979
2044	10049	1133	8916
2045	10022	1138	8884
2046	10049	1138	8911
2047	10000	1144	8856
2048	10004	1143	8861
2049	9981	1148	8833
2050	9982	1151	8831
2051	10035	1144	8891
2052	9979	1143	8836
2053	9955	1144	8811
2054	10024	1145	8879
2055	10028	1142	8886
2056	9929	1148	8781
2057	9961	1157	8804
2058	9939	1149	8790
2059	9993	1144	8849
2060	10087	1143	8944
2061	10116	1143	8973
2062	10060	1138	8922
2063	10010	1138	8872
2064	9997	1141	8856
2065	10066	1147	8919
2066	10045	1143	8902
2067	9942	1143	8799
2068	9919	1140	8779
2069	9892	1143	8749
2070	9921	1147	8774
2071	9849	1141	8708
2072	9943	1141	8802
2073	9904	1141	8763
2074	9889	1145	8744
2075	9914	1146	8768
2076	9965	1141	8824
2077	9923	1143	8780
2078	9841	1148	8693
2079	9970	1145	8825
2080	10033	1143	8890
2081	9977	1140	8837
2082	9977	1138	8839
2083	9881	1141	8740
2084	9951	1149	8802
2085	9883	1147	8736
2086	9847	1144	8703
2087	9873	1155	8718
2088	9806	1157	8649
2089	9750	1159	8591
2090	9854	1150	8704
2091	9890	1147	8743
2092	9834	1143	8691
2093	9782	1147	8635
2094	9794	1155	8639
2095	9811	1150	8661
2096	9887	1140	8747
2097	9884	1146	8738
2098	9840	1145	8695
2099	9820	1146	8674
2100	9832	1143	8689
2101	9969	1142	8827
2102	9996	1146	8850
2103	9979	1146	8833
2104	9900	1145	8755
2105	9916	1149	8767
2106	9918	1146	8772
2107	9889	1148	8741
2108	9926	1142	8784
2109	9946	1137	8809
2110	9931	1142	8789
2111	9929	1152	8777
2112	9987	1149	8838
2113	9991	1143	8848
2114	9926	1155	8771
2115	9906	1157	8749
2116	9949	1149	8800
2117	9993	1142	8851
2118	9906	1136	8770
2119	9870	1143	8727
2120	9919	1138	8781
2121	9970	1133	8837
2122	9903	1133	8770
2123	9847	1139	8708
2124	9844	1142	8702
2125	9861	1143	8718
2126	9874	1138	8736
2127	9824	1151	8673
2128	9836	1165	8671
2129	9801	1155	8646
2130	9835	1143	8692
2131	9945	1149	8796
2132	9912	1145	8767
2133	9911	1152	8759
2134	9894	1147	8747
2135	9861	1143	8718
2136	9929	1146	8783
2137	9829	1146	8683
2138	9884	1143	8741
2139	9900	1146	8754
2140	9874	1154	8720
2141	9880	1154	8726
2142	9831	1164	8667
2143	9825	1147	8678
2144	9800	1140	8660
2145	9758	1144	8614
2146	9828	1140	8688
2147	9801	1144	8657
2148	9867	1142	8725
2149	9844	1152	8692
2150	9825	1148	8677
2151	9833	1144	8689
2152	9876	1135	8741
2153	9834	1148	8686
2154	9769	1151	8618
2155	9774	1146	8628
2156	9959	1152	8807
2157	9823	1148	8675
2158	9747	1141	8606
2159	9819	1152	8667
2160	9794	1146	8648
2161	9724	1146	8578
2162	9799	1146	8653
2163	9835	1142	8693
2164	9727	1139	8588
2165	9729	1146	8583
2166	9740	1151	8589
2167	9684	1141	8543
2168	9649	1146	8503
2169	9673	1141	8532
2170	9682	1138	8544
2171	9736	1139	8597
2172	9795	1143	8652
2173	9667	1138	8529
2174	9731	1139	8592
2175	9857	1152	8705
2176	9756	1149	8607
2177	9805	1148	8657
2178	9770	1145	8625
2179	9695	1150	8545
2180	9726	1145	8581
2181	9694	1144	8550
2182	9767	1156	8611
2183	9835	1146	8689
2184	9839	1140	8699
2185	9890	1147	8743
2186	9912	1152	8760
2187	9863	1155	8708
2188	9826	1149	8677
2189	9786	1149	8637
2190	9819	1149	8670
2191	9731	1138	8593
2192	9725	1142	8583
2193	9782	1141	8641
2194	9799	1138	8661
2195	9758	1145	8613
2196	9724	1144	8580
2197	9788	1140	8648
2198	9785	1134	8651
2199	9757	1137	8620
2200	9779	1150	8629
2201	9829	1145	8684
2202	9818	1136	8682
2203	9666	1136	8530
2204	9671	1147	8524
2205	9698	1151	8547
2206	9683	1141	8542
2207	9585	1140	8445
2208	9641	1138	8503
2209	9605	1139	8466
2210	9548	1144	8404
2211	9603	1152	8451
2212	9673	1150	8523
2213	9569	1147	8422
2214	9503	1150	8353
2215	9570	1154	8416
2216	9570	1149	8421
2217	9501	1144	8357
2218	9474	1138	8336
2219	9406	1128	8278
2220	9318	1137	8181
2221	9219	1146	8073
2222	9080	1141	7939
2223	8985	1137	7848
2224	8965	1140	7825
2225	8848	1141	7707
2226	8700	1145	7555
2227	8615	1145	7470
2228	8595	1145	7450
2229	8552	1152	7400
2230	8490	1146	7344
2231	8422	1139	7283
2232	8399	1144	7255
2233	8458	1147	7311
2234	8421	1141	7280
2235	8338	1142	7196
2236	8330	1142	7188
2237	8336	1148	7188
2238	8297	1139	7158
2239	8218	1134	7084
2240	8299	1134	7165
2241	8245	1144	7101
2242	8178	1145	7033
2243	8223	1156	7067
2244	8277	1149	7128
2245	8305	1145	7160
2246	8275	1148	7127
2247	8305	1139	7166
2248	8391	1140	7251
2249	8455	1140	7315
2250	8596	1135	7461
2251	8720	1138	7582
2252	8867	1147	7720
2253	8874	1137	7737
2254	8915	1135	7780
2255	9016	1141	7875
2256	9067	1147	7920
2257	9181	1157	8024
2258	9353	1155	8198
2259	9371	1148	8223
2260	9388	1136	8252
2261	9427	1131	8296
2262	9499	1147	8352
2263	9468	1147	8321
2264	9525	1141	8384
2265	9520	1147	8373
2266	9535	1158	8377
2267	9582	1152	8430
2268	9566	1141	8425
2269	9649	1147	8502
2270	9685	1146	8539
2271	9651	1149	8502
2272	9573	1144	8429
2273	9612	1148	8464
2274	9632	1147	8485
2275	9646	1138	8508
2276	9709	1137	8572
2277	9629	1149	8480
2278	9651	1145	8506
2279	9633	1141	8492
2280	9659	1149	8510
2281	9665	1150	8515
2282	9634	1153	8481
2283	9605	1151	8454
2284	9637	1148	8489
2285	9683	1136	8547
2286	9654	1140	8514
2287	9695	1147	8548
2288	9695	1151	8544
2289	9695	1149	8546
2290	9694	1145	8549
2291	9619	1149	8470
2292	9610	1153	8457
2293	9538	1147	8391
2294	9551	1147	8404
2295	9543	1159	8384
2296	9499	1148	8351
2297	9580	1145	8435
2298	9605	1144	8461
2299	9613	1148	8465
2300	9546	1139	8407
2301	9551	1138	8413
2302	9662	1138	8524
2303	9493	1143	8350
2304	9454	1142	8312
2305	9449	1152	8297
2306	9509	1149	8360
2307	9532	1138	8394
2308	9538	1134	8404
2309	9456	1131	8325
2310	9416	1133	8283
2311	9440	1139	8301
2312	9502	1139	8363
2313	9503	1139	8364
2314	9480	1151	8329
2315	9417	1150	8267
2316	9471	1149	8322
2317	9522	1148	8374
2318	9493	1146	8347
2319	9485	1143	8342
2320	9460	1142	8318
2321	9424	1143	8281
2322	9493	1147	8346
2323	9470	1154	8316
2324	9419	1138	8281
2325	9435	1145	8290
2326	9434	1152	8282
2327	9344	1165	8179
2328	9387	1168	8219
2329	9384	1155	8229
2330	9309	1140	8169
2331	9388	1137	8251
2332	9431	1144	8287
2333	9334	1143	8191
2334	9335	1142	8193
2335	9387	1149	8238
2336	9387	1155	8232
2337	9355	1149	8206
2338	9322	1153	8169
2339	9374	1152	8222
2340	9459	1140	8319
2341	9306	1138	8168
2342	9268	1129	8139
2343	9349	1129	8220
2344	9342	1138	8204
2345	9381	1140	8241
2346	9353	1143	8210
2347	9397	1152	8245
2348	9473	1148	8325
2349	9461	1144	8317
2350	9336	1139	8197
2351	9259	1157	8102
2352	9360	1150	8210
2353	9359	1139	8220
2354	9293	1143	8150
2355	9335	1148	8187
2356	9333	1146	8187
2357	9290	1145	8145
2358	9197	1139	8058
2359	9215	1152	8063
2360	9300	1155	8145
2361	9268	1144	8124
2362	9322	1138	8184
2363	9293	1144	8149
2364	9241	1143	8098
2365	9225	1141	8084
2366	9222	1140	8082
2367	9168	1140	8028
2368	9086	1143	7943
2369	9160	1147	8013
2370	9219	1139	8080
2371	9185	1129	8056
2372	9112	1133	7979
2373	9112	1137	7975
2374	9202	1138	8064
2375	9213	1143	8070
2376	9275	1148	8127
2377	9178	1142	8036
2378	9129	1141	7988
2379	9078	1148	7930
2380	9089	1153	7936
2381	9150	1160	7990
2382	9134	1158	7976
2383	9071	1148	7923
2384	9140	1149	7991
2385	9046	1150	7896
2386	9083	1151	7932
2387	9122	1154	7968
2388	9020	1145	7875
2389	9051	1153	7898
2390	9034	1157	7877
2391	9027	1145	7882
2392	9059	1152	7907
2393	9077	1156	7921
2394	9020	1145	7875
2395	9069	1141	7928
2396	9055	1139	7916
2397	9084	1148	7936
2398	9106	1149	7957
2399	9046	1148	7898
2400	8947	1147	7800
2401	9000	1147	7853
2402	9074	1145	7929
2403	9003	1147	7856
2404	9052	1142	7910
2405	9018	1139	7879
2406	9048	1129	7919
2407	9038	1138	7900
2408	9086	1144	7942
2409	9070	1142	7928
2410	9043	1153	7890
2411	9024	1161	7863
2412	8950	1149	7801
2413	8993	1136	7857
2414	8978	1129	7849
2415	8957	1138	7819
2416	8890	1145	7745
2417	8923	1145	7778
2418	8987	1141	7846
2419	8969	1145	7824
2420	9023	1128	7895
2421	9012	1141	7871
2422	8921	1140	7781
2423	8959	1137	7822
2424	8966	1136	7830
2425	8939	1145	7794
2426	8938	1146	7792
2427	8999	1149	7850
2428	8923	1140	7783
2429	8876	1141	7735
2430	8884	1141	7743
2431	8938	1135	7803
2432	9020	1142	7878
2433	8953	1134	7819
2434	8988	1128	7860
2435	9000	1134	7866
2436	9012	1140	7872
2437	8988	1145	7843
2438	9002	1135	7867
2439	8911	1138	7773
2440	8912	1135	7777
2441	8862	1143	7719
2442	8867	1150	7717
2443	8930	1147	7783
2444	8938	1138	7800
2445	8916	1143	7773
2446	8872	1138	7734
2447	8851	1129	7722
2448	8908	1141	7767
2449	8912	1137	7775
2450	8922	1143	7779
2451	8983	1148	7835
2452	9032	1147	7885
2453	8912	1144	7768
2454	8827	1133	7694
2455	8847	1141	7706
2456	8933	1140	7793
2457	8975	1145	7830
2458	8978	1148	7830
2459	8974	1151	7823
2460	9046	1141	7905
2461	9023	1134	7889
2462	8998	1137	7861
2463	8908	1140	7768
2464	8965	1149	7816
2465	8990	1146	7844
2466	9055	1140	7915
2467	9096	1144	7952
2468	9002	1142	7860
2469	8969	1149	7820
2470	9000	1145	7855
2471	8958	1142	7816
2472	8961	1151	7810
2473	8948	1146	7802
2474	8977	1142	7835
2475	9005	1144	7861
2476	9039	1136	7903
2477	9024	1143	7881
2478	9017	1145	7872
2479	9022	1149	7873
2480	8967	1140	7827
2481	8987	1130	7857
2482	8982	1141	7841
2483	9029	1147	7882
2484	9092	1135	7957
2485	9119	1136	7983
2486	9014	1142	7872
2487	9054	1148	7906
2488	9101	1144	7957
2489	9066	1147	7919
2490	9045	1141	7904
2491	9012	1149	7863
2492	9073	1141	7932
2493	9088	1138	7950
2494	9146	1143	8003
2495	9150	1138	8012
2496	9036	1148	7888
2497	9090	1151	7939
2498	9158	1143	8015
2499	9164	1140	8024
2500	9184	1139	8045
2501	9139	1142	7997
2502	9107	1141	7966
2503	9066	1139	7927
2504	9121	1138	7983
2505	9153	1144	8009
2506	9134	1137	7997
2507	9122	1135	7987
2508	9221	1138	8083
2509	9220	1140	8080
2510	9195	1129	8066
2511	9201	1132	8069
2512	9256	1141	8115
2513	9266	1147	8119
2514	9190	1143	8047
2515	9214	1141	8073
2516	9183	1142	8041
2517	9158	1149	8009
2518	9281	1139	8142
2519	9214	1143	8071
2520	9157	1153	8004
2521	9223	1152	8071
2522	9311	1143	8168
2523	9215	1144	8071
2524	9126	1149	7977
2525	9165	1143	8022
2526	9279	1135	8144
2527	9276	1142	8134
2528	9313	1140	8173
2529	9245	1140	8105
2530	9223	1138	8085
2531	9218	1139	8079
2532	9270	1147	8123
2533	9268	1144	8124
2534	9248	1147	8101
2535	9231	1147	8084
2536	9254	1154	8100
2537	9243	1146	8097
2538	9326	1138	8188
2539	9448	1146	8302
2540	9455	1141	8314
2541	9332	1142	8190
2542	9292	1148	8144
2543	9323	1140	8183
2544	9298	1137	8161
2545	9253	1151	8102
2546	9316	1148	8168
2547	9375	1143	8232
2548	9399	1138	8261
2549	9375	1139	8236
2550	9421	1129	8292
2551	9336	1128	8208
2552	9319	1130	8189
2553	9351	1143	8208
2554	9283	1148	8135
2555	9330	1148	8182
2556	9376	1146	8230
2557	9347	1150	8197
2558	9400	1148	8252
2559	9365	1143	8222
2560	9382	1143	8239
2561	9457	1134	8323
2562	9497	1137	8360
2563	9462	1141	8321
2564	9444	1144	8300
2565	9489	1142	8347
2566	9493	1145	8348
2567	9409	1142	8267
2568	9479	1141	8338
2569	9471	1138	8333
2570	9533	1149	8384
2571	9521	1147	8374
2572	9470	1143	8327
2573	9521	1150	8371
2574	9575	1153	8422
2575	9563	1145	8418
2576	9563	1137	8426
2577	9593	1137	8456
2578	9561	1135	8426
2579	9514	1142	8372
2580	9485	1150	8335
2581	9487	1149	8338
2582	9534	1144	8390
2583	9541	1142	8399
2584	9550	1143	8407
2585	9566	1141	8425
2586	9585	1148	8437
2587	9572	1150	8422
2588	9604	1149	8455
2589	9584	1152	8432
2590	9631	1145	8486
2591	9601	1144	8457
2592	9623	1143	8480
2593	9641	1137	8504
2594	9605	1133	8472
2595	9691	1137	8554
2596	9687	1139	8548
2597	9607	1142	8465
2598	9630	1142	8488
2599	9605	1132	8473
2600	9605	1126	8479
2601	9628	1139	8489
2602	9638	1142	8496
2603	9655	1142	8513
2604	9631	1146	8485
2605	9604	1147	8457
2606	9642	1148	8494
2607	9664	1138	8526
2608	9641	1135	8506
2609	9627	1142	8485
2610	9605	1134	8471
2611	9716	1139	8577
2612	9714	1149	8565
2613	9653	1140	8513
2614	9710	1143	8567
2615	9625	1147	8478
2616	9647	1149	8498
2617	9683	1162	8521
2618	9729	1149	8580
2619	9795	1150	8645
2620	9724	1150	8574
2621	9681	1141	8540
2622	9785	1137	8648
2623	9663	1141	8522
2624	9649	1141	8508
2625	9776	1147	8629
2626	9739	1148	8591
2627	9747	1144	8603
2628	9759	1139	8620
2629	9807	1144	8663
2630	9865	1140	8725
2631	9805	1140	8665
2632	9789	1149	8640
2633	9821	1145	8676
2634	9752	1147	8605
2635	9752	1149	8603
2636	9770	1142	8628
2637	9831	1143	8688
2638	9836	1156	8680
2639	9734	1154	8580
2640	9787	1136	8651
2641	9761	1138	8623
2642	9833	1146	8687
2643	9776	1145	8631
2644	9821	1142	8679
2645	9848	1151	8697
2646	9934	1143	8791
2647	9825	1145	8680
2648	9790	1147	8643
2649	9815	1151	8664
2650	9825	1142	8683
2651	9750	1143	8607
2652	9792	1135	8657
2653	9775	1140	8635
2654	9751	1136	8615
2655	9700	1136	8564
2656	9793	1155	8638
2657	9811	1153	8658
2658	9820	1154	8666
2659	9824	1150	8674
2660	9771	1140	8631
2661	9859	1142	8717
2662	9820	1144	8676
2663	9755	1145	8610
2664	9834	1152	8682
2665	9912	1147	8765
2666	9921	1153	8768
2667	9905	1155	8750
2668	9831	1148	8683
2669	9746	1146	8600
2670	9776	1150	8626
2671	9822	1149	8673
2672	9855	1144	8711
2673	9838	1147	8691
2674	9806	1163	8643
2675	9831	1152	8679
2676	9807	1143	8664
2677	9818	1143	8675
2678	9769	1144	8625
2679	9809	1143	8666
2680	9785	1142	8643
2681	9733	1150	8583
2682	9746	1157	8589
2683	9758	1153	8605
2684	9813	1142	8671
2685	9829	1150	8679
2686	9796	1148	8648
2687	9676	1153	8523
2688	9647	1160	8487
2689	9740	1153	8587
2690	9778	1148	8630
2691	9751	1139	8612
2692	9781	1135	8646
2693	9725	1136	8589
2694	9628	1149	8479
2695	9661	1149	8512
2696	9730	1144	8586
2697	9722	1139	8583
2698	9737	1137	8600
2699	9722	1140	8582
2700	9706	1142	8564
2701	9669	1144	8525
2702	9717	1137	8580
2703	9719	1143	8576
2704	9707	1150	8557
2705	9702	1141	8561
2706	9689	1138	8551
2707	9672	1142	8530
2708	9641	1143	8498
2709	9713	1143	8570
2710	9722	1139	8583
2711	9752	1140	8612
2712	9680	1137	8543
2713	9649	1138	8511
2714	9686	1145	8541
2715	9752	1153	8599
2716	9728	1143	8585
2717	9658	1137	8521
2718	9629	1140	8489
2719	9674	1148	8526
2720	9642	1155	8487
2721	9601	1149	8452
2722	9633	1152	8481
2723	9601	1152	8449
2724	9585	1148	8437
2725	9587	1140	8447
2726	9564	1140	8424
2727	9535	1139	8396
2728	9596	1122	8474
2729	9537	1130	8407
2730	9570	1142	8428
2731	9606	1148	8458
2732	9553	1140	8413
2733	9509	1147	8362
2734	9469	1151	8318
2735	9352	1139	8213
2736	9482	1143	8339
2737	9501	1143	8358
2738	9417	1138	8279
2739	9452	1138	8314
2740	9544	1138	8406
2741	9520	1146	8374
2742	9434	1152	8282
2743	9408	1149	8259
2744	9452	1145	8307
2745	9472	1161	8311
2746	9466	1161	8305
2747	9458	1147	8311
2748	9456	1140	8316
2749	9467	1148	8319
2750	9386	1149	8237
2751	9336	1144	8192
2752	9380	1143	8237
2753	9305	1157	8148
2754	9395	1151	8244
2755	9382	1154	8228
2756	9310	1152	8158
2757	9194	1139	8055
2758	9191	1148	8043
2759	9252	1153	8099
2760	9253	1146	8107
2761	9222	1150	8072
2762	9234	1148	8086
2763	9244	1146	8098
2764	9192	1146	8046
2765	9148	1141	8007
2766	9153	1137	8016
2767	9148	1139	8009
2768	9235	1144	8091
2769	9217	1141	8076
2770	9144	1133	8011
2771	9124	1140	7984
2772	9166	1143	8023
2773	9239	1140	8099
2774	9268	1137	8131
2775	9216	1134	8082
2776	9215	1147	8068
2777	9159	1142	8017
2778	9144	1133	8011
2779	9235	1145	8090
2780	9219	1136	8083
2781	9159	1145	8014
2782	9144	1140	8004
2783	9151	1135	8016
2784	9057	1153	7904
2785	9022	1151	7871
2786	9063	1132	7931
2787	9133	1139	7994
2788	9042	1142	7900
2789	9010	1140	7870
2790	9011	1143	7868
2791	8995	1137	7858
2792	8999	1143	7856
2793	8945	1150	7795
2794	8934	1147	7787
2795	9055	1146	7909
2796	9003	1146	7857
2797	8903	1154	7749
2798	8886	1142	7744
2799	8870	1139	7731
2800	8912	1136	7776
2801	8955	1147	7808
2802	8897	1150	7747
2803	8849	1149	7700
2804	8782	1151	7631
2805	8857	1145	7712
2806	8935	1146	7789
2807	8921	1153	7768
2808	8798	1147	7651
2809	8782	1144	7638
2810	8771	1141	7630
2811	8776	1143	7633
2812	8800	1146	7654
2813	8739	1146	7593
2814	8716	1141	7575
2815	8726	1133	7593
2816	8656	1135	7521
2817	8628	1144	7484
2818	8553	1154	7399
2819	8525	1155	7370
2820	8523	1142	7381
2821	8631	1150	7481
2822	8706	1147	7559
2823	8673	1146	7527
2824	8589	1142	7447
2825	8549	1139	7410
2826	8547	1144	7403
2827	8509	1151	7358
2828	8530	1144	7386
2829	8447	1144	7303
2830	8442	1149	7293
2831	8451	1142	7309
2832	8428	1142	7286
2833	8438	1150	7288
2834	8453	1156	7297
2835	8361	1153	7208
2836	8372	1150	7222
2837	8385	1155	7230
2838	8376	1156	7220
2839	8395	1155	7240
2840	8347	1149	7198
2841	8303	1144	7159
2842	8281	1146	7135
2843	8231	1149	7082
2844	8270	1144	7126
2845	8305	1142	7163
2846	8271	1137	7134
2847	8202	1147	7055
2848	8157	1141	7016
2849	8111	1138	6973
2850	8175	1150	7025
2851	8178	1145	7033
2852	8185	1128	7057
2853	8175	1130	7045
2854	8172	1143	7029
2855	8099	1139	6960
2856	8061	1139	6922
2857	8016	1140	6876
2858	7997	1141	6856
2859	7897	1140	6757
2860	7970	1143	6827
2861	7969	1152	6817
2862	7919	1150	6769
2863	7855	1145	6710
2864	7838	1139	6699
2865	7910	1153	6757
2866	7918	1158	6760
2867	7846	1152	6694
2868	7851	1151	6700
2869	7814	1154	6660
2870	7777	1151	6626
2871	7796	1150	6646
2872	7812	1137	6675
2873	7758	1143	6615
2874	7749	1134	6615
2875	7721	1139	6582
2876	7675	1141	6534
2877	7708	1148	6560
2878	7682	1151	6531
2879	7648	1146	6502
2880	7691	1139	6552
2881	7590	1140	6450
2882	7535	1139	6396
2883	7570	1144	6426
2884	7508	1141	6367
2885	7448	1135	6313
2886	7467	1145	6322
2887	7459	1157	6302
2888	7431	1137	6294
2889	7447	1129	6318
2890	7453	1134	6319
2891	7396	1147	6249
2892	7406	1148	6258
2893	7400	1150	6250
2894	7340	1154	6186
2895	7265	1147	6118
2896	7246	1144	6102
2897	7240	1152	6088
2898	7253	1148	6105
2899	7210	1144	6066
2900	7159	1145	6014
2901	7046	1138	5908
2902	7038	1138	5900
2903	7170	1136	6034
2904	7126	1146	5980
2905	7116	1153	5963
2906	7136	1147	5989
2907	7150	1148	6002
2908	7031	1141	5890
2909	6935	1146	5789
2910	6941	1141	5800
2911	6958	1138	5820
2912	6890	1148	5742
2913	6848	1144	5704
2914	6943	1149	5794
2915	6900	1148	5752
2916	6872	1146	5726
2917	6890	1144	5746
2918	6937	1138	5799
2919	6923	1139	5784
2920	6789	1138	5651
2921	6739	1138	5601
2922	6821	1145	5676
2923	6787	1147	5640
2924	6780	1155	5625
2925	6755	1149	5606
2926	6729	1141	5588
2927	6684	1140	5544
2928	6710	1140	5570
2929	6691	1136	5555
2930	6598	1142	5456
2931	6605	1140	5465
2932	6617	1149	5468
2933	6597	1150	5447
2934	6559	1147	5412
2935	6540	1154	5386
2936	6539	1148	5391
2937	6521	1145	5376
2938	6525	1144	5381
2939	6453	1153	5300
2940	6437	1146	5291
2941	6388	1143	5245
2942	6367	1143	5224
2943	6335	1138	5197
2944	6334	1141	5193
2945	6267	1151	5116
2946	6237	1147	5090
2947	6156	1149	5007
2948	6168	1145	5023
2949	6182	1142	5040
2950	6172	1141	5031
2951	6174	1143	5031
2952	6257	1143	5114
2953	6252	1141	5111
2954	6168	1135	5033
2955	6149	1141	5008
2956	6129	1147	4982
2957	6108	1138	4970
2958	6100	1139	4961
2959	6085	1145	4940
2960	6126	1150	4976
2961	6084	1148	4936
2962	6045	1147	4898
2963	6014	1151	4863
2964	5997	1151	4846
2965	5957	1142	4815
2966	5914	1136	4778
2967	5936	1147	4789
2968	5925	1142	4783
2969	5877	1136	4741
2970	5903	1130	4773
2971	5880	1143	4737
2972	5806	1150	4656
2973	5708	1148	4560
2974	5683	1146	4537
2975	5704	1150	4554
2976	5799	1154	4645
2977	5745	1156	4589
2978	5670	1148	4522
2979	5664	1147	4517
2980	5717	1157	4560
2981	5701	1155	4546
2982	5622	1149	4473
2983	5603	1153	4450
2984	5568	1147	4421
2985	5557	1149	4408
2986	5594	1148	4446
2987	5594	1140	4454
2988	5517	1137	4380
2989	5513	1139	4374
2990	5544	1145	4399
2991	5451	1147	4304
2992	5402	1140	4262
2993	5417	1147	4270
2994	5364	1140	4224
2995	5348	1146	4202
2996	5340	1150	4190
2997	5297	1143	4154
2998	5280	1138	4142
2999	5270	1135	4135
3000	5226	1144	4082
3001	5158	1143	4015
3002	5089	1137	3952
3003	5050	1143	3907
3004	4997	1143	3854
3005	4958	1139	3819
3006	5000	1137	3863
3007	5027	1151	3876
3008	5024	1151	3873
3009	5032	1146	3886
3010	5085	1134	3951
3011	4999	1136	3863
3012	4968	1137	3831
3013	4928	1145	3783
3014	4968	1138	3830
3015	4976	1149	3827
3016	4938	1146	3792
3017	4884	1150	3734
3018	4937	1153	3784
3019	4942	1145	3797
3020	4910	1138	3772
3021	4800	1141	3659
3022	4791	1141	3650
3023	4861	1142	3719
3024	4772	1140	3632
3025	4726	1142	3584
3026	4802	1144	3658
3027	4761	1152	3609
3028	4737	1147	3590
3029	4676	1151	3525
3030	4655	1151	3504
3031	4697	1144	3553
3032	4665	1132	3533
3033	4650	1135	3515
3034	4621	1144	3477
3035	4529	1139	3390
3036	4467	1132	3335
3037	4531	1147	3384
3038	4500	1145	3355
3039	4455	1158	3297
3040	4464	1156	3308
3041	4450	1146	3304
3042	4415	1137	3278
3043	4390	1139	3251
3044	4365	1143	3222
3045	4349	1142	3207
3046	4360	1143	3217
3047	4339	1148	3191
3048	4311	1147	3164
3049	4224	1143	3081
3050	4205	1140	3065
3051	4249	1138	3111
3052	4233	1137	3096
3053	4158	1128	3030
3054	4160	1137	3023
3055	4097	1155	2942
3056	4071	1146	2925
3057	4060	1142	2918
3058	4094	1151	2943
3059	4003	1154	2849
3060	3954	1147	2807
3061	3924	1143	2781
3062	3938	1146	2792
3063	3958	1146	2812
3064	3947	1141	2806
3065	3904	1141	2763
3066	3832	1145	2687
3067	3857	1143	2714
3068	3834	1140	2694
3069	3817	1136	2681
3070	3817	1139	2678
3071	3782	1142	2640
3072	3777	1144	2633
3073	3741	1155	2586
3074	3728	1150	2578
3075	3729	1153	2576
3076	3686	1151	2535
3077	3654	1141	2513
3078	3608	1132	2476
3079	3547	1155	2392
3080	3543	1155	2388
3081	3560	1153	2407
3082	3574	1149	2425
3083	3488	1145	2343
3084	3480	1141	2339
3085	3419	1143	2276
3086	3385	1148	2237
3087	3382	1144	2238
3088	3370	1146	2224
3089	3401	1145	2256
3090	3405	1144	2261
3091	3340	1146	2194
3092	3264	1150	2114
3093	3274	1147	2127
3094	3296	1141	2155
3095	3249	1147	2102
3096	3218	1154	2064
3097	3168	1147	2021
3098	3148	1144	2004
3099	3128	1142	1986
3100	3139	1143	1996
3101	3095	1146	1949
3102	3110	1139	1971
3103	3051	1137	1914
3104	3004	1143	1861
3105	2994	1139	1855
3106	2979	1137	1842
3107	2943	1139	1804
3108	2943	1141	1802
3109	2911	1143	1768
3110	2859	1146	1713
3111	2852	1139	1713
3112	2882	1143	1739
3113	2865	1140	1725
3114	2832	1139	1693
3115	2764	1143	1621
3116	2772	1136	1636
3117	2757	1141	1616
3118	2703	1139	1564
3119	2706	1142	1564
3120	2710	1140	1570
3121	2713	1143	1570
3122	2679	1138	1541
3123	2614	1136	1478
3124	2606	1142	1464
3125	2593	1143	1450
3126	2611	1140	1471
3127	2582	1142	1440
3128	2567	1143	1424
3129	2532	1142	1390
3130	2521	1136	1385
3131	2477	1136	1341
3132	2467	1144	1323
3133	2442	1148	1294
3134	2436	1138	1298
3135	2432	1145	1287
3136	2403	1151	1252
3137	2378	1141	1237
3138	2368	1141	1227
3139	2368	1140	1228
3140	2310	1133	1177
3141	2274	1144	1130
3142	2287	1135	1152
3143	2235	1136	1099
3144	2233	1145	1088
3145	2227	1148	1079
3146	2244	1147	1097
3147	2204	1145	1059
3148	2191	1143	1048
3149	2164	1140	1024
3150	2146	1137	1009
3151	2131	1133	998
3152	2099	1141	958
3153	2102	1151	951
3154	2090	1142	948
3155	2073	1147	926
3156	2055	1149	906
3157	2035	1146	889
3158	2039	1151	888
3159	2012	1148	864
3160	2010	1139	871
3161	1979	1136	843
3162	1949	1140	809
3163	1920	1149	771
3164	1865	1153	712
3165	1913	1149	764
3166	1950	1146	804
3167	1884	1140	744
3168	1891	1136	755
3169	1884	1138	746
3170	1847	1143	704
3171	1843	1144	699
3172	1837	1134	703
3173	1788	1142	646
3174	1788	1147	641
3175	1789	1139	650
3176	1794	1141	653
3177	1766	1144	622
3178	1754	1145	609
3179	1740	1149	591
3180	1711	1148	563
3181	1685	1140	545
3182	1644	1142	502
3183	1672	1150	522
3184	1698	1145	553
3185	1631	1144	487
3186	1614	1138	476
3187	1602	1140	462
3188	1595	1136	459
3189	1594	1131	463
3190	1610	1137	473
3191	1597	1149	448
3192	1573	1147	426
3193	1520	1138	382
3194	1551	1139	412
3195	1544	1153	391
3196	1528	1142	386
3197	1516	1147	369
3198	1518	1146	372
3199	1518	1144	374
3200	1506	1153	353
3201	1497	1161	336
3202	1483	1149	334
3203	1484	1132	352
3204	1461	1134	327
3205	1469	1140	329
3206	1460	1143	317
3207	1436	1138	298
3208	1447	1136	311
3209	1465	1139	326
3210	1455	1140	315
3211	1423	1148	275
3212	1412	1144	268
3213	1404	1148	256
3214	1438	1139	299
3215	1431	1143	288
3216	1418	1142	276
3217	1395	1142	253
3218	1400	1139	261
3219	1388	1137	251
3220	1385	1138	247
3221	1388	1137	251
3222	1391	1142	249
3223	1389	1147	242
3224	1401	1151	250
3225	1410	1150	260
3226	1386	1147	239
3227	1395	1151	244
3228	1383	1157	226
3229	1370	1152	218
3230	1363	1137	226
3231	1338	1142	196
3232	1357	1140	217
3233	1357	1142	215
3234	1361	1140	221
3235	1375	1141	234
3236	1384	1130	254
3237	1368	1135	233
3238	1359	1146	213
3239	1349	1152	197
3240	1350	1148	202
3241	1333	1151	182
3242	1350	1146	204
3243	1353	1139	214
3244	1346	1142	204
3245	1321	1145	176
3246	1345	1145	200
3247	1357	1136	221
3248	1348	1132	216
3249	1333	1142	191
3250	1340	1146	194
3251	1338	1136	202
3252	1313	1138	175
3253	1321	1149	172
3254	1339	1139	200
3255	1322	1150	172
3256	1324	1146	178
3257	1340	1126	214
3258	1356	1134	222
3259	1343	1151	192
3260	1344	1150	194
3261	1324	1149	175
3262	1307	1145	162
3263	1335	1146	189
3264	1305	1140	165
3265	1315	1145	170
3266	1334	1152	182
3267	1321	1147	174
3268	1329	1147	182
3269	1327	1153	174
3270	1357	1146	211
3271	1315	1136	179
3272	1316	1129	187
3273	1332	1125	207
3274	1297	1136	161
3275	1283	1153	130
3276	1304	1145	159
3277	1315	1138	177
3278	1301	1142	159
3279	1305	1138	167
3280	1332	1140	192
3281	1326	1149	177
3282	1336	1142	194
3283	1332	1142	190
3284	1328	1155	173
3285	1308	1147	161
3286	1287	1151	136
3287	1306	1153	153
3288	1318	1142	176
3289	1324	1141	183
3290	1310	1145	165
3291	1303	1135	168
3292	1322	1137	185
3293	1302	1138	164
3294	1311	1135	176
3295	1307	1142	165
3296	1301	1141	160
3297	1304	1147	157
3298	1311	1141	170
3299	1285	1143	142
3300	1288	1148	140
3301	1309	1144	165
3302	1312	1148	164
3303	1319	1141	178
3304	1319	1149	170
3305	1302	1133	169
3306	1293	1118	175
3307	1283	1131	152
3308	1312	1140	172
3309	1323	1136	187
3310	1323	1141	182
3311	1303	1145	158
3312	1314	1140	174
3313	1302	1147	155
3314	1301	1149	152
3315	1308	1149	159
3316	1312	1148	164
3317	1309	1143	166
3318	1318	1149	169
3319	1305	1149	156
3320	1304	1142	162
3321	1311	1140	171
3322	1311	1143	168
3323	1306	1145	161
3324	1301	1137	164
3325	1291	1137	154
3326	1295	1144	151
3327	1292	1143	149
3328	1287	1136	151
3329	1283	1137	146
3330	1305	1144	161
3331	1310	1149	161
3332	1298	1136	162
3333	1267	1137	130
3334	1304	1143	161
3335	1305	1140	165
3336	1274	1134	140
3337	1271	1135	136
3338	1300	1140	160
3339	1318	1139	179
3340	1306	1144	162
3341	1299	1157	142
3342	1273	1145	128
3343	1258	1141	117
3344	1285	1139	146
3345	1281	1143	138
3346	1280	1140	140
3347	1284	1139	145
3348	1316	1142	174
3349	1310	1152	158
3350	1288	1149	139
3351	1292	1146	146
3352	1313	1144	169
3353	1300	1145	155
3354	1307	1144	163
3355	1316	1143	173
3356	1300	1143	157
3357	1279	1141	138
3358	1279	1150	129
3359	1277	1149	128
3360	1279	1147	132
3361	1296	1149	147
3362	1276	1140	136
3363	1272	1142	130
3364	1271	1144	127
3365	1289	1147	142
3366	1314	1157	157
3367	1287	1153	134
3368	1287	1145	142
3369	1285	1147	138
3370	1271	1140	131
3371	1283	1150	133
3372	1303	1141	162
3373	1293	1136	157
3374	1287	1147	140
3375	1291	1157	134
3376	1285	1144	141
3377	1289	1143	146
3378	1284	1143	141
3379	1258	1140	118
3380	1289	1137	152
3381	1281	1140	141
3382	1260	1132	128
3383	1242	1142	100
3384	1255	1147	108
3385	1284	1139	145
3386	1301	1137	164
3387	1274	1146	128
3388	1269	1148	121
3389	1283	1137	146
3390	1282	1146	136
3391	1275	1151	124
3392	1277	1146	131
3393	1266	1142	124
3394	1267	1140	127
3395	1265	1138	127
3396	1270	1140	130
3397	1285	1141	144
3398	1282	1142	140
3399	1267	1148	119
3400	1274	1146	128
3401	1272	1144	128
3402	1276	1146	130
3403	1275	1143	132
3404	1257	1136	121
3405	1276	1150	126
3406	1273	1153	120
3407	1241	1151	90
3408	1255	1154	101
3409	1275	1156	119
3410	1261	1150	111
3411	1247	1141	106
3412	1257	1144	113
3413	1243	1141	102
3414	1224	1149	75
3415	1229	1150	79
3416	1276	1136	140
3417	1275	1143	132
3418	1257	1139	118
3419	1268	1134	134
3420	1262	1134	128
3421	1247	1139	108
3422	1268	1144	124
3423	1252	1145	107
3424	1241	1140	101
3425	1233	1142	91
3426	1244	1145	99
3427	1259	1144	115
3428	1257	1152	105
3429	1249	1145	104
3430	1268	1139	129
3431	1262	1142	120
3432	1248	1151	97
3433	1238	1144	94
3434	1242	1146	96
3435	1234	1157	77
3436	1253	1157	96
3437	1245	1149	96
3438	1263	1152	111
3439	1243	1152	91
3440	1225	1140	85
3441	1238	1142	96
3442	1228	1147	81
3443	1233	1142	91
3444	1245	1145	100
3445	1233	1146	87
3446	1264	1142	122
3447	1250	1139	111
3448	1226	1135	91
3449	1225	1139	86
3450	1235	1140	95
3451	1235	1130	105
3452	1250	1133	117
3453	1242	1137	105
3454	1235	1144	91
3455	1231	1141	90
3456	1244	1140	104
3457	1288	1142	146
3458	1254	1139	115
3459	1214	1143	71
3460	1240	1141	99
3461	1250	1144	106
3462	1257	1147	110
3463	1252	1141	111
3464	1263	1145	118
3465	1258	1143	115
3466	1254	1147	107
3467	1236	1140	96
3468	1242	1129	113
3469	1242	1133	109
3470	1249	1137	112
3471	1232	1137	95
3472	1229	1132	97
3473	1224	1144	80
3474	1230	1140	90
3475	1242	1140	102
3476	1240	1141	99
3477	1241	1148	93
3478	1229	1139	90
3479	1238	1132	106
3480	1251	1148	103
3481	1232	1149	83
3482	1220	1145	75
3483	1220	1138	82
3484	1228	1146	82
3485	1218	1149	69
3486	1235	1142	93
3487	1242	1144	98
3488	1233	1145	88
3489	1206	1154	52
3490	1226	1143	83
3491	1214	1137	77
3492	1208	1141	67
3493	1204	1143	61
3494	1220	1139	81
3495	1242	1149	93
3496	1254	1155	99
3497	1232	1143	89
3498	1228	1147	81
3499	1232	1148	84
3500	1251	1141	110
3501	1239	1151	88
3502	1231	1150	81
3503	1231	1148	83
3504	1236	1147	89
3505	1227	1140	87
3506	1213	1141	72
3507	1231	1143	88
3508	1235	1140	95
3509	1222	1145	77
3510	1228	1148	80
3511	1214	1144	70
3512	1202	1144	58
3513	1203	1141	62
3514	1219	1138	81
3515	1235	1142	93
3516	1208	1142	66
3517	1191	1141	50
3518	1213	1142	71
3519	1230	1140	90
3520	1225	1137	88
3521	1213	1141	72
3522	1223	1141	82
3523	1205	1141	64
3524	1212	1147	65
3525	1217	1149	68
3526	1216	1143	73
3527	1217	1141	76
3528	1218	1131	87
3529	1240	1128	112
3530	1235	1131	104
3531	1222	1138	84
3532	1227	1143	84
3533	1226	1145	81
3534	1204	1141	63
3535	1193	1147	46
3536	1212	1142	70
3537	1199	1140	59
3538	1211	1147	64
3539	1226	1152	74
3540	1225	1147	78
3541	1218	1148	70
3542	1227	1142	85
3543	1215	1146	69
3544	1208	1152	56
3545	1209	1142	67
3546	1194	1135	59
3547	1190	1132	58
3548	1221	1134	87
3549	1225	1131	94
3550	1208	1142	66
3551	1201	1151	50
3552	1221	1143	78
3553	1234	1148	86
3554	1226	1143	83
3555	1210	1139	71
3556	1195	1126	69
3557	1213	1138	75
3558	1232	1153	79
3559	1212	1153	59
3560	1199	1145	54
3561	1193	1144	49
3562	1198	1138	60
3563	1217	1139	78
3564	1242	1143	99
3565	1235	1152	83
3566	1218	1147	71
3567	1203	1140	63
3568	1220	1153	67
3569	1211	1156	55
3570	1213	1146	67
3571	1187	1144	43
3572	1185	1148	37
3573	1207	1148	59
3574	1233	1143	90
3575	1221	1148	73
3576	1221	1156	65
3577	1210	1156	54
3578	1181	1144	37
3579	1196	1147	49
3580	1198	1142	56
3581	1200	1141	59
3582	1209	1139	70
3583	1207	1140	67
3584	1225	1141	84
3585	1217	1135	82
3586	1223	1144	79
3587	1225	1141	84
3588	1212	1138	74
3589	1194	1138	56
3590	1193	1145	48
3591	1211	1142	69
3592	1221	1142	79
3593	1205	1150	55
3594	1207	1142	65
3595	1217	1146	71
3596	1228	1154	74
3597	1209	1164	45
3598	1191	1149	42
3599	1197	1147	50
3600	1234	1136	98
3601	1233	1138	95
3602	1217	1142	75
3603	1197	1144	53
3604	1203	1147	56
3605	1201	1137	64
3606	1196	1144	52
3607	1192	1153	39
3608	1196	1159	37
3609	1182	1156	26
3610	1190	1145	45
3611	1183	1135	48
3612	1192	1135	57
3613	1193	1144	49
3614	1184	1146	38
3615	1203	1147	56
3616	1203	1143	60
3617	1195	1147	48
3618	1198	1142	56
3619	1194	1130	64
3620	1221	1138	83
3621	1214	1141	73
3622	1227	1138	89
3623	1207	1143	64
3624	1190	1143	47
3625	1203	1140	63
3626	1205	1138	67
3627	1197	1140	57
3628	1220	1145	75
3629	1224	1151	73
3630	1213	1149	64
3631	1201	1148	53
3632	1216	1152	64
3633	1202	1151	51
3634	1181	1141	40
3635	1185	1143	42
3636	1202	1152	50
3637	1185	1152	33
3638	1193	1150	43
3639	1204	1153	51
3640	1213	1159	54
3641	1209	1148	61
3642	1194	1143	51
3643	1168	1148	20
3644	1182	1147	35
3645	1205	1143	62
3646	1210	1143	67
3647	1198	1141	57
3648	1191	1147	44
