index	original	background	difference
-----------------------------------------------------
1	1185	1099	86
2	1179	1102	77
3	1176	1106	70
4	1187	1108	79
5	1182	1105	77
6	1176	1099	77
7	1175	1105	70
8	1176	1107	69
9	1184	1109	75
10	1195	1109	86
11	1194	1111	83
12	1180	1110	70
13	1178	1111	67
14	1186	1120	66
15	1177	1130	47
16	1189	1117	72
17	1185	1111	74
18	1184	1111	73
19	1185	1123	62
20	1198	1116	82
21	1190	1102	88
22	1194	1121	73
23	1195	1117	78
24	1195	1121	74
25	1199	1121	78
26	1197	1122	75
27	1193	1126	67
28	1204	1123	81
29	1203	1118	85
30	1203	1116	87
31	1208	1124	84
32	1200	1123	77
33	1203	1128	75
34	1200	1131	69
35	1202	1125	77
36	1198	1128	70
37	1195	1122	73
38	1199	1126	73
39	1204	1125	79
40	1215	1128	87
41	1212	1123	89
42	1206	1114	92
43	1200	1124	76
44	1201	1139	62
45	1205	1133	72
46	1209	1125	84
47	1213	1128	85
48	1211	1137	74
49	1207	1143	64
50	1215	1136	79
51	1226	1138	88
52	1222	1139	83
53	1216	1136	80
54	1213	1138	75
55	1210	1130	80
56	1217	1132	85
57	1210	1126	84
58	1212	1130	82
59	1222	1141	81
60	1222	1130	92
61	1222	1126	96
62	1228	1138	90
63	1226	1144	82
64	1225	1140	85
65	1219	1132	87
66	1225	1129	96
67	1237	1131	106
68	1225	1131	94
69	1219	1136	83
70	1231	1134	97
71	1241	1135	106
72	1238	1142	96
73	1231	1152	79
74	1232	1147	85
75	1243	1140	103
76	1236	1141	95
77	1234	1142	92
78	1236	1147	89
79	1236	1147	89
80	1236	1142	94
81	1236	1137	99
82	1234	1132	102
83	1239	1129	110
84	1235	1131	104
85	1236	1137	99
86	1250	1133	117
87	1248	1137	111
88	1238	1146	92
89	1246	1149	97
90	1238	1145	93
91	1239	1140	99
92	1233	1138	95
93	1242	1140	102
94	1240	1138	102
95	1247	1139	108
96	1248	1136	112
97	1254	1140	114
98	1256	1146	110
99	1251	1142	109
100	1256	1135	121
101	1260	1141	119
102	1258	1140	118
103	1256	1135	121
104	1260	1139	121
105	1264	1152	112
106	1264	1144	120
107	1270	1138	132
108	1263	1141	122
109	1267	1145	122
110	1275	1142	133
111	1275	1135	140
112	1272	1136	136
113	1278	1138	140
114	1284	1132	152
115	1281	1136	145
116	1275	1129	146
117	1274	1132	142
118	1287	1140	147
119	1287	1144	143
120	1290	1139	151
121	1304	1140	164
122	1297	1146	151
123	1286	1139	147
124	1286	1137	149
125	1291	1134	157
126	1297	1130	167
127	1304	1134	170
128	1308	1135	173
129	1299	1142	157
130	1308	1149	159
131	1313	1159	154
132	1303	1156	147
133	1308	1146	162
134	1313	1141	172
135	1306	1136	170
136	1298	1139	159
137	1309	1138	171
138	1319	1142	177
139	1320	1144	176
140	1318	1144	174
141	1316	1144	172
142	1310	1134	176
143	1323	1141	182
144	1328	1145	183
145	1326	1140	186
146	1321	1141	180
147	1326	1151	175
148	1342	1144	198
149	1329	1134	195
150	1329	1137	192
151	1331	1144	187
152	1333	1141	192
153	1336	1144	192
154	1342	1143	199
155	1332	1138	194
156	1338	1138	200
157	1341	1140	201
158	1344	1143	201
159	1355	1152	203
160	1360	1146	214
161	1358	1140	218
162	1355	1144	211
163	1353	1145	208
164	1361	1139	222
165	1360	1148	212
166	1358	1145	213
167	1374	1142	232
168	1363	1139	224
169	1357	1142	215
170	1358	1137	221
171	1369	1143	226
172	1376	1146	230
173	1377	1154	223
174	1368	1145	223
175	1380	1139	241
176	1394	1139	255
177	1387	1137	250
178	1392	1143	249
179	1386	1145	241
180	1403	1134	269
181	1412	1132	280
182	1401	1134	267
183	1401	1133	268
184	1413	1140	273
185	1409	1143	266
186	1407	1153	254
187	1412	1152	260
188	1425	1145	280
189	1433	1151	282
190	1412	1149	263
191	1412	1150	262
192	1426	1136	290
193	1429	1126	303
194	1426	1130	296
195	1420	1153	267
196	1425	1147	278
197	1423	1146	277
198	1437	1145	292
199	1453	1150	303
200	1429	1146	283
201	1434	1146	288
202	1443	1135	308
203	1447	1132	315
204	1450	1139	311
205	1458	1146	312
206	1455	1143	312
207	1453	1139	314
208	1454	1152	302
209	1461	1152	309
210	1472	1145	327
211	1470	1137	333
212	1465	1140	325
213	1463	1137	326
214	1472	1136	336
215	1484	1134	350
216	1481	1135	346
217	1476	1141	335
218	1491	1148	343
219	1501	1144	357
220	1510	1132	378
221	1509	1128	381
222	1499	1132	367
223	1507	1138	369
224	1504	1138	366
225	1514	1136	378
226	1519	1134	385
227	1522	1130	392
228	1528	1132	396
229	1520	1146	374
230	1525	1145	380
231	1524	1138	386
232	1541	1139	402
233	1550	1140	410
234	1554	1139	415
235	1557	1132	425
236	1543	1134	409
237	1549	1144	405
238	1553	1145	408
239	1558	1147	411
240	1563	1150	413
241	1580	1150	430
242	1574	1137	437
243	1566	1138	428
244	1578	1144	434
245	1590	1157	433
246	1586	1149	437
247	1583	1148	435
248	1588	1143	445
249	1596	1137	459
250	1600	1145	455
251	1596	1140	456
252	1596	1141	455
253	1611	1148	463
254	1624	1146	478
255	1617	1151	466
256	1625	1137	488
257	1632	1142	490
258	1621	1151	470
259	1631	1150	481
260	1635	1143	492
261	1631	1140	491
262	1644	1133	511
263	1653	1139	514
264	1655	1142	513
265	1671	1136	535
266	1664	1138	526
267	1669	1136	533
268	1680	1135	545
269	1684	1141	543
270	1693	1142	551
271	1707	1148	559
272	1703	1148	555
273	1703	1149	554
274	1714	1138	576
275	1706	1139	567
276	1715	1147	568
277	1742	1143	599
278	1752	1146	606
279	1748	1140	608
280	1747	1130	617
281	1754	1136	618
282	1759	1145	614
283	1773	1139	634
284	1777	1139	638
285	1764	1148	616
286	1780	1146	634
287	1805	1152	653
288	1811	1152	659
289	1809	1150	659
290	1815	1150	665
291	1819	1147	672
292	1830	1140	690
293	1824	1146	678
294	1827	1142	685
295	1837	1143	694
296	1851	1148	703
297	1849	1158	691
298	1862	1153	709
299	1874	1147	727
300	1872	1142	730
301	1866	1150	716
302	1882	1143	739
303	1901	1149	752
304	1909	1147	762
305	1914	1135	779
306	1925	1123	802
307	1933	1134	799
308	1929	1148	781
309	1941	1143	798
310	1944	1144	800
311	1949	1139	810
312	1943	1128	815
313	1954	1137	817
314	1982	1142	840
315	1982	1143	839
316	1989	1135	854
317	2008	1130	878
318	2008	1134	874
319	2014	1136	878
320	2042	1140	902
321	2041	1138	903
322	2038	1138	900
323	2068	1133	935
324	2073	1131	942
325	2075	1136	939
326	2085	1139	946
327	2088	1143	945
328	2078	1154	924
329	2088	1150	938
330	2101	1151	950
331	2093	1159	934
332	2112	1148	964
333	2130	1151	979
334	2134	1142	992
335	2127	1139	988
336	2155	1149	1006
337	2172	1139	1033
338	2181	1140	1041
339	2194	1146	1048
340	2203	1150	1053
341	2196	1158	1038
342	2180	1149	1031
343	2198	1140	1058
344	2200	1136	1064
345	2224	1145	1079
346	2227	1141	1086
347	2232	1144	1088
348	2251	1145	1106
349	2274	1143	1131
350	2259	1142	1117
351	2263	1141	1122
352	2283	1137	1146
353	2285	1140	1145
354	2286	1143	1143
355	2297	1147	1150
356	2306	1140	1166
357	2313	1141	1172
358	2328	1143	1185
359	2346	1143	1203
360	2365	1146	1219
361	2374	1148	1226
362	2376	1140	1236
363	2377	1134	1243
364	2387	1136	1251
365	2395	1129	1266
366	2391	1125	1266
367	2410	1144	1266
368	2412	1136	1276
369	2413	1140	1273
370	2431	1142	1289
371	2445	1146	1299
372	2450	1151	1299
373	2454	1143	1311
374	2456	1140	1316
375	2476	1139	1337
376	2467	1140	1327
377	2463	1150	1313
378	2479	1153	1326
379	2499	1142	1357
380	2510	1131	1379
381	2522	1141	1381
382	2527	1150	1377
383	2541	1153	1388
384	2528	1140	1388
385	2549	1141	1408
386	2541	1135	1406
387	2555	1141	1414
388	2569	1149	1420
389	2563	1132	1431
390	2574	1135	1439
391	2575	1155	1420
392	2599	1154	1445
393	2627	1147	1480
394	2640	1151	1489
395	2633	1153	1480
396	2636	1147	1489
397	2648	1148	1500
398	2667	1156	1511
399	2660	1150	1510
400	2653	1152	1501
401	2668	1155	1513
402	2680	1142	1538
403	2697	1151	1546
404	2707	1142	1565
405	2678	1140	1538
406	2681	1146	1535
407	2694	1144	1550
408	2687	1141	1546
409	2705	1141	1564
410	2719	1147	1572
411	2724	1150	1574
412	2717	1143	1574
413	2746	1154	1592
414	2774	1146	1628
415	2771	1142	1629
416	2783	1136	1647
417	2787	1134	1653
418	2789	1133	1656
419	2784	1140	1644
420	2756	1151	1605
421	2771	1149	1622
422	2800	1148	1652
423	2817	1147	1670
424	2815	1142	1673
425	2817	1142	1675
426	2816	1142	1674
427	2836	1144	1692
428	2829	1146	1683
429	2827	1150	1677
430	2831	1147	1684
431	2852	1143	1709
432	2846	1135	1711
433	2867	1143	1724
434	2877	1146	1731
435	2891	1147	1744
436	2891	1140	1751
437	2896	1131	1765
438	2921	1145	1776
439	2918	1146	1772
440	2917	1151	1766
441	2928	1148	1780
442	2938	1151	1787
443	2927	1148	1779
444	2949	1141	1808
445	2953	1142	1811
446	2959	1130	1829
447	2969	1143	1826
448	2960	1153	1807
449	2964	1149	1815
450	2978	1145	1833
451	2984	1146	1838
452	2978	1147	1831
453	2976	1147	1829
454	2997	1138	1859
455	3011	1139	1872
456	3028	1133	1895
457	3015	1135	1880
458	3015	1139	1876
459	3047	1150	1897
460	3048	1148	1900
461	3056	1134	1922
462	3044	1134	1910
463	3083	1134	1949
464	3092	1132	1960
465	3084	1138	1946
466	3100	1141	1959
467	3119	1150	1969
468	3122	1147	1975
469	3108	1156	1952
470	3104	1153	1951
471	3105	1137	1968
472	3117	1130	1987
473	3133	1137	1996
474	3127	1136	1991
475	3139	1133	2006
476	3163	1142	2021
477	3178	1148	2030
478	3161	1143	2018
479	3152	1141	2011
480	3155	1150	2005
481	3167	1141	2026
482	3174	1132	2042
483	3171	1148	2023
484	3165	1146	2019
485	3199	1143	2056
486	3214	1136	2078
487	3220	1141	2079
488	3235	1141	2094
489	3246	1129	2117
490	3254	1127	2127
491	3259	1140	2119
492	3267	1140	2127
493	3262	1145	2117
494	3267	1139	2128
495	3272	1140	2132
496	3278	1146	2132
497	3304	1156	2148
498	3305	1150	2155
499	3299	1149	2150
500	3305	1145	2160
501	3313	1138	2175
502	3339	1141	2198
503	3333	1141	2192
504	3339	1142	2197
505	3338	1142	2196
506	3342	1141	2201
507	3347	1153	2194
508	3368	1158	2210
509	3375	1132	2243
510	3399	1122	2277
511	3414	1136	2278
512	3412	1147	2265
513	3410	1153	2257
514	3433	1134	2299
515	3451	1141	2310
516	3441	1146	2295
517	3450	1144	2306
518	3460	1139	2321
519	3463	1136	2327
520	3462	1139	2323
521	3484	1144	2340
522	3505	1139	2366
523	3512	1133	2379
524	3515	1143	2372
525	3508	1138	2370
526	3541	1144	2397
527	3549	1147	2402
528	3529	1139	2390
529	3534	1133	2401
530	3546	1122	2424
531	3556	1133	2423
532	3552	1136	2416
533	3572	1143	2429
534	3574	1141	2433
535	3580	1134	2446
536	3596	1131	2465
537	3601	1144	2457
538	3619	1138	2481
539	3625	1134	2491
540	3641	1134	2507
541	3657	1142	2515
542	3659	1151	2508
543	3667	1144	2523
544	3692	1145	2547
545	3705	1148	2557
546	3705	1141	2564
547	3688	1140	2548
548	3703	1145	2558
549	3702	1142	2560
550	3704	1144	2560
551	3710	1142	2568
552	3734	1135	2599
553	3759	1147	2612
554	3777	1150	2627
555	3803	1144	2659
556	3794	1144	2650
557	3809	1153	2656
558	3830	1146	2684
559	3830	1142	2688
560	3839	1147	2692
561	3868	1147	2721
562	3868	1132	2736
563	3868	1130	2738
564	3873	1149	2724
565	3907	1144	2763
566	3923	1147	2776
567	3939	1140	2799
568	3951	1131	2820
569	3929	1148	2781
570	3956	1155	2801
571	3963	1149	2814
572	3967	1140	2827
573	3982	1140	2842
574	4014	1137	2877
575	4019	1139	2880
576	4045	1146	2899
577	4054	1147	2907
578	4054	1149	2905
579	4056	1137	2919
580	4068	1136	2932
581	4092	1144	2948
582	4127	1139	2988
583	4129	1142	2987
584	4121	1150	2971
585	4164	1155	3009
586	4153	1149	3004
587	4152	1148	3004
588	4167	1145	3022
589	4171	1147	3024
590	4165	1141	3024
591	4175	1145	3030
592	4209	1137	3072
593	4235	1124	3111
594	4222	1133	3089
595	4226	1151	3075
596	4244	1152	3092
597	4290	1138	3152
598	4309	1138	3171
599	4286	1152	3134
600	4276	1144	3132
601	4307	1142	3165
602	4335	1144	3191
603	4348	1141	3207
604	4349	1147	3202
605	4357	1145	3212
606	4385	1145	3240
607	4398	1147	3251
608	4422	1142	3280
609	4443	1142	3301
610	4441	1140	3301
611	4480	1149	3331
612	4495	1142	3353
613	4461	1140	3321
614	4473	1146	3327
615	4512	1147	3365
616	4530	1144	3386
617	4536	1140	3396
618	4550	1137	3413
619	4555	1141	3414
620	4552	1139	3413
621	4537	1132	3405
622	4557	1133	3424
623	4552	1137	3415
624	4582	1144	3438
625	4607	1145	3462
626	4657	1148	3509
627	4658	1156	3502
628	4628	1146	3482
629	4670	1141	3529
630	4711	1144	3567
631	4692	1138	3554
632	4696	1140	3556
633	4714	1145	3569
634	4736	1141	3595
635	4703	1148	3555
636	4698	1141	3557
637	4708	1142	3566
638	4731	1143	3588
639	4727	1141	3586
640	4745	1132	3613
641	4784	1132	3652
642	4782	1132	3650
643	4769	1134	3635
644	4771	1134	3637
645	4814	1147	3667
646	4825	1150	3675
647	4827	1149	3678
648	4828	1146	3682
649	4835	1146	3689
650	4860	1143	3717
651	4875	1148	3727
652	4871	1141	3730
653	4910	1144	3766
654	4922	1146	3776
655	4914	1137	3777
656	4918	1143	3775
657	4932	1145	3787
658	4961	1142	3819
659	4956	1152	3804
660	4959	1145	3814
661	4973	1143	3830
662	4994	1135	3859
663	4985	1133	3852
664	4986	1136	3850
665	5007	1148	3859
666	5017	1150	3867
667	5021	1152	3869
668	5045	1143	3902
669	5073	1141	3932
670	5063	1142	3921
671	5074	1146	3928
672	5070	1152	3918
673	5063	1149	3914
674	5072	1141	3931
675	5086	1154	3932
676	5096	1146	3950
677	5094	1141	3953
678	5079	1151	3928
679	5119	1138	3981
680	5147	1132	4015
681	5130	1146	3984
682	5108	1145	3963
683	5126	1138	3988
684	5121	1144	3977
685	5101	1143	3958
686	5111	1146	3965
687	5130	1143	3987
688	5105	1146	3959
689	5126	1143	3983
690	5144	1140	4004
691	5149	1139	4010
692	5150	1148	4002
693	5146	1154	3992
694	5143	1145	3998
695	5150	1137	4013
696	5154	1142	4012
697	5168	1140	4028
698	5176	1147	4029
699	5193	1148	4045
700	5219	1148	4071
701	5194	1154	4040
702	5169	1143	4026
703	5196	1154	4042
704	5209	1153	4056
705	5226	1149	4077
706	5211	1147	4064
707	5197	1163	4034
708	5203	1147	4056
709	5229	1142	4087
710	5203	1147	4056
711	5190	1142	4048
712	5183	1129	4054
713	5231	1145	4086
714	5229	1148	4081
715	5214	1142	4072
716	5239	1137	4102
717	5231	1132	4099
718	5226	1143	4083
719	5240	1147	4093
720	5225	1141	4084
721	5232	1141	4091
722	5247	1137	4110
723	5254	1137	4117
724	5237	1138	4099
725	5254	1148	4106
726	5245	1148	4097
727	5251	1144	4107
728	5274	1130	4144
729	5262	1126	4136
730	5258	1137	4121
731	5251	1144	4107
732	5235	1134	4101
733	5256	1141	4115
734	5247	1139	4108
735	5256	1143	4113
736	5246	1146	4100
737	5241	1137	4104
738	5250	1135	4115
739	5240	1136	4104
740	5227	1144	4083
741	5242	1146	4096
742	5223	1148	4075
743	5230	1147	4083
744	5232	1133	4099
745	5226	1137	4089
746	5244	1139	4105
747	5265	1142	4123
748	5242	1147	4095
749	5222	1142	4080
750	5222	1134	4088
751	5206	1141	4065
752	5227	1142	4085
753	5242	1135	4107
754	5226	1143	4083
755	5172	1150	4022
756	5180	1135	4045
757	5228	1135	4093
758	5248	1145	4103
759	5256	1148	4108
760	5262	1139	4123
761	5245	1148	4097
762	5250	1143	4107
763	5270	1143	4127
764	5286	1146	4140
765	5297	1137	4160
766	5288	1140	4148
767	5273	1142	4131
768	5284	1141	4143
769	5288	1150	4138
770	5295	1138	4157
771	5293	1129	4164
772	5289	1130	4159
773	5299	1145	4154
774	5327	1144	4183
775	5325	1145	4180
776	5313	1136	4177
777	5296	1147	4149
778	5307	1155	4152
779	5320	1145	4175
780	5335	1144	4191
781	5326	1154	4172
782	5313	1151	4162
783	5318	1141	4177
784	5333	1135	4198
785	5323	1134	4189
786	5323	1143	4180
787	5329	1132	4197
788	5307	1136	4171
789	5306	1135	4171
790	5316	1128	4188
791	5319	1132	4187
792	5308	1139	4169
793	5301	1132	4169
794	5322	1138	4184
795	5330	1147	4183
796	5319	1145	4174
797	5328	1150	4178
798	5337	1154	4183
799	5312	1145	4167
800	5325	1142	4183
801	5348	1142	4206
802	5380	1147	4233
803	5401	1150	4251
804	5407	1149	4258
805	5423	1151	4272
806	5438	1137	4301
807	5444	1148	4296
808	5459	1142	4317
809	5440	1140	4300
810	5432	1133	4299
811	5464	1136	4328
812	5455	1131	4324
813	5465	1125	4340
814	5483	1136	4347
815	5488	1143	4345
816	5505	1144	4361
817	5505	1149	4356
818	5543	1144	4399
819	5520	1144	4376
820	5358	1146	4212
821	5477	1150	4327
822	5582	1133	4449
823	5591	1137	4454
824	5592	1151	4441
825	5586	1139	4447
826	5588	1123	4465
827	5615	1138	4477
828	5617	1145	4472
829	5621	1142	4479
830	5660	1139	4521
831	5632	1132	4500
832	5617	1139	4478
833	5633	1146	4487
834	5636	1139	4497
835	5650	1154	4496
836	5661	1153	4508
837	5682	1147	4535
838	5684	1138	4546
839	5673	1141	4532
840	5685	1141	4544
841	5695	1135	4560
842	5713	1130	4583
843	5716	1133	4583
844	5707	1140	4567
845	5684	1142	4542
846	5688	1146	4542
847	5698	1148	4550
848	5676	1135	4541
849	5695	1144	4551
850	5716	1140	4576
851	5737	1140	4597
852	5750	1132	4618
853	5761	1129	4632
854	5761	1137	4624
855	5817	1142	4675
856	5841	1131	4710
857	5850	1123	4727
858	5908	1134	4774
859	5922	1142	4780
860	5926	1143	4783
861	5939	1146	4793
862	5961	1155	4806
863	5990	1147	4843
864	6019	1137	4882
865	6025	1142	4883
866	6013	1125	4888
867	6054	1135	4919
868	6098	1157	4941
869	6098	1150	4948
870	6117	1149	4968
871	6169	1143	5026
872	6147	1135	5012
873	6144	1136	5008
874	6176	1127	5049
875	6196	1136	5060
876	6215	1143	5072
877	6256	1146	5110
878	6253	1141	5112
879	6270	1140	5130
880	6289	1140	5149
881	6300	1140	5160
882	6275	1143	5132
883	6301	1145	5156
884	6331	1139	5192
885	6341	1135	5206
886	6373	1140	5233
887	6401	1148	5253
888	6388	1140	5248
889	6384	1130	5254
890	6395	1138	5257
891	6412	1139	5273
892	6416	1134	5282
893	6419	1145	5274
894	6422	1142	5280
895	6431	1139	5292
896	6421	1143	5278
897	6410	1139	5271
898	6443	1137	5306
899	6467	1140	5327
900	6452	1136	5316
901	6466	1132	5334
902	6485	1131	5354
903	6486	1140	5346
904	6487	1144	5343
905	6521	1136	5385
906	6586	1138	5448
907	6621	1142	5479
908	6651	1140	5511
909	6651	1139	5512
910	6660	1131	5529
911	6690	1140	5550
912	6752	1138	5614
913	6782	1140	5642
914	6833	1145	5688
915	6866	1144	5722
916	6917	1142	5775
917	6972	1155	5817
918	6976	1150	5826
919	6971	1132	5839
920	6989	1136	5853
921	7016	1144	5872
922	7081	1148	5933
923	7127	1155	5972
924	7149	1145	6004
925	7185	1134	6051
926	7195	1139	6056
927	7186	1142	6044
928	7208	1138	6070
929	7234	1135	6099
930	7258	1139	6119
931	7229	1144	6085
932	7254	1135	6119
933	7332	1142	6190
934	7370	1140	6230
935	7342	1134	6208
936	7352	1148	6204
937	7391	1145	6246
938	7425	1140	6285
939	7418	1144	6274
940	7410	1140	6270
941	7420	1143	6277
942	7418	1137	6281
943	7447	1136	6311
944	7478	1145	6333
945	7492	1143	6349
946	7519	1129	6390
947	7531	1134	6397
948	7559	1144	6415
949	7578	1151	6427
950	7549	1136	6413
951	7588	1141	6447
952	7637	1152	6485
953	7623	1147	6476
954	7605	1136	6469
955	7623	1141	6482
956	7682	1138	6544
957	7655	1140	6515
958	7682	1142	6540
959	7713	1139	6574
960	7735	1127	6608
961	7714	1132	6582
962	7697	1138	6559
963	7718	1136	6582
964	7750	1140	6610
965	7760	1146	6614
966	7746	1143	6603
967	7740	1144	6596
968	7796	1143	6653
969	7795	1140	6655
970	7794	1140	6654
971	7793	1144	6649
972	7812	1142	6670
973	7840	1142	6698
974	7851	1147	6704
975	7885	1139	6746
976	7859	1144	6715
977	7871	1153	6718
978	7935	1153	6782
979	7937	1146	6791
980	7895	1148	6747
981	7916	1143	6773
982	7956	1144	6812
983	7944	1147	6797
984	7983	1149	6834
985	7980	1151	6829
986	7977	1144	6833
987	7995	1136	6859
988	7998	1144	6854
989	8020	1145	6875
990	8023	1135	6888
991	7999	1142	6857
992	8048	1144	6904
993	8070	1146	6924
994	8013	1151	6862
995	8033	1147	6886
996	8062	1145	6917
997	8098	1138	6960
998	8070	1133	6937
999	8044	1131	6913
1000	8060	1135	6925
1001	8081	1145	6936
1002	8087	1152	6935
1003	8079	1149	6930
1004	8101	1138	6963
1005	8096	1131	6965
1006	8075	1143	6932
1007	8100	1151	6949
1008	8100	1142	6958
1009	8120	1134	6986
1010	8130	1132	6998
1011	8136	1143	6993
1012	8132	1142	6990
1013	8122	1134	6988
1014	8135	1136	6999
1015	8158	1148	7010
1016	8149	1140	7009
1017	8126	1143	6983
1018	8132	1139	6993
1019	8121	1139	6982
1020	8124	1137	6987
1021	8129	1141	6988
1022	8121	1147	6974
1023	8117	1138	6979
1024	8109	1126	6983
1025	8069	1142	6927
1026	8114	1143	6971
1027	8150	1148	7002
1028	8136	1146	6990
1029	8144	1140	7004
1030	8149	1137	7012
1031	8082	1139	6943
1032	8057	1138	6919
1033	8083	1143	6940
1034	8091	1134	6957
1035	8130	1136	6994
1036	8110	1141	6969
1037	8090	1143	6947
1038	8075	1137	6938
1039	8100	1138	6962
1040	8124	1132	6992
1041	8093	1142	6951
1042	8101	1139	6962
1043	8106	1139	6967
1044	8090	1139	6951
1045	8065	1138	6927
1046	8095	1138	6957
1047	8088	1140	6948
1048	8092	1149	6943
1049	8058	1145	6913
1050	8027	1144	6883
1051	8027	1148	6879
1052	8051	1137	6914
1053	8033	1140	6893
1054	8005	1138	6867
1055	8012	1142	6870
1056	8008	1145	6863
1057	8002	1151	6851
1058	8000	1151	6849
1059	8001	1152	6849
1060	8035	1151	6884
1061	7982	1142	6840
1062	7937	1148	6789
1063	7974	1149	6825
1064	7985	1147	6838
1065	7974	1153	6821
1066	7974	1155	6819
1067	7922	1155	6767
1068	7925	1155	6770
1069	7896	1150	6746
1070	7866	1137	6729
1071	7848	1142	6706
1072	7857	1144	6713
1073	7859	1144	6715
1074	7874	1147	6727
1075	7884	1152	6732
1076	7828	1156	6672
1077	7813	1148	6665
1078	7773	1141	6632
1079	7748	1145	6603
1080	7777	1145	6632
1081	7739	1139	6600
1082	7692	1139	6553
1083	7656	1142	6514
1084	7635	1141	6494
1085	7629	1144	6485
1086	7611	1145	6466
1087	7618	1140	6478
1088	7640	1151	6489
1089	7670	1155	6515
1090	7677	1139	6538
1091	7674	1139	6535
1092	7695	1144	6551
1093	7730	1150	6580
1094	7722	1147	6575
1095	7753	1144	6609
1096	7789	1143	6646
1097	7801	1143	6658
1098	7802	1150	6652
1099	7817	1150	6667
1100	7734	1145	6589
1101	7676	1134	6542
1102	7661	1135	6526
1103	7685	1139	6546
1104	7717	1148	6569
1105	7728	1139	6589
1106	7668	1128	6540
1107	7633	1131	6502
1108	7666	1136	6530
1109	7661	1137	6524
1110	7650	1137	6513
1111	7671	1138	6533
1112	7623	1134	6489
1113	7609	1132	6477
1114	7601	1150	6451
1115	7556	1145	6411
1116	7600	1140	6460
1117	7645	1136	6509
1118	7605	1135	6470
1119	7596	1140	6456
1120	7603	1146	6457
1121	7596	1145	6451
1122	7547	1144	6403
1123	7513	1141	6372
1124	7540	1145	6395
1125	7544	1156	6388
1126	7539	1146	6393
1127	7507	1142	6365
1128	7512	1142	6370
1129	7509	1131	6378
1130	7542	1138	6404
1131	7562	1141	6421
1132	7552	1134	6418
1133	7541	1139	6402
1134	7541	1140	6401
1135	7549	1144	6405
1136	7556	1145	6411
1137	7514	1147	6367
1138	7505	1142	6363
1139	7512	1141	6371
1140	7545	1147	6398
1141	7554	1150	6404
1142	7555	1147	6408
1143	7540	1151	6389
1144	7516	1140	6376
1145	7521	1139	6382
1146	7517	1136	6381
1147	7506	1139	6367
1148	7514	1146	6368
1149	7518	1140	6378
1150	7499	1138	6361
1151	7488	1139	6349
1152	7495	1144	6351
1153	7502	1144	6358
1154	7487	1129	6358
1155	7472	1129	6343
1156	7428	1152	6276
1157	7431	1152	6279
1158	7420	1139	6281
1159	7462	1138	6324
1160	7440	1139	6301
1161	7452	1140	6312
1162	7457	1138	6319
1163	7453	1137	6316
1164	7447	1139	6308
1165	7451	1140	6311
1166	7423	1131	6292
1167	7424	1134	6290
1168	7465	1137	6328
1169	7481	1146	6335
1170	7490	1143	6347
1171	7477	1144	6333
1172	7490	1141	6349
1173	7468	1137	6331
1174	7476	1133	6343
1175	7462	1138	6324
1176	7476	1145	6331
1177	7506	1157	6349
1178	7518	1153	6365
1179	7513	1149	6364
1180	7487	1148	6339
1181	7499	1138	6361
1182	7506	1138	6368
1183	7487	1148	6339
1184	7501	1146	6355
1185	7486	1141	6345
1186	7472	1144	6328
1187	7519	1145	6374
1188	7502	1143	6359
1189	7524	1149	6375
1190	7505	1147	6358
1191	7483	1145	6338
1192	7516	1152	6364
1193	7495	1136	6359
1194	7503	1142	6361
1195	7530	1148	6382
1196	7537	1136	6401
1197	7557	1130	6427
1198	7567	1136	6431
1199	7560	1141	6419
1200	7563	1149	6414
1201	7563	1146	6417
1202	7528	1135	6393
1203	7569	1133	6436
1204	7604	1143	6461
1205	7615	1150	6465
1206	7583	1149	6434
1207	7589	1132	6457
1208	7604	1134	6470
1209	7594	1142	6452
1210	7604	1152	6452
1211	7617	1156	6461
1212	7630	1141	6489
1213	7640	1143	6497
1214	7654	1148	6506
1215	7658	1142	6516
1216	7670	1136	6534
1217	7672	1147	6525
1218	7684	1141	6543
1219	7704	1138	6566
1220	7770	1150	6620
1221	7763	1155	6608
1222	7748	1146	6602
1223	7747	1149	6598
1224	7706	1136	6570
1225	7717	1132	6585
1226	7731	1141	6590
1227	7745	1144	6601
1228	7772	1137	6635
1229	7772	1147	6625
1230	7778	1134	6644
1231	7812	1144	6668
1232	7833	1148	6685
1233	7823	1150	6673
1234	7815	1140	6675
1235	7844	1144	6700
1236	7893	1143	6750
1237	7911	1145	6766
1238	7918	1149	6769
1239	7932	1141	6791
1240	7917	1144	6773
1241	7906	1149	6757
1242	7938	1154	6784
1243	7944	1139	6805
1244	7930	1131	6799
1245	7926	1147	6779
1246	7941	1146	6795
1247	7988	1136	6852
1248	7996	1138	6858
1249	7987	1143	6844
1250	7982	1140	6842
1251	7977	1144	6833
1252	7998	1153	6845
1253	8018	1149	6869
1254	8024	1147	6877
1255	8009	1156	6853
1256	8029	1158	6871
1257	8067	1150	6917
1258	8068	1138	6930
1259	8078	1142	6936
1260	8090	1148	6942
1261	8106	1157	6949
1262	8126	1151	6975
1263	8127	1147	6980
1264	8100	1144	6956
1265	8115	1151	6964
1266	8153	1149	7004
1267	8170	1140	7030
1268	8164	1134	7030
1269	8154	1139	7015
1270	8209	1140	7069
1271	8222	1138	7084
1272	8220	1141	7079
1273	8250	1141	7109
1274	8277	1142	7135
1275	8291	1152	7139
1276	8302	1144	7158
1277	8300	1139	7161
1278	8311	1150	7161
1279	8345	1144	7201
1280	8354	1149	7205
1281	8352	1150	7202
1282	8385	1139	7246
1283	8389	1148	7241
1284	8405	1137	7268
1285	8382	1138	7244
1286	8411	1148	7263
1287	8451	1154	7297
1288	8467	1150	7317
1289	8422	1142	7280
1290	8417	1143	7274
1291	8443	1152	7291
1292	8487	1140	7347
1293	8491	1139	7352
1294	8488	1149	7339
1295	8497	1152	7345
1296	8499	1148	7351
1297	8495	1151	7344
1298	8491	1149	7342
1299	8538	1157	7381
1300	8556	1156	7400
1301	8520	1148	7372
1302	8549	1143	7406
1303	8597	1140	7457
1304	8578	1139	7439
1305	8583	1149	7434
1306	8602	1155	7447
1307	8578	1145	7433
1308	8558	1132	7426
1309	8643	1139	7504
1310	8694	1144	7550
1311	8742	1147	7595
1312	8731	1136	7595
1313	8704	1141	7563
1314	8684	1135	7549
1315	8673	1139	7534
1316	8694	1145	7549
1317	8744	1148	7596
1318	8799	1142	7657
1319	8808	1144	7664
1320	8789	1148	7641
1321	8794	1146	7648
1322	8817	1141	7676
1323	8815	1136	7679
1324	8768	1143	7625
1325	8783	1137	7646
1326	8811	1140	7671
1327	8811	1141	7670
1328	8823	1131	7692
1329	8811	1135	7676
1330	8809	1141	7668
1331	8807	1148	7659
1332	8791	1134	7657
1333	8821	1135	7686
1334	8862	1133	7729
1335	8826	1136	7690
1336	8819	1158	7661
1337	8851	1160	7691
1338	8841	1133	7708
1339	8863	1141	7722
1340	8885	1149	7736
1341	8879	1141	7738
1342	8911	1144	7767
1343	8941	1158	7783
1344	8924	1153	7771
1345	8916	1137	7779
1346	8939	1133	7806
1347	8948	1142	7806
1348	8968	1140	7828
1349	8968	1145	7823
1350	8990	1146	7844
1351	8974	1142	7832
1352	8952	1146	7806
1353	8921	1147	7774
1354	8896	1144	7752
1355	8908	1145	7763
1356	8903	1148	7755
1357	8904	1148	7756
1358	8935	1139	7796
1359	8916	1144	7772
1360	8930	1152	7778
1361	8904	1151	7753
1362	8893	1149	7744
1363	8892	1151	7741
1364	8935	1156	7779
1365	8937	1154	7783
1366	8879	1149	7730
1367	8889	1146	7743
1368	8924	1149	7775
1369	8897	1154	7743
1370	8886	1154	7732
1371	8893	1145	7748
1372	8923	1131	7792
1373	8929	1135	7794
1374	8933	1150	7783
1375	8884	1159	7725
1376	8855	1144	7711
1377	8943	1145	7798
1378	8964	1143	7821
1379	8944	1137	7807
1380	8888	1140	7748
1381	8866	1140	7726
1382	8855	1139	7716
1383	8847	1144	7703
1384	8817	1152	7665
1385	8820	1140	7680
1386	8829	1137	7692
1387	8852	1139	7713
1388	8873	1142	7731
1389	8842	1148	7694
1390	8802	1140	7662
1391	8790	1143	7647
1392	8789	1148	7641
1393	8781	1141	7640
1394	8757	1142	7615
1395	8768	1138	7630
1396	8778	1131	7647
1397	8765	1139	7626
1398	8744	1142	7602
1399	8709	1140	7569
1400	8712	1140	7572
1401	8727	1147	7580
1402	8722	1140	7582
1403	8665	1142	7523
1404	8697	1141	7556
1405	8699	1131	7568
1406	8672	1147	7525
1407	8660	1148	7512
1408	8648	1140	7508
1409	8645	1149	7496
1410	8649	1152	7497
1411	8625	1146	7479
1412	8645	1148	7497
1413	8597	1147	7450
1414	8578	1135	7443
1415	8571	1134	7437
1416	8590	1155	7435
1417	8601	1155	7446
1418	8582	1146	7436
1419	8566	1142	7424
1420	8498	1142	7356
1421	8469	1151	7318
1422	8486	1153	7333
1423	8449	1149	7300
1424	8440	1144	7296
1425	8393	1142	7251
1426	8387	1139	7248
1427	8407	1143	7264
1428	8391	1136	7255
1429	8391	1137	7254
1430	8400	1140	7260
1431	8346	1151	7195
1432	8287	1148	7139
1433	8270	1148	7122
1434	8273	1135	7138
1435	8284	1140	7144
1436	8245	1148	7097
1437	8243	1150	7093
1438	8242	1142	7100
1439	8218	1140	7078
1440	8189	1146	7043
1441	8185	1143	7042
1442	8161	1150	7011
1443	8150	1142	7008
1444	8140	1149	6991
1445	8083	1154	6929
1446	8053	1148	6905
1447	8029	1149	6880
1448	8017	1146	6871
1449	8018	1140	6878
1450	8000	1139	6861
1451	7982	1150	6832
1452	7959	1151	6808
1453	7950	1136	6814
1454	7939	1133	6806
1455	7901	1142	6759
1456	7842	1144	6698
1457	7830	1146	6684
1458	7834	1142	6692
1459	7784	1138	6646
1460	7790	1144	6646
1461	7777	1143	6634
1462	7754	1134	6620
1463	7718	1137	6581
1464	7675	1128	6547
1465	7662	1137	6525
1466	7667	1143	6524
1467	7629	1142	6487
1468	7589	1143	6446
1469	7580	1145	6435
1470	7586	1150	6436
1471	7521	1149	6372
1472	7494	1151	6343
1473	7474	1147	6327
1474	7460	1144	6316
1475	7447	1148	6299
1476	7395	1152	6243
1477	7343	1154	6189
1478	7325	1145	6180
1479	7319	1149	6170
1480	7289	1145	6144
1481	7249	1137	6112
1482	7276	1144	6132
1483	7265	1149	6116
1484	7258	1140	6118
1485	7263	1145	6118
1486	7221	1147	6074
1487	7210	1142	6068
1488	7242	1146	6096
1489	7221	1149	6072
1490	7182	1147	6035
1491	7169	1149	6020
1492	7155	1153	6002
1493	7135	1159	5976
1494	7117	1148	5969
1495	7071	1155	5916
1496	7047	1146	5901
1497	7046	1141	5905
1498	7052	1143	5909
1499	6973	1152	5821
1500	6969	1143	5826
1501	6993	1138	5855
1502	6950	1138	5812
1503	6943	1148	5795
1504	6911	1146	5765
1505	6862	1148	5714
1506	6847	1144	5703
1507	6820	1146	5674
1508	6802	1157	5645
1509	6812	1146	5666
1510	6781	1143	5638
1511	6759	1147	5612
1512	6745	1148	5597
1513	6735	1145	5590
1514	6694	1140	5554
1515	6665	1146	5519
1516	6636	1147	5489
1517	6615	1139	5476
1518	6616	1138	5478
1519	6575	1156	5419
1520	6524	1150	5374
1521	6529	1151	5378
1522	6510	1152	5358
1523	6494	1150	5344
1524	6434	1147	5287
1525	6426	1143	5283
1526	6440	1144	5296
1527	6385	1143	5242
1528	6348	1145	5203
1529	6312	1150	5162
1530	6330	1143	5187
1531	6316	1145	5171
1532	6300	1150	5150
1533	6305	1144	5161
1534	6273	1144	5129
1535	6243	1152	5091
1536	6215	1147	5068
1537	6208	1142	5066
1538	6206	1133	5073
1539	6183	1141	5042
1540	6176	1145	5031
1541	6165	1147	5018
1542	6116	1140	4976
1543	6065	1143	4922
1544	6077	1151	4926
1545	6075	1148	4927
1546	6058	1144	4914
1547	6051	1142	4909
1548	6005	1145	4860
1549	5978	1143	4835
1550	5983	1134	4849
1551	5948	1142	4806
1552	5970	1143	4827
1553	5926	1141	4785
1554	5885	1144	4741
1555	5883	1148	4735
1556	5860	1141	4719
1557	5816	1141	4675
1558	5803	1136	4667
1559	5794	1142	4652
1560	5777	1144	4633
1561	5780	1148	4632
1562	5800	1146	4654
1563	5758	1147	4611
1564	5737	1138	4599
1565	5730	1131	4599
1566	5698	1136	4562
1567	5712	1142	4570
1568	5708	1144	4564
1569	5662	1143	4519
1570	5675	1140	4535
1571	5675	1140	4535
1572	5663	1140	4523
1573	5633	1144	4489
1574	5609	1143	4466
1575	5585	1147	4438
1576	5551	1145	4406
1577	5561	1150	4411
1578	5547	1148	4399
1579	5528	1159	4369
1580	5517	1157	4360
1581	5476	1157	4319
1582	5466	1161	4305
1583	5453	1150	4303
1584	5432	1141	4291
1585	5443	1148	4295
1586	5453	1151	4302
1587	5402	1145	4257
1588	5405	1140	4265
1589	5386	1140	4246
1590	5345	1151	4194
1591	5311	1154	4157
1592	5307	1142	4165
1593	5332	1142	4190
1594	5324	1145	4179
1595	5301	1145	4156
1596	5308	1142	4166
1597	5274	1136	4138
1598	5247	1137	4110
1599	5219	1150	4069
1600	5217	1146	4071
1601	5255	1154	4101
1602	5253	1151	4102
1603	5240	1140	4100
1604	5218	1138	4080
1605	5198	1145	4053
1606	5189	1141	4048
1607	5173	1139	4034
1608	5164	1140	4024
1609	5147	1151	3996
1610	5150	1155	3995
1611	5140	1150	3990
1612	5122	1134	3988
1613	5109	1146	3963
1614	5102	1150	3952
1615	5099	1132	3967
1616	5096	1130	3966
1617	5082	1143	3939
1618	5094	1145	3949
1619	5078	1134	3944
1620	5064	1131	3933
1621	5051	1142	3909
1622	5034	1142	3892
1623	5005	1146	3859
1624	4986	1137	3849
1625	5000	1145	3855
1626	5004	1145	3859
1627	4993	1138	3855
1628	4992	1147	3845
1629	4972	1148	3824
1630	4951	1144	3807
1631	4949	1147	3802
1632	4952	1133	3819
1633	4942	1141	3801
1634	4931	1147	3784
1635	4930	1142	3788
1636	4918	1141	3777
1637	4915	1141	3774
1638	4911	1131	3780
1639	4894	1138	3756
1640	4879	1142	3737
1641	4899	1150	3749
1642	4896	1141	3755
1643	4857	1141	3716
1644	4840	1144	3696
1645	4861	1152	3709
1646	4868	1145	3723
1647	4859	1141	3718
1648	4855	1142	3713
1649	4863	1145	3718
1650	4874	1142	3732
1651	4867	1147	3720
1652	4825	1151	3674
1653	4834	1145	3689
1654	4832	1136	3696
1655	4817	1131	3686
1656	4818	1143	3675
1657	4812	1143	3669
1658	4802	1141	3661
1659	4783	1143	3640
1660	4757	1137	3620
1661	4773	1143	3630
1662	4774	1137	3637
1663	4769	1134	3635
1664	4742	1150	3592
1665	4749	1151	3598
1666	4737	1140	3597
1667	4753	1142	3611
1668	4745	1151	3594
1669	4714	1151	3563
1670	4732	1139	3593
1671	4734	1128	3606
1672	4723	1138	3585
1673	4715	1142	3573
1674	4696	1147	3549
1675	4701	1145	3556
1676	4729	1136	3593
1677	4726	1134	3592
1678	4680	1138	3542
1679	4672	1130	3542
1680	4684	1126	3558
1681	4681	1144	3537
1682	4672	1148	3524
1683	4661	1142	3519
1684	4630	1147	3483
1685	4627	1141	3486
1686	4639	1144	3495
1687	4628	1139	3489
1688	4638	1142	3496
1689	4644	1143	3501
1690	4616	1131	3485
1691	4624	1142	3482
1692	4621	1151	3470
1693	4594	1142	3452
1694	4579	1145	3434
1695	4594	1148	3446
1696	4588	1139	3449
1697	4565	1143	3422
1698	4565	1147	3418
1699	4560	1151	3409
1700	4560	1142	3418
1701	4569	1141	3428
1702	4549	1139	3410
1703	4543	1139	3404
1704	4554	1143	3411
1705	4521	1145	3376
1706	4525	1137	3388
1707	4540	1143	3397
1708	4538	1155	3383
1709	4545	1151	3394
1710	4499	1152	3347
1711	4497	1147	3350
1712	4516	1147	3369
1713	4490	1144	3346
1714	4469	1151	3318
1715	4479	1148	3331
1716	4446	1143	3303
1717	4415	1148	3267
1718	4434	1146	3288
1719	4421	1148	3273
1720	4407	1144	3263
1721	4428	1144	3284
1722	4441	1143	3298
1723	4425	1141	3284
1724	4416	1138	3278
1725	4423	1151	3272
1726	4386	1151	3235
1727	4386	1139	3247
1728	4388	1140	3248
1729	4372	1150	3222
1730	4368	1147	3221
1731	4357	1148	3209
1732	4354	1158	3196
1733	4343	1145	3198
1734	4340	1143	3197
1735	4325	1151	3174
1736	4321	1135	3186
1737	4304	1139	3165
1738	4305	1137	3168
1739	4287	1140	3147
1740	4284	1142	3142
1741	4301	1145	3156
1742	4292	1148	3144
1743	4288	1153	3135
1744	4266	1139	3127
1745	4247	1138	3109
1746	4255	1153	3102
1747	4234	1157	3077
1748	4241	1152	3089
1749	4226	1152	3074
1750	4191	1158	3033
1751	4192	1155	3037
1752	4172	1139	3033
1753	4174	1142	3032
1754	4177	1146	3031
1755	4169	1149	3020
1756	4149	1145	3004
1757	4142	1141	3001
1758	4153	1139	3014
1759	4127	1146	2981
1760	4104	1150	2954
1761	4114	1141	2973
1762	4101	1151	2950
1763	4094	1150	2944
1764	4089	1144	2945
1765	4086	1148	2938
1766	4075	1142	2933
1767	4063	1132	2931
1768	4056	1131	2925
1769	4060	1134	2926
1770	4048	1143	2905
1771	4040	1147	2893
1772	4032	1148	2884
1773	4015	1143	2872
1774	3987	1140	2847
1775	3990	1142	2848
1776	4004	1149	2855
1777	3975	1154	2821
1778	3944	1144	2800
1779	3946	1139	2807
1780	3917	1140	2777
1781	3921	1145	2776
1782	3915	1151	2764
1783	3892	1151	2741
1784	3890	1149	2741
1785	3869	1156	2713
1786	3840	1144	2696
1787	3840	1144	2696
1788	3832	1142	2690
1789	3818	1146	2672
1790	3783	1151	2632
1791	3758	1150	2608
1792	3759	1146	2613
1793	3753	1145	2608
1794	3747	1150	2597
1795	3747	1145	2602
1796	3755	1132	2623
1797	3729	1141	2588
1798	3707	1144	2563
1799	3742	1146	2596
1800	3706	1135	2571
1801	3665	1148	2517
1802	3653	1154	2499
1803	3661	1151	2510
1804	3633	1144	2489
1805	3614	1137	2477
1806	3617	1136	2481
1807	3612	1140	2472
1808	3572	1144	2428
1809	3554	1144	2410
1810	3549	1141	2408
1811	3528	1146	2382
1812	3509	1140	2369
1813	3486	1132	2354
1814	3480	1140	2340
1815	3457	1145	2312
1816	3474	1143	2331
1817	3475	1147	2328
1818	3454	1135	2319
1819	3423	1142	2281
1820	3418	1144	2274
1821	3406	1144	2262
1822	3397	1154	2243
1823	3379	1150	2229
1824	3364	1144	2220
1825	3368	1138	2230
1826	3345	1129	2216
1827	3333	1145	2188
1828	3320	1140	2180
1829	3311	1143	2168
1830	3298	1137	2161
1831	3289	1140	2149
1832	3297	1138	2159
1833	3302	1140	2162
1834	3253	1141	2112
1835	3226	1133	2093
1836	3216	1141	2075
1837	3214	1147	2067
1838	3173	1134	2039
1839	3164	1139	2025
1840	3162	1142	2020
1841	3139	1135	2004
1842	3137	1137	2000
1843	3120	1146	1974
1844	3082	1150	1932
1845	3102	1143	1959
1846	3079	1135	1944
1847	3048	1139	1909
1848	3055	1150	1905
1849	3037	1153	1884
1850	3016	1153	1863
1851	3010	1148	1862
1852	2987	1141	1846
1853	2979	1138	1841
1854	2946	1143	1803
1855	2934	1146	1788
1856	2944	1147	1797
1857	2929	1138	1791
1858	2914	1137	1777
1859	2903	1137	1766
1860	2890	1139	1751
1861	2873	1157	1716
1862	2853	1152	1701
1863	2836	1136	1700
1864	2830	1147	1683
1865	2819	1150	1669
1866	2802	1135	1667
1867	2795	1137	1658
1868	2786	1143	1643
1869	2767	1136	1631
1870	2750	1137	1613
1871	2749	1145	1604
1872	2732	1139	1593
1873	2697	1144	1553
1874	2689	1149	1540
1875	2677	1149	1528
1876	2665	1147	1518
1877	2665	1142	1523
1878	2670	1142	1528
1879	2641	1144	1497
1880	2620	1153	1467
1881	2619	1149	1470
1882	2592	1143	1449
1883	2570	1141	1429
1884	2573	1152	1421
1885	2568	1151	1417
1886	2545	1150	1395
1887	2536	1144	1392
1888	2519	1136	1383
1889	2519	1149	1370
1890	2505	1150	1355
1891	2491	1138	1353
1892	2491	1133	1358
1893	2465	1145	1320
1894	2438	1151	1287
1895	2435	1149	1286
1896	2414	1148	1266
1897	2407	1144	1263
1898	2401	1138	1263
1899	2370	1145	1225
1900	2365	1143	1222
1901	2351	1142	1209
1902	2344	1140	1204
1903	2346	1135	1211
1904	2333	1124	1209
1905	2333	1130	1203
1906	2316	1131	1185
1907	2306	1142	1164
1908	2293	1141	1152
1909	2291	1139	1152
1910	2278	1150	1128
1911	2250	1148	1102
1912	2248	1145	1103
1913	2245	1136	1109
1914	2228	1140	1088
1915	2212	1141	1071
1916	2215	1136	1079
1917	2220	1145	1075
1918	2189	1142	1047
1919	2168	1140	1028
1920	2179	1146	1033
1921	2178	1143	1035
1922	2156	1146	1010
1923	2146	1133	1013
1924	2155	1138	1017
1925	2148	1149	999
1926	2121	1141	980
1927	2114	1140	974
1928	2101	1139	962
1929	2097	1136	961
1930	2091	1136	955
1931	2068	1134	934
1932	2062	1130	932
1933	2058	1134	924
1934	2052	1142	910
1935	2036	1149	887
1936	2030	1143	887
1937	2030	1138	892
1938	2022	1135	887
1939	2034	1139	895
1940	2014	1143	871
1941	2002	1141	861
1942	1997	1133	864
1943	1998	1140	858
1944	1968	1147	821
1945	1970	1155	815
1946	1967	1143	824
1947	1960	1145	815
1948	1947	1155	792
1949	1930	1154	776
1950	1923	1145	778
1951	1928	1145	783
1952	1913	1148	765
1953	1898	1146	752
1954	1901	1142	759
1955	1894	1138	756
1956	1896	1143	753
1957	1888	1135	753
1958	1871	1141	730
1959	1886	1142	744
1960	1869	1137	732
1961	1854	1149	705
1962	1856	1147	709
1963	1838	1140	698
1964	1843	1152	691
1965	1847	1147	700
1966	1818	1138	680
1967	1804	1137	667
1968	1802	1147	655
1969	1815	1144	671
1970	1815	1141	674
1971	1802	1137	665
1972	1797	1141	656
1973	1797	1135	662
1974	1776	1138	638
1975	1772	1136	636
1976	1780	1131	649
1977	1772	1140	632
1978	1764	1133	631
1979	1768	1136	632
1980	1763	1148	615
1981	1760	1143	617
1982	1751	1145	606
1983	1746	1151	595
1984	1741	1140	601
1985	1748	1138	610
1986	1752	1132	620
1987	1727	1125	602
1988	1723	1130	593
1989	1725	1144	581
1990	1726	1145	581
1991	1729	1147	582
1992	1721	1146	575
1993	1710	1147	563
1994	1712	1145	567
1995	1706	1141	565
1996	1709	1147	562
1997	1697	1145	552
1998	1700	1148	552
1999	1708	1148	560
2000	1699	1138	561
2001	1698	1133	565
2002	1704	1137	567
2003	1706	1144	562
2004	1692	1138	554
2005	1685	1140	545
2006	1685	1140	545
2007	1680	1136	544
2008	1685	1131	554
2009	1672	1137	535
2010	1662	1152	510
2011	1665	1148	517
2012	1670	1141	529
2013	1666	1145	521
2014	1662	1143	519
2015	1667	1144	523
2016	1676	1137	539
2017	1672	1140	532
2018	1672	1145	527
2019	1673	1146	527
2020	1660	1156	504
2021	1668	1158	510
2022	1660	1138	522
2023	1659	1139	520
2024	1670	1140	530
2025	1664	1142	522
2026	1659	1142	517
2027	1659	1145	514
2028	1673	1149	524
2029	1679	1145	534
2030	1672	1140	532
2031	1679	1138	541
2032	1664	1139	525
2033	1656	1146	510
2034	1663	1147	516
2035	1662	1140	522
2036	1658	1144	514
2037	1658	1154	504
2038	1672	1144	528
2039	1678	1146	532
2040	1670	1147	523
2041	1680	1146	534
2042	1683	1141	542
2043	1675	1133	542
2044	1661	1133	528
2045	1666	1138	528
2046	1668	1138	530
2047	1683	1144	539
2048	1683	1143	540
2049	1689	1148	541
2050	1697	1151	546
2051	1694	1144	550
2052	1696	1143	553
2053	1700	1144	556
2054	1699	1145	554
2055	1707	1142	565
2056	1717	1148	569
2057	1726	1157	569
2058	1704	1149	555
2059	1704	1144	560
2060	1713	1143	570
2061	1712	1143	569
2062	1720	1138	582
2063	1719	1138	581
2064	1726	1141	585
2065	1748	1147	601
2066	1754	1143	611
2067	1743	1143	600
2068	1748	1140	608
2069	1762	1143	619
2070	1771	1147	624
2071	1770	1141	629
2072	1764	1141	623
2073	1772	1141	631
2074	1792	1145	647
2075	1791	1146	645
2076	1801	1141	660
2077	1814	1143	671
2078	1817	1148	669
2079	1815	1145	670
2080	1821	1143	678
2081	1833	1140	693
2082	1848	1138	710
2083	1845	1141	704
2084	1837	1149	688
2085	1844	1147	697
2086	1865	1144	721
2087	1868	1155	713
2088	1864	1157	707
2089	1881	1159	722
2090	1885	1150	735
2091	1888	1147	741
2092	1897	1143	754
2093	1900	1147	753
2094	1916	1155	761
2095	1915	1150	765
2096	1913	1140	773
2097	1933	1146	787
2098	1965	1145	820
2099	1970	1146	824
2100	1966	1143	823
2101	1984	1142	842
2102	1985	1146	839
2103	1994	1146	848
2104	2006	1145	861
2105	2035	1149	886
2106	2031	1146	885
2107	2039	1148	891
2108	2056	1142	914
2109	2085	1137	948
2110	2097	1142	955
2111	2119	1152	967
2112	2111	1149	962
2113	2117	1143	974
2114	2135	1155	980
2115	2126	1157	969
2116	2136	1149	987
2117	2176	1142	1034
2118	2181	1136	1045
2119	2195	1143	1052
2120	2195	1138	1057
2121	2203	1133	1070
2122	2228	1133	1095
2123	2247	1139	1108
2124	2257	1142	1115
2125	2274	1143	1131
2126	2292	1138	1154
2127	2316	1151	1165
2128	2334	1165	1169
2129	2340	1155	1185
2130	2357	1143	1214
2131	2373	1149	1224
2132	2383	1145	1238
2133	2400	1152	1248
2134	2426	1147	1279
2135	2434	1143	1291
2136	2439	1146	1293
2137	2478	1146	1332
2138	2483	1143	1340
2139	2497	1146	1351
2140	2520	1154	1366
2141	2543	1154	1389
2142	2567	1164	1403
2143	2558	1147	1411
2144	2574	1140	1434
2145	2613	1144	1469
2146	2634	1140	1494
2147	2658	1144	1514
2148	2673	1142	1531
2149	2678	1152	1526
2150	2685	1148	1537
2151	2720	1144	1576
2152	2766	1135	1631
2153	2779	1148	1631
2154	2773	1151	1622
2155	2801	1146	1655
2156	2839	1152	1687
2157	2863	1148	1715
2158	2873	1141	1732
2159	2895	1152	1743
2160	2920	1146	1774
2161	2929	1146	1783
2162	2934	1146	1788
2163	2970	1142	1828
2164	2977	1139	1838
2165	3008	1146	1862
2166	3038	1151	1887
2167	3051	1141	1910
2168	3085	1146	1939
2169	3096	1141	1955
2170	3125	1138	1987
2171	3162	1139	2023
2172	3182	1143	2039
2173	3222	1138	2084
2174	3233	1139	2094
2175	3265	1152	2113
2176	3297	1149	2148
2177	3297	1148	2149
2178	3311	1145	2166
2179	3346	1150	2196
2180	3374	1145	2229
2181	3411	1144	2267
2182	3440	1156	2284
2183	3473	1146	2327
2184	3504	1140	2364
2185	3541	1147	2394
2186	3573	1152	2421
2187	3594	1155	2439
2188	3618	1149	2469
2189	3644	1149	2495
2190	3702	1149	2553
2191	3726	1138	2588
2192	3764	1142	2622
2193	3805	1141	2664
2194	3824	1138	2686
2195	3874	1145	2729
2196	3898	1144	2754
2197	3902	1140	2762
2198	3941	1134	2807
2199	3961	1137	2824
2200	3993	1150	2843
2201	3999	1145	2854
2202	4027	1136	2891
2203	4052	1136	2916
2204	4058	1147	2911
2205	4086	1151	2935
2206	4102	1141	2961
2207	4145	1140	3005
2208	4181	1138	3043
2209	4227	1139	3088
2210	4245	1144	3101
2211	4292	1152	3140
2212	4316	1150	3166
2213	4358	1147	3211
2214	4386	1150	3236
2215	4424	1154	3270
2216	4443	1149	3294
2217	4461	1144	3317
2218	4462	1138	3324
2219	4468	1128	3340
2220	4461	1137	3324
2221	4461	1146	3315
2222	4460	1141	3319
2223	4406	1137	3269
2224	4411	1140	3271
2225	4417	1141	3276
2226	4419	1145	3274
2227	4389	1145	3244
2228	4385	1145	3240
2229	4391	1152	3239
2230	4404	1146	3258
2231	4441	1139	3302
2232	4450	1144	3306
2233	4476	1147	3329
2234	4483	1141	3342
2235	4486	1142	3344
2236	4492	1142	3350
2237	4494	1148	3346
2238	4506	1139	3367
2239	4510	1134	3376
2240	4554	1134	3420
2241	4597	1144	3453
2242	4606	1145	3461
2243	4617	1156	3461
2244	4605	1149	3456
2245	4680	1145	3535
2246	4753	1148	3605
2247	4817	1139	3678
2248	4865	1140	3725
2249	4944	1140	3804
2250	5017	1135	3882
2251	5075	1138	3937
2252	5139	1147	3992
2253	5245	1137	4108
2254	5351	1135	4216
2255	5426	1141	4285
2256	5524	1147	4377
2257	5575	1157	4418
2258	5606	1155	4451
2259	5667	1148	4519
2260	5728	1136	4592
2261	5798	1131	4667
2262	5880	1147	4733
2263	5940	1147	4793
2264	5989	1141	4848
2265	6035	1147	4888
2266	6062	1158	4904
2267	6092	1152	4940
2268	6164	1141	5023
2269	6247	1147	5100
2270	6253	1146	5107
2271	6278	1149	5129
2272	6317	1144	5173
2273	6340	1148	5192
2274	6379	1147	5232
2275	6395	1138	5257
2276	6419	1137	5282
2277	6486	1149	5337
2278	6537	1145	5392
2279	6595	1141	5454
2280	6623	1149	5474
2281	6656	1150	5506
2282	6704	1153	5551
2283	6701	1151	5550
2284	6726	1148	5578
2285	6776	1136	5640
2286	6775	1140	5635
2287	6818	1147	5671
2288	6877	1151	5726
2289	6879	1149	5730
2290	6927	1145	5782
2291	6974	1149	5825
2292	6995	1153	5842
2293	7017	1147	5870
2294	7044	1147	5897
2295	7029	1159	5870
2296	7063	1148	5915
2297	7086	1145	5941
2298	7110	1144	5966
2299	7154	1148	6006
2300	7178	1139	6039
2301	7192	1138	6054
2302	7216	1138	6078
2303	7255	1143	6112
2304	7291	1142	6149
2305	7292	1152	6140
2306	7309	1149	6160
2307	7313	1138	6175
2308	7380	1134	6246
2309	7416	1131	6285
2310	7440	1133	6307
2311	7451	1139	6312
2312	7514	1139	6375
2313	7536	1139	6397
2314	7540	1151	6389
2315	7541	1150	6391
2316	7586	1149	6437
2317	7614	1148	6466
2318	7597	1146	6451
2319	7605	1143	6462
2320	7640	1142	6498
2321	7654	1143	6511
2322	7690	1147	6543
2323	7716	1154	6562
2324	7720	1138	6582
2325	7738	1145	6593
2326	7798	1152	6646
2327	7812	1165	6647
2328	7814	1168	6646
2329	7844	1155	6689
2330	7845	1140	6705
2331	7868	1137	6731
2332	7941	1144	6797
2333	7965	1143	6822
2334	7989	1142	6847
2335	7954	1149	6805
2336	7958	1155	6803
2337	7989	1149	6840
2338	8041	1153	6888
2339	8065	1152	6913
2340	8081	1140	6941
2341	8082	1138	6944
2342	8094	1129	6965
2343	8117	1129	6988
2344	8183	1138	7045
2345	8202	1140	7062
2346	8173	1143	7030
2347	8190	1152	7038
2348	8226	1148	7078
2349	8246	1144	7102
2350	8263	1139	7124
2351	8275	1157	7118
2352	8272	1150	7122
2353	8252	1139	7113
2354	8271	1143	7128
2355	8330	1148	7182
2356	8310	1146	7164
2357	8346	1145	7201
2358	8378	1139	7239
2359	8366	1152	7214
2360	8389	1155	7234
2361	8383	1144	7239
2362	8417	1138	7279
2363	8458	1144	7314
2364	8455	1143	7312
2365	8432	1141	7291
2366	8453	1140	7313
2367	8427	1140	7287
2368	8445	1143	7302
2369	8502	1147	7355
2370	8472	1139	7333
2371	8482	1129	7353
2372	8493	1133	7360
2373	8495	1137	7358
2374	8522	1138	7384
2375	8522	1143	7379
2376	8529	1148	7381
2377	8542	1142	7400
2378	8537	1141	7396
2379	8573	1148	7425
2380	8602	1153	7449
2381	8635	1160	7475
2382	8570	1158	7412
2383	8579	1148	7431
2384	8606	1149	7457
2385	8615	1150	7465
2386	8648	1151	7497
2387	8619	1154	7465
2388	8609	1145	7464
2389	8590	1153	7437
2390	8600	1157	7443
2391	8637	1145	7492
2392	8648	1152	7496
2393	8660	1156	7504
2394	8684	1145	7539
2395	8754	1141	7613
2396	8794	1139	7655
2397	8798	1148	7650
2398	8789	1149	7640
2399	8780	1148	7632
2400	8790	1147	7643
2401	8796	1147	7649
2402	8832	1145	7687
2403	8777	1147	7630
2404	8820	1142	7678
2405	8852	1139	7713
2406	8888	1129	7759
2407	8888	1138	7750
2408	8888	1144	7744
2409	8891	1142	7749
2410	8908	1153	7755
2411	8873	1161	7712
2412	8825	1149	7676
2413	8848	1136	7712
2414	8838	1129	7709
2415	8856	1138	7718
2416	8852	1145	7707
2417	8878	1145	7733
2418	8948	1141	7807
2419	8894	1145	7749
2420	8863	1128	7735
2421	8918	1141	7777
2422	8941	1140	7801
2423	8956	1137	7819
2424	8977	1136	7841
2425	8960	1145	7815
2426	8935	1146	7789
2427	8930	1149	7781
2428	8940	1140	7800
2429	8930	1141	7789
2430	8929	1141	7788
2431	8939	1135	7804
2432	8961	1142	7819
2433	8958	1134	7824
2434	8954	1128	7826
2435	8978	1134	7844
2436	9003	1140	7863
2437	9011	1145	7866
2438	8989	1135	7854
2439	8998	1138	7860
2440	8984	1135	7849
2441	8985	1143	7842
2442	8994	1150	7844
2443	9016	1147	7869
2444	9013	1138	7875
2445	9031	1143	7888
2446	9037	1138	7899
2447	9007	1129	7878
2448	9045	1141	7904
2449	9049	1137	7912
2450	9012	1143	7869
2451	9002	1148	7854
2452	9054	1147	7907
2453	9106	1144	7962
2454	9099	1133	7966
2455	9103	1141	7962
2456	9099	1140	7959
2457	9143	1145	7998
2458	9133	1148	7985
2459	9153	1151	8002
2460	9140	1141	7999
2461	9142	1134	8008
2462	9135	1137	7998
2463	9150	1140	8010
2464	9181	1149	8032
2465	9182	1146	8036
2466	9243	1140	8103
2467	9291	1144	8147
2468	9285	1142	8143
2469	9268	1149	8119
2470	9281	1145	8136
2471	9266	1142	8124
2472	9244	1151	8093
2473	9248	1146	8102
2474	9262	1142	8120
2475	9255	1144	8111
2476	9275	1136	8139
2477	9289	1143	8146
2478	9282	1145	8137
2479	9310	1149	8161
2480	9305	1140	8165
2481	9298	1130	8168
2482	9294	1141	8153
2483	9312	1147	8165
2484	9310	1135	8175
2485	9329	1136	8193
2486	9314	1142	8172
2487	9298	1148	8150
2488	9329	1144	8185
2489	9333	1147	8186
2490	9357	1141	8216
2491	9382	1149	8233
2492	9407	1141	8266
2493	9427	1138	8289
2494	9440	1143	8297
2495	9423	1138	8285
2496	9452	1148	8304
2497	9445	1151	8294
2498	9429	1143	8286
2499	9463	1140	8323
2500	9505	1139	8366
2501	9504	1142	8362
2502	9513	1141	8372
2503	9510	1139	8371
2504	9488	1138	8350
2505	9468	1144	8324
2506	9472	1137	8335
2507	9506	1135	8371
2508	9538	1138	8400
2509	9569	1140	8429
2510	9556	1129	8427
2511	9567	1132	8435
2512	9555	1141	8414
2513	9565	1147	8418
2514	9562	1143	8419
2515	9577	1141	8436
2516	9608	1142	8466
2517	9605	1149	8456
2518	9600	1139	8461
2519	9624	1143	8481
2520	9618	1153	8465
2521	9618	1152	8466
2522	9663	1143	8520
2523	9653	1144	8509
2524	9660	1149	8511
2525	9680	1143	8537
2526	9685	1135	8550
2527	9679	1142	8537
2528	9749	1140	8609
2529	9741	1140	8601
2530	9736	1138	8598
2531	9734	1139	8595
2532	9770	1147	8623
2533	9775	1144	8631
2534	9712	1147	8565
2535	9704	1147	8557
2536	9716	1154	8562
2537	9722	1146	8576
2538	9755	1138	8617
2539	9782	1146	8636
2540	9865	1141	8724
2541	9917	1142	8775
2542	9889	1148	8741
2543	9854	1140	8714
2544	9848	1137	8711
2545	9799	1151	8648
2546	9842	1148	8694
2547	9840	1143	8697
2548	9883	1138	8745
2549	9851	1139	8712
2550	9860	1129	8731
2551	9916	1128	8788
2552	9918	1130	8788
2553	9900	1143	8757
2554	9909	1148	8761
2555	9879	1148	8731
2556	9881	1146	8735
2557	9956	1150	8806
2558	9959	1148	8811
2559	9964	1143	8821
2560	9966	1143	8823
2561	10024	1134	8890
2562	9995	1137	8858
2563	10005	1141	8864
2564	10029	1144	8885
2565	10070	1142	8928
2566	10072	1145	8927
2567	10054	1142	8912
2568	10091	1141	8950
2569	10066	1138	8928
2570	10073	1149	8924
2571	10048	1147	8901
2572	10087	1143	8944
2573	10108	1150	8958
2574	10145	1153	8992
2575	10112	1145	8967
2576	10078	1137	8941
2577	10081	1137	8944
2578	10130	1135	8995
2579	10146	1142	9004
2580	10123	1150	8973
2581	10140	1149	8991
2582	10148	1144	9004
2583	10126	1142	8984
2584	10143	1143	9000
2585	10199	1141	9058
2586	10179	1148	9031
2587	10139	1150	8989
2588	10203	1149	9054
2589	10219	1152	9067
2590	10249	1145	9104
2591	10231	1144	9087
2592	10211	1143	9068
2593	10238	1137	9101
2594	10267	1133	9134
2595	10283	1137	9146
2596	10306	1139	9167
2597	10289	1142	9147
2598	10309	1142	9167
2599	10323	1132	9191
2600	10344	1126	9218
2601	10361	1139	9222
2602	10351	1142	9209
2603	10334	1142	9192
2604	10358	1146	9212
2605	10373	1147	9226
2606	10373	1148	9225
2607	10342	1138	9204
2608	10328	1135	9193
2609	10373	1142	9231
2610	10328	1134	9194
2611	10377	1139	9238
2612	10396	1149	9247
2613	10417	1140	9277
2614	10421	1143	9278
2615	10429	1147	9282
2616	10412	1149	9263
2617	10358	1162	9196
2618	10382	1149	9233
2619	10391	1150	9241
2620	10398	1150	9248
2621	10407	1141	9266
2622	10385	1137	9248
2623	10443	1141	9302
2624	10485	1141	9344
2625	10470	1147	9323
2626	10456	1148	9308
2627	10431	1144	9287
2628	10448	1139	9309
2629	10485	1144	9341
2630	10495	1140	9355
2631	10531	1140	9391
2632	10481	1149	9332
2633	10459	1145	9314
2634	10466	1147	9319
2635	10477	1149	9328
2636	10502	1142	9360
2637	10517	1143	9374
2638	10534	1156	9378
2639	10511	1154	9357
2640	10556	1136	9420
2641	10554	1138	9416
2642	10549	1146	9403
2643	10557	1145	9412
2644	10522	1142	9380
2645	10531	1151	9380
2646	10574	1143	9431
2647	10563	1145	9418
2648	10597	1147	9450
2649	10602	1151	9451
2650	10585	1142	9443
2651	10568	1143	9425
2652	10562	1135	9427
2653	10603	1140	9463
2654	10577	1136	9441
2655	10556	1136	9420
2656	10554	1155	9399
2657	10573	1153	9420
2658	10594	1154	9440
2659	10604	1150	9454
2660	10596	1140	9456
2661	10628	1142	9486
2662	10617	1144	9473
2663	10610	1145	9465
2664	10619	1152	9467
2665	10617	1147	9470
2666	10650	1153	9497
2667	10620	1155	9465
2668	10631	1148	9483
2669	10615	1146	9469
2670	10580	1150	9430
2671	10598	1149	9449
2672	10577	1144	9433
2673	10585	1147	9438
2674	10584	1163	9421
2675	10587	1152	9435
2676	10584	1143	9441
2677	10608	1143	9465
2678	10587	1144	9443
2679	10552	1143	9409
2680	10588	1142	9446
2681	10611	1150	9461
2682	10577	1157	9420
2683	10549	1153	9396
2684	10541	1142	9399
2685	10587	1150	9437
2686	10610	1148	9462
2687	10610	1153	9457
2688	10566	1160	9406
2689	10548	1153	9395
2690	10565	1148	9417
2691	10542	1139	9403
2692	10522	1135	9387
2693	10569	1136	9433
2694	10578	1149	9429
2695	10562	1149	9413
2696	10548	1144	9404
2697	10507	1139	9368
2698	10512	1137	9375
2699	10561	1140	9421
2700	10519	1142	9377
2701	10511	1144	9367
2702	10570	1137	9433
2703	10570	1143	9427
2704	10538	1150	9388
2705	10518	1141	9377
2706	10578	1138	9440
2707	10543	1142	9401
2708	10518	1143	9375
2709	10527	1143	9384
2710	10547	1139	9408
2711	10584	1140	9444
2712	10576	1137	9439
2713	10542	1138	9404
2714	10519	1145	9374
2715	10514	1153	9361
2716	10494	1143	9351
2717	10466	1137	9329
2718	10442	1140	9302
2719	10478	1148	9330
2720	10486	1155	9331
2721	10481	1149	9332
2722	10444	1152	9292
2723	10428	1152	9276
2724	10425	1148	9277
2725	10416	1140	9276
2726	10411	1140	9271
2727	10473	1139	9334
2728	10423	1122	9301
2729	10349	1130	9219
2730	10333	1142	9191
2731	10359	1148	9211
2732	10353	1140	9213
2733	10374	1147	9227
2734	10374	1151	9223
2735	10337	1139	9198
2736	10357	1143	9214
2737	10367	1143	9224
2738	10363	1138	9225
2739	10398	1138	9260
2740	10407	1138	9269
2741	10359	1146	9213
2742	10326	1152	9174
2743	10323	1149	9174
2744	10288	1145	9143
2745	10277	1161	9116
2746	10300	1161	9139
2747	10284	1147	9137
2748	10238	1140	9098
2749	10203	1148	9055
2750	10234	1149	9085
2751	10249	1144	9105
2752	10240	1143	9097
2753	10239	1157	9082
2754	10246	1151	9095
2755	10192	1154	9038
2756	10152	1152	9000
2757	10125	1139	8986
2758	10095	1148	8947
2759	10075	1153	8922
2760	10034	1146	8888
2761	10052	1150	8902
2762	10047	1148	8899
2763	10019	1146	8873
2764	9997	1146	8851
2765	10015	1141	8874
2766	10048	1137	8911
2767	10035	1139	8896
2768	10041	1144	8897
2769	10079	1141	8938
2770	10080	1133	8947
2771	10072	1140	8932
2772	10114	1143	8971
2773	10102	1140	8962
2774	10096	1137	8959
2775	10047	1134	8913
2776	10042	1147	8895
2777	10022	1142	8880
2778	10031	1133	8898
2779	10048	1145	8903
2780	10029	1136	8893
2781	10002	1145	8857
2782	9947	1140	8807
2783	9920	1135	8785
2784	9919	1153	8766
2785	9897	1151	8746
2786	9861	1132	8729
2787	9892	1139	8753
2788	9902	1142	8760
2789	9851	1140	8711
2790	9842	1143	8699
2791	9815	1137	8678
2792	9814	1143	8671
2793	9850	1150	8700
2794	9815	1147	8668
2795	9771	1146	8625
2796	9779	1146	8633
2797	9722	1154	8568
2798	9754	1142	8612
2799	9753	1139	8614
2800	9725	1136	8589
2801	9706	1147	8559
2802	9701	1150	8551
2803	9721	1149	8572
2804	9718	1151	8567
2805	9677	1145	8532
2806	9674	1146	8528
2807	9675	1153	8522
2808	9646	1147	8499
2809	9606	1144	8462
2810	9626	1141	8485
2811	9628	1143	8485
2812	9578	1146	8432
2813	9536	1146	8390
2814	9520	1141	8379
2815	9523	1133	8390
2816	9477	1135	8342
2817	9443	1144	8299
2818	9431	1154	8277
2819	9418	1155	8263
2820	9405	1142	8263
2821	9369	1150	8219
2822	9357	1147	8210
2823	9403	1146	8257
2824	9417	1142	8275
2825	9408	1139	8269
2826	9379	1144	8235
2827	9336	1151	8185
2828	9312	1144	8168
2829	9284	1144	8140
2830	9219	1149	8070
2831	9237	1142	8095
2832	9221	1142	8079
2833	9197	1150	8047
2834	9181	1156	8025
2835	9225	1153	8072
2836	9222	1150	8072
2837	9163	1155	8008
2838	9155	1156	7999
2839	9129	1155	7974
2840	9066	1149	7917
2841	9060	1144	7916
2842	9049	1146	7903
2843	9062	1149	7913
2844	9003	1144	7859
2845	8964	1142	7822
2846	8963	1137	7826
2847	8954	1147	7807
2848	8929	1141	7788
2849	8892	1138	7754
2850	8876	1150	7726
2851	8906	1145	7761
2852	8886	1128	7758
2853	8839	1130	7709
2854	8801	1143	7658
2855	8793	1139	7654
2856	8767	1139	7628
2857	8728	1140	7588
2858	8732	1141	7591
2859	8678	1140	7538
2860	8649	1143	7506
2861	8662	1152	7510
2862	8624	1150	7474
2863	8619	1145	7474
2864	8584	1139	7445
2865	8582	1153	7429
2866	8592	1158	7434
2867	8559	1152	7407
2868	8564	1151	7413
2869	8524	1154	7370
2870	8495	1151	7344
2871	8486	1150	7336
2872	8482	1137	7345
2873	8491	1143	7348
2874	8463	1134	7329
2875	8454	1139	7315
2876	8423	1141	7282
2877	8398	1148	7250
2878	8370	1151	7219
2879	8324	1146	7178
2880	8266	1139	7127
2881	8246	1140	7106
2882	8263	1139	7124
2883	8259	1144	7115
2884	8244	1141	7103
2885	8166	1135	7031
2886	8141	1145	6996
2887	8112	1157	6955
2888	8113	1137	6976
2889	8092	1129	6963
2890	8065	1134	6931
2891	8000	1147	6853
2892	7981	1148	6833
2893	7946	1150	6796
2894	7928	1154	6774
2895	7906	1147	6759
2896	7864	1144	6720
2897	7843	1152	6691
2898	7836	1148	6688
2899	7847	1144	6703
2900	7806	1145	6661
2901	7769	1138	6631
2902	7715	1138	6577
2903	7714	1136	6578
2904	7698	1146	6552
2905	7678	1153	6525
2906	7682	1147	6535
2907	7674	1148	6526
2908	7652	1141	6511
2909	7599	1146	6453
2910	7568	1141	6427
2911	7592	1138	6454
2912	7603	1148	6455
2913	7516	1144	6372
2914	7465	1149	6316
2915	7464	1148	6316
2916	7448	1146	6302
2917	7421	1144	6277
2918	7411	1138	6273
2919	7417	1139	6278
2920	7400	1138	6262
2921	7347	1138	6209
2922	7308	1145	6163
2923	7327	1147	6180
2924	7308	1155	6153
2925	7245	1149	6096
2926	7241	1141	6100
2927	7232	1140	6092
2928	7231	1140	6091
2929	7209	1136	6073
2930	7173	1142	6031
2931	7175	1140	6035
2932	7139	1149	5990
2933	7073	1150	5923
2934	7035	1147	5888
2935	7001	1154	5847
2936	6996	1148	5848
2937	6949	1145	5804
2938	6923	1144	5779
2939	6920	1153	5767
2940	6895	1146	5749
2941	6832	1143	5689
2942	6797	1143	5654
2943	6789	1138	5651
2944	6765	1141	5624
2945	6721	1151	5570
2946	6647	1147	5500
2947	6643	1149	5494
2948	6620	1145	5475
2949	6622	1142	5480
2950	6613	1141	5472
2951	6613	1143	5470
2952	6588	1143	5445
2953	6546	1141	5405
2954	6523	1135	5388
2955	6550	1141	5409
2956	6547	1147	5400
2957	6532	1138	5394
2958	6519	1139	5380
2959	6486	1145	5341
2960	6463	1150	5313
2961	6435	1148	5287
2962	6411	1147	5264
2963	6387	1151	5236
2964	6366	1151	5215
2965	6343	1142	5201
2966	6338	1136	5202
2967	6348	1147	5201
2968	6307	1142	5165
2969	6294	1136	5158
2970	6286	1130	5156
2971	6268	1143	5125
2972	6271	1150	5121
2973	6210	1148	5062
2974	6122	1146	4976
2975	6101	1150	4951
2976	6065	1154	4911
2977	6044	1156	4888
2978	6050	1148	4902
2979	6006	1147	4859
2980	6001	1157	4844
2981	5961	1155	4806
2982	5937	1149	4788
2983	5959	1153	4806
2984	5929	1147	4782
2985	5926	1149	4777
2986	5897	1148	4749
2987	5856	1140	4716
2988	5856	1137	4719
2989	5829	1139	4690
2990	5777	1145	4632
2991	5752	1147	4605
2992	5693	1140	4553
2993	5678	1147	4531
2994	5608	1140	4468
2995	5586	1146	4440
2996	5535	1150	4385
2997	5472	1143	4329
2998	5432	1138	4294
2999	5411	1135	4276
3000	5354	1144	4210
3001	5342	1143	4199
3002	5326	1137	4189
3003	5308	1143	4165
3004	5316	1143	4173
3005	5271	1139	4132
3006	5281	1137	4144
3007	5293	1151	4142
3008	5253	1151	4102
3009	5260	1146	4114
3010	5303	1134	4169
3011	5285	1136	4149
3012	5268	1137	4131
3013	5258	1145	4113
3014	5224	1138	4086
3015	5209	1149	4060
3016	5163	1146	4017
3017	5119	1150	3969
3018	5109	1153	3956
3019	5077	1145	3932
3020	5078	1138	3940
3021	5064	1141	3923
3022	5026	1141	3885
3023	5006	1142	3864
3024	4993	1140	3853
3025	4963	1142	3821
3026	4920	1144	3776
3027	4897	1152	3745
3028	4878	1147	3731
3029	4848	1151	3697
3030	4846	1151	3695
3031	4820	1144	3676
3032	4771	1132	3639
3033	4745	1135	3610
3034	4730	1144	3586
3035	4668	1139	3529
3036	4635	1132	3503
3037	4644	1147	3497
3038	4629	1145	3484
3039	4610	1158	3452
3040	4586	1156	3430
3041	4567	1146	3421
3042	4559	1137	3422
3043	4528	1139	3389
3044	4515	1143	3372
3045	4488	1142	3346
3046	4444	1143	3301
3047	4414	1148	3266
3048	4353	1147	3206
3049	4341	1143	3198
3050	4361	1140	3221
3051	4341	1138	3203
3052	4292	1137	3155
3053	4260	1128	3132
3054	4221	1137	3084
3055	4204	1155	3049
3056	4174	1146	3028
3057	4147	1142	3005
3058	4141	1151	2990
3059	4109	1154	2955
3060	4087	1147	2940
3061	4074	1143	2931
3062	4050	1146	2904
3063	4019	1146	2873
3064	3983	1141	2842
3065	3955	1141	2814
3066	3937	1145	2792
3067	3929	1143	2786
3068	3896	1140	2756
3069	3861	1136	2725
3070	3824	1139	2685
3071	3809	1142	2667
3072	3777	1144	2633
3073	3763	1155	2608
3074	3739	1150	2589
3075	3719	1153	2566
3076	3690	1151	2539
3077	3661	1141	2520
3078	3616	1132	2484
3079	3602	1155	2447
3080	3572	1155	2417
3081	3576	1153	2423
3082	3560	1149	2411
3083	3523	1145	2378
3084	3520	1141	2379
3085	3506	1143	2363
3086	3453	1148	2305
3087	3438	1144	2294
3088	3429	1146	2283
3089	3414	1145	2269
3090	3382	1144	2238
3091	3339	1146	2193
3092	3303	1150	2153
3093	3286	1147	2139
3094	3258	1141	2117
3095	3241	1147	2094
3096	3229	1154	2075
3097	3193	1147	2046
3098	3179	1144	2035
3099	3167	1142	2025
3100	3142	1143	1999
3101	3139	1146	1993
3102	3123	1139	1984
3103	3074	1137	1937
3104	3018	1143	1875
3105	3007	1139	1868
3106	2990	1137	1853
3107	2980	1139	1841
3108	2961	1141	1820
3109	2959	1143	1816
3110	2926	1146	1780
3111	2919	1139	1780
3112	2881	1143	1738
3113	2858	1140	1718
3114	2839	1139	1700
3115	2811	1143	1668
3116	2790	1136	1654
3117	2767	1141	1626
3118	2737	1139	1598
3119	2722	1142	1580
3120	2690	1140	1550
3121	2689	1143	1546
3122	2675	1138	1537
3123	2674	1136	1538
3124	2619	1142	1477
3125	2616	1143	1473
3126	2595	1140	1455
3127	2566	1142	1424
3128	2557	1143	1414
3129	2527	1142	1385
3130	2506	1136	1370
3131	2512	1136	1376
3132	2494	1144	1350
3133	2472	1148	1324
3134	2451	1138	1313
3135	2419	1145	1274
3136	2396	1151	1245
3137	2384	1141	1243
3138	2358	1141	1217
3139	2342	1140	1202
3140	2346	1133	1213
3141	2306	1144	1162
3142	2289	1135	1154
3143	2306	1136	1170
3144	2285	1145	1140
3145	2267	1148	1119
3146	2234	1147	1087
3147	2201	1145	1056
3148	2187	1143	1044
3149	2169	1140	1029
3150	2162	1137	1025
3151	2134	1133	1001
3152	2128	1141	987
3153	2121	1151	970
3154	2105	1142	963
3155	2092	1147	945
3156	2068	1149	919
3157	2042	1146	896
3158	2008	1151	857
3159	2005	1148	857
3160	2004	1139	865
3161	1982	1136	846
3162	1975	1140	835
3163	1948	1149	799
3164	1934	1153	781
3165	1922	1149	773
3166	1903	1146	757
3167	1903	1140	763
3168	1889	1136	753
3169	1872	1138	734
3170	1862	1143	719
3171	1823	1144	679
3172	1811	1134	677
3173	1815	1142	673
3174	1798	1147	651
3175	1782	1139	643
3176	1780	1141	639
3177	1768	1144	624
3178	1738	1145	593
3179	1723	1149	574
3180	1717	1148	569
3181	1705	1140	565
3182	1694	1142	552
3183	1675	1150	525
3184	1669	1145	524
3185	1663	1144	519
3186	1653	1138	515
3187	1631	1140	491
3188	1621	1136	485
3189	1626	1131	495
3190	1607	1137	470
3191	1571	1149	422
3192	1571	1147	424
3193	1574	1138	436
3194	1570	1139	431
3195	1567	1153	414
3196	1549	1142	407
3197	1536	1147	389
3198	1538	1146	392
3199	1532	1144	388
3200	1509	1153	356
3201	1498	1161	337
3202	1510	1149	361
3203	1500	1132	368
3204	1492	1134	358
3205	1488	1140	348
3206	1486	1143	343
3207	1474	1138	336
3208	1456	1136	320
3209	1455	1139	316
3210	1451	1140	311
3211	1452	1148	304
3212	1433	1144	289
3213	1427	1148	279
3214	1442	1139	303
3215	1432	1143	289
3216	1431	1142	289
3217	1433	1142	291
3218	1423	1139	284
3219	1422	1137	285
3220	1416	1138	278
3221	1412	1137	275
3222	1408	1142	266
3223	1407	1147	260
3224	1407	1151	256
3225	1401	1150	251
3226	1388	1147	241
3227	1391	1151	240
3228	1381	1157	224
3229	1390	1152	238
3230	1379	1137	242
3231	1379	1142	237
3232	1375	1140	235
3233	1381	1142	239
3234	1385	1140	245
3235	1377	1141	236
3236	1371	1130	241
3237	1373	1135	238
3238	1375	1146	229
3239	1368	1152	216
3240	1371	1148	223
3241	1375	1151	224
3242	1377	1146	231
3243	1381	1139	242
3244	1372	1142	230
3245	1368	1145	223
3246	1364	1145	219
3247	1362	1136	226
3248	1363	1132	231
3249	1357	1142	215
3250	1356	1146	210
3251	1344	1136	208
3252	1335	1138	197
3253	1351	1149	202
3254	1348	1139	209
3255	1333	1150	183
3256	1337	1146	191
3257	1345	1126	219
3258	1353	1134	219
3259	1349	1151	198
3260	1351	1150	201
3261	1358	1149	209
3262	1345	1145	200
3263	1337	1146	191
3264	1329	1140	189
3265	1331	1145	186
3266	1345	1152	193
3267	1348	1147	201
3268	1341	1147	194
3269	1335	1153	182
3270	1338	1146	192
3271	1349	1136	213
3272	1342	1129	213
3273	1340	1125	215
3274	1338	1136	202
3275	1336	1153	183
3276	1332	1145	187
3277	1335	1138	197
3278	1335	1142	193
3279	1331	1138	193
3280	1333	1140	193
3281	1345	1149	196
3282	1338	1142	196
3283	1334	1142	192
3284	1330	1155	175
3285	1325	1147	178
3286	1329	1151	178
3287	1332	1153	179
3288	1329	1142	187
3289	1334	1141	193
3290	1325	1145	180
3291	1319	1135	184
3292	1320	1137	183
3293	1330	1138	192
3294	1329	1135	194
3295	1317	1142	175
3296	1321	1141	180
3297	1330	1147	183
3298	1325	1141	184
3299	1325	1143	182
3300	1321	1148	173
3301	1331	1144	187
3302	1328	1148	180
3303	1320	1141	179
3304	1323	1149	174
3305	1328	1133	195
3306	1331	1118	213
3307	1323	1131	192
3308	1314	1140	174
3309	1318	1136	182
3310	1318	1141	177
3311	1312	1145	167
3312	1314	1140	174
3313	1310	1147	163
3314	1303	1149	154
3315	1314	1149	165
3316	1311	1148	163
3317	1308	1143	165
3318	1323	1149	174
3319	1321	1149	172
3320	1307	1142	165
3321	1304	1140	164
3322	1304	1143	161
3323	1326	1145	181
3324	1316	1137	179
3325	1308	1137	171
3326	1307	1144	163
3327	1310	1143	167
3328	1312	1136	176
3329	1309	1137	172
3330	1303	1144	159
3331	1293	1149	144
3332	1294	1136	158
3333	1300	1137	163
3334	1306	1143	163
3335	1301	1140	161
3336	1301	1134	167
3337	1298	1135	163
3338	1303	1140	163
3339	1311	1139	172
3340	1304	1144	160
3341	1298	1157	141
3342	1306	1145	161
3343	1303	1141	162
3344	1289	1139	150
3345	1292	1143	149
3346	1296	1140	156
3347	1307	1139	168
3348	1306	1142	164
3349	1295	1152	143
3350	1294	1149	145
3351	1298	1146	152
3352	1298	1144	154
3353	1297	1145	152
3354	1291	1144	147
3355	1295	1143	152
3356	1301	1143	158
3357	1298	1141	157
3358	1298	1150	148
3359	1287	1149	138
3360	1285	1147	138
3361	1295	1149	146
3362	1293	1140	153
3363	1290	1142	148
3364	1295	1144	151
3365	1295	1147	148
3366	1292	1157	135
3367	1286	1153	133
3368	1276	1145	131
3369	1294	1147	147
3370	1291	1140	151
3371	1295	1150	145
3372	1295	1141	154
3373	1286	1136	150
3374	1282	1147	135
3375	1280	1157	123
3376	1282	1144	138
3377	1289	1143	146
3378	1287	1143	144
3379	1275	1140	135
3380	1283	1137	146
3381	1289	1140	149
3382	1287	1132	155
3383	1284	1142	142
3384	1285	1147	138
3385	1286	1139	147
3386	1284	1137	147
3387	1280	1146	134
3388	1291	1148	143
3389	1284	1137	147
3390	1278	1146	132
3391	1276	1151	125
3392	1280	1146	134
3393	1281	1142	139
3394	1271	1140	131
3395	1274	1138	136
3396	1278	1140	138
3397	1281	1141	140
3398	1281	1142	139
3399	1278	1148	130
3400	1280	1146	134
3401	1286	1144	142
3402	1280	1146	134
3403	1278	1143	135
3404	1268	1136	132
3405	1271	1150	121
3406	1277	1153	124
3407	1267	1151	116
3408	1271	1154	117
3409	1267	1156	111
3410	1268	1150	118
3411	1274	1141	133
3412	1269	1144	125
3413	1267	1141	126
3414	1267	1149	118
3415	1257	1150	107
3416	1268	1136	132
3417	1284	1143	141
3418	1277	1139	138
3419	1271	1134	137
3420	1264	1134	130
3421	1263	1139	124
3422	1255	1144	111
3423	1252	1145	107
3424	1259	1140	119
3425	1257	1142	115
3426	1253	1145	108
3427	1268	1144	124
3428	1269	1152	117
3429	1269	1145	124
3430	1262	1139	123
3431	1274	1142	132
3432	1261	1151	110
3433	1249	1144	105
3434	1250	1146	104
3435	1269	1157	112
3436	1271	1157	114
3437	1260	1149	111
3438	1256	1152	104
3439	1249	1152	97
3440	1255	1140	115
3441	1254	1142	112
3442	1250	1147	103
3443	1256	1142	114
3444	1255	1145	110
3445	1252	1146	106
3446	1255	1142	113
3447	1258	1139	119
3448	1260	1135	125
3449	1248	1139	109
3450	1246	1140	106
3451	1257	1130	127
3452	1255	1133	122
3453	1247	1137	110
3454	1248	1144	104
3455	1253	1141	112
3456	1250	1140	110
3457	1244	1142	102
3458	1240	1139	101
3459	1240	1143	97
3460	1248	1141	107
3461	1254	1144	110
3462	1246	1147	99
3463	1250	1141	109
3464	1250	1145	105
3465	1250	1143	107
3466	1245	1147	98
3467	1244	1140	104
3468	1242	1129	113
3469	1239	1133	106
3470	1243	1137	106
3471	1249	1137	112
3472	1241	1132	109
3473	1252	1144	108
3474	1247	1140	107
3475	1237	1140	97
3476	1240	1141	99
3477	1241	1148	93
3478	1231	1139	92
3479	1228	1132	96
3480	1226	1148	78
3481	1230	1149	81
3482	1232	1145	87
3483	1229	1138	91
3484	1233	1146	87
3485	1245	1149	96
3486	1241	1142	99
3487	1233	1144	89
3488	1232	1145	87
3489	1233	1154	79
3490	1231	1143	88
3491	1240	1137	103
3492	1234	1141	93
3493	1235	1143	92
3494	1245	1139	106
3495	1231	1149	82
3496	1213	1155	58
3497	1221	1143	78
3498	1231	1147	84
3499	1225	1148	77
3500	1231	1141	90
3501	1228	1151	77
3502	1226	1150	76
3503	1232	1148	84
3504	1221	1147	74
3505	1220	1140	80
3506	1226	1141	85
3507	1226	1143	83
3508	1219	1140	79
3509	1227	1145	82
3510	1235	1148	87
3511	1227	1144	83
3512	1222	1144	78
3513	1229	1141	88
3514	1220	1138	82
3515	1222	1142	80
3516	1225	1142	83
3517	1224	1141	83
3518	1223	1142	81
3519	1224	1140	84
3520	1220	1137	83
3521	1221	1141	80
3522	1230	1141	89
3523	1228	1141	87
3524	1223	1147	76
3525	1222	1149	73
3526	1222	1143	79
3527	1218	1141	77
3528	1217	1131	86
3529	1223	1128	95
3530	1217	1131	86
3531	1226	1138	88
3532	1227	1143	84
3533	1223	1145	78
3534	1221	1141	80
3535	1213	1147	66
3536	1204	1142	62
3537	1210	1140	70
3538	1213	1147	66
3539	1208	1152	56
3540	1210	1147	63
3541	1224	1148	76
3542	1222	1142	80
3543	1221	1146	75
3544	1215	1152	63
3545	1212	1142	70
3546	1224	1135	89
3547	1222	1132	90
3548	1214	1134	80
3549	1209	1131	78
3550	1206	1142	64
3551	1213	1151	62
3552	1215	1143	72
3553	1208	1148	60
3554	1204	1143	61
3555	1212	1139	73
3556	1211	1126	85
3557	1205	1138	67
3558	1210	1153	57
3559	1213	1153	60
3560	1212	1145	67
3561	1220	1144	76
3562	1215	1138	77
3563	1207	1139	68
3564	1199	1143	56
3565	1203	1152	51
3566	1210	1147	63
3567	1202	1140	62
3568	1204	1153	51
3569	1207	1156	51
3570	1203	1146	57
3571	1199	1144	55
3572	1210	1148	62
3573	1211	1148	63
3574	1210	1143	67
3575	1215	1148	67
3576	1210	1156	54
3577	1204	1156	48
3578	1201	1144	57
3579	1204	1147	57
3580	1199	1142	57
3581	1200	1141	59
3582	1193	1139	54
3583	1201	1140	61
3584	1211	1141	70
3585	1200	1135	65
3586	1204	1144	60
3587	1204	1141	63
3588	1203	1138	65
3589	1205	1138	67
3590	1205	1145	60
3591	1204	1142	62
3592	1205	1142	63
3593	1205	1150	55
3594	1195	1142	53
3595	1203	1146	57
3596	1213	1154	59
3597	1199	1164	35
3598	1200	1149	51
3599	1207	1147	60
3600	1210	1136	74
3601	1206	1138	68
3602	1201	1142	59
3603	1203	1144	59
3604	1213	1147	66
3605	1209	1137	72
3606	1212	1144	68
3607	1207	1153	54
3608	1206	1159	47
3609	1200	1156	44
3610	1195	1145	50
3611	1203	1135	68
3612	1198	1135	63
3613	1193	1144	49
3614	1192	1146	46
3615	1204	1147	57
3616	1191	1143	48
3617	1195	1147	48
3618	1202	1142	60
3619	1201	1130	71
3620	1201	1138	63
3621	1193	1141	52
3622	1194	1138	56
3623	1195	1143	52
3624	1195	1143	52
3625	1196	1140	56
3626	1195	1138	57
3627	1199	1140	59
3628	1204	1145	59
3629	1205	1151	54
3630	1204	1149	55
3631	1200	1148	52
3632	1199	1152	47
3633	1191	1151	40
3634	1191	1141	50
3635	1197	1143	54
3636	1198	1152	46
3637	1198	1152	46
3638	1207	1150	57
3639	1201	1153	48
3640	1203	1159	44
3641	1208	1148	60
3642	1201	1143	58
3643	1201	1148	53
3644	1204	1147	57
3645	1199	1143	56
3646	1195	1143	52
3647	1197	1141	56
3648	1191	1147	44
