index	original	background	difference
-----------------------------------------------------
1	1157	1099	58
2	1157	1102	55
3	1166	1106	60
4	1172	1108	64
5	1184	1105	79
6	1171	1099	72
7	1168	1105	63
8	1146	1107	39
9	1148	1109	39
10	1178	1109	69
11	1178	1111	67
12	1178	1110	68
13	1164	1111	53
14	1170	1120	50
15	1189	1130	59
16	1190	1117	73
17	1186	1111	75
18	1194	1111	83
19	1166	1123	43
20	1194	1116	78
21	1192	1102	90
22	1176	1121	55
23	1156	1117	39
24	1159	1121	38
25	1175	1121	54
26	1170	1122	48
27	1173	1126	47
28	1181	1123	58
29	1191	1118	73
30	1201	1116	85
31	1206	1124	82
32	1203	1123	80
33	1176	1128	48
34	1167	1131	36
35	1191	1125	66
36	1198	1128	70
37	1184	1122	62
38	1203	1126	77
39	1197	1125	72
40	1219	1128	91
41	1200	1123	77
42	1224	1114	110
43	1196	1124	72
44	1191	1139	52
45	1204	1133	71
46	1210	1125	85
47	1200	1128	72
48	1197	1137	60
49	1192	1143	49
50	1212	1136	76
51	1233	1138	95
52	1222	1139	83
53	1189	1136	53
54	1188	1138	50
55	1207	1130	77
56	1215	1132	83
57	1228	1126	102
58	1239	1130	109
59	1208	1141	67
60	1211	1130	81
61	1218	1126	92
62	1212	1138	74
63	1203	1144	59
64	1224	1140	84
65	1223	1132	91
66	1210	1129	81
67	1209	1131	78
68	1194	1131	63
69	1187	1136	51
70	1236	1134	102
71	1242	1135	107
72	1225	1142	83
73	1211	1152	59
74	1218	1147	71
75	1223	1140	83
76	1239	1141	98
77	1235	1142	93
78	1232	1147	85
79	1222	1147	75
80	1223	1142	81
81	1221	1137	84
82	1235	1132	103
83	1211	1129	82
84	1235	1131	104
85	1238	1137	101
86	1226	1133	93
87	1215	1137	78
88	1225	1146	79
89	1233	1149	84
90	1235	1145	90
91	1237	1140	97
92	1255	1138	117
93	1252	1140	112
94	1240	1138	102
95	1249	1139	110
96	1238	1136	102
97	1232	1140	92
98	1240	1146	94
99	1218	1142	76
100	1243	1135	108
101	1255	1141	114
102	1252	1140	112
103	1248	1135	113
104	1238	1139	99
105	1230	1152	78
106	1249	1144	105
107	1254	1138	116
108	1254	1141	113
109	1238	1145	93
110	1236	1142	94
111	1245	1135	110
112	1266	1136	130
113	1266	1138	128
114	1258	1132	126
115	1257	1136	121
116	1275	1129	146
117	1255	1132	123
118	1257	1140	117
119	1250	1144	106
120	1246	1139	107
121	1265	1140	125
122	1280	1146	134
123	1277	1139	138
124	1267	1137	130
125	1272	1134	138
126	1280	1130	150
127	1290	1134	156
128	1282	1135	147
129	1265	1142	123
130	1303	1149	154
131	1293	1159	134
132	1285	1156	129
133	1286	1146	140
134	1306	1141	165
135	1294	1136	158
136	1290	1139	151
137	1281	1138	143
138	1288	1142	146
139	1275	1144	131
140	1281	1144	137
141	1296	1144	152
142	1325	1134	191
143	1317	1141	176
144	1314	1145	169
145	1305	1140	165
146	1275	1141	134
147	1270	1151	119
148	1267	1144	123
149	1276	1134	142
150	1285	1137	148
151	1300	1144	156
152	1295	1141	154
153	1310	1144	166
154	1305	1143	162
155	1321	1138	183
156	1312	1138	174
157	1291	1140	151
158	1306	1143	163
159	1308	1152	156
160	1333	1146	187
161	1306	1140	166
162	1291	1144	147
163	1325	1145	180
164	1341	1139	202
165	1312	1148	164
166	1318	1145	173
167	1322	1142	180
168	1318	1139	179
169	1316	1142	174
170	1327	1137	190
171	1312	1143	169
172	1315	1146	169
173	1314	1154	160
174	1334	1145	189
175	1346	1139	207
176	1352	1139	213
177	1360	1137	223
178	1353	1143	210
179	1330	1145	185
180	1329	1134	195
181	1334	1132	202
182	1336	1134	202
183	1336	1133	203
184	1346	1140	206
185	1345	1143	202
186	1363	1153	210
187	1358	1152	206
188	1371	1145	226
189	1370	1151	219
190	1348	1149	199
191	1358	1150	208
192	1355	1136	219
193	1345	1126	219
194	1373	1130	243
195	1373	1153	220
196	1372	1147	225
197	1376	1146	230
198	1380	1145	235
199	1384	1150	234
200	1383	1146	237
201	1382	1146	236
202	1389	1135	254
203	1394	1132	262
204	1380	1139	241
205	1378	1146	232
206	1388	1143	245
207	1374	1139	235
208	1409	1152	257
209	1413	1152	261
210	1423	1145	278
211	1413	1137	276
212	1405	1140	265
213	1394	1137	257
214	1395	1136	259
215	1414	1134	280
216	1420	1135	285
217	1411	1141	270
218	1411	1148	263
219	1432	1144	288
220	1431	1132	299
221	1400	1128	272
222	1417	1132	285
223	1418	1138	280
224	1434	1138	296
225	1445	1136	309
226	1462	1134	328
227	1492	1130	362
228	1467	1132	335
229	1422	1146	276
230	1434	1145	289
231	1467	1138	329
232	1483	1139	344
233	1457	1140	317
234	1440	1139	301
235	1455	1132	323
236	1474	1134	340
237	1467	1144	323
238	1468	1145	323
239	1479	1147	332
240	1480	1150	330
241	1481	1150	331
242	1494	1137	357
243	1496	1138	358
244	1497	1144	353
245	1496	1157	339
246	1469	1149	320
247	1474	1148	326
248	1503	1143	360
249	1513	1137	376
250	1519	1145	374
251	1516	1140	376
252	1529	1141	388
253	1544	1148	396
254	1523	1146	377
255	1539	1151	388
256	1547	1137	410
257	1518	1142	376
258	1530	1151	379
259	1540	1150	390
260	1557	1143	414
261	1561	1140	421
262	1566	1133	433
263	1545	1139	406
264	1531	1142	389
265	1553	1136	417
266	1567	1138	429
267	1578	1136	442
268	1601	1135	466
269	1608	1141	467
270	1618	1142	476
271	1604	1148	456
272	1599	1148	451
273	1596	1149	447
274	1623	1138	485
275	1647	1139	508
276	1577	1147	430
277	1574	1143	431
278	1631	1146	485
279	1611	1140	471
280	1601	1130	471
281	1632	1136	496
282	1634	1145	489
283	1609	1139	470
284	1655	1139	516
285	1643	1148	495
286	1633	1146	487
287	1631	1152	479
288	1646	1152	494
289	1682	1150	532
290	1686	1150	536
291	1663	1147	516
292	1671	1140	531
293	1672	1146	526
294	1677	1142	535
295	1693	1143	550
296	1690	1148	542
297	1703	1158	545
298	1733	1153	580
299	1723	1147	576
300	1731	1142	589
301	1722	1150	572
302	1727	1143	584
303	1745	1149	596
304	1744	1147	597
305	1762	1135	627
306	1787	1123	664
307	1780	1134	646
308	1767	1148	619
309	1750	1143	607
310	1747	1144	603
311	1796	1139	657
312	1836	1128	708
313	1849	1137	712
314	1818	1142	676
315	1813	1143	670
316	1867	1135	732
317	1844	1130	714
318	1839	1134	705
319	1857	1136	721
320	1873	1140	733
321	1878	1138	740
322	1897	1138	759
323	1896	1133	763
324	1897	1131	766
325	1937	1136	801
326	1933	1139	794
327	1907	1143	764
328	1890	1154	736
329	1920	1150	770
330	1969	1151	818
331	1964	1159	805
332	1925	1148	777
333	1944	1151	793
334	1971	1142	829
335	1968	1139	829
336	1967	1149	818
337	1997	1139	858
338	2025	1140	885
339	2019	1146	873
340	2032	1150	882
341	2046	1158	888
342	2048	1149	899
343	2025	1140	885
344	2042	1136	906
345	2006	1145	861
346	2033	1141	892
347	2059	1144	915
348	2089	1145	944
349	2079	1143	936
350	2061	1142	919
351	2051	1141	910
352	2084	1137	947
353	2136	1140	996
354	2136	1143	993
355	2120	1147	973
356	2117	1140	977
357	2114	1141	973
358	2118	1143	975
359	2149	1143	1006
360	2160	1146	1014
361	2147	1148	999
362	2191	1140	1051
363	2195	1134	1061
364	2201	1136	1065
365	2203	1129	1074
366	2203	1125	1078
367	2216	1144	1072
368	2257	1136	1121
369	2224	1140	1084
370	2230	1142	1088
371	2265	1146	1119
372	2263	1151	1112
373	2259	1143	1116
374	2272	1140	1132
375	2283	1139	1144
376	2291	1140	1151
377	2274	1150	1124
378	2278	1153	1125
379	2295	1142	1153
380	2305	1131	1174
381	2362	1141	1221
382	2363	1150	1213
383	2311	1153	1158
384	2369	1140	1229
385	2384	1141	1243
386	2334	1135	1199
387	2369	1141	1228
388	2390	1149	1241
389	2381	1132	1249
390	2378	1135	1243
391	2386	1155	1231
392	2357	1154	1203
393	2392	1147	1245
394	2400	1151	1249
395	2432	1153	1279
396	2428	1147	1281
397	2429	1148	1281
398	2449	1156	1293
399	2461	1150	1311
400	2430	1152	1278
401	2430	1155	1275
402	2517	1142	1375
403	2498	1151	1347
404	2527	1142	1385
405	2482	1140	1342
406	2473	1146	1327
407	2510	1144	1366
408	2528	1141	1387
409	2508	1141	1367
410	2529	1147	1382
411	2524	1150	1374
412	2533	1143	1390
413	2524	1154	1370
414	2501	1146	1355
415	2575	1142	1433
416	2619	1136	1483
417	2625	1134	1491
418	2597	1133	1464
419	2578	1140	1438
420	2566	1151	1415
421	2585	1149	1436
422	2635	1148	1487
423	2645	1147	1498
424	2660	1142	1518
425	2643	1142	1501
426	2632	1142	1490
427	2640	1144	1496
428	2628	1146	1482
429	2623	1150	1473
430	2650	1147	1503
431	2660	1143	1517
432	2680	1135	1545
433	2683	1143	1540
434	2614	1146	1468
435	2642	1147	1495
436	2660	1140	1520
437	2669	1131	1538
438	2684	1145	1539
439	2658	1146	1512
440	2683	1151	1532
441	2690	1148	1542
442	2729	1151	1578
443	2757	1148	1609
444	2771	1141	1630
445	2803	1142	1661
446	2779	1130	1649
447	2754	1143	1611
448	2774	1153	1621
449	2760	1149	1611
450	2709	1145	1564
451	2766	1146	1620
452	2788	1147	1641
453	2762	1147	1615
454	2786	1138	1648
455	2809	1139	1670
456	2814	1133	1681
457	2812	1135	1677
458	2789	1139	1650
459	2824	1150	1674
460	2874	1148	1726
461	2856	1134	1722
462	2874	1134	1740
463	2878	1134	1744
464	2846	1132	1714
465	2870	1138	1732
466	2918	1141	1777
467	2897	1150	1747
468	2914	1147	1767
469	2900	1156	1744
470	2890	1153	1737
471	2917	1137	1780
472	2932	1130	1802
473	2879	1137	1742
474	2865	1136	1729
475	2900	1133	1767
476	2934	1142	1792
477	2891	1148	1743
478	2875	1143	1732
479	2946	1141	1805
480	2947	1150	1797
481	2959	1141	1818
482	2995	1132	1863
483	2987	1148	1839
484	3020	1146	1874
485	3014	1143	1871
486	3012	1136	1876
487	2985	1141	1844
488	3007	1141	1866
489	3022	1129	1893
490	3055	1127	1928
491	3087	1140	1947
492	3081	1140	1941
493	3080	1145	1935
494	3075	1139	1936
495	3062	1140	1922
496	3076	1146	1930
497	3123	1156	1967
498	3141	1150	1991
499	3151	1149	2002
500	3148	1145	2003
501	3128	1138	1990
502	3148	1141	2007
503	3109	1141	1968
504	3105	1142	1963
505	3106	1142	1964
506	3151	1141	2010
507	3162	1153	2009
508	3149	1158	1991
509	3170	1132	2038
510	3203	1122	2081
511	3198	1136	2062
512	3229	1147	2082
513	3219	1153	2066
514	3214	1134	2080
515	3241	1141	2100
516	3234	1146	2088
517	3230	1144	2086
518	3256	1139	2117
519	3271	1136	2135
520	3242	1139	2103
521	3245	1144	2101
522	3217	1139	2078
523	3252	1133	2119
524	3322	1143	2179
525	3337	1138	2199
526	3292	1144	2148
527	3261	1147	2114
528	3323	1139	2184
529	3343	1133	2210
530	3331	1122	2209
531	3345	1133	2212
532	3345	1136	2209
533	3347	1143	2204
534	3365	1141	2224
535	3346	1134	2212
536	3357	1131	2226
537	3383	1144	2239
538	3369	1138	2231
539	3371	1134	2237
540	3343	1134	2209
541	3367	1142	2225
542	3410	1151	2259
543	3372	1144	2228
544	3422	1145	2277
545	3492	1148	2344
546	3502	1141	2361
547	3457	1140	2317
548	3479	1145	2334
549	3466	1142	2324
550	3484	1144	2340
551	3459	1142	2317
552	3443	1135	2308
553	3489	1147	2342
554	3562	1150	2412
555	3562	1144	2418
556	3551	1144	2407
557	3612	1153	2459
558	3663	1146	2517
559	3652	1142	2510
560	3635	1147	2488
561	3585	1147	2438
562	3591	1132	2459
563	3651	1130	2521
564	3673	1149	2524
565	3658	1144	2514
566	3688	1147	2541
567	3658	1140	2518
568	3663	1131	2532
569	3668	1148	2520
570	3689	1155	2534
571	3692	1149	2543
572	3731	1140	2591
573	3716	1140	2576
574	3723	1137	2586
575	3714	1139	2575
576	3783	1146	2637
577	3780	1147	2633
578	3771	1149	2622
579	3840	1137	2703
580	3818	1136	2682
581	3785	1144	2641
582	3831	1139	2692
583	3855	1142	2713
584	3838	1150	2688
585	3859	1155	2704
586	3865	1149	2716
587	3850	1148	2702
588	3894	1145	2749
589	3918	1147	2771
590	3893	1141	2752
591	3916	1145	2771
592	3965	1137	2828
593	3959	1124	2835
594	3938	1133	2805
595	3951	1151	2800
596	3973	1152	2821
597	4015	1138	2877
598	3986	1138	2848
599	3984	1152	2832
600	4000	1144	2856
601	3997	1142	2855
602	4018	1144	2874
603	4048	1141	2907
604	4059	1147	2912
605	4030	1145	2885
606	4065	1145	2920
607	4040	1147	2893
608	4087	1142	2945
609	4092	1142	2950
610	4128	1140	2988
611	4171	1149	3022
612	4159	1142	3017
613	4195	1140	3055
614	4185	1146	3039
615	4177	1147	3030
616	4217	1144	3073
617	4205	1140	3065
618	4183	1137	3046
619	4230	1141	3089
620	4252	1139	3113
621	4273	1132	3141
622	4233	1133	3100
623	4237	1137	3100
624	4274	1144	3130
625	4283	1145	3138
626	4268	1148	3120
627	4282	1156	3126
628	4325	1146	3179
629	4339	1141	3198
630	4361	1144	3217
631	4359	1138	3221
632	4327	1140	3187
633	4347	1145	3202
634	4388	1141	3247
635	4399	1148	3251
636	4380	1141	3239
637	4391	1142	3249
638	4379	1143	3236
639	4448	1141	3307
640	4440	1132	3308
641	4429	1132	3297
642	4390	1132	3258
643	4380	1134	3246
644	4418	1134	3284
645	4399	1147	3252
646	4430	1150	3280
647	4488	1149	3339
648	4503	1146	3357
649	4477	1146	3331
650	4501	1143	3358
651	4532	1148	3384
652	4487	1141	3346
653	4506	1144	3362
654	4529	1146	3383
655	4486	1137	3349
656	4487	1143	3344
657	4550	1145	3405
658	4527	1142	3385
659	4520	1152	3368
660	4598	1145	3453
661	4625	1143	3482
662	4583	1135	3448
663	4505	1133	3372
664	4554	1136	3418
665	4632	1148	3484
666	4638	1150	3488
667	4614	1152	3462
668	4593	1143	3450
669	4611	1141	3470
670	4593	1142	3451
671	4679	1146	3533
672	4721	1152	3569
673	4643	1149	3494
674	4699	1141	3558
675	4661	1154	3507
676	4637	1146	3491
677	4616	1141	3475
678	4645	1151	3494
679	4712	1138	3574
680	4707	1132	3575
681	4682	1146	3536
682	4689	1145	3544
683	4717	1138	3579
684	4733	1144	3589
685	4680	1143	3537
686	4705	1146	3559
687	4687	1143	3544
688	4643	1146	3497
689	4656	1143	3513
690	4715	1140	3575
691	4731	1139	3592
692	4705	1148	3557
693	4692	1154	3538
694	4729	1145	3584
695	4821	1137	3684
696	4747	1142	3605
697	4731	1140	3591
698	4763	1147	3616
699	4712	1148	3564
700	4691	1148	3543
701	4679	1154	3525
702	4732	1143	3589
703	4734	1154	3580
704	4737	1153	3584
705	4731	1149	3582
706	4749	1147	3602
707	4770	1163	3607
708	4796	1147	3649
709	4766	1142	3624
710	4701	1147	3554
711	4741	1142	3599
712	4736	1129	3607
713	4728	1145	3583
714	4768	1148	3620
715	4737	1142	3595
716	4697	1137	3560
717	4693	1132	3561
718	4700	1143	3557
719	4740	1147	3593
720	4787	1141	3646
721	4778	1141	3637
722	4725	1137	3588
723	4710	1137	3573
724	4709	1138	3571
725	4748	1148	3600
726	4787	1148	3639
727	4765	1144	3621
728	4809	1130	3679
729	4809	1126	3683
730	4808	1137	3671
731	4780	1144	3636
732	4797	1134	3663
733	4749	1141	3608
734	4781	1139	3642
735	4774	1143	3631
736	4754	1146	3608
737	4780	1137	3643
738	4774	1135	3639
739	4718	1136	3582
740	4744	1144	3600
741	4750	1146	3604
742	4737	1148	3589
743	4783	1147	3636
744	4761	1133	3628
745	4786	1137	3649
746	4778	1139	3639
747	4750	1142	3608
748	4774	1147	3627
749	4779	1142	3637
750	4703	1134	3569
751	4713	1141	3572
752	4683	1142	3541
753	4705	1135	3570
754	4748	1143	3605
755	4688	1150	3538
756	4724	1135	3589
757	4755	1135	3620
758	4715	1145	3570
759	4725	1148	3577
760	4722	1139	3583
761	4692	1148	3544
762	4754	1143	3611
763	4813	1143	3670
764	4831	1146	3685
765	4786	1137	3649
766	4792	1140	3652
767	4807	1142	3665
768	4752	1141	3611
769	4804	1150	3654
770	4808	1138	3670
771	4776	1129	3647
772	4806	1130	3676
773	4786	1145	3641
774	4821	1144	3677
775	4823	1145	3678
776	4824	1136	3688
777	4828	1147	3681
778	4822	1155	3667
779	4819	1145	3674
780	4847	1144	3703
781	4768	1154	3614
782	4800	1151	3649
783	4792	1141	3651
784	4807	1135	3672
785	4843	1134	3709
786	4889	1143	3746
787	4865	1132	3733
788	4833	1136	3697
789	4771	1135	3636
790	4756	1128	3628
791	4797	1132	3665
792	4839	1139	3700
793	4843	1132	3711
794	4889	1138	3751
795	4856	1147	3709
796	4832	1145	3687
797	4817	1150	3667
798	4844	1154	3690
799	4873	1145	3728
800	4873	1142	3731
801	4850	1142	3708
802	4781	1147	3634
803	4829	1150	3679
804	4879	1149	3730
805	4878	1151	3727
806	4917	1137	3780
807	4921	1148	3773
808	4949	1142	3807
809	4888	1140	3748
810	4934	1133	3801
811	4950	1136	3814
812	4949	1131	3818
813	4933	1125	3808
814	4953	1136	3817
815	5043	1143	3900
816	5063	1144	3919
817	5000	1149	3851
818	4983	1144	3839
819	4976	1144	3832
820	4884	1146	3738
821	4962	1150	3812
822	5028	1133	3895
823	5059	1137	3922
824	5125	1151	3974
825	5153	1139	4014
826	5089	1123	3966
827	5137	1138	3999
828	5166	1145	4021
829	5107	1142	3965
830	5133	1139	3994
831	5150	1132	4018
832	5113	1139	3974
833	5083	1146	3937
834	5139	1139	4000
835	5148	1154	3994
836	5189	1153	4036
837	5174	1147	4027
838	5186	1138	4048
839	5196	1141	4055
840	5192	1141	4051
841	5165	1135	4030
842	5169	1130	4039
843	5214	1133	4081
844	5255	1140	4115
845	5183	1142	4041
846	5168	1146	4022
847	5224	1148	4076
848	5249	1135	4114
849	5167	1144	4023
850	5148	1140	4008
851	5155	1140	4015
852	5163	1132	4031
853	5208	1129	4079
854	5203	1137	4066
855	5266	1142	4124
856	5262	1131	4131
857	5287	1123	4164
858	5286	1134	4152
859	5298	1142	4156
860	5333	1143	4190
861	5381	1146	4235
862	5426	1155	4271
863	5469	1147	4322
864	5414	1137	4277
865	5446	1142	4304
866	5539	1125	4414
867	5514	1135	4379
868	5540	1157	4383
869	5549	1150	4399
870	5580	1149	4431
871	5638	1143	4495
872	5550	1135	4415
873	5579	1136	4443
874	5654	1127	4527
875	5656	1136	4520
876	5646	1143	4503
877	5629	1146	4483
878	5696	1141	4555
879	5682	1140	4542
880	5666	1140	4526
881	5687	1140	4547
882	5724	1143	4581
883	5716	1145	4571
884	5750	1139	4611
885	5720	1135	4585
886	5778	1140	4638
887	5793	1148	4645
888	5769	1140	4629
889	5786	1130	4656
890	5846	1138	4708
891	5824	1139	4685
892	5830	1134	4696
893	5810	1145	4665
894	5827	1142	4685
895	5823	1139	4684
896	5761	1143	4618
897	5832	1139	4693
898	5846	1137	4709
899	5812	1140	4672
900	5765	1136	4629
901	5735	1132	4603
902	5787	1131	4656
903	5852	1140	4712
904	5883	1144	4739
905	5939	1136	4803
906	5922	1138	4784
907	5849	1142	4707
908	5913	1140	4773
909	5953	1139	4814
910	6001	1131	4870
911	6008	1140	4868
912	6067	1138	4929
913	6147	1140	5007
914	6146	1145	5001
915	6102	1144	4958
916	6138	1142	4996
917	6215	1155	5060
918	6164	1150	5014
919	6203	1132	5071
920	6285	1136	5149
921	6337	1144	5193
922	6324	1148	5176
923	6333	1155	5178
924	6425	1145	5280
925	6457	1134	5323
926	6491	1139	5352
927	6461	1142	5319
928	6467	1138	5329
929	6489	1135	5354
930	6494	1139	5355
931	6467	1144	5323
932	6495	1135	5360
933	6472	1142	5330
934	6445	1140	5305
935	6467	1134	5333
936	6584	1148	5436
937	6657	1145	5512
938	6705	1140	5565
939	6673	1144	5529
940	6615	1140	5475
941	6630	1143	5487
942	6750	1137	5613
943	6633	1136	5497
944	6613	1145	5468
945	6736	1143	5593
946	6700	1129	5571
947	6762	1134	5628
948	6723	1144	5579
949	6659	1151	5508
950	6706	1136	5570
951	6607	1141	5466
952	6637	1152	5485
953	6740	1147	5593
954	6788	1136	5652
955	6798	1141	5657
956	6812	1138	5674
957	6799	1140	5659
958	6818	1142	5676
959	6732	1139	5593
960	6775	1127	5648
961	6853	1132	5721
962	6809	1138	5671
963	6812	1136	5676
964	6837	1140	5697
965	6810	1146	5664
966	6849	1143	5706
967	6837	1144	5693
968	6836	1143	5693
969	6899	1140	5759
970	6958	1140	5818
971	6939	1144	5795
972	6920	1142	5778
973	6924	1142	5782
974	6878	1147	5731
975	6912	1139	5773
976	6933	1144	5789
977	6985	1153	5832
978	7022	1153	5869
979	6941	1146	5795
980	6905	1148	5757
981	6945	1143	5802
982	6961	1144	5817
983	6961	1147	5814
984	6979	1149	5830
985	6941	1151	5790
986	6909	1144	5765
987	6976	1136	5840
988	6962	1144	5818
989	6919	1145	5774
990	6916	1135	5781
991	6960	1142	5818
992	6979	1144	5835
993	6941	1146	5795
994	6997	1151	5846
995	7055	1147	5908
996	7027	1145	5882
997	7029	1138	5891
998	7006	1133	5873
999	6957	1131	5826
1000	7012	1135	5877
1001	7014	1145	5869
1002	6997	1152	5845
1003	6992	1149	5843
1004	7006	1138	5868
1005	6952	1131	5821
1006	6964	1143	5821
1007	6987	1151	5836
1008	6978	1142	5836
1009	6989	1134	5855
1010	7029	1132	5897
1011	7028	1143	5885
1012	6947	1142	5805
1013	6910	1134	5776
1014	7014	1136	5878
1015	6988	1148	5840
1016	7000	1140	5860
1017	7069	1143	5926
1018	6995	1139	5856
1019	6942	1139	5803
1020	6941	1137	5804
1021	6981	1141	5840
1022	6954	1147	5807
1023	6959	1138	5821
1024	6963	1126	5837
1025	6926	1142	5784
1026	6946	1143	5803
1027	6989	1148	5841
1028	6994	1146	5848
1029	6943	1140	5803
1030	6961	1137	5824
1031	6961	1139	5822
1032	6931	1138	5793
1033	6925	1143	5782
1034	6868	1134	5734
1035	6921	1136	5785
1036	6940	1141	5799
1037	6944	1143	5801
1038	6955	1137	5818
1039	6920	1138	5782
1040	7010	1132	5878
1041	6927	1142	5785
1042	6890	1139	5751
1043	6922	1139	5783
1044	6996	1139	5857
1045	6859	1138	5721
1046	6860	1138	5722
1047	6924	1140	5784
1048	6877	1149	5728
1049	6882	1145	5737
1050	6856	1144	5712
1051	6796	1148	5648
1052	6750	1137	5613
1053	6752	1140	5612
1054	6808	1138	5670
1055	6760	1142	5618
1056	6803	1145	5658
1057	6803	1151	5652
1058	6810	1151	5659
1059	6818	1152	5666
1060	6778	1151	5627
1061	6724	1142	5582
1062	6762	1148	5614
1063	6822	1149	5673
1064	6762	1147	5615
1065	6773	1153	5620
1066	6746	1155	5591
1067	6719	1155	5564
1068	6671	1155	5516
1069	6628	1150	5478
1070	6671	1137	5534
1071	6645	1142	5503
1072	6673	1144	5529
1073	6695	1144	5551
1074	6694	1147	5547
1075	6688	1152	5536
1076	6641	1156	5485
1077	6626	1148	5478
1078	6573	1141	5432
1079	6526	1145	5381
1080	6602	1145	5457
1081	6564	1139	5425
1082	6476	1139	5337
1083	6411	1142	5269
1084	6451	1141	5310
1085	6441	1144	5297
1086	6376	1145	5231
1087	6347	1140	5207
1088	6350	1151	5199
1089	6388	1155	5233
1090	6403	1139	5264
1091	6465	1139	5326
1092	6418	1144	5274
1093	6417	1150	5267
1094	6472	1147	5325
1095	6538	1144	5394
1096	6514	1143	5371
1097	6495	1143	5352
1098	6486	1150	5336
1099	6475	1150	5325
1100	6474	1145	5329
1101	6440	1134	5306
1102	6449	1135	5314
1103	6458	1139	5319
1104	6452	1148	5304
1105	6417	1139	5278
1106	6412	1128	5284
1107	6346	1131	5215
1108	6352	1136	5216
1109	6353	1137	5216
1110	6382	1137	5245
1111	6356	1138	5218
1112	6237	1134	5103
1113	6290	1132	5158
1114	6308	1150	5158
1115	6303	1145	5158
1116	6265	1140	5125
1117	6264	1136	5128
1118	6276	1135	5141
1119	6263	1140	5123
1120	6291	1146	5145
1121	6340	1145	5195
1122	6336	1144	5192
1123	6237	1141	5096
1124	6293	1145	5148
1125	6252	1156	5096
1126	6179	1146	5033
1127	6211	1142	5069
1128	6262	1142	5120
1129	6331	1131	5200
1130	6219	1138	5081
1131	6267	1141	5126
1132	6326	1134	5192
1133	6335	1139	5196
1134	6213	1140	5073
1135	6093	1144	4949
1136	6128	1145	4983
1137	6221	1147	5074
1138	6282	1142	5140
1139	6225	1141	5084
1140	6176	1147	5029
1141	6191	1150	5041
1142	6177	1147	5030
1143	6183	1151	5032
1144	6212	1140	5072
1145	6199	1139	5060
1146	6139	1136	5003
1147	6107	1139	4968
1148	6097	1146	4951
1149	6096	1140	4956
1150	6153	1138	5015
1151	6216	1139	5077
1152	6103	1144	4959
1153	6128	1144	4984
1154	6080	1129	4951
1155	6083	1129	4954
1156	6142	1152	4990
1157	6120	1152	4968
1158	6028	1139	4889
1159	6039	1138	4901
1160	6058	1139	4919
1161	5995	1140	4855
1162	6117	1138	4979
1163	6135	1137	4998
1164	6058	1139	4919
1165	5981	1140	4841
1166	5985	1131	4854
1167	6018	1134	4884
1168	6044	1137	4907
1169	6080	1146	4934
1170	6126	1143	4983
1171	6106	1144	4962
1172	6091	1141	4950
1173	6040	1137	4903
1174	6033	1133	4900
1175	6092	1138	4954
1176	6071	1145	4926
1177	6118	1157	4961
1178	6120	1153	4967
1179	6077	1149	4928
1180	6043	1148	4895
1181	6002	1138	4864
1182	6044	1138	4906
1183	5983	1148	4835
1184	5979	1146	4833
1185	6044	1141	4903
1186	6007	1144	4863
1187	6041	1145	4896
1188	6001	1143	4858
1189	6014	1149	4865
1190	6009	1147	4862
1191	6082	1145	4937
1192	6100	1152	4948
1193	6036	1136	4900
1194	6012	1142	4870
1195	6078	1148	4930
1196	6019	1136	4883
1197	6005	1130	4875
1198	6096	1136	4960
1199	6075	1141	4934
1200	6037	1149	4888
1201	6068	1146	4922
1202	6104	1135	4969
1203	6065	1133	4932
1204	6049	1143	4906
1205	6050	1150	4900
1206	6038	1149	4889
1207	6052	1132	4920
1208	6034	1134	4900
1209	6075	1142	4933
1210	6060	1152	4908
1211	6018	1156	4862
1212	6028	1141	4887
1213	6047	1143	4904
1214	6131	1148	4983
1215	6072	1142	4930
1216	6086	1136	4950
1217	6114	1147	4967
1218	6157	1141	5016
1219	6093	1138	4955
1220	6034	1150	4884
1221	6085	1155	4930
1222	6135	1146	4989
1223	6110	1149	4961
1224	6099	1136	4963
1225	6060	1132	4928
1226	6034	1141	4893
1227	6167	1144	5023
1228	6193	1137	5056
1229	6127	1147	4980
1230	6076	1134	4942
1231	6017	1144	4873
1232	6115	1148	4967
1233	6151	1150	5001
1234	6134	1140	4994
1235	6134	1144	4990
1236	6154	1143	5011
1237	6170	1145	5025
1238	6164	1149	5015
1239	6149	1141	5008
1240	6185	1144	5041
1241	6097	1149	4948
1242	6145	1154	4991
1243	6093	1139	4954
1244	6156	1131	5025
1245	6194	1147	5047
1246	6180	1146	5034
1247	6172	1136	5036
1248	6171	1138	5033
1249	6199	1143	5056
1250	6231	1140	5091
1251	6208	1144	5064
1252	6180	1153	5027
1253	6132	1149	4983
1254	6188	1147	5041
1255	6181	1156	5025
1256	6213	1158	5055
1257	6206	1150	5056
1258	6230	1138	5092
1259	6184	1142	5042
1260	6160	1148	5012
1261	6182	1157	5025
1262	6245	1151	5094
1263	6227	1147	5080
1264	6158	1144	5014
1265	6260	1151	5109
1266	6244	1149	5095
1267	6204	1140	5064
1268	6194	1134	5060
1269	6253	1139	5114
1270	6304	1140	5164
1271	6347	1138	5209
1272	6355	1141	5214
1273	6311	1141	5170
1274	6244	1142	5102
1275	6270	1152	5118
1276	6327	1144	5183
1277	6294	1139	5155
1278	6340	1150	5190
1279	6348	1144	5204
1280	6268	1149	5119
1281	6240	1150	5090
1282	6305	1139	5166
1283	6284	1148	5136
1284	6268	1137	5131
1285	6283	1138	5145
1286	6295	1148	5147
1287	6295	1154	5141
1288	6303	1150	5153
1289	6253	1142	5111
1290	6253	1143	5110
1291	6329	1152	5177
1292	6305	1140	5165
1293	6202	1139	5063
1294	6252	1149	5103
1295	6389	1152	5237
1296	6379	1148	5231
1297	6276	1151	5125
1298	6302	1149	5153
1299	6335	1157	5178
1300	6346	1156	5190
1301	6353	1148	5205
1302	6304	1143	5161
1303	6271	1140	5131
1304	6284	1139	5145
1305	6317	1149	5168
1306	6355	1155	5200
1307	6369	1145	5224
1308	6282	1132	5150
1309	6361	1139	5222
1310	6361	1144	5217
1311	6351	1147	5204
1312	6336	1136	5200
1313	6329	1141	5188
1314	6344	1135	5209
1315	6324	1139	5185
1316	6318	1145	5173
1317	6368	1148	5220
1318	6408	1142	5266
1319	6396	1144	5252
1320	6428	1148	5280
1321	6404	1146	5258
1322	6339	1141	5198
1323	6365	1136	5229
1324	6352	1143	5209
1325	6335	1137	5198
1326	6362	1140	5222
1327	6300	1141	5159
1328	6276	1131	5145
1329	6379	1135	5244
1330	6382	1141	5241
1331	6320	1148	5172
1332	6281	1134	5147
1333	6291	1135	5156
1334	6281	1133	5148
1335	6194	1136	5058
1336	6267	1158	5109
1337	6326	1160	5166
1338	6299	1133	5166
1339	6221	1141	5080
1340	6262	1149	5113
1341	6347	1141	5206
1342	6296	1144	5152
1343	6255	1158	5097
1344	6287	1153	5134
1345	6299	1137	5162
1346	6329	1133	5196
1347	6280	1142	5138
1348	6275	1140	5135
1349	6242	1145	5097
1350	6285	1146	5139
1351	6230	1142	5088
1352	6249	1146	5103
1353	6241	1147	5094
1354	6266	1144	5122
1355	6187	1145	5042
1356	6179	1148	5031
1357	6187	1148	5039
1358	6153	1139	5014
1359	6167	1144	5023
1360	6195	1152	5043
1361	6159	1151	5008
1362	6207	1149	5058
1363	6216	1151	5065
1364	6164	1156	5008
1365	6126	1154	4972
1366	6146	1149	4997
1367	6129	1146	4983
1368	6150	1149	5001
1369	6114	1154	4960
1370	6110	1154	4956
1371	6038	1145	4893
1372	5991	1131	4860
1373	5994	1135	4859
1374	6077	1150	4927
1375	6053	1159	4894
1376	6063	1144	4919
1377	5990	1145	4845
1378	5940	1143	4797
1379	5961	1137	4824
1380	5958	1140	4818
1381	5938	1140	4798
1382	6008	1139	4869
1383	5959	1144	4815
1384	5910	1152	4758
1385	5850	1140	4710
1386	5918	1137	4781
1387	5950	1139	4811
1388	5857	1142	4715
1389	5871	1148	4723
1390	5877	1140	4737
1391	5827	1143	4684
1392	5771	1148	4623
1393	5770	1141	4629
1394	5761	1142	4619
1395	5768	1138	4630
1396	5736	1131	4605
1397	5712	1139	4573
1398	5754	1142	4612
1399	5759	1140	4619
1400	5742	1140	4602
1401	5636	1147	4489
1402	5610	1140	4470
1403	5576	1142	4434
1404	5624	1141	4483
1405	5662	1131	4531
1406	5589	1147	4442
1407	5521	1148	4373
1408	5468	1140	4328
1409	5537	1149	4388
1410	5587	1152	4435
1411	5517	1146	4371
1412	5500	1148	4352
1413	5543	1147	4396
1414	5529	1135	4394
1415	5457	1134	4323
1416	5465	1155	4310
1417	5452	1155	4297
1418	5452	1146	4306
1419	5440	1142	4298
1420	5382	1142	4240
1421	5377	1151	4226
1422	5377	1153	4224
1423	5339	1149	4190
1424	5255	1144	4111
1425	5285	1142	4143
1426	5310	1139	4171
1427	5259	1143	4116
1428	5242	1136	4106
1429	5300	1137	4163
1430	5285	1140	4145
1431	5242	1151	4091
1432	5223	1148	4075
1433	5152	1148	4004
1434	5120	1135	3985
1435	5090	1140	3950
1436	5069	1148	3921
1437	5105	1150	3955
1438	5095	1142	3953
1439	5066	1140	3926
1440	5060	1146	3914
1441	5094	1143	3951
1442	4994	1150	3844
1443	4966	1142	3824
1444	4986	1149	3837
1445	4955	1154	3801
1446	4881	1148	3733
1447	4899	1149	3750
1448	4923	1146	3777
1449	4820	1140	3680
1450	4831	1139	3692
1451	4795	1150	3645
1452	4728	1151	3577
1453	4720	1136	3584
1454	4793	1133	3660
1455	4779	1142	3637
1456	4760	1144	3616
1457	4767	1146	3621
1458	4740	1142	3598
1459	4681	1138	3543
1460	4627	1144	3483
1461	4629	1143	3486
1462	4584	1134	3450
1463	4562	1137	3425
1464	4549	1128	3421
1465	4510	1137	3373
1466	4508	1143	3365
1467	4523	1142	3381
1468	4473	1143	3330
1469	4449	1145	3304
1470	4460	1150	3310
1471	4507	1149	3358
1472	4462	1151	3311
1473	4418	1147	3271
1474	4340	1144	3196
1475	4275	1148	3127
1476	4309	1152	3157
1477	4278	1154	3124
1478	4266	1145	3121
1479	4232	1149	3083
1480	4169	1145	3024
1481	4189	1137	3052
1482	4220	1144	3076
1483	4156	1149	3007
1484	4197	1140	3057
1485	4180	1145	3035
1486	4194	1147	3047
1487	4176	1142	3034
1488	4174	1146	3028
1489	4144	1149	2995
1490	4087	1147	2940
1491	4097	1149	2948
1492	4117	1153	2964
1493	4087	1159	2928
1494	4033	1148	2885
1495	4009	1155	2854
1496	3959	1146	2813
1497	3949	1141	2808
1498	3906	1143	2763
1499	3882	1152	2730
1500	3913	1143	2770
1501	3915	1138	2777
1502	3854	1138	2716
1503	3804	1148	2656
1504	3806	1146	2660
1505	3812	1148	2664
1506	3829	1144	2685
1507	3801	1146	2655
1508	3782	1157	2625
1509	3748	1146	2602
1510	3775	1143	2632
1511	3766	1147	2619
1512	3731	1148	2583
1513	3698	1145	2553
1514	3620	1140	2480
1515	3616	1146	2470
1516	3670	1147	2523
1517	3642	1139	2503
1518	3598	1138	2460
1519	3581	1156	2425
1520	3529	1150	2379
1521	3530	1151	2379
1522	3539	1152	2387
1523	3470	1150	2320
1524	3456	1147	2309
1525	3493	1143	2350
1526	3469	1144	2325
1527	3468	1143	2325
1528	3454	1145	2309
1529	3457	1150	2307
1530	3471	1143	2328
1531	3412	1145	2267
1532	3370	1150	2220
1533	3345	1144	2201
1534	3371	1144	2227
1535	3388	1152	2236
1536	3328	1147	2181
1537	3293	1142	2151
1538	3317	1133	2184
1539	3300	1141	2159
1540	3318	1145	2173
1541	3319	1147	2172
1542	3269	1140	2129
1543	3227	1143	2084
1544	3246	1151	2095
1545	3204	1148	2056
1546	3180	1144	2036
1547	3174	1142	2032
1548	3199	1145	2054
1549	3186	1143	2043
1550	3166	1134	2032
1551	3150	1142	2008
1552	3147	1143	2004
1553	3106	1141	1965
1554	3110	1144	1966
1555	3184	1148	2036
1556	3127	1141	1986
1557	3051	1141	1910
1558	3042	1136	1906
1559	3060	1142	1918
1560	3043	1144	1899
1561	2993	1148	1845
1562	2955	1146	1809
1563	2949	1147	1802
1564	2932	1138	1794
1565	2923	1131	1792
1566	2946	1136	1810
1567	2942	1142	1800
1568	2949	1144	1805
1569	2938	1143	1795
1570	2947	1140	1807
1571	2930	1140	1790
1572	2930	1140	1790
1573	2942	1144	1798
1574	2910	1143	1767
1575	2870	1147	1723
1576	2853	1145	1708
1577	2822	1150	1672
1578	2815	1148	1667
1579	2827	1159	1668
1580	2805	1157	1648
1581	2833	1157	1676
1582	2839	1161	1678
1583	2810	1150	1660
1584	2773	1141	1632
1585	2777	1148	1629
1586	2757	1151	1606
1587	2757	1145	1612
1588	2756	1140	1616
1589	2778	1140	1638
1590	2746	1151	1595
1591	2706	1154	1552
1592	2692	1142	1550
1593	2694	1142	1552
1594	2704	1145	1559
1595	2668	1145	1523
1596	2646	1142	1504
1597	2644	1136	1508
1598	2631	1137	1494
1599	2674	1150	1524
1600	2704	1146	1558
1601	2665	1154	1511
1602	2625	1151	1474
1603	2615	1140	1475
1604	2628	1138	1490
1605	2595	1145	1450
1606	2637	1141	1496
1607	2608	1139	1469
1608	2603	1140	1463
1609	2601	1151	1450
1610	2615	1155	1460
1611	2580	1150	1430
1612	2547	1134	1413
1613	2553	1146	1407
1614	2585	1150	1435
1615	2581	1132	1449
1616	2532	1130	1402
1617	2515	1143	1372
1618	2520	1145	1375
1619	2544	1134	1410
1620	2529	1131	1398
1621	2548	1142	1406
1622	2536	1142	1394
1623	2495	1146	1349
1624	2492	1137	1355
1625	2501	1145	1356
1626	2486	1145	1341
1627	2461	1138	1323
1628	2430	1147	1283
1629	2453	1148	1305
1630	2485	1144	1341
1631	2444	1147	1297
1632	2449	1133	1316
1633	2432	1141	1291
1634	2428	1147	1281
1635	2418	1142	1276
1636	2442	1141	1301
1637	2441	1141	1300
1638	2428	1131	1297
1639	2398	1138	1260
1640	2400	1142	1258
1641	2400	1150	1250
1642	2376	1141	1235
1643	2387	1141	1246
1644	2428	1144	1284
1645	2412	1152	1260
1646	2367	1145	1222
1647	2409	1141	1268
1648	2391	1142	1249
1649	2396	1145	1251
1650	2375	1142	1233
1651	2343	1147	1196
1652	2347	1151	1196
1653	2384	1145	1239
1654	2367	1136	1231
1655	2350	1131	1219
1656	2345	1143	1202
1657	2328	1143	1185
1658	2304	1141	1163
1659	2343	1143	1200
1660	2354	1137	1217
1661	2308	1143	1165
1662	2315	1137	1178
1663	2326	1134	1192
1664	2291	1150	1141
1665	2314	1151	1163
1666	2315	1140	1175
1667	2324	1142	1182
1668	2285	1151	1134
1669	2263	1151	1112
1670	2284	1139	1145
1671	2276	1128	1148
1672	2272	1138	1134
1673	2297	1142	1155
1674	2265	1147	1118
1675	2282	1145	1137
1676	2263	1136	1127
1677	2243	1134	1109
1678	2249	1138	1111
1679	2261	1130	1131
1680	2235	1126	1109
1681	2239	1144	1095
1682	2234	1148	1086
1683	2255	1142	1113
1684	2266	1147	1119
1685	2222	1141	1081
1686	2199	1144	1055
1687	2178	1139	1039
1688	2215	1142	1073
1689	2226	1143	1083
1690	2240	1131	1109
1691	2228	1142	1086
1692	2222	1151	1071
1693	2207	1142	1065
1694	2213	1145	1068
1695	2203	1148	1055
1696	2205	1139	1066
1697	2198	1143	1055
1698	2173	1147	1026
1699	2166	1151	1015
1700	2147	1142	1005
1701	2144	1141	1003
1702	2142	1139	1003
1703	2141	1139	1002
1704	2144	1143	1001
1705	2148	1145	1003
1706	2187	1137	1050
1707	2189	1143	1046
1708	2164	1155	1009
1709	2170	1151	1019
1710	2157	1152	1005
1711	2155	1147	1008
1712	2142	1147	995
1713	2109	1144	965
1714	2115	1151	964
1715	2144	1148	996
1716	2136	1143	993
1717	2111	1148	963
1718	2111	1146	965
1719	2119	1148	971
1720	2130	1144	986
1721	2117	1144	973
1722	2061	1143	918
1723	2066	1141	925
1724	2072	1138	934
1725	2083	1151	932
1726	2103	1151	952
1727	2092	1139	953
1728	2031	1140	891
1729	2070	1150	920
1730	2095	1147	948
1731	2053	1148	905
1732	2063	1158	905
1733	2039	1145	894
1734	2024	1143	881
1735	2027	1151	876
1736	2051	1135	916
1737	2046	1139	907
1738	2026	1137	889
1739	2013	1140	873
1740	2009	1142	867
1741	2011	1145	866
1742	2028	1148	880
1743	2001	1153	848
1744	1980	1139	841
1745	1973	1138	835
1746	2016	1153	863
1747	2031	1157	874
1748	2008	1152	856
1749	1999	1152	847
1750	1979	1158	821
1751	1970	1155	815
1752	1973	1139	834
1753	2000	1142	858
1754	2002	1146	856
1755	1954	1149	805
1756	1918	1145	773
1757	1889	1141	748
1758	1907	1139	768
1759	1916	1146	770
1760	1919	1150	769
1761	1934	1141	793
1762	1905	1151	754
1763	1896	1150	746
1764	1922	1144	778
1765	1902	1148	754
1766	1919	1142	777
1767	1917	1132	785
1768	1916	1131	785
1769	1901	1134	767
1770	1866	1143	723
1771	1858	1147	711
1772	1842	1148	694
1773	1844	1143	701
1774	1867	1140	727
1775	1838	1142	696
1776	1829	1149	680
1777	1848	1154	694
1778	1853	1144	709
1779	1866	1139	727
1780	1859	1140	719
1781	1830	1145	685
1782	1827	1151	676
1783	1820	1151	669
1784	1786	1149	637
1785	1817	1156	661
1786	1819	1144	675
1787	1814	1144	670
1788	1827	1142	685
1789	1825	1146	679
1790	1792	1151	641
1791	1765	1150	615
1792	1806	1146	660
1793	1775	1145	630
1794	1786	1150	636
1795	1783	1145	638
1796	1761	1132	629
1797	1734	1141	593
1798	1735	1144	591
1799	1738	1146	592
1800	1751	1135	616
1801	1749	1148	601
1802	1720	1154	566
1803	1721	1151	570
1804	1714	1144	570
1805	1720	1137	583
1806	1721	1136	585
1807	1688	1140	548
1808	1710	1144	566
1809	1717	1144	573
1810	1674	1141	533
1811	1654	1146	508
1812	1667	1140	527
1813	1674	1132	542
1814	1680	1140	540
1815	1674	1145	529
1816	1682	1143	539
1817	1675	1147	528
1818	1641	1135	506
1819	1661	1142	519
1820	1681	1144	537
1821	1638	1144	494
1822	1621	1154	467
1823	1650	1150	500
1824	1640	1144	496
1825	1622	1138	484
1826	1620	1129	491
1827	1621	1145	476
1828	1637	1140	497
1829	1623	1143	480
1830	1608	1137	471
1831	1625	1140	485
1832	1619	1138	481
1833	1600	1140	460
1834	1582	1141	441
1835	1589	1133	456
1836	1592	1141	451
1837	1610	1147	463
1838	1610	1134	476
1839	1583	1139	444
1840	1559	1142	417
1841	1548	1135	413
1842	1570	1137	433
1843	1580	1146	434
1844	1560	1150	410
1845	1541	1143	398
1846	1527	1135	392
1847	1543	1139	404
1848	1542	1150	392
1849	1561	1153	408
1850	1547	1153	394
1851	1551	1148	403
1852	1540	1141	399
1853	1510	1138	372
1854	1528	1143	385
1855	1520	1146	374
1856	1517	1147	370
1857	1490	1138	352
1858	1494	1137	357
1859	1495	1137	358
1860	1498	1139	359
1861	1513	1157	356
1862	1508	1152	356
1863	1488	1136	352
1864	1470	1147	323
1865	1465	1150	315
1866	1481	1135	346
1867	1497	1137	360
1868	1480	1143	337
1869	1443	1136	307
1870	1458	1137	321
1871	1453	1145	308
1872	1449	1139	310
1873	1437	1144	293
1874	1471	1149	322
1875	1457	1149	308
1876	1412	1147	265
1877	1412	1142	270
1878	1403	1142	261
1879	1419	1144	275
1880	1422	1153	269
1881	1416	1149	267
1882	1433	1143	290
1883	1432	1141	291
1884	1420	1152	268
1885	1406	1151	255
1886	1432	1150	282
1887	1419	1144	275
1888	1402	1136	266
1889	1410	1149	261
1890	1414	1150	264
1891	1422	1138	284
1892	1399	1133	266
1893	1397	1145	252
1894	1406	1151	255
1895	1398	1149	249
1896	1370	1148	222
1897	1362	1144	218
1898	1386	1138	248
1899	1381	1145	236
1900	1378	1143	235
1901	1356	1142	214
1902	1358	1140	218
1903	1359	1135	224
1904	1368	1124	244
1905	1366	1130	236
1906	1362	1131	231
1907	1358	1142	216
1908	1386	1141	245
1909	1384	1139	245
1910	1373	1150	223
1911	1370	1148	222
1912	1355	1145	210
1913	1348	1136	212
1914	1347	1140	207
1915	1360	1141	219
1916	1368	1136	232
1917	1352	1145	207
1918	1338	1142	196
1919	1315	1140	175
1920	1321	1146	175
1921	1334	1143	191
1922	1349	1146	203
1923	1341	1133	208
1924	1346	1138	208
1925	1344	1149	195
1926	1324	1141	183
1927	1309	1140	169
1928	1329	1139	190
1929	1313	1136	177
1930	1317	1136	181
1931	1326	1134	192
1932	1341	1130	211
1933	1353	1134	219
1934	1351	1142	209
1935	1338	1149	189
1936	1328	1143	185
1937	1316	1138	178
1938	1322	1135	187
1939	1299	1139	160
1940	1307	1143	164
1941	1306	1141	165
1942	1306	1133	173
1943	1311	1140	171
1944	1336	1147	189
1945	1333	1155	178
1946	1325	1143	182
1947	1284	1145	139
1948	1271	1155	116
1949	1300	1154	146
1950	1305	1145	160
1951	1291	1145	146
1952	1269	1148	121
1953	1249	1146	103
1954	1279	1142	137
1955	1286	1138	148
1956	1315	1143	172
1957	1329	1135	194
1958	1295	1141	154
1959	1292	1142	150
1960	1313	1137	176
1961	1287	1149	138
1962	1278	1147	131
1963	1290	1140	150
1964	1289	1152	137
1965	1284	1147	137
1966	1292	1138	154
1967	1285	1137	148
1968	1281	1147	134
1969	1286	1144	142
1970	1304	1141	163
1971	1290	1137	153
1972	1272	1141	131
1973	1273	1135	138
1974	1282	1138	144
1975	1292	1136	156
1976	1312	1131	181
1977	1319	1140	179
1978	1299	1133	166
1979	1279	1136	143
1980	1295	1148	147
1981	1270	1143	127
1982	1279	1145	134
1983	1287	1151	136
1984	1290	1140	150
1985	1284	1138	146
1986	1262	1132	130
1987	1291	1125	166
1988	1302	1130	172
1989	1271	1144	127
1990	1294	1145	149
1991	1291	1147	144
1992	1287	1146	141
1993	1281	1147	134
1994	1270	1145	125
1995	1269	1141	128
1996	1292	1147	145
1997	1269	1145	124
1998	1268	1148	120
1999	1278	1148	130
2000	1265	1138	127
2001	1260	1133	127
2002	1304	1137	167
2003	1290	1144	146
2004	1284	1138	146
2005	1286	1140	146
2006	1278	1140	138
2007	1273	1136	137
2008	1285	1131	154
2009	1288	1137	151
2010	1282	1152	130
2011	1265	1148	117
2012	1258	1141	117
2013	1271	1145	126
2014	1290	1143	147
2015	1274	1144	130
2016	1271	1137	134
2017	1281	1140	141
2018	1272	1145	127
2019	1269	1146	123
2020	1277	1156	121
2021	1279	1158	121
2022	1267	1138	129
2023	1259	1139	120
2024	1274	1140	134
2025	1275	1142	133
2026	1278	1142	136
2027	1269	1145	124
2028	1279	1149	130
2029	1276	1145	131
2030	1280	1140	140
2031	1281	1138	143
2032	1266	1139	127
2033	1285	1146	139
2034	1281	1147	134
2035	1261	1140	121
2036	1248	1144	104
2037	1242	1154	88
2038	1278	1144	134
2039	1253	1146	107
2040	1278	1147	131
2041	1279	1146	133
2042	1273	1141	132
2043	1265	1133	132
2044	1273	1133	140
2045	1284	1138	146
2046	1286	1138	148
2047	1273	1144	129
2048	1287	1143	144
2049	1272	1148	124
2050	1272	1151	121
2051	1268	1144	124
2052	1268	1143	125
2053	1259	1144	115
2054	1280	1145	135
2055	1271	1142	129
2056	1284	1148	136
2057	1282	1157	125
2058	1282	1149	133
2059	1268	1144	124
2060	1269	1143	126
2061	1268	1143	125
2062	1271	1138	133
2063	1269	1138	131
2064	1279	1141	138
2065	1316	1147	169
2066	1314	1143	171
2067	1290	1143	147
2068	1292	1140	152
2069	1296	1143	153
2070	1294	1147	147
2071	1277	1141	136
2072	1298	1141	157
2073	1275	1141	134
2074	1284	1145	139
2075	1289	1146	143
2076	1291	1141	150
2077	1278	1143	135
2078	1306	1148	158
2079	1303	1145	158
2080	1300	1143	157
2081	1327	1140	187
2082	1371	1138	233
2083	1318	1141	177
2084	1287	1149	138
2085	1298	1147	151
2086	1301	1144	157
2087	1306	1155	151
2088	1309	1157	152
2089	1306	1159	147
2090	1310	1150	160
2091	1308	1147	161
2092	1301	1143	158
2093	1316	1147	169
2094	1320	1155	165
2095	1329	1150	179
2096	1325	1140	185
2097	1325	1146	179
2098	1349	1145	204
2099	1346	1146	200
2100	1348	1143	205
2101	1314	1142	172
2102	1333	1146	187
2103	1345	1146	199
2104	1354	1145	209
2105	1353	1149	204
2106	1342	1146	196
2107	1349	1148	201
2108	1353	1142	211
2109	1355	1137	218
2110	1375	1142	233
2111	1385	1152	233
2112	1390	1149	241
2113	1394	1143	251
2114	1412	1155	257
2115	1389	1157	232
2116	1389	1149	240
2117	1404	1142	262
2118	1396	1136	260
2119	1402	1143	259
2120	1420	1138	282
2121	1412	1133	279
2122	1409	1133	276
2123	1428	1139	289
2124	1413	1142	271
2125	1417	1143	274
2126	1437	1138	299
2127	1431	1151	280
2128	1436	1165	271
2129	1456	1155	301
2130	1478	1143	335
2131	1450	1149	301
2132	1456	1145	311
2133	1441	1152	289
2134	1449	1147	302
2135	1473	1143	330
2136	1485	1146	339
2137	1481	1146	335
2138	1530	1143	387
2139	1521	1146	375
2140	1507	1154	353
2141	1530	1154	376
2142	1546	1164	382
2143	1559	1147	412
2144	1522	1140	382
2145	1535	1144	391
2146	1568	1140	428
2147	1570	1144	426
2148	1610	1142	468
2149	1591	1152	439
2150	1609	1148	461
2151	1607	1144	463
2152	1634	1135	499
2153	1648	1148	500
2154	1628	1151	477
2155	1627	1146	481
2156	1653	1152	501
2157	1676	1148	528
2158	1695	1141	554
2159	1660	1152	508
2160	1643	1146	497
2161	1656	1146	510
2162	1708	1146	562
2163	1717	1142	575
2164	1727	1139	588
2165	1745	1146	599
2166	1747	1151	596
2167	1715	1141	574
2168	1748	1146	602
2169	1775	1141	634
2170	1834	1138	696
2171	1810	1139	671
2172	1812	1143	669
2173	1852	1138	714
2174	1869	1139	730
2175	1884	1152	732
2176	1891	1149	742
2177	1924	1148	776
2178	1919	1145	774
2179	1907	1150	757
2180	1911	1145	766
2181	1940	1144	796
2182	1985	1156	829
2183	1995	1146	849
2184	2015	1140	875
2185	1993	1147	846
2186	2015	1152	863
2187	2029	1155	874
2188	2077	1149	928
2189	2089	1149	940
2190	2089	1149	940
2191	2124	1138	986
2192	2168	1142	1026
2193	2138	1141	997
2194	2161	1138	1023
2195	2186	1145	1041
2196	2197	1144	1053
2197	2225	1140	1085
2198	2220	1134	1086
2199	2209	1137	1072
2200	2245	1150	1095
2201	2297	1145	1152
2202	2338	1136	1202
2203	2308	1136	1172
2204	2259	1147	1112
2205	2283	1151	1132
2206	2340	1141	1199
2207	2348	1140	1208
2208	2405	1138	1267
2209	2424	1139	1285
2210	2481	1144	1337
2211	2481	1152	1329
2212	2499	1150	1349
2213	2530	1147	1383
2214	2580	1150	1430
2215	2569	1154	1415
2216	2592	1149	1443
2217	2613	1144	1469
2218	2664	1138	1526
2219	2636	1128	1508
2220	2643	1137	1506
2221	2638	1146	1492
2222	2639	1141	1498
2223	2647	1137	1510
2224	2662	1140	1522
2225	2686	1141	1545
2226	2650	1145	1505
2227	2650	1145	1505
2228	2698	1145	1553
2229	2682	1152	1530
2230	2674	1146	1528
2231	2731	1139	1592
2232	2740	1144	1596
2233	2699	1147	1552
2234	2681	1141	1540
2235	2692	1142	1550
2236	2795	1142	1653
2237	2785	1148	1637
2238	2789	1139	1650
2239	2791	1134	1657
2240	2833	1134	1699
2241	2825	1144	1681
2242	2861	1145	1716
2243	2873	1156	1717
2244	2868	1149	1719
2245	2898	1145	1753
2246	2948	1148	1800
2247	2951	1139	1812
2248	2956	1140	1816
2249	3028	1140	1888
2250	3110	1135	1975
2251	3132	1138	1994
2252	3204	1147	2057
2253	3264	1137	2127
2254	3313	1135	2178
2255	3392	1141	2251
2256	3437	1147	2290
2257	3517	1157	2360
2258	3529	1155	2374
2259	3554	1148	2406
2260	3615	1136	2479
2261	3620	1131	2489
2262	3669	1147	2522
2263	3731	1147	2584
2264	3798	1141	2657
2265	3885	1147	2738
2266	3898	1158	2740
2267	3897	1152	2745
2268	3979	1141	2838
2269	4020	1147	2873
2270	4012	1146	2866
2271	4023	1149	2874
2272	4043	1144	2899
2273	4124	1148	2976
2274	4125	1147	2978
2275	4103	1138	2965
2276	4178	1137	3041
2277	4251	1149	3102
2278	4256	1145	3111
2279	4306	1141	3165
2280	4344	1149	3195
2281	4352	1150	3202
2282	4411	1153	3258
2283	4395	1151	3244
2284	4479	1148	3331
2285	4550	1136	3414
2286	4563	1140	3423
2287	4564	1147	3417
2288	4589	1151	3438
2289	4683	1149	3534
2290	4745	1145	3600
2291	4690	1149	3541
2292	4713	1153	3560
2293	4761	1147	3614
2294	4792	1147	3645
2295	4846	1159	3687
2296	4884	1148	3736
2297	4851	1145	3706
2298	4853	1144	3709
2299	4836	1148	3688
2300	4838	1139	3699
2301	4898	1138	3760
2302	4961	1138	3823
2303	5028	1143	3885
2304	5092	1142	3950
2305	5118	1152	3966
2306	5089	1149	3940
2307	5068	1138	3930
2308	5161	1134	4027
2309	5185	1131	4054
2310	5185	1133	4052
2311	5236	1139	4097
2312	5217	1139	4078
2313	5220	1139	4081
2314	5227	1151	4076
2315	5297	1150	4147
2316	5394	1149	4245
2317	5433	1148	4285
2318	5484	1146	4338
2319	5522	1143	4379
2320	5500	1142	4358
2321	5553	1143	4410
2322	5535	1147	4388
2323	5548	1154	4394
2324	5591	1138	4453
2325	5618	1145	4473
2326	5623	1152	4471
2327	5650	1165	4485
2328	5662	1168	4494
2329	5711	1155	4556
2330	5749	1140	4609
2331	5758	1137	4621
2332	5763	1144	4619
2333	5800	1143	4657
2334	5780	1142	4638
2335	5819	1149	4670
2336	5852	1155	4697
2337	5925	1149	4776
2338	5965	1153	4812
2339	5995	1152	4843
2340	5992	1140	4852
2341	5993	1138	4855
2342	6005	1129	4876
2343	6025	1129	4896
2344	5991	1138	4853
2345	6095	1140	4955
2346	6154	1143	5011
2347	6178	1152	5026
2348	6221	1148	5073
2349	6255	1144	5111
2350	6267	1139	5128
2351	6272	1157	5115
2352	6309	1150	5159
2353	6359	1139	5220
2354	6326	1143	5183
2355	6324	1148	5176
2356	6381	1146	5235
2357	6441	1145	5296
2358	6408	1139	5269
2359	6406	1152	5254
2360	6436	1155	5281
2361	6452	1144	5308
2362	6458	1138	5320
2363	6476	1144	5332
2364	6578	1143	5435
2365	6626	1141	5485
2366	6613	1140	5473
2367	6606	1140	5466
2368	6601	1143	5458
2369	6654	1147	5507
2370	6689	1139	5550
2371	6682	1129	5553
2372	6662	1133	5529
2373	6570	1137	5433
2374	6637	1138	5499
2375	6697	1143	5554
2376	6736	1148	5588
2377	6762	1142	5620
2378	6843	1141	5702
2379	6820	1148	5672
2380	6825	1153	5672
2381	6801	1160	5641
2382	6795	1158	5637
2383	6779	1148	5631
2384	6803	1149	5654
2385	6829	1150	5679
2386	6808	1151	5657
2387	6860	1154	5706
2388	6870	1145	5725
2389	6904	1153	5751
2390	6950	1157	5793
2391	6908	1145	5763
2392	6956	1152	5804
2393	7002	1156	5846
2394	7057	1145	5912
2395	7069	1141	5928
2396	7160	1139	6021
2397	7139	1148	5991
2398	7066	1149	5917
2399	7119	1148	5971
2400	7108	1147	5961
2401	7147	1147	6000
2402	7141	1145	5996
2403	7176	1147	6029
2404	7163	1142	6021
2405	7168	1139	6029
2406	7153	1129	6024
2407	7188	1138	6050
2408	7216	1144	6072
2409	7235	1142	6093
2410	7229	1153	6076
2411	7271	1161	6110
2412	7295	1149	6146
2413	7236	1136	6100
2414	7203	1129	6074
2415	7215	1138	6077
2416	7298	1145	6153
2417	7303	1145	6158
2418	7348	1141	6207
2419	7394	1145	6249
2420	7386	1128	6258
2421	7334	1141	6193
2422	7349	1140	6209
2423	7380	1137	6243
2424	7397	1136	6261
2425	7459	1145	6314
2426	7480	1146	6334
2427	7453	1149	6304
2428	7429	1140	6289
2429	7419	1141	6278
2430	7438	1141	6297
2431	7461	1135	6326
2432	7497	1142	6355
2433	7505	1134	6371
2434	7518	1128	6390
2435	7523	1134	6389
2436	7547	1140	6407
2437	7586	1145	6441
2438	7576	1135	6441
2439	7463	1138	6325
2440	7540	1135	6405
2441	7554	1143	6411
2442	7533	1150	6383
2443	7558	1147	6411
2444	7621	1138	6483
2445	7579	1143	6436
2446	7605	1138	6467
2447	7574	1129	6445
2448	7636	1141	6495
2449	7724	1137	6587
2450	7709	1143	6566
2451	7749	1148	6601
2452	7795	1147	6648
2453	7719	1144	6575
2454	7698	1133	6565
2455	7736	1141	6595
2456	7771	1140	6631
2457	7706	1145	6561
2458	7716	1148	6568
2459	7795	1151	6644
2460	7830	1141	6689
2461	7775	1134	6641
2462	7747	1137	6610
2463	7719	1140	6579
2464	7847	1149	6698
2465	7884	1146	6738
2466	7867	1140	6727
2467	7920	1144	6776
2468	7977	1142	6835
2469	7955	1149	6806
2470	7973	1145	6828
2471	8017	1142	6875
2472	7986	1151	6835
2473	7944	1146	6798
2474	7938	1142	6796
2475	7912	1144	6768
2476	7901	1136	6765
2477	7952	1143	6809
2478	7948	1145	6803
2479	7937	1149	6788
2480	8000	1140	6860
2481	8022	1130	6892
2482	7994	1141	6853
2483	7985	1147	6838
2484	8013	1135	6878
2485	8032	1136	6896
2486	7988	1142	6846
2487	7982	1148	6834
2488	8066	1144	6922
2489	8104	1147	6957
2490	8147	1141	7006
2491	8073	1149	6924
2492	8101	1141	6960
2493	8202	1138	7064
2494	8187	1143	7044
2495	8182	1138	7044
2496	8193	1148	7045
2497	8135	1151	6984
2498	8175	1143	7032
2499	8236	1140	7096
2500	8259	1139	7120
2501	8257	1142	7115
2502	8202	1141	7061
2503	8197	1139	7058
2504	8252	1138	7114
2505	8295	1144	7151
2506	8337	1137	7200
2507	8297	1135	7162
2508	8364	1138	7226
2509	8373	1140	7233
2510	8375	1129	7246
2511	8391	1132	7259
2512	8289	1141	7148
2513	8251	1147	7104
2514	8289	1143	7146
2515	8313	1141	7172
2516	8300	1142	7158
2517	8273	1149	7124
2518	8325	1139	7186
2519	8396	1143	7253
2520	8394	1153	7241
2521	8464	1152	7312
2522	8526	1143	7383
2523	8541	1144	7397
2524	8525	1149	7376
2525	8604	1143	7461
2526	8587	1135	7452
2527	8604	1142	7462
2528	8603	1140	7463
2529	8595	1140	7455
2530	8567	1138	7429
2531	8514	1139	7375
2532	8485	1147	7338
2533	8573	1144	7429
2534	8641	1147	7494
2535	8626	1147	7479
2536	8601	1154	7447
2537	8582	1146	7436
2538	8599	1138	7461
2539	8579	1146	7433
2540	8654	1141	7513
2541	8658	1142	7516
2542	8667	1148	7519
2543	8671	1140	7531
2544	8647	1137	7510
2545	8656	1151	7505
2546	8641	1148	7493
2547	8678	1143	7535
2548	8798	1138	7660
2549	8758	1139	7619
2550	8675	1129	7546
2551	8653	1128	7525
2552	8735	1130	7605
2553	8718	1143	7575
2554	8716	1148	7568
2555	8752	1148	7604
2556	8748	1146	7602
2557	8721	1150	7571
2558	8791	1148	7643
2559	8857	1143	7714
2560	8834	1143	7691
2561	8833	1134	7699
2562	8848	1137	7711
2563	8818	1141	7677
2564	8894	1144	7750
2565	8890	1142	7748
2566	8846	1145	7701
2567	8968	1142	7826
2568	8955	1141	7814
2569	8898	1138	7760
2570	8951	1149	7802
2571	8875	1147	7728
2572	8899	1143	7756
2573	8952	1150	7802
2574	9001	1153	7848
2575	9000	1145	7855
2576	8961	1137	7824
2577	8983	1137	7846
2578	9026	1135	7891
2579	9041	1142	7899
2580	9114	1150	7964
2581	9118	1149	7969
2582	9122	1144	7978
2583	9072	1142	7930
2584	9031	1143	7888
2585	9071	1141	7930
2586	9081	1148	7933
2587	9063	1150	7913
2588	9076	1149	7927
2589	9090	1152	7938
2590	9171	1145	8026
2591	9086	1144	7942
2592	9097	1143	7954
2593	9105	1137	7968
2594	9082	1133	7949
2595	9122	1137	7985
2596	9169	1139	8030
2597	9171	1142	8029
2598	9126	1142	7984
2599	9122	1132	7990
2600	9117	1126	7991
2601	9166	1139	8027
2602	9083	1142	7941
2603	9053	1142	7911
2604	9099	1146	7953
2605	9075	1147	7928
2606	9074	1148	7926
2607	9143	1138	8005
2608	9264	1135	8129
2609	9223	1142	8081
2610	9230	1134	8096
2611	9213	1139	8074
2612	9254	1149	8105
2613	9278	1140	8138
2614	9297	1143	8154
2615	9278	1147	8131
2616	9360	1149	8211
2617	9336	1162	8174
2618	9259	1149	8110
2619	9240	1150	8090
2620	9245	1150	8095
2621	9289	1141	8148
2622	9250	1137	8113
2623	9295	1141	8154
2624	9367	1141	8226
2625	9411	1147	8264
2626	9384	1148	8236
2627	9392	1144	8248
2628	9377	1139	8238
2629	9365	1144	8221
2630	9283	1140	8143
2631	9317	1140	8177
2632	9401	1149	8252
2633	9407	1145	8262
2634	9327	1147	8180
2635	9315	1149	8166
2636	9311	1142	8169
2637	9380	1143	8237
2638	9428	1156	8272
2639	9451	1154	8297
2640	9460	1136	8324
2641	9419	1138	8281
2642	9351	1146	8205
2643	9327	1145	8182
2644	9352	1142	8210
2645	9357	1151	8206
2646	9506	1143	8363
2647	9452	1145	8307
2648	9425	1147	8278
2649	9350	1151	8199
2650	9363	1142	8221
2651	9420	1143	8277
2652	9486	1135	8351
2653	9505	1140	8365
2654	9354	1136	8218
2655	9345	1136	8209
2656	9435	1155	8280
2657	9413	1153	8260
2658	9419	1154	8265
2659	9421	1150	8271
2660	9439	1140	8299
2661	9476	1142	8334
2662	9474	1144	8330
2663	9421	1145	8276
2664	9442	1152	8290
2665	9545	1147	8398
2666	9463	1153	8310
2667	9393	1155	8238
2668	9428	1148	8280
2669	9415	1146	8269
2670	9386	1150	8236
2671	9455	1149	8306
2672	9462	1144	8318
2673	9386	1147	8239
2674	9483	1163	8320
2675	9437	1152	8285
2676	9411	1143	8268
2677	9441	1143	8298
2678	9441	1144	8297
2679	9490	1143	8347
2680	9513	1142	8371
2681	9433	1150	8283
2682	9416	1157	8259
2683	9459	1153	8306
2684	9528	1142	8386
2685	9470	1150	8320
2686	9412	1148	8264
2687	9409	1153	8256
2688	9421	1160	8261
2689	9429	1153	8276
2690	9452	1148	8304
2691	9427	1139	8288
2692	9406	1135	8271
2693	9471	1136	8335
2694	9450	1149	8301
2695	9360	1149	8211
2696	9311	1144	8167
2697	9349	1139	8210
2698	9415	1137	8278
2699	9432	1140	8292
2700	9404	1142	8262
2701	9363	1144	8219
2702	9330	1137	8193
2703	9441	1143	8298
2704	9471	1150	8321
2705	9384	1141	8243
2706	9457	1138	8319
2707	9441	1142	8299
2708	9445	1143	8302
2709	9456	1143	8313
2710	9458	1139	8319
2711	9331	1140	8191
2712	9367	1137	8230
2713	9410	1138	8272
2714	9391	1145	8246
2715	9379	1153	8226
2716	9452	1143	8309
2717	9401	1137	8264
2718	9359	1140	8219
2719	9306	1148	8158
2720	9340	1155	8185
2721	9397	1149	8248
2722	9394	1152	8242
2723	9351	1152	8199
2724	9297	1148	8149
2725	9386	1140	8246
2726	9338	1140	8198
2727	9268	1139	8129
2728	9299	1122	8177
2729	9297	1130	8167
2730	9342	1142	8200
2731	9401	1148	8253
2732	9325	1140	8185
2733	9241	1147	8094
2734	9220	1151	8069
2735	9230	1139	8091
2736	9314	1143	8171
2737	9265	1143	8122
2738	9233	1138	8095
2739	9204	1138	8066
2740	9213	1138	8075
2741	9223	1146	8077
2742	9224	1152	8072
2743	9237	1149	8088
2744	9227	1145	8082
2745	9253	1161	8092
2746	9170	1161	8009
2747	9101	1147	7954
2748	9149	1140	8009
2749	9161	1148	8013
2750	9205	1149	8056
2751	9248	1144	8104
2752	9172	1143	8029
2753	9076	1157	7919
2754	9191	1151	8040
2755	9144	1154	7990
2756	9111	1152	7959
2757	9074	1139	7935
2758	9003	1148	7855
2759	8985	1153	7832
2760	9021	1146	7875
2761	8926	1150	7776
2762	8892	1148	7744
2763	8860	1146	7714
2764	8853	1146	7707
2765	8939	1141	7798
2766	8960	1137	7823
2767	8959	1139	7820
2768	8963	1144	7819
2769	9057	1141	7916
2770	8994	1133	7861
2771	9043	1140	7903
2772	9111	1143	7968
2773	9061	1140	7921
2774	9061	1137	7924
2775	9123	1134	7989
2776	9056	1147	7909
2777	8989	1142	7847
2778	8903	1133	7770
2779	8942	1145	7797
2780	8965	1136	7829
2781	8884	1145	7739
2782	8889	1140	7749
2783	8999	1135	7864
2784	8981	1153	7828
2785	8924	1151	7773
2786	8892	1132	7760
2787	8846	1139	7707
2788	8885	1142	7743
2789	8886	1140	7746
2790	8883	1143	7740
2791	8879	1137	7742
2792	8729	1143	7586
2793	8699	1150	7549
2794	8835	1147	7688
2795	8774	1146	7628
2796	8716	1146	7570
2797	8650	1154	7496
2798	8672	1142	7530
2799	8655	1139	7516
2800	8604	1136	7468
2801	8633	1147	7486
2802	8721	1150	7571
2803	8681	1149	7532
2804	8668	1151	7517
2805	8654	1145	7509
2806	8723	1146	7577
2807	8695	1153	7542
2808	8628	1147	7481
2809	8625	1144	7481
2810	8644	1141	7503
2811	8617	1143	7474
2812	8645	1146	7499
2813	8611	1146	7465
2814	8568	1141	7427
2815	8522	1133	7389
2816	8484	1135	7349
2817	8428	1144	7284
2818	8393	1154	7239
2819	8339	1155	7184
2820	8426	1142	7284
2821	8473	1150	7323
2822	8450	1147	7303
2823	8424	1146	7278
2824	8457	1142	7315
2825	8491	1139	7352
2826	8430	1144	7286
2827	8389	1151	7238
2828	8349	1144	7205
2829	8307	1144	7163
2830	8247	1149	7098
2831	8261	1142	7119
2832	8309	1142	7167
2833	8299	1150	7149
2834	8236	1156	7080
2835	8258	1153	7105
2836	8234	1150	7084
2837	8087	1155	6932
2838	8097	1156	6941
2839	8095	1155	6940
2840	8063	1149	6914
2841	8096	1144	6952
2842	8212	1146	7066
2843	8239	1149	7090
2844	8167	1144	7023
2845	8099	1142	6957
2846	8060	1137	6923
2847	8068	1147	6921
2848	8069	1141	6928
2849	8041	1138	6903
2850	8008	1150	6858
2851	8029	1145	6884
2852	8014	1128	6886
2853	7875	1130	6745
2854	7857	1143	6714
2855	7928	1139	6789
2856	7917	1139	6778
2857	7922	1140	6782
2858	7902	1141	6761
2859	7897	1140	6757
2860	7838	1143	6695
2861	7777	1152	6625
2862	7767	1150	6617
2863	7702	1145	6557
2864	7672	1139	6533
2865	7733	1153	6580
2866	7754	1158	6596
2867	7684	1152	6532
2868	7719	1151	6568
2869	7682	1154	6528
2870	7690	1151	6539
2871	7698	1150	6548
2872	7685	1137	6548
2873	7668	1143	6525
2874	7582	1134	6448
2875	7603	1139	6464
2876	7657	1141	6516
2877	7529	1148	6381
2878	7480	1151	6329
2879	7553	1146	6407
2880	7608	1139	6469
2881	7568	1140	6428
2882	7521	1139	6382
2883	7435	1144	6291
2884	7355	1141	6214
2885	7361	1135	6226
2886	7362	1145	6217
2887	7323	1157	6166
2888	7315	1137	6178
2889	7315	1129	6186
2890	7291	1134	6157
2891	7267	1147	6120
2892	7243	1148	6095
2893	7214	1150	6064
2894	7218	1154	6064
2895	7186	1147	6039
2896	7097	1144	5953
2897	7081	1152	5929
2898	7122	1148	5974
2899	7072	1144	5928
2900	7112	1145	5967
2901	7037	1138	5899
2902	7000	1138	5862
2903	7041	1136	5905
2904	7020	1146	5874
2905	6955	1153	5802
2906	7029	1147	5882
2907	6981	1148	5833
2908	6982	1141	5841
2909	6988	1146	5842
2910	6947	1141	5806
2911	6879	1138	5741
2912	6881	1148	5733
2913	6801	1144	5657
2914	6711	1149	5562
2915	6726	1148	5578
2916	6847	1146	5701
2917	6828	1144	5684
2918	6790	1138	5652
2919	6772	1139	5633
2920	6668	1138	5530
2921	6666	1138	5528
2922	6685	1145	5540
2923	6674	1147	5527
2924	6647	1155	5492
2925	6633	1149	5484
2926	6644	1141	5503
2927	6596	1140	5456
2928	6554	1140	5414
2929	6532	1136	5396
2930	6550	1142	5408
2931	6519	1140	5379
2932	6469	1149	5320
2933	6458	1150	5308
2934	6515	1147	5368
2935	6494	1154	5340
2936	6473	1148	5325
2937	6408	1145	5263
2938	6436	1144	5292
2939	6405	1153	5252
2940	6348	1146	5202
2941	6362	1143	5219
2942	6257	1143	5114
2943	6190	1138	5052
2944	6135	1141	4994
2945	6165	1151	5014
2946	6183	1147	5036
2947	6155	1149	5006
2948	6178	1145	5033
2949	6142	1142	5000
2950	6044	1141	4903
2951	6066	1143	4923
2952	6102	1143	4959
2953	6065	1141	4924
2954	6044	1135	4909
2955	6064	1141	4923
2956	6083	1147	4936
2957	6095	1138	4957
2958	6019	1139	4880
2959	6009	1145	4864
2960	6002	1150	4852
2961	5982	1148	4834
2962	5911	1147	4764
2963	5838	1151	4687
2964	5912	1151	4761
2965	5928	1142	4786
2966	5845	1136	4709
2967	5860	1147	4713
2968	5888	1142	4746
2969	5913	1136	4777
2970	5856	1130	4726
2971	5829	1143	4686
2972	5777	1150	4627
2973	5718	1148	4570
2974	5670	1146	4524
2975	5631	1150	4481
2976	5702	1154	4548
2977	5673	1156	4517
2978	5635	1148	4487
2979	5612	1147	4465
2980	5607	1157	4450
2981	5577	1155	4422
2982	5604	1149	4455
2983	5534	1153	4381
2984	5510	1147	4363
2985	5513	1149	4364
2986	5483	1148	4335
2987	5537	1140	4397
2988	5518	1137	4381
2989	5359	1139	4220
2990	5340	1145	4195
2991	5352	1147	4205
2992	5308	1140	4168
2993	5380	1147	4233
2994	5286	1140	4146
2995	5256	1146	4110
2996	5217	1150	4067
2997	5152	1143	4009
2998	5139	1138	4001
2999	5113	1135	3978
3000	5126	1144	3982
3001	5033	1143	3890
3002	5000	1137	3863
3003	4968	1143	3825
3004	4951	1143	3808
3005	4985	1139	3846
3006	5028	1137	3891
3007	5018	1151	3867
3008	5037	1151	3886
3009	4974	1146	3828
3010	4987	1134	3853
3011	5034	1136	3898
3012	5040	1137	3903
3013	4983	1145	3838
3014	4925	1138	3787
3015	4969	1149	3820
3016	4945	1146	3799
3017	4895	1150	3745
3018	4853	1153	3700
3019	4804	1145	3659
3020	4776	1138	3638
3021	4806	1141	3665
3022	4779	1141	3638
3023	4778	1142	3636
3024	4806	1140	3666
3025	4747	1142	3605
3026	4748	1144	3604
3027	4693	1152	3541
3028	4686	1147	3539
3029	4610	1151	3459
3030	4601	1151	3450
3031	4625	1144	3481
3032	4610	1132	3478
3033	4544	1135	3409
3034	4541	1144	3397
3035	4509	1139	3370
3036	4568	1132	3436
3037	4564	1147	3417
3038	4539	1145	3394
3039	4471	1158	3313
3040	4448	1156	3292
3041	4396	1146	3250
3042	4392	1137	3255
3043	4392	1139	3253
3044	4380	1143	3237
3045	4335	1142	3193
3046	4309	1143	3166
3047	4303	1148	3155
3048	4237	1147	3090
3049	4232	1143	3089
3050	4193	1140	3053
3051	4138	1138	3000
3052	4161	1137	3024
3053	4150	1128	3022
3054	4152	1137	3015
3055	4217	1155	3062
3056	4110	1146	2964
3057	4033	1142	2891
3058	4045	1151	2894
3059	4027	1154	2873
3060	4025	1147	2878
3061	3976	1143	2833
3062	3955	1146	2809
3063	3937	1146	2791
3064	3918	1141	2777
3065	3870	1141	2729
3066	3885	1145	2740
3067	3865	1143	2722
3068	3812	1140	2672
3069	3733	1136	2597
3070	3747	1139	2608
3071	3763	1142	2621
3072	3736	1144	2592
3073	3687	1155	2532
3074	3692	1150	2542
3075	3649	1153	2496
3076	3660	1151	2509
3077	3630	1141	2489
3078	3625	1132	2493
3079	3573	1155	2418
3080	3566	1155	2411
3081	3605	1153	2452
3082	3573	1149	2424
3083	3522	1145	2377
3084	3454	1141	2313
3085	3443	1143	2300
3086	3463	1148	2315
3087	3453	1144	2309
3088	3393	1146	2247
3089	3331	1145	2186
3090	3358	1144	2214
3091	3356	1146	2210
3092	3325	1150	2175
3093	3278	1147	2131
3094	3296	1141	2155
3095	3231	1147	2084
3096	3241	1154	2087
3097	3199	1147	2052
3098	3173	1144	2029
3099	3115	1142	1973
3100	3122	1143	1979
3101	3135	1146	1989
3102	3129	1139	1990
3103	3034	1137	1897
3104	3037	1143	1894
3105	3052	1139	1913
3106	3002	1137	1865
3107	2957	1139	1818
3108	2983	1141	1842
3109	2927	1143	1784
3110	2882	1146	1736
3111	2889	1139	1750
3112	2888	1143	1745
3113	2825	1140	1685
3114	2840	1139	1701
3115	2791	1143	1648
3116	2779	1136	1643
3117	2748	1141	1607
3118	2742	1139	1603
3119	2741	1142	1599
3120	2741	1140	1601
3121	2695	1143	1552
3122	2676	1138	1538
3123	2685	1136	1549
3124	2652	1142	1510
3125	2584	1143	1441
3126	2606	1140	1466
3127	2574	1142	1432
3128	2610	1143	1467
3129	2572	1142	1430
3130	2518	1136	1382
3131	2474	1136	1338
3132	2465	1144	1321
3133	2457	1148	1309
3134	2437	1138	1299
3135	2412	1145	1267
3136	2419	1151	1268
3137	2373	1141	1232
3138	2314	1141	1173
3139	2308	1140	1168
3140	2344	1133	1211
3141	2317	1144	1173
3142	2311	1135	1176
3143	2285	1136	1149
3144	2256	1145	1111
3145	2232	1148	1084
3146	2222	1147	1075
3147	2211	1145	1066
3148	2222	1143	1079
3149	2193	1140	1053
3150	2139	1137	1002
3151	2132	1133	999
3152	2100	1141	959
3153	2090	1151	939
3154	2094	1142	952
3155	2041	1147	894
3156	2034	1149	885
3157	2025	1146	879
3158	1996	1151	845
3159	2009	1148	861
3160	1984	1139	845
3161	1954	1136	818
3162	1956	1140	816
3163	1942	1149	793
3164	1896	1153	743
3165	1913	1149	764
3166	1911	1146	765
3167	1875	1140	735
3168	1875	1136	739
3169	1854	1138	716
3170	1854	1143	711
3171	1832	1144	688
3172	1828	1134	694
3173	1804	1142	662
3174	1789	1147	642
3175	1779	1139	640
3176	1762	1141	621
3177	1755	1144	611
3178	1713	1145	568
3179	1704	1149	555
3180	1739	1148	591
3181	1728	1140	588
3182	1695	1142	553
3183	1665	1150	515
3184	1668	1145	523
3185	1640	1144	496
3186	1640	1138	502
3187	1650	1140	510
3188	1635	1136	499
3189	1585	1131	454
3190	1589	1137	452
3191	1574	1149	425
3192	1558	1147	411
3193	1570	1138	432
3194	1553	1139	414
3195	1530	1153	377
3196	1522	1142	380
3197	1517	1147	370
3198	1515	1146	369
3199	1494	1144	350
3200	1516	1153	363
3201	1508	1161	347
3202	1471	1149	322
3203	1472	1132	340
3204	1490	1134	356
3205	1466	1140	326
3206	1432	1143	289
3207	1439	1138	301
3208	1435	1136	299
3209	1454	1139	315
3210	1439	1140	299
3211	1407	1148	259
3212	1440	1144	296
3213	1436	1148	288
3214	1428	1139	289
3215	1408	1143	265
3216	1398	1142	256
3217	1397	1142	255
3218	1403	1139	264
3219	1381	1137	244
3220	1390	1138	252
3221	1395	1137	258
3222	1384	1142	242
3223	1384	1147	237
3224	1384	1151	233
3225	1388	1150	238
3226	1385	1147	238
3227	1386	1151	235
3228	1395	1157	238
3229	1368	1152	216
3230	1349	1137	212
3231	1333	1142	191
3232	1359	1140	219
3233	1355	1142	213
3234	1365	1140	225
3235	1351	1141	210
3236	1345	1130	215
3237	1355	1135	220
3238	1369	1146	223
3239	1351	1152	199
3240	1340	1148	192
3241	1332	1151	181
3242	1359	1146	213
3243	1346	1139	207
3244	1349	1142	207
3245	1355	1145	210
3246	1341	1145	196
3247	1329	1136	193
3248	1329	1132	197
3249	1325	1142	183
3250	1350	1146	204
3251	1326	1136	190
3252	1335	1138	197
3253	1334	1149	185
3254	1322	1139	183
3255	1341	1150	191
3256	1345	1146	199
3257	1329	1126	203
3258	1351	1134	217
3259	1340	1151	189
3260	1316	1150	166
3261	1325	1149	176
3262	1347	1145	202
3263	1336	1146	190
3264	1326	1140	186
3265	1336	1145	191
3266	1343	1152	191
3267	1338	1147	191
3268	1329	1147	182
3269	1319	1153	166
3270	1324	1146	178
3271	1335	1136	199
3272	1336	1129	207
3273	1313	1125	188
3274	1329	1136	193
3275	1351	1153	198
3276	1350	1145	205
3277	1328	1138	190
3278	1320	1142	178
3279	1313	1138	175
3280	1319	1140	179
3281	1307	1149	158
3282	1319	1142	177
3283	1314	1142	172
3284	1305	1155	150
3285	1317	1147	170
3286	1307	1151	156
3287	1314	1153	161
3288	1319	1142	177
3289	1309	1141	168
3290	1324	1145	179
3291	1316	1135	181
3292	1332	1137	195
3293	1314	1138	176
3294	1319	1135	184
3295	1320	1142	178
3296	1308	1141	167
3297	1319	1147	172
3298	1326	1141	185
3299	1327	1143	184
3300	1328	1148	180
3301	1314	1144	170
3302	1309	1148	161
3303	1300	1141	159
3304	1300	1149	151
3305	1305	1133	172
3306	1299	1118	181
3307	1300	1131	169
3308	1331	1140	191
3309	1297	1136	161
3310	1295	1141	154
3311	1296	1145	151
3312	1298	1140	158
3313	1315	1147	168
3314	1317	1149	168
3315	1291	1149	142
3316	1307	1148	159
3317	1321	1143	178
3318	1317	1149	168
3319	1290	1149	141
3320	1278	1142	136
3321	1290	1140	150
3322	1294	1143	151
3323	1296	1145	151
3324	1311	1137	174
3325	1293	1137	156
3326	1277	1144	133
3327	1287	1143	144
3328	1310	1136	174
3329	1292	1137	155
3330	1279	1144	135
3331	1289	1149	140
3332	1293	1136	157
3333	1288	1137	151
3334	1304	1143	161
3335	1308	1140	168
3336	1283	1134	149
3337	1270	1135	135
3338	1284	1140	144
3339	1290	1139	151
3340	1296	1144	152
3341	1298	1157	141
3342	1285	1145	140
3343	1284	1141	143
3344	1281	1139	142
3345	1284	1143	141
3346	1280	1140	140
3347	1276	1139	137
3348	1274	1142	132
3349	1282	1152	130
3350	1270	1149	121
3351	1259	1146	113
3352	1275	1144	131
3353	1292	1145	147
3354	1288	1144	144
3355	1293	1143	150
3356	1296	1143	153
3357	1285	1141	144
3358	1304	1150	154
3359	1298	1149	149
3360	1281	1147	134
3361	1280	1149	131
3362	1277	1140	137
3363	1289	1142	147
3364	1284	1144	140
3365	1264	1147	117
3366	1292	1157	135
3367	1293	1153	140
3368	1302	1145	157
3369	1298	1147	151
3370	1286	1140	146
3371	1279	1150	129
3372	1285	1141	144
3373	1302	1136	166
3374	1303	1147	156
3375	1267	1157	110
3376	1285	1144	141
3377	1280	1143	137
3378	1251	1143	108
3379	1259	1140	119
3380	1271	1137	134
3381	1249	1140	109
3382	1263	1132	131
3383	1266	1142	124
3384	1239	1147	92
3385	1257	1139	118
3386	1269	1137	132
3387	1267	1146	121
3388	1274	1148	126
3389	1243	1137	106
3390	1253	1146	107
3391	1276	1151	125
3392	1283	1146	137
3393	1271	1142	129
3394	1279	1140	139
3395	1249	1138	111
3396	1271	1140	131
3397	1281	1141	140
3398	1249	1142	107
3399	1261	1148	113
3400	1288	1146	142
3401	1263	1144	119
3402	1253	1146	107
3403	1257	1143	114
3404	1270	1136	134
3405	1275	1150	125
3406	1268	1153	115
3407	1273	1151	122
3408	1271	1154	117
3409	1261	1156	105
3410	1240	1150	90
3411	1261	1141	120
3412	1265	1144	121
3413	1258	1141	117
3414	1262	1149	113
3415	1233	1150	83
3416	1236	1136	100
3417	1258	1143	115
3418	1257	1139	118
3419	1242	1134	108
3420	1243	1134	109
3421	1269	1139	130
3422	1264	1144	120
3423	1230	1145	85
3424	1237	1140	97
3425	1261	1142	119
3426	1256	1145	111
3427	1233	1144	89
3428	1265	1152	113
3429	1269	1145	124
3430	1259	1139	120
3431	1255	1142	113
3432	1254	1151	103
3433	1236	1144	92
3434	1245	1146	99
3435	1223	1157	66
3436	1241	1157	84
3437	1246	1149	97
3438	1247	1152	95
3439	1257	1152	105
3440	1267	1140	127
3441	1247	1142	105
3442	1251	1147	104
3443	1247	1142	105
3444	1233	1145	88
3445	1211	1146	65
3446	1221	1142	79
3447	1229	1139	90
3448	1248	1135	113
3449	1235	1139	96
3450	1227	1140	87
3451	1225	1130	95
3452	1260	1133	127
3453	1256	1137	119
3454	1251	1144	107
3455	1228	1141	87
3456	1231	1140	91
3457	1240	1142	98
3458	1243	1139	104
3459	1235	1143	92
3460	1241	1141	100
3461	1253	1144	109
3462	1236	1147	89
3463	1214	1141	73
3464	1227	1145	82
3465	1236	1143	93
3466	1232	1147	85
3467	1214	1140	74
3468	1233	1129	104
3469	1236	1133	103
3470	1247	1137	110
3471	1252	1137	115
3472	1245	1132	113
3473	1225	1144	81
3474	1235	1140	95
3475	1225	1140	85
3476	1236	1141	95
3477	1230	1148	82
3478	1229	1139	90
3479	1217	1132	85
3480	1204	1148	56
3481	1203	1149	54
3482	1227	1145	82
3483	1245	1138	107
3484	1217	1146	71
3485	1202	1149	53
3486	1230	1142	88
3487	1240	1144	96
3488	1242	1145	97
3489	1232	1154	78
3490	1224	1143	81
3491	1241	1137	104
3492	1214	1141	73
3493	1213	1143	70
3494	1228	1139	89
3495	1237	1149	88
3496	1226	1155	71
3497	1204	1143	61
3498	1220	1147	73
3499	1212	1148	64
3500	1224	1141	83
3501	1252	1151	101
3502	1237	1150	87
3503	1213	1148	65
3504	1220	1147	73
3505	1228	1140	88
3506	1242	1141	101
3507	1230	1143	87
3508	1215	1140	75
3509	1203	1145	58
3510	1217	1148	69
3511	1204	1144	60
3512	1216	1144	72
3513	1213	1141	72
3514	1216	1138	78
3515	1218	1142	76
3516	1214	1142	72
3517	1211	1141	70
3518	1221	1142	79
3519	1218	1140	78
3520	1206	1137	69
3521	1218	1141	77
3522	1214	1141	73
3523	1215	1141	74
3524	1228	1147	81
3525	1209	1149	60
3526	1217	1143	74
3527	1210	1141	69
3528	1213	1131	82
3529	1219	1128	91
3530	1216	1131	85
3531	1186	1138	48
3532	1206	1143	63
3533	1235	1145	90
3534	1239	1141	98
3535	1212	1147	65
3536	1206	1142	64
3537	1212	1140	72
3538	1210	1147	63
3539	1208	1152	56
3540	1217	1147	70
3541	1222	1148	74
3542	1224	1142	82
3543	1217	1146	71
3544	1214	1152	62
3545	1215	1142	73
3546	1223	1135	88
3547	1200	1132	68
3548	1194	1134	60
3549	1201	1131	70
3550	1215	1142	73
3551	1215	1151	64
3552	1218	1143	75
3553	1227	1148	79
3554	1228	1143	85
3555	1199	1139	60
3556	1205	1126	79
3557	1205	1138	67
3558	1211	1153	58
3559	1192	1153	39
3560	1190	1145	45
3561	1204	1144	60
3562	1211	1138	73
3563	1214	1139	75
3564	1207	1143	64
3565	1224	1152	72
3566	1210	1147	63
3567	1206	1140	66
3568	1201	1153	48
3569	1178	1156	22
3570	1186	1146	40
3571	1194	1144	50
3572	1194	1148	46
3573	1187	1148	39
3574	1215	1143	72
3575	1199	1148	51
3576	1199	1156	43
3577	1200	1156	44
3578	1211	1144	67
3579	1202	1147	55
3580	1205	1142	63
3581	1208	1141	67
3582	1197	1139	58
3583	1197	1140	57
3584	1221	1141	80
3585	1207	1135	72
3586	1192	1144	48
3587	1195	1141	54
3588	1205	1138	67
3589	1206	1138	68
3590	1211	1145	66
3591	1213	1142	71
3592	1191	1142	49
3593	1174	1150	24
3594	1195	1142	53
3595	1184	1146	38
3596	1195	1154	41
3597	1213	1164	49
3598	1185	1149	36
3599	1188	1147	41
3600	1213	1136	77
3601	1197	1138	59
3602	1185	1142	43
3603	1180	1144	36
3604	1217	1147	70
3605	1218	1137	81
3606	1218	1144	74
3607	1210	1153	57
3608	1215	1159	56
3609	1208	1156	52
3610	1210	1145	65
3611	1204	1135	69
3612	1202	1135	67
3613	1191	1144	47
3614	1186	1146	40
3615	1164	1147	17
3616	1204	1143	61
3617	1223	1147	76
3618	1203	1142	61
3619	1199	1130	69
3620	1215	1138	77
3621	1211	1141	70
3622	1201	1138	63
3623	1172	1143	29
3624	1172	1143	29
3625	1195	1140	55
3626	1191	1138	53
3627	1184	1140	44
3628	1232	1145	87
3629	1211	1151	60
3630	1196	1149	47
3631	1201	1148	53
3632	1204	1152	52
3633	1190	1151	39
3634	1195	1141	54
3635	1198	1143	55
3636	1194	1152	42
3637	1196	1152	44
3638	1191	1150	41
3639	1189	1153	36
3640	1194	1159	35
3641	1187	1148	39
3642	1200	1143	57
3643	1211	1148	63
3644	1208	1147	61
3645	1208	1143	65
3646	1190	1143	47
3647	1172	1141	31
3648	1184	1147	37
