index	original	background	difference
-----------------------------------------------------
1	1181	1099	82
2	1177	1102	75
3	1188	1106	82
4	1164	1108	56
5	1175	1105	70
6	1161	1099	62
7	1154	1105	49
8	1140	1107	33
9	1169	1109	60
10	1172	1109	63
11	1176	1111	65
12	1160	1110	50
13	1160	1111	49
14	1190	1120	70
15	1200	1130	70
16	1179	1117	62
17	1158	1111	47
18	1161	1111	50
19	1178	1123	55
20	1195	1116	79
21	1187	1102	85
22	1157	1121	36
23	1168	1117	51
24	1169	1121	48
25	1183	1121	62
26	1196	1122	74
27	1208	1126	82
28	1186	1123	63
29	1195	1118	77
30	1189	1116	73
31	1192	1124	68
32	1182	1123	59
33	1194	1128	66
34	1173	1131	42
35	1187	1125	62
36	1196	1128	68
37	1204	1122	82
38	1209	1126	83
39	1196	1125	71
40	1192	1128	64
41	1196	1123	73
42	1217	1114	103
43	1236	1124	112
44	1196	1139	57
45	1189	1133	56
46	1206	1125	81
47	1207	1128	79
48	1202	1137	65
49	1204	1143	61
50	1192	1136	56
51	1192	1138	54
52	1191	1139	52
53	1216	1136	80
54	1210	1138	72
55	1207	1130	77
56	1182	1132	50
57	1197	1126	71
58	1201	1130	71
59	1206	1141	65
60	1211	1130	81
61	1218	1126	92
62	1205	1138	67
63	1194	1144	50
64	1189	1140	49
65	1205	1132	73
66	1214	1129	85
67	1209	1131	78
68	1216	1131	85
69	1226	1136	90
70	1222	1134	88
71	1221	1135	86
72	1221	1142	79
73	1243	1152	91
74	1230	1147	83
75	1228	1140	88
76	1211	1141	70
77	1224	1142	82
78	1213	1147	66
79	1210	1147	63
80	1209	1142	67
81	1241	1137	104
82	1221	1132	89
83	1211	1129	82
84	1200	1131	69
85	1216	1137	79
86	1215	1133	82
87	1197	1137	60
88	1223	1146	77
89	1216	1149	67
90	1198	1145	53
91	1208	1140	68
92	1221	1138	83
93	1261	1140	121
94	1220	1138	82
95	1228	1139	89
96	1222	1136	86
97	1230	1140	90
98	1236	1146	90
99	1240	1142	98
100	1248	1135	113
101	1236	1141	95
102	1240	1140	100
103	1255	1135	120
104	1246	1139	107
105	1260	1152	108
106	1264	1144	120
107	1256	1138	118
108	1226	1141	85
109	1242	1145	97
110	1256	1142	114
111	1256	1135	121
112	1258	1136	122
113	1252	1138	114
114	1246	1132	114
115	1258	1136	122
116	1265	1129	136
117	1279	1132	147
118	1264	1140	124
119	1284	1144	140
120	1286	1139	147
121	1265	1140	125
122	1270	1146	124
123	1283	1139	144
124	1249	1137	112
125	1265	1134	131
126	1266	1130	136
127	1281	1134	147
128	1286	1135	151
129	1278	1142	136
130	1281	1149	132
131	1288	1159	129
132	1271	1156	115
133	1280	1146	134
134	1285	1141	144
135	1288	1136	152
136	1291	1139	152
137	1294	1138	156
138	1274	1142	132
139	1294	1144	150
140	1279	1144	135
141	1276	1144	132
142	1286	1134	152
143	1290	1141	149
144	1294	1145	149
145	1307	1140	167
146	1297	1141	156
147	1304	1151	153
148	1289	1144	145
149	1273	1134	139
150	1294	1137	157
151	1326	1144	182
152	1299	1141	158
153	1335	1144	191
154	1329	1143	186
155	1316	1138	178
156	1313	1138	175
157	1309	1140	169
158	1287	1143	144
159	1301	1152	149
160	1305	1146	159
161	1326	1140	186
162	1320	1144	176
163	1343	1145	198
164	1300	1139	161
165	1294	1148	146
166	1303	1145	158
167	1328	1142	186
168	1349	1139	210
169	1332	1142	190
170	1317	1137	180
171	1340	1143	197
172	1311	1146	165
173	1306	1154	152
174	1340	1145	195
175	1346	1139	207
176	1316	1139	177
177	1330	1137	193
178	1320	1143	177
179	1354	1145	209
180	1352	1134	218
181	1340	1132	208
182	1329	1134	195
183	1328	1133	195
184	1338	1140	198
185	1340	1143	197
186	1359	1153	206
187	1349	1152	197
188	1327	1145	182
189	1354	1151	203
190	1358	1149	209
191	1369	1150	219
192	1373	1136	237
193	1365	1126	239
194	1367	1130	237
195	1389	1153	236
196	1368	1147	221
197	1360	1146	214
198	1375	1145	230
199	1377	1150	227
200	1377	1146	231
201	1388	1146	242
202	1368	1135	233
203	1393	1132	261
204	1380	1139	241
205	1382	1146	236
206	1395	1143	252
207	1408	1139	269
208	1414	1152	262
209	1423	1152	271
210	1392	1145	247
211	1417	1137	280
212	1405	1140	265
213	1388	1137	251
214	1403	1136	267
215	1426	1134	292
216	1411	1135	276
217	1400	1141	259
218	1410	1148	262
219	1414	1144	270
220	1401	1132	269
221	1428	1128	300
222	1441	1132	309
223	1439	1138	301
224	1436	1138	298
225	1431	1136	295
226	1424	1134	290
227	1416	1130	286
228	1431	1132	299
229	1436	1146	290
230	1439	1145	294
231	1461	1138	323
232	1457	1139	318
233	1451	1140	311
234	1439	1139	300
235	1462	1132	330
236	1478	1134	344
237	1476	1144	332
238	1465	1145	320
239	1477	1147	330
240	1470	1150	320
241	1480	1150	330
242	1482	1137	345
243	1481	1138	343
244	1493	1144	349
245	1480	1157	323
246	1491	1149	342
247	1504	1148	356
248	1516	1143	373
249	1516	1137	379
250	1524	1145	379
251	1529	1140	389
252	1506	1141	365
253	1501	1148	353
254	1493	1146	347
255	1508	1151	357
256	1517	1137	380
257	1533	1142	391
258	1552	1151	401
259	1548	1150	398
260	1544	1143	401
261	1540	1140	400
262	1538	1133	405
263	1567	1139	428
264	1563	1142	421
265	1564	1136	428
266	1568	1138	430
267	1537	1136	401
268	1540	1135	405
269	1565	1141	424
270	1585	1142	443
271	1589	1148	441
272	1574	1148	426
273	1594	1149	445
274	1585	1138	447
275	1589	1139	450
276	1615	1147	468
277	1623	1143	480
278	1634	1146	488
279	1630	1140	490
280	1608	1130	478
281	1610	1136	474
282	1609	1145	464
283	1608	1139	469
284	1601	1139	462
285	1633	1148	485
286	1637	1146	491
287	1655	1152	503
288	1636	1152	484
289	1650	1150	500
290	1653	1150	503
291	1658	1147	511
292	1667	1140	527
293	1686	1146	540
294	1709	1142	567
295	1721	1143	578
296	1694	1148	546
297	1698	1158	540
298	1701	1153	548
299	1704	1147	557
300	1678	1142	536
301	1677	1150	527
302	1678	1143	535
303	1714	1149	565
304	1738	1147	591
305	1758	1135	623
306	1748	1123	625
307	1768	1134	634
308	1761	1148	613
309	1781	1143	638
310	1775	1144	631
311	1752	1139	613
312	1776	1128	648
313	1807	1137	670
314	1793	1142	651
315	1801	1143	658
316	1808	1135	673
317	1809	1130	679
318	1806	1134	672
319	1825	1136	689
320	1826	1140	686
321	1867	1138	729
322	1850	1138	712
323	1867	1133	734
324	1872	1131	741
325	1845	1136	709
326	1838	1139	699
327	1846	1143	703
328	1854	1154	700
329	1884	1150	734
330	1912	1151	761
331	1930	1159	771
332	1916	1148	768
333	1902	1151	751
334	1908	1142	766
335	1916	1139	777
336	1942	1149	793
337	1981	1139	842
338	1994	1140	854
339	2008	1146	862
340	1975	1150	825
341	1970	1158	812
342	1985	1149	836
343	1973	1140	833
344	1973	1136	837
345	1989	1145	844
346	2021	1141	880
347	2000	1144	856
348	2007	1145	862
349	2060	1143	917
350	2045	1142	903
351	2051	1141	910
352	2069	1137	932
353	2061	1140	921
354	2070	1143	927
355	2099	1147	952
356	2096	1140	956
357	2088	1141	947
358	2084	1143	941
359	2117	1143	974
360	2134	1146	988
361	2141	1148	993
362	2138	1140	998
363	2144	1134	1010
364	2117	1136	981
365	2145	1129	1016
366	2165	1125	1040
367	2149	1144	1005
368	2144	1136	1008
369	2167	1140	1027
370	2136	1142	994
371	2155	1146	1009
372	2210	1151	1059
373	2224	1143	1081
374	2204	1140	1064
375	2214	1139	1075
376	2216	1140	1076
377	2214	1150	1064
378	2255	1153	1102
379	2283	1142	1141
380	2265	1131	1134
381	2294	1141	1153
382	2292	1150	1142
383	2270	1153	1117
384	2285	1140	1145
385	2313	1141	1172
386	2275	1135	1140
387	2281	1141	1140
388	2264	1149	1115
389	2281	1132	1149
390	2301	1135	1166
391	2330	1155	1175
392	2321	1154	1167
393	2354	1147	1207
394	2359	1151	1208
395	2348	1153	1195
396	2359	1147	1212
397	2368	1148	1220
398	2409	1156	1253
399	2364	1150	1214
400	2372	1152	1220
401	2384	1155	1229
402	2394	1142	1252
403	2436	1151	1285
404	2435	1142	1293
405	2412	1140	1272
406	2426	1146	1280
407	2434	1144	1290
408	2390	1141	1249
409	2412	1141	1271
410	2429	1147	1282
411	2433	1150	1283
412	2464	1143	1321
413	2481	1154	1327
414	2484	1146	1338
415	2473	1142	1331
416	2433	1136	1297
417	2459	1134	1325
418	2516	1133	1383
419	2527	1140	1387
420	2493	1151	1342
421	2528	1149	1379
422	2536	1148	1388
423	2515	1147	1368
424	2509	1142	1367
425	2544	1142	1402
426	2533	1142	1391
427	2556	1144	1412
428	2577	1146	1431
429	2601	1150	1451
430	2561	1147	1414
431	2558	1143	1415
432	2570	1135	1435
433	2567	1143	1424
434	2547	1146	1401
435	2578	1147	1431
436	2587	1140	1447
437	2635	1131	1504
438	2629	1145	1484
439	2583	1146	1437
440	2626	1151	1475
441	2614	1148	1466
442	2621	1151	1470
443	2633	1148	1485
444	2666	1141	1525
445	2646	1142	1504
446	2640	1130	1510
447	2661	1143	1518
448	2691	1153	1538
449	2687	1149	1538
450	2652	1145	1507
451	2654	1146	1508
452	2664	1147	1517
453	2677	1147	1530
454	2644	1138	1506
455	2695	1139	1556
456	2704	1133	1571
457	2689	1135	1554
458	2692	1139	1553
459	2738	1150	1588
460	2735	1148	1587
461	2730	1134	1596
462	2697	1134	1563
463	2717	1134	1583
464	2749	1132	1617
465	2730	1138	1592
466	2734	1141	1593
467	2802	1150	1652
468	2783	1147	1636
469	2752	1156	1596
470	2779	1153	1626
471	2788	1137	1651
472	2745	1130	1615
473	2807	1137	1670
474	2805	1136	1669
475	2825	1133	1692
476	2825	1142	1683
477	2835	1148	1687
478	2812	1143	1669
479	2818	1141	1677
480	2826	1150	1676
481	2841	1141	1700
482	2874	1132	1742
483	2812	1148	1664
484	2780	1146	1634
485	2869	1143	1726
486	2879	1136	1743
487	2885	1141	1744
488	2889	1141	1748
489	2910	1129	1781
490	2901	1127	1774
491	2855	1140	1715
492	2884	1140	1744
493	2929	1145	1784
494	2939	1139	1800
495	2948	1140	1808
496	2974	1146	1828
497	2957	1156	1801
498	2983	1150	1833
499	2991	1149	1842
500	2969	1145	1824
501	2963	1138	1825
502	2955	1141	1814
503	2982	1141	1841
504	3046	1142	1904
505	3017	1142	1875
506	2949	1141	1808
507	2968	1153	1815
508	2991	1158	1833
509	3003	1132	1871
510	2974	1122	1852
511	3026	1136	1890
512	3068	1147	1921
513	3080	1153	1927
514	3065	1134	1931
515	3042	1141	1901
516	3082	1146	1936
517	3112	1144	1968
518	3073	1139	1934
519	3093	1136	1957
520	3099	1139	1960
521	3087	1144	1943
522	3087	1139	1948
523	3110	1133	1977
524	3077	1143	1934
525	3105	1138	1967
526	3107	1144	1963
527	3129	1147	1982
528	3112	1139	1973
529	3132	1133	1999
530	3127	1122	2005
531	3103	1133	1970
532	3116	1136	1980
533	3120	1143	1977
534	3146	1141	2005
535	3196	1134	2062
536	3213	1131	2082
537	3191	1144	2047
538	3140	1138	2002
539	3148	1134	2014
540	3168	1134	2034
541	3190	1142	2048
542	3210	1151	2059
543	3241	1144	2097
544	3244	1145	2099
545	3238	1148	2090
546	3200	1141	2059
547	3225	1140	2085
548	3250	1145	2105
549	3273	1142	2131
550	3295	1144	2151
551	3252	1142	2110
552	3299	1135	2164
553	3324	1147	2177
554	3317	1150	2167
555	3342	1144	2198
556	3335	1144	2191
557	3364	1153	2211
558	3367	1146	2221
559	3398	1142	2256
560	3354	1147	2207
561	3366	1147	2219
562	3409	1132	2277
563	3381	1130	2251
564	3397	1149	2248
565	3414	1144	2270
566	3400	1147	2253
567	3416	1140	2276
568	3438	1131	2307
569	3446	1148	2298
570	3449	1155	2294
571	3439	1149	2290
572	3491	1140	2351
573	3479	1140	2339
574	3464	1137	2327
575	3516	1139	2377
576	3495	1146	2349
577	3476	1147	2329
578	3510	1149	2361
579	3522	1137	2385
580	3514	1136	2378
581	3520	1144	2376
582	3549	1139	2410
583	3610	1142	2468
584	3617	1150	2467
585	3607	1155	2452
586	3614	1149	2465
587	3617	1148	2469
588	3608	1145	2463
589	3581	1147	2434
590	3644	1141	2503
591	3679	1145	2534
592	3635	1137	2498
593	3629	1124	2505
594	3637	1133	2504
595	3719	1151	2568
596	3740	1152	2588
597	3693	1138	2555
598	3657	1138	2519
599	3647	1152	2495
600	3715	1144	2571
601	3762	1142	2620
602	3786	1144	2642
603	3818	1141	2677
604	3771	1147	2624
605	3744	1145	2599
606	3738	1145	2593
607	3769	1147	2622
608	3795	1142	2653
609	3764	1142	2622
610	3803	1140	2663
611	3865	1149	2716
612	3869	1142	2727
613	3866	1140	2726
614	3838	1146	2692
615	3846	1147	2699
616	3921	1144	2777
617	3921	1140	2781
618	3893	1137	2756
619	3886	1141	2745
620	3910	1139	2771
621	3939	1132	2807
622	3933	1133	2800
623	3933	1137	2796
624	3973	1144	2829
625	3986	1145	2841
626	3998	1148	2850
627	4041	1156	2885
628	4030	1146	2884
629	3990	1141	2849
630	3977	1144	2833
631	3978	1138	2840
632	3993	1140	2853
633	4014	1145	2869
634	4031	1141	2890
635	4050	1148	2902
636	4028	1141	2887
637	4012	1142	2870
638	3981	1143	2838
639	4032	1141	2891
640	4105	1132	2973
641	4047	1132	2915
642	3987	1132	2855
643	4038	1134	2904
644	4076	1134	2942
645	4125	1147	2978
646	4082	1150	2932
647	4064	1149	2915
648	4103	1146	2957
649	4144	1146	2998
650	4171	1143	3028
651	4139	1148	2991
652	4112	1141	2971
653	4185	1144	3041
654	4185	1146	3039
655	4097	1137	2960
656	4121	1143	2978
657	4107	1145	2962
658	4123	1142	2981
659	4179	1152	3027
660	4180	1145	3035
661	4191	1143	3048
662	4231	1135	3096
663	4211	1133	3078
664	4209	1136	3073
665	4219	1148	3071
666	4164	1150	3014
667	4151	1152	2999
668	4180	1143	3037
669	4222	1141	3081
670	4195	1142	3053
671	4205	1146	3059
672	4194	1152	3042
673	4198	1149	3049
674	4209	1141	3068
675	4194	1154	3040
676	4207	1146	3061
677	4195	1141	3054
678	4182	1151	3031
679	4209	1138	3071
680	4239	1132	3107
681	4251	1146	3105
682	4255	1145	3110
683	4239	1138	3101
684	4263	1144	3119
685	4190	1143	3047
686	4233	1146	3087
687	4269	1143	3126
688	4237	1146	3091
689	4203	1143	3060
690	4253	1140	3113
691	4307	1139	3168
692	4246	1148	3098
693	4250	1154	3096
694	4264	1145	3119
695	4228	1137	3091
696	4174	1142	3032
697	4234	1140	3094
698	4223	1147	3076
699	4185	1148	3037
700	4255	1148	3107
701	4263	1154	3109
702	4245	1143	3102
703	4274	1154	3120
704	4279	1153	3126
705	4314	1149	3165
706	4356	1147	3209
707	4345	1163	3182
708	4306	1147	3159
709	4278	1142	3136
710	4222	1147	3075
711	4245	1142	3103
712	4270	1129	3141
713	4262	1145	3117
714	4256	1148	3108
715	4300	1142	3158
716	4251	1137	3114
717	4233	1132	3101
718	4288	1143	3145
719	4283	1147	3136
720	4263	1141	3122
721	4268	1141	3127
722	4279	1137	3142
723	4306	1137	3169
724	4263	1138	3125
725	4236	1148	3088
726	4283	1148	3135
727	4284	1144	3140
728	4237	1130	3107
729	4262	1126	3136
730	4289	1137	3152
731	4263	1144	3119
732	4258	1134	3124
733	4280	1141	3139
734	4304	1139	3165
735	4242	1143	3099
736	4279	1146	3133
737	4236	1137	3099
738	4202	1135	3067
739	4264	1136	3128
740	4237	1144	3093
741	4299	1146	3153
742	4296	1148	3148
743	4264	1147	3117
744	4215	1133	3082
745	4210	1137	3073
746	4224	1139	3085
747	4202	1142	3060
748	4179	1147	3032
749	4246	1142	3104
750	4254	1134	3120
751	4268	1141	3127
752	4173	1142	3031
753	4161	1135	3026
754	4197	1143	3054
755	4189	1150	3039
756	4202	1135	3067
757	4230	1135	3095
758	4224	1145	3079
759	4218	1148	3070
760	4272	1139	3133
761	4229	1148	3081
762	4193	1143	3050
763	4244	1143	3101
764	4213	1146	3067
765	4232	1137	3095
766	4286	1140	3146
767	4212	1142	3070
768	4217	1141	3076
769	4231	1150	3081
770	4206	1138	3068
771	4222	1129	3093
772	4218	1130	3088
773	4224	1145	3079
774	4262	1144	3118
775	4287	1145	3142
776	4246	1136	3110
777	4254	1147	3107
778	4272	1155	3117
779	4342	1145	3197
780	4286	1144	3142
781	4232	1154	3078
782	4275	1151	3124
783	4274	1141	3133
784	4260	1135	3125
785	4209	1134	3075
786	4231	1143	3088
787	4238	1132	3106
788	4247	1136	3111
789	4228	1135	3093
790	4241	1128	3113
791	4299	1132	3167
792	4271	1139	3132
793	4268	1132	3136
794	4273	1138	3135
795	4262	1147	3115
796	4220	1145	3075
797	4228	1150	3078
798	4209	1154	3055
799	4246	1145	3101
800	4234	1142	3092
801	4236	1142	3094
802	4284	1147	3137
803	4314	1150	3164
804	4345	1149	3196
805	4262	1151	3111
806	4265	1137	3128
807	4341	1148	3193
808	4337	1142	3195
809	4357	1140	3217
810	4346	1133	3213
811	4311	1136	3175
812	4290	1131	3159
813	4365	1125	3240
814	4423	1136	3287
815	4457	1143	3314
816	4370	1144	3226
817	4319	1149	3170
818	4362	1144	3218
819	4312	1144	3168
820	4194	1146	3048
821	4282	1150	3132
822	4344	1133	3211
823	4332	1137	3195
824	4348	1151	3197
825	4428	1139	3289
826	4412	1123	3289
827	4378	1138	3240
828	4401	1145	3256
829	4416	1142	3274
830	4436	1139	3297
831	4458	1132	3326
832	4420	1139	3281
833	4426	1146	3280
834	4435	1139	3296
835	4446	1154	3292
836	4444	1153	3291
837	4449	1147	3302
838	4437	1138	3299
839	4461	1141	3320
840	4489	1141	3348
841	4468	1135	3333
842	4447	1130	3317
843	4463	1133	3330
844	4447	1140	3307
845	4467	1142	3325
846	4473	1146	3327
847	4492	1148	3344
848	4457	1135	3322
849	4480	1144	3336
850	4481	1140	3341
851	4427	1140	3287
852	4409	1132	3277
853	4440	1129	3311
854	4457	1137	3320
855	4459	1142	3317
856	4452	1131	3321
857	4493	1123	3370
858	4534	1134	3400
859	4536	1142	3394
860	4556	1143	3413
861	4590	1146	3444
862	4624	1155	3469
863	4671	1147	3524
864	4648	1137	3511
865	4702	1142	3560
866	4638	1125	3513
867	4603	1135	3468
868	4631	1157	3474
869	4697	1150	3547
870	4620	1149	3471
871	4643	1143	3500
872	4664	1135	3529
873	4677	1136	3541
874	4737	1127	3610
875	4700	1136	3564
876	4776	1143	3633
877	4786	1146	3640
878	4729	1141	3588
879	4718	1140	3578
880	4771	1140	3631
881	4811	1140	3671
882	4803	1143	3660
883	4818	1145	3673
884	4825	1139	3686
885	4804	1135	3669
886	4824	1140	3684
887	4833	1148	3685
888	4803	1140	3663
889	4761	1130	3631
890	4826	1138	3688
891	4840	1139	3701
892	4819	1134	3685
893	4886	1145	3741
894	4808	1142	3666
895	4785	1139	3646
896	4821	1143	3678
897	4812	1139	3673
898	4837	1137	3700
899	4904	1140	3764
900	4891	1136	3755
901	4897	1132	3765
902	4849	1131	3718
903	4873	1140	3733
904	4881	1144	3737
905	4856	1136	3720
906	4898	1138	3760
907	4877	1142	3735
908	4915	1140	3775
909	4936	1139	3797
910	4931	1131	3800
911	5001	1140	3861
912	4983	1138	3845
913	5001	1140	3861
914	4990	1145	3845
915	5064	1144	3920
916	5121	1142	3979
917	5102	1155	3947
918	5095	1150	3945
919	5145	1132	4013
920	5110	1136	3974
921	5109	1144	3965
922	5153	1148	4005
923	5237	1155	4082
924	5282	1145	4137
925	5276	1134	4142
926	5292	1139	4153
927	5292	1142	4150
928	5274	1138	4136
929	5313	1135	4178
930	5286	1139	4147
931	5296	1144	4152
932	5265	1135	4130
933	5269	1142	4127
934	5264	1140	4124
935	5278	1134	4144
936	5315	1148	4167
937	5334	1145	4189
938	5371	1140	4231
939	5376	1144	4232
940	5350	1140	4210
941	5385	1143	4242
942	5334	1137	4197
943	5348	1136	4212
944	5435	1145	4290
945	5437	1143	4294
946	5367	1129	4238
947	5412	1134	4278
948	5406	1144	4262
949	5431	1151	4280
950	5461	1136	4325
951	5426	1141	4285
952	5384	1152	4232
953	5388	1147	4241
954	5410	1136	4274
955	5416	1141	4275
956	5458	1138	4320
957	5440	1140	4300
958	5445	1142	4303
959	5507	1139	4368
960	5434	1127	4307
961	5394	1132	4262
962	5435	1138	4297
963	5463	1136	4327
964	5450	1140	4310
965	5446	1146	4300
966	5441	1143	4298
967	5489	1144	4345
968	5402	1143	4259
969	5477	1140	4337
970	5574	1140	4434
971	5556	1144	4412
972	5497	1142	4355
973	5483	1142	4341
974	5524	1147	4377
975	5488	1139	4349
976	5482	1144	4338
977	5463	1153	4310
978	5483	1153	4330
979	5523	1146	4377
980	5543	1148	4395
981	5537	1143	4394
982	5510	1144	4366
983	5577	1147	4430
984	5569	1149	4420
985	5546	1151	4395
986	5561	1144	4417
987	5568	1136	4432
988	5549	1144	4405
989	5527	1145	4382
990	5513	1135	4378
991	5506	1142	4364
992	5535	1144	4391
993	5566	1146	4420
994	5567	1151	4416
995	5572	1147	4425
996	5483	1145	4338
997	5502	1138	4364
998	5486	1133	4353
999	5481	1131	4350
1000	5454	1135	4319
1001	5461	1145	4316
1002	5476	1152	4324
1003	5421	1149	4272
1004	5430	1138	4292
1005	5462	1131	4331
1006	5504	1143	4361
1007	5524	1151	4373
1008	5514	1142	4372
1009	5554	1134	4420
1010	5546	1132	4414
1011	5533	1143	4390
1012	5477	1142	4335
1013	5458	1134	4324
1014	5496	1136	4360
1015	5512	1148	4364
1016	5483	1140	4343
1017	5481	1143	4338
1018	5457	1139	4318
1019	5424	1139	4285
1020	5481	1137	4344
1021	5450	1141	4309
1022	5357	1147	4210
1023	5405	1138	4267
1024	5388	1126	4262
1025	5471	1142	4329
1026	5530	1143	4387
1027	5450	1148	4302
1028	5434	1146	4288
1029	5440	1140	4300
1030	5428	1137	4291
1031	5441	1139	4302
1032	5418	1138	4280
1033	5354	1143	4211
1034	5339	1134	4205
1035	5354	1136	4218
1036	5370	1141	4229
1037	5353	1143	4210
1038	5368	1137	4231
1039	5350	1138	4212
1040	5270	1132	4138
1041	5311	1142	4169
1042	5322	1139	4183
1043	5353	1139	4214
1044	5316	1139	4177
1045	5330	1138	4192
1046	5335	1138	4197
1047	5319	1140	4179
1048	5308	1149	4159
1049	5311	1145	4166
1050	5270	1144	4126
1051	5240	1148	4092
1052	5232	1137	4095
1053	5191	1140	4051
1054	5192	1138	4054
1055	5243	1142	4101
1056	5225	1145	4080
1057	5158	1151	4007
1058	5161	1151	4010
1059	5254	1152	4102
1060	5201	1151	4050
1061	5177	1142	4035
1062	5185	1148	4037
1063	5179	1149	4030
1064	5160	1147	4013
1065	5163	1153	4010
1066	5134	1155	3979
1067	5151	1155	3996
1068	5115	1155	3960
1069	5115	1150	3965
1070	5129	1137	3992
1071	5104	1142	3962
1072	5055	1144	3911
1073	5030	1144	3886
1074	5073	1147	3926
1075	5091	1152	3939
1076	4988	1156	3832
1077	4940	1148	3792
1078	4897	1141	3756
1079	4947	1145	3802
1080	5006	1145	3861
1081	4929	1139	3790
1082	4915	1139	3776
1083	4902	1142	3760
1084	4824	1141	3683
1085	4844	1144	3700
1086	4845	1145	3700
1087	4839	1140	3699
1088	4832	1151	3681
1089	4822	1155	3667
1090	4815	1139	3676
1091	4856	1139	3717
1092	4827	1144	3683
1093	4854	1150	3704
1094	4855	1147	3708
1095	4866	1144	3722
1096	4891	1143	3748
1097	4892	1143	3749
1098	4856	1150	3706
1099	4825	1150	3675
1100	4829	1145	3684
1101	4863	1134	3729
1102	4769	1135	3634
1103	4748	1139	3609
1104	4760	1148	3612
1105	4747	1139	3608
1106	4690	1128	3562
1107	4711	1131	3580
1108	4711	1136	3575
1109	4717	1137	3580
1110	4663	1137	3526
1111	4712	1138	3574
1112	4729	1134	3595
1113	4674	1132	3542
1114	4614	1150	3464
1115	4573	1145	3428
1116	4565	1140	3425
1117	4584	1136	3448
1118	4573	1135	3438
1119	4619	1140	3479
1120	4636	1146	3490
1121	4611	1145	3466
1122	4624	1144	3480
1123	4608	1141	3467
1124	4555	1145	3410
1125	4606	1156	3450
1126	4581	1146	3435
1127	4514	1142	3372
1128	4491	1142	3349
1129	4547	1131	3416
1130	4563	1138	3425
1131	4534	1141	3393
1132	4483	1134	3349
1133	4449	1139	3310
1134	4426	1140	3286
1135	4485	1144	3341
1136	4506	1145	3361
1137	4509	1147	3362
1138	4471	1142	3329
1139	4395	1141	3254
1140	4385	1147	3238
1141	4397	1150	3247
1142	4375	1147	3228
1143	4386	1151	3235
1144	4379	1140	3239
1145	4467	1139	3328
1146	4449	1136	3313
1147	4420	1139	3281
1148	4415	1146	3269
1149	4400	1140	3260
1150	4387	1138	3249
1151	4361	1139	3222
1152	4350	1144	3206
1153	4375	1144	3231
1154	4349	1129	3220
1155	4282	1129	3153
1156	4284	1152	3132
1157	4259	1152	3107
1158	4252	1139	3113
1159	4287	1138	3149
1160	4245	1139	3106
1161	4248	1140	3108
1162	4249	1138	3111
1163	4228	1137	3091
1164	4206	1139	3067
1165	4155	1140	3015
1166	4174	1131	3043
1167	4245	1134	3111
1168	4228	1137	3091
1169	4216	1146	3070
1170	4262	1143	3119
1171	4221	1144	3077
1172	4177	1141	3036
1173	4193	1137	3056
1174	4170	1133	3037
1175	4153	1138	3015
1176	4122	1145	2977
1177	4136	1157	2979
1178	4146	1153	2993
1179	4162	1149	3013
1180	4168	1148	3020
1181	4076	1138	2938
1182	4115	1138	2977
1183	4172	1148	3024
1184	4100	1146	2954
1185	4053	1141	2912
1186	4101	1144	2957
1187	4140	1145	2995
1188	4088	1143	2945
1189	4059	1149	2910
1190	4095	1147	2948
1191	4091	1145	2946
1192	4066	1152	2914
1193	4121	1136	2985
1194	4070	1142	2928
1195	4042	1148	2894
1196	4073	1136	2937
1197	4060	1130	2930
1198	4028	1136	2892
1199	4009	1141	2868
1200	4033	1149	2884
1201	4028	1146	2882
1202	4023	1135	2888
1203	3975	1133	2842
1204	3937	1143	2794
1205	3970	1150	2820
1206	3984	1149	2835
1207	3931	1132	2799
1208	3916	1134	2782
1209	3929	1142	2787
1210	3944	1152	2792
1211	3996	1156	2840
1212	3990	1141	2849
1213	3939	1143	2796
1214	3899	1148	2751
1215	3967	1142	2825
1216	3981	1136	2845
1217	3941	1147	2794
1218	3944	1141	2803
1219	3975	1138	2837
1220	3954	1150	2804
1221	3913	1155	2758
1222	3837	1146	2691
1223	3852	1149	2703
1224	3875	1136	2739
1225	3837	1132	2705
1226	3799	1141	2658
1227	3806	1144	2662
1228	3881	1137	2744
1229	3874	1147	2727
1230	3849	1134	2715
1231	3865	1144	2721
1232	3849	1148	2701
1233	3856	1150	2706
1234	3863	1140	2723
1235	3854	1144	2710
1236	3907	1143	2764
1237	3909	1145	2764
1238	3865	1149	2716
1239	3819	1141	2678
1240	3795	1144	2651
1241	3846	1149	2697
1242	3843	1154	2689
1243	3804	1139	2665
1244	3774	1131	2643
1245	3796	1147	2649
1246	3817	1146	2671
1247	3838	1136	2702
1248	3769	1138	2631
1249	3739	1143	2596
1250	3798	1140	2658
1251	3766	1144	2622
1252	3775	1153	2622
1253	3779	1149	2630
1254	3718	1147	2571
1255	3699	1156	2543
1256	3716	1158	2558
1257	3684	1150	2534
1258	3683	1138	2545
1259	3722	1142	2580
1260	3693	1148	2545
1261	3719	1157	2562
1262	3720	1151	2569
1263	3767	1147	2620
1264	3759	1144	2615
1265	3741	1151	2590
1266	3679	1149	2530
1267	3655	1140	2515
1268	3700	1134	2566
1269	3678	1139	2539
1270	3632	1140	2492
1271	3636	1138	2498
1272	3657	1141	2516
1273	3715	1141	2574
1274	3669	1142	2527
1275	3643	1152	2491
1276	3710	1144	2566
1277	3680	1139	2541
1278	3645	1150	2495
1279	3697	1144	2553
1280	3628	1149	2479
1281	3606	1150	2456
1282	3648	1139	2509
1283	3624	1148	2476
1284	3633	1137	2496
1285	3588	1138	2450
1286	3579	1148	2431
1287	3635	1154	2481
1288	3582	1150	2432
1289	3556	1142	2414
1290	3566	1143	2423
1291	3534	1152	2382
1292	3542	1140	2402
1293	3504	1139	2365
1294	3460	1149	2311
1295	3521	1152	2369
1296	3537	1148	2389
1297	3539	1151	2388
1298	3508	1149	2359
1299	3482	1157	2325
1300	3486	1156	2330
1301	3528	1148	2380
1302	3491	1143	2348
1303	3501	1140	2361
1304	3521	1139	2382
1305	3468	1149	2319
1306	3478	1155	2323
1307	3480	1145	2335
1308	3445	1132	2313
1309	3455	1139	2316
1310	3414	1144	2270
1311	3435	1147	2288
1312	3445	1136	2309
1313	3408	1141	2267
1314	3440	1135	2305
1315	3432	1139	2293
1316	3350	1145	2205
1317	3373	1148	2225
1318	3429	1142	2287
1319	3425	1144	2281
1320	3418	1148	2270
1321	3369	1146	2223
1322	3379	1141	2238
1323	3392	1136	2256
1324	3408	1143	2265
1325	3354	1137	2217
1326	3341	1140	2201
1327	3342	1141	2201
1328	3321	1131	2190
1329	3317	1135	2182
1330	3329	1141	2188
1331	3337	1148	2189
1332	3352	1134	2218
1333	3258	1135	2123
1334	3245	1133	2112
1335	3240	1136	2104
1336	3271	1158	2113
1337	3276	1160	2116
1338	3281	1133	2148
1339	3227	1141	2086
1340	3229	1149	2080
1341	3260	1141	2119
1342	3222	1144	2078
1343	3210	1158	2052
1344	3212	1153	2059
1345	3223	1137	2086
1346	3183	1133	2050
1347	3145	1142	2003
1348	3144	1140	2004
1349	3160	1145	2015
1350	3145	1146	1999
1351	3166	1142	2024
1352	3151	1146	2005
1353	3133	1147	1986
1354	3137	1144	1993
1355	3142	1145	1997
1356	3099	1148	1951
1357	3054	1148	1906
1358	3053	1139	1914
1359	3087	1144	1943
1360	3106	1152	1954
1361	3070	1151	1919
1362	3079	1149	1930
1363	3059	1151	1908
1364	3033	1156	1877
1365	3012	1154	1858
1366	3041	1149	1892
1367	3000	1146	1854
1368	2928	1149	1779
1369	2898	1154	1744
1370	2930	1154	1776
1371	2938	1145	1793
1372	2953	1131	1822
1373	2925	1135	1790
1374	2928	1150	1778
1375	2914	1159	1755
1376	2923	1144	1779
1377	2893	1145	1748
1378	2831	1143	1688
1379	2847	1137	1710
1380	2831	1140	1691
1381	2810	1140	1670
1382	2793	1139	1654
1383	2844	1144	1700
1384	2828	1152	1676
1385	2814	1140	1674
1386	2830	1137	1693
1387	2847	1139	1708
1388	2786	1142	1644
1389	2778	1148	1630
1390	2738	1140	1598
1391	2717	1143	1574
1392	2679	1148	1531
1393	2672	1141	1531
1394	2663	1142	1521
1395	2603	1138	1465
1396	2645	1131	1514
1397	2663	1139	1524
1398	2638	1142	1496
1399	2599	1140	1459
1400	2623	1140	1483
1401	2658	1147	1511
1402	2593	1140	1453
1403	2585	1142	1443
1404	2591	1141	1450
1405	2602	1131	1471
1406	2585	1147	1438
1407	2562	1148	1414
1408	2517	1140	1377
1409	2511	1149	1362
1410	2538	1152	1386
1411	2553	1146	1407
1412	2534	1148	1386
1413	2498	1147	1351
1414	2491	1135	1356
1415	2488	1134	1354
1416	2491	1155	1336
1417	2466	1155	1311
1418	2445	1146	1299
1419	2477	1142	1335
1420	2448	1142	1306
1421	2405	1151	1254
1422	2368	1153	1215
1423	2372	1149	1223
1424	2355	1144	1211
1425	2331	1142	1189
1426	2320	1139	1181
1427	2322	1143	1179
1428	2322	1136	1186
1429	2335	1137	1198
1430	2319	1140	1179
1431	2300	1151	1149
1432	2283	1148	1135
1433	2292	1148	1144
1434	2256	1135	1121
1435	2243	1140	1103
1436	2246	1148	1098
1437	2231	1150	1081
1438	2241	1142	1099
1439	2252	1140	1112
1440	2226	1146	1080
1441	2239	1143	1096
1442	2208	1150	1058
1443	2162	1142	1020
1444	2167	1149	1018
1445	2172	1154	1018
1446	2129	1148	981
1447	2113	1149	964
1448	2113	1146	967
1449	2108	1140	968
1450	2081	1139	942
1451	2088	1150	938
1452	2105	1151	954
1453	2068	1136	932
1454	2091	1133	958
1455	2111	1142	969
1456	2078	1144	934
1457	2068	1146	922
1458	2061	1142	919
1459	2035	1138	897
1460	2006	1144	862
1461	2000	1143	857
1462	2010	1134	876
1463	2028	1137	891
1464	1993	1128	865
1465	1973	1137	836
1466	1964	1143	821
1467	1961	1142	819
1468	1951	1143	808
1469	1944	1145	799
1470	1941	1150	791
1471	1951	1149	802
1472	1913	1151	762
1473	1895	1147	748
1474	1891	1144	747
1475	1868	1148	720
1476	1874	1152	722
1477	1878	1154	724
1478	1863	1145	718
1479	1863	1149	714
1480	1851	1145	706
1481	1838	1137	701
1482	1845	1144	701
1483	1828	1149	679
1484	1819	1140	679
1485	1817	1145	672
1486	1788	1147	641
1487	1825	1142	683
1488	1821	1146	675
1489	1796	1149	647
1490	1748	1147	601
1491	1768	1149	619
1492	1785	1153	632
1493	1749	1159	590
1494	1732	1148	584
1495	1752	1155	597
1496	1745	1146	599
1497	1748	1141	607
1498	1694	1143	551
1499	1692	1152	540
1500	1719	1143	576
1501	1724	1138	586
1502	1722	1138	584
1503	1696	1148	548
1504	1685	1146	539
1505	1675	1148	527
1506	1636	1144	492
1507	1651	1146	505
1508	1646	1157	489
1509	1662	1146	516
1510	1678	1143	535
1511	1685	1147	538
1512	1645	1148	497
1513	1625	1145	480
1514	1645	1140	505
1515	1637	1146	491
1516	1592	1147	445
1517	1602	1139	463
1518	1592	1138	454
1519	1594	1156	438
1520	1604	1150	454
1521	1608	1151	457
1522	1591	1152	439
1523	1575	1150	425
1524	1559	1147	412
1525	1564	1143	421
1526	1556	1144	412
1527	1551	1143	408
1528	1549	1145	404
1529	1540	1150	390
1530	1561	1143	418
1531	1572	1145	427
1532	1556	1150	406
1533	1531	1144	387
1534	1534	1144	390
1535	1551	1152	399
1536	1527	1147	380
1537	1512	1142	370
1538	1486	1133	353
1539	1482	1141	341
1540	1478	1145	333
1541	1518	1147	371
1542	1539	1140	399
1543	1495	1143	352
1544	1472	1151	321
1545	1480	1148	332
1546	1477	1144	333
1547	1473	1142	331
1548	1451	1145	306
1549	1458	1143	315
1550	1446	1134	312
1551	1464	1142	322
1552	1449	1143	306
1553	1437	1141	296
1554	1449	1144	305
1555	1434	1148	286
1556	1425	1141	284
1557	1446	1141	305
1558	1449	1136	313
1559	1447	1142	305
1560	1434	1144	290
1561	1425	1148	277
1562	1419	1146	273
1563	1435	1147	288
1564	1437	1138	299
1565	1433	1131	302
1566	1412	1136	276
1567	1409	1142	267
1568	1413	1144	269
1569	1419	1143	276
1570	1393	1140	253
1571	1386	1140	246
1572	1394	1140	254
1573	1393	1144	249
1574	1371	1143	228
1575	1395	1147	248
1576	1409	1145	264
1577	1419	1150	269
1578	1392	1148	244
1579	1390	1159	231
1580	1354	1157	197
1581	1359	1157	202
1582	1381	1161	220
1583	1377	1150	227
1584	1379	1141	238
1585	1377	1148	229
1586	1357	1151	206
1587	1346	1145	201
1588	1362	1140	222
1589	1372	1140	232
1590	1372	1151	221
1591	1367	1154	213
1592	1361	1142	219
1593	1369	1142	227
1594	1348	1145	203
1595	1362	1145	217
1596	1387	1142	245
1597	1379	1136	243
1598	1345	1137	208
1599	1356	1150	206
1600	1345	1146	199
1601	1354	1154	200
1602	1365	1151	214
1603	1358	1140	218
1604	1330	1138	192
1605	1357	1145	212
1606	1353	1141	212
1607	1361	1139	222
1608	1351	1140	211
1609	1355	1151	204
1610	1332	1155	177
1611	1320	1150	170
1612	1301	1134	167
1613	1317	1146	171
1614	1314	1150	164
1615	1301	1132	169
1616	1306	1130	176
1617	1329	1143	186
1618	1296	1145	151
1619	1322	1134	188
1620	1338	1131	207
1621	1322	1142	180
1622	1329	1142	187
1623	1328	1146	182
1624	1295	1137	158
1625	1305	1145	160
1626	1321	1145	176
1627	1323	1138	185
1628	1332	1147	185
1629	1312	1148	164
1630	1291	1144	147
1631	1298	1147	151
1632	1312	1133	179
1633	1311	1141	170
1634	1289	1147	142
1635	1280	1142	138
1636	1286	1141	145
1637	1286	1141	145
1638	1304	1131	173
1639	1324	1138	186
1640	1310	1142	168
1641	1302	1150	152
1642	1316	1141	175
1643	1298	1141	157
1644	1277	1144	133
1645	1285	1152	133
1646	1288	1145	143
1647	1306	1141	165
1648	1301	1142	159
1649	1294	1145	149
1650	1280	1142	138
1651	1278	1147	131
1652	1286	1151	135
1653	1288	1145	143
1654	1290	1136	154
1655	1290	1131	159
1656	1279	1143	136
1657	1283	1143	140
1658	1300	1141	159
1659	1307	1143	164
1660	1311	1137	174
1661	1290	1143	147
1662	1291	1137	154
1663	1310	1134	176
1664	1303	1150	153
1665	1284	1151	133
1666	1280	1140	140
1667	1282	1142	140
1668	1304	1151	153
1669	1284	1151	133
1670	1268	1139	129
1671	1272	1128	144
1672	1282	1138	144
1673	1291	1142	149
1674	1280	1147	133
1675	1299	1145	154
1676	1277	1136	141
1677	1272	1134	138
1678	1272	1138	134
1679	1295	1130	165
1680	1275	1126	149
1681	1279	1144	135
1682	1296	1148	148
1683	1315	1142	173
1684	1289	1147	142
1685	1288	1141	147
1686	1293	1144	149
1687	1310	1139	171
1688	1279	1142	137
1689	1289	1143	146
1690	1283	1131	152
1691	1281	1142	139
1692	1266	1151	115
1693	1292	1142	150
1694	1291	1145	146
1695	1278	1148	130
1696	1274	1139	135
1697	1277	1143	134
1698	1270	1147	123
1699	1271	1151	120
1700	1269	1142	127
1701	1285	1141	144
1702	1301	1139	162
1703	1303	1139	164
1704	1270	1143	127
1705	1256	1145	111
1706	1263	1137	126
1707	1279	1143	136
1708	1276	1155	121
1709	1260	1151	109
1710	1260	1152	108
1711	1256	1147	109
1712	1268	1147	121
1713	1282	1144	138
1714	1307	1151	156
1715	1286	1148	138
1716	1287	1143	144
1717	1291	1148	143
1718	1274	1146	128
1719	1266	1148	118
1720	1263	1144	119
1721	1275	1144	131
1722	1260	1143	117
1723	1265	1141	124
1724	1266	1138	128
1725	1268	1151	117
1726	1265	1151	114
1727	1266	1139	127
1728	1258	1140	118
1729	1266	1150	116
1730	1265	1147	118
1731	1265	1148	117
1732	1263	1158	105
1733	1268	1145	123
1734	1252	1143	109
1735	1240	1151	89
1736	1259	1135	124
1737	1277	1139	138
1738	1275	1137	138
1739	1257	1140	117
1740	1256	1142	114
1741	1267	1145	122
1742	1260	1148	112
1743	1259	1153	106
1744	1261	1139	122
1745	1279	1138	141
1746	1278	1153	125
1747	1292	1157	135
1748	1277	1152	125
1749	1252	1152	100
1750	1259	1158	101
1751	1252	1155	97
1752	1234	1139	95
1753	1239	1142	97
1754	1247	1146	101
1755	1242	1149	93
1756	1243	1145	98
1757	1223	1141	82
1758	1223	1139	84
1759	1231	1146	85
1760	1241	1150	91
1761	1240	1141	99
1762	1224	1151	73
1763	1250	1150	100
1764	1264	1144	120
1765	1254	1148	106
1766	1240	1142	98
1767	1239	1132	107
1768	1241	1131	110
1769	1221	1134	87
1770	1210	1143	67
1771	1248	1147	101
1772	1238	1148	90
1773	1262	1143	119
1774	1255	1140	115
1775	1246	1142	104
1776	1224	1149	75
1777	1229	1154	75
1778	1215	1144	71
1779	1204	1139	65
1780	1222	1140	82
1781	1238	1145	93
1782	1262	1151	111
1783	1256	1151	105
1784	1238	1149	89
1785	1233	1156	77
1786	1207	1144	63
1787	1231	1144	87
1788	1260	1142	118
1789	1253	1146	107
1790	1246	1151	95
1791	1253	1150	103
1792	1260	1146	114
1793	1253	1145	108
1794	1250	1150	100
1795	1249	1145	104
1796	1239	1132	107
1797	1253	1141	112
1798	1228	1144	84
1799	1232	1146	86
1800	1228	1135	93
1801	1218	1148	70
1802	1225	1154	71
1803	1235	1151	84
1804	1240	1144	96
1805	1241	1137	104
1806	1214	1136	78
1807	1221	1140	81
1808	1218	1144	74
1809	1224	1144	80
1810	1229	1141	88
1811	1220	1146	74
1812	1231	1140	91
1813	1236	1132	104
1814	1215	1140	75
1815	1242	1145	97
1816	1222	1143	79
1817	1222	1147	75
1818	1203	1135	68
1819	1211	1142	69
1820	1216	1144	72
1821	1207	1144	63
1822	1218	1154	64
1823	1225	1150	75
1824	1224	1144	80
1825	1233	1138	95
1826	1200	1129	71
1827	1206	1145	61
1828	1218	1140	78
1829	1213	1143	70
1830	1210	1137	73
1831	1238	1140	98
1832	1232	1138	94
1833	1207	1140	67
1834	1222	1141	81
1835	1242	1133	109
1836	1233	1141	92
1837	1222	1147	75
1838	1223	1134	89
1839	1233	1139	94
1840	1217	1142	75
1841	1220	1135	85
1842	1221	1137	84
1843	1214	1146	68
1844	1203	1150	53
1845	1217	1143	74
1846	1227	1135	92
1847	1235	1139	96
1848	1230	1150	80
1849	1214	1153	61
1850	1229	1153	76
1851	1246	1148	98
1852	1229	1141	88
1853	1217	1138	79
1854	1212	1143	69
1855	1229	1146	83
1856	1234	1147	87
1857	1234	1138	96
1858	1225	1137	88
1859	1228	1137	91
1860	1229	1139	90
1861	1224	1157	67
1862	1239	1152	87
1863	1234	1136	98
1864	1225	1147	78
1865	1228	1150	78
1866	1238	1135	103
1867	1229	1137	92
1868	1232	1143	89
1869	1230	1136	94
1870	1216	1137	79
1871	1225	1145	80
1872	1217	1139	78
1873	1229	1144	85
1874	1226	1149	77
1875	1230	1149	81
1876	1230	1147	83
1877	1235	1142	93
1878	1237	1142	95
1879	1216	1144	72
1880	1201	1153	48
1881	1211	1149	62
1882	1209	1143	66
1883	1218	1141	77
1884	1212	1152	60
1885	1219	1151	68
1886	1221	1150	71
1887	1234	1144	90
1888	1233	1136	97
1889	1242	1149	93
1890	1230	1150	80
1891	1242	1138	104
1892	1225	1133	92
1893	1215	1145	70
1894	1211	1151	60
1895	1202	1149	53
1896	1216	1148	68
1897	1217	1144	73
1898	1238	1138	100
1899	1238	1145	93
1900	1231	1143	88
1901	1229	1142	87
1902	1229	1140	89
1903	1250	1135	115
1904	1228	1124	104
1905	1206	1130	76
1906	1213	1131	82
1907	1254	1142	112
1908	1232	1141	91
1909	1207	1139	68
1910	1220	1150	70
1911	1219	1148	71
1912	1225	1145	80
1913	1228	1136	92
1914	1226	1140	86
1915	1231	1141	90
1916	1217	1136	81
1917	1220	1145	75
1918	1232	1142	90
1919	1243	1140	103
1920	1230	1146	84
1921	1223	1143	80
1922	1214	1146	68
1923	1197	1133	64
1924	1199	1138	61
1925	1221	1149	72
1926	1216	1141	75
1927	1221	1140	81
1928	1221	1139	82
1929	1225	1136	89
1930	1229	1136	93
1931	1215	1134	81
1932	1206	1130	76
1933	1219	1134	85
1934	1211	1142	69
1935	1216	1149	67
1936	1206	1143	63
1937	1216	1138	78
1938	1217	1135	82
1939	1228	1139	89
1940	1227	1143	84
1941	1225	1141	84
1942	1218	1133	85
1943	1228	1140	88
1944	1225	1147	78
1945	1232	1155	77
1946	1230	1143	87
1947	1228	1145	83
1948	1208	1155	53
1949	1228	1154	74
1950	1228	1145	83
1951	1215	1145	70
1952	1204	1148	56
1953	1209	1146	63
1954	1218	1142	76
1955	1230	1138	92
1956	1221	1143	78
1957	1201	1135	66
1958	1206	1141	65
1959	1239	1142	97
1960	1235	1137	98
1961	1239	1149	90
1962	1226	1147	79
1963	1199	1140	59
1964	1193	1152	41
1965	1224	1147	77
1966	1242	1138	104
1967	1242	1137	105
1968	1245	1147	98
1969	1254	1144	110
1970	1251	1141	110
1971	1236	1137	99
1972	1227	1141	86
1973	1230	1135	95
1974	1227	1138	89
1975	1217	1136	81
1976	1225	1131	94
1977	1246	1140	106
1978	1220	1133	87
1979	1220	1136	84
1980	1210	1148	62
1981	1213	1143	70
1982	1213	1145	68
1983	1233	1151	82
1984	1218	1140	78
1985	1222	1138	84
1986	1223	1132	91
1987	1236	1125	111
1988	1227	1130	97
1989	1245	1144	101
1990	1243	1145	98
1991	1239	1147	92
1992	1214	1146	68
1993	1200	1147	53
1994	1213	1145	68
1995	1208	1141	67
1996	1211	1147	64
1997	1215	1145	70
1998	1213	1148	65
1999	1221	1148	73
2000	1213	1138	75
2001	1240	1133	107
2002	1237	1137	100
2003	1241	1144	97
2004	1209	1138	71
2005	1208	1140	68
2006	1215	1140	75
2007	1235	1136	99
2008	1246	1131	115
2009	1239	1137	102
2010	1224	1152	72
2011	1218	1148	70
2012	1227	1141	86
2013	1210	1145	65
2014	1224	1143	81
2015	1227	1144	83
2016	1216	1137	79
2017	1227	1140	87
2018	1205	1145	60
2019	1215	1146	69
2020	1223	1156	67
2021	1230	1158	72
2022	1237	1138	99
2023	1228	1139	89
2024	1233	1140	93
2025	1227	1142	85
2026	1212	1142	70
2027	1230	1145	85
2028	1223	1149	74
2029	1229	1145	84
2030	1235	1140	95
2031	1224	1138	86
2032	1225	1139	86
2033	1213	1146	67
2034	1226	1147	79
2035	1218	1140	78
2036	1219	1144	75
2037	1222	1154	68
2038	1209	1144	65
2039	1206	1146	60
2040	1219	1147	72
2041	1224	1146	78
2042	1215	1141	74
2043	1226	1133	93
2044	1215	1133	82
2045	1211	1138	73
2046	1202	1138	64
2047	1199	1144	55
2048	1203	1143	60
2049	1211	1148	63
2050	1212	1151	61
2051	1225	1144	81
2052	1212	1143	69
2053	1221	1144	77
2054	1212	1145	67
2055	1226	1142	84
2056	1209	1148	61
2057	1216	1157	59
2058	1201	1149	52
2059	1210	1144	66
2060	1220	1143	77
2061	1221	1143	78
2062	1222	1138	84
2063	1231	1138	93
2064	1220	1141	79
2065	1217	1147	70
2066	1229	1143	86
2067	1232	1143	89
2068	1207	1140	67
2069	1194	1143	51
2070	1222	1147	75
2071	1244	1141	103
2072	1240	1141	99
2073	1247	1141	106
2074	1215	1145	70
2075	1233	1146	87
2076	1215	1141	74
2077	1235	1143	92
2078	1214	1148	66
2079	1199	1145	54
2080	1233	1143	90
2081	1236	1140	96
2082	1202	1138	64
2083	1217	1141	76
2084	1237	1149	88
2085	1233	1147	86
2086	1214	1144	70
2087	1215	1155	60
2088	1214	1157	57
2089	1226	1159	67
2090	1206	1150	56
2091	1211	1147	64
2092	1236	1143	93
2093	1228	1147	81
2094	1213	1155	58
2095	1195	1150	45
2096	1192	1140	52
2097	1222	1146	76
2098	1241	1145	96
2099	1244	1146	98
2100	1248	1143	105
2101	1231	1142	89
2102	1203	1146	57
2103	1215	1146	69
2104	1214	1145	69
2105	1214	1149	65
2106	1214	1146	68
2107	1221	1148	73
2108	1209	1142	67
2109	1213	1137	76
2110	1235	1142	93
2111	1245	1152	93
2112	1223	1149	74
2113	1230	1143	87
2114	1223	1155	68
2115	1228	1157	71
2116	1235	1149	86
2117	1241	1142	99
2118	1238	1136	102
2119	1239	1143	96
2120	1219	1138	81
2121	1226	1133	93
2122	1237	1133	104
2123	1239	1139	100
2124	1218	1142	76
2125	1224	1143	81
2126	1242	1138	104
2127	1236	1151	85
2128	1221	1165	56
2129	1238	1155	83
2130	1246	1143	103
2131	1234	1149	85
2132	1225	1145	80
2133	1237	1152	85
2134	1249	1147	102
2135	1251	1143	108
2136	1233	1146	87
2137	1241	1146	95
2138	1244	1143	101
2139	1240	1146	94
2140	1240	1154	86
2141	1248	1154	94
2142	1251	1164	87
2143	1234	1147	87
2144	1229	1140	89
2145	1257	1144	113
2146	1265	1140	125
2147	1268	1144	124
2148	1253	1142	111
2149	1252	1152	100
2150	1253	1148	105
2151	1272	1144	128
2152	1264	1135	129
2153	1255	1148	107
2154	1262	1151	111
2155	1263	1146	117
2156	1269	1152	117
2157	1253	1148	105
2158	1274	1141	133
2159	1302	1152	150
2160	1286	1146	140
2161	1272	1146	126
2162	1261	1146	115
2163	1285	1142	143
2164	1284	1139	145
2165	1271	1146	125
2166	1273	1151	122
2167	1268	1141	127
2168	1288	1146	142
2169	1298	1141	157
2170	1290	1138	152
2171	1293	1139	154
2172	1281	1143	138
2173	1280	1138	142
2174	1281	1139	142
2175	1302	1152	150
2176	1309	1149	160
2177	1306	1148	158
2178	1298	1145	153
2179	1332	1150	182
2180	1332	1145	187
2181	1326	1144	182
2182	1328	1156	172
2183	1312	1146	166
2184	1315	1140	175
2185	1317	1147	170
2186	1327	1152	175
2187	1351	1155	196
2188	1340	1149	191
2189	1358	1149	209
2190	1353	1149	204
2191	1353	1138	215
2192	1376	1142	234
2193	1379	1141	238
2194	1364	1138	226
2195	1372	1145	227
2196	1368	1144	224
2197	1382	1140	242
2198	1402	1134	268
2199	1383	1137	246
2200	1394	1150	244
2201	1401	1145	256
2202	1412	1136	276
2203	1419	1136	283
2204	1430	1147	283
2205	1427	1151	276
2206	1425	1141	284
2207	1432	1140	292
2208	1427	1138	289
2209	1419	1139	280
2210	1451	1144	307
2211	1450	1152	298
2212	1463	1150	313
2213	1484	1147	337
2214	1487	1150	337
2215	1492	1154	338
2216	1473	1149	324
2217	1510	1144	366
2218	1522	1138	384
2219	1509	1128	381
2220	1524	1137	387
2221	1544	1146	398
2222	1547	1141	406
2223	1548	1137	411
2224	1509	1140	369
2225	1519	1141	378
2226	1560	1145	415
2227	1593	1145	448
2228	1586	1145	441
2229	1567	1152	415
2230	1555	1146	409
2231	1594	1139	455
2232	1611	1144	467
2233	1615	1147	468
2234	1604	1141	463
2235	1595	1142	453
2236	1589	1142	447
2237	1617	1148	469
2238	1667	1139	528
2239	1659	1134	525
2240	1643	1134	509
2241	1700	1144	556
2242	1679	1145	534
2243	1681	1156	525
2244	1683	1149	534
2245	1689	1145	544
2246	1704	1148	556
2247	1713	1139	574
2248	1702	1140	562
2249	1720	1140	580
2250	1730	1135	595
2251	1763	1138	625
2252	1786	1147	639
2253	1833	1137	696
2254	1859	1135	724
2255	1878	1141	737
2256	1866	1147	719
2257	1900	1157	743
2258	1940	1155	785
2259	1960	1148	812
2260	1987	1136	851
2261	2030	1131	899
2262	2023	1147	876
2263	2049	1147	902
2264	2071	1141	930
2265	2079	1147	932
2266	2081	1158	923
2267	2112	1152	960
2268	2148	1141	1007
2269	2173	1147	1026
2270	2188	1146	1042
2271	2175	1149	1026
2272	2181	1144	1037
2273	2257	1148	1109
2274	2262	1147	1115
2275	2295	1138	1157
2276	2316	1137	1179
2277	2336	1149	1187
2278	2345	1145	1200
2279	2370	1141	1229
2280	2363	1149	1214
2281	2397	1150	1247
2282	2453	1153	1300
2283	2471	1151	1320
2284	2469	1148	1321
2285	2490	1136	1354
2286	2521	1140	1381
2287	2597	1147	1450
2288	2598	1151	1447
2289	2626	1149	1477
2290	2602	1145	1457
2291	2591	1149	1442
2292	2608	1153	1455
2293	2611	1147	1464
2294	2656	1147	1509
2295	2708	1159	1549
2296	2730	1148	1582
2297	2772	1145	1627
2298	2764	1144	1620
2299	2803	1148	1655
2300	2812	1139	1673
2301	2813	1138	1675
2302	2849	1138	1711
2303	2887	1143	1744
2304	2932	1142	1790
2305	2916	1152	1764
2306	2935	1149	1786
2307	2979	1138	1841
2308	3003	1134	1869
2309	3020	1131	1889
2310	3025	1133	1892
2311	3063	1139	1924
2312	3114	1139	1975
2313	3111	1139	1972
2314	3101	1151	1950
2315	3181	1150	2031
2316	3177	1149	2028
2317	3172	1148	2024
2318	3225	1146	2079
2319	3264	1143	2121
2320	3264	1142	2122
2321	3325	1143	2182
2322	3346	1147	2199
2323	3392	1154	2238
2324	3412	1138	2274
2325	3437	1145	2292
2326	3425	1152	2273
2327	3476	1165	2311
2328	3497	1168	2329
2329	3439	1155	2284
2330	3514	1140	2374
2331	3612	1137	2475
2332	3614	1144	2470
2333	3578	1143	2435
2334	3600	1142	2458
2335	3678	1149	2529
2336	3703	1155	2548
2337	3743	1149	2594
2338	3778	1153	2625
2339	3793	1152	2641
2340	3802	1140	2662
2341	3794	1138	2656
2342	3791	1129	2662
2343	3845	1129	2716
2344	3948	1138	2810
2345	3971	1140	2831
2346	3948	1143	2805
2347	3998	1152	2846
2348	4022	1148	2874
2349	4020	1144	2876
2350	4025	1139	2886
2351	4079	1157	2922
2352	4156	1150	3006
2353	4202	1139	3063
2354	4157	1143	3014
2355	4183	1148	3035
2356	4205	1146	3059
2357	4246	1145	3101
2358	4278	1139	3139
2359	4326	1152	3174
2360	4334	1155	3179
2361	4323	1144	3179
2362	4370	1138	3232
2363	4428	1144	3284
2364	4427	1143	3284
2365	4431	1141	3290
2366	4458	1140	3318
2367	4474	1140	3334
2368	4503	1143	3360
2369	4564	1147	3417
2370	4625	1139	3486
2371	4646	1129	3517
2372	4648	1133	3515
2373	4673	1137	3536
2374	4677	1138	3539
2375	4706	1143	3563
2376	4716	1148	3568
2377	4696	1142	3554
2378	4786	1141	3645
2379	4843	1148	3695
2380	4794	1153	3641
2381	4859	1160	3699
2382	4876	1158	3718
2383	4839	1148	3691
2384	4900	1149	3751
2385	4974	1150	3824
2386	4912	1151	3761
2387	4925	1154	3771
2388	5024	1145	3879
2389	5003	1153	3850
2390	4979	1157	3822
2391	5054	1145	3909
2392	5072	1152	3920
2393	5138	1156	3982
2394	5157	1145	4012
2395	5171	1141	4030
2396	5133	1139	3994
2397	5224	1148	4076
2398	5261	1149	4112
2399	5286	1148	4138
2400	5377	1147	4230
2401	5375	1147	4228
2402	5373	1145	4228
2403	5353	1147	4206
2404	5334	1142	4192
2405	5410	1139	4271
2406	5471	1129	4342
2407	5491	1138	4353
2408	5540	1144	4396
2409	5520	1142	4378
2410	5497	1153	4344
2411	5544	1161	4383
2412	5541	1149	4392
2413	5569	1136	4433
2414	5613	1129	4484
2415	5579	1138	4441
2416	5584	1145	4439
2417	5654	1145	4509
2418	5671	1141	4530
2419	5699	1145	4554
2420	5687	1128	4559
2421	5729	1141	4588
2422	5767	1140	4627
2423	5778	1137	4641
2424	5803	1136	4667
2425	5894	1145	4749
2426	5907	1146	4761
2427	5848	1149	4699
2428	5895	1140	4755
2429	5896	1141	4755
2430	5905	1141	4764
2431	6013	1135	4878
2432	6011	1142	4869
2433	5989	1134	4855
2434	6024	1128	4896
2435	6110	1134	4976
2436	6072	1140	4932
2437	6038	1145	4893
2438	6099	1135	4964
2439	6137	1138	4999
2440	6083	1135	4948
2441	6111	1143	4968
2442	6152	1150	5002
2443	6158	1147	5011
2444	6244	1138	5106
2445	6257	1143	5114
2446	6271	1138	5133
2447	6307	1129	5178
2448	6365	1141	5224
2449	6411	1137	5274
2450	6267	1143	5124
2451	6307	1148	5159
2452	6364	1147	5217
2453	6425	1144	5281
2454	6462	1133	5329
2455	6476	1141	5335
2456	6454	1140	5314
2457	6485	1145	5340
2458	6530	1148	5382
2459	6530	1151	5379
2460	6540	1141	5399
2461	6519	1134	5385
2462	6484	1137	5347
2463	6548	1140	5408
2464	6659	1149	5510
2465	6702	1146	5556
2466	6735	1140	5595
2467	6810	1144	5666
2468	6789	1142	5647
2469	6832	1149	5683
2470	6789	1145	5644
2471	6777	1142	5635
2472	6687	1151	5536
2473	6730	1146	5584
2474	6811	1142	5669
2475	6814	1144	5670
2476	6836	1136	5700
2477	6892	1143	5749
2478	6955	1145	5810
2479	6920	1149	5771
2480	6960	1140	5820
2481	7011	1130	5881
2482	6936	1141	5795
2483	6968	1147	5821
2484	6986	1135	5851
2485	7010	1136	5874
2486	6957	1142	5815
2487	7037	1148	5889
2488	7163	1144	6019
2489	7131	1147	5984
2490	7104	1141	5963
2491	7152	1149	6003
2492	7112	1141	5971
2493	7168	1138	6030
2494	7132	1143	5989
2495	7129	1138	5991
2496	7195	1148	6047
2497	7218	1151	6067
2498	7265	1143	6122
2499	7292	1140	6152
2500	7246	1139	6107
2501	7248	1142	6106
2502	7258	1141	6117
2503	7275	1139	6136
2504	7298	1138	6160
2505	7305	1144	6161
2506	7349	1137	6212
2507	7320	1135	6185
2508	7274	1138	6136
2509	7429	1140	6289
2510	7481	1129	6352
2511	7432	1132	6300
2512	7439	1141	6298
2513	7503	1147	6356
2514	7447	1143	6304
2515	7393	1141	6252
2516	7388	1142	6246
2517	7510	1149	6361
2518	7631	1139	6492
2519	7612	1143	6469
2520	7602	1153	6449
2521	7596	1152	6444
2522	7578	1143	6435
2523	7642	1144	6498
2524	7702	1149	6553
2525	7637	1143	6494
2526	7704	1135	6569
2527	7685	1142	6543
2528	7672	1140	6532
2529	7758	1140	6618
2530	7741	1138	6603
2531	7791	1139	6652
2532	7762	1147	6615
2533	7706	1144	6562
2534	7765	1147	6618
2535	7738	1147	6591
2536	7781	1154	6627
2537	7856	1146	6710
2538	7825	1138	6687
2539	7826	1146	6680
2540	7815	1141	6674
2541	7939	1142	6797
2542	7929	1148	6781
2543	7895	1140	6755
2544	7940	1137	6803
2545	7928	1151	6777
2546	7949	1148	6801
2547	8020	1143	6877
2548	7924	1138	6786
2549	7990	1139	6851
2550	8050	1129	6921
2551	8036	1128	6908
2552	7994	1130	6864
2553	7982	1143	6839
2554	8103	1148	6955
2555	8123	1148	6975
2556	8096	1146	6950
2557	8089	1150	6939
2558	8107	1148	6959
2559	8149	1143	7006
2560	8158	1143	7015
2561	8211	1134	7077
2562	8162	1137	7025
2563	8183	1141	7042
2564	8249	1144	7105
2565	8349	1142	7207
2566	8329	1145	7184
2567	8284	1142	7142
2568	8294	1141	7153
2569	8303	1138	7165
2570	8299	1149	7150
2571	8264	1147	7117
2572	8335	1143	7192
2573	8334	1150	7184
2574	8329	1153	7176
2575	8405	1145	7260
2576	8412	1137	7275
2577	8416	1137	7279
2578	8377	1135	7242
2579	8383	1142	7241
2580	8440	1150	7290
2581	8524	1149	7375
2582	8477	1144	7333
2583	8424	1142	7282
2584	8507	1143	7364
2585	8500	1141	7359
2586	8440	1148	7292
2587	8544	1150	7394
2588	8591	1149	7442
2589	8508	1152	7356
2590	8538	1145	7393
2591	8640	1144	7496
2592	8595	1143	7452
2593	8519	1137	7382
2594	8593	1133	7460
2595	8637	1137	7500
2596	8698	1139	7559
2597	8658	1142	7516
2598	8616	1142	7474
2599	8676	1132	7544
2600	8665	1126	7539
2601	8704	1139	7565
2602	8645	1142	7503
2603	8637	1142	7495
2604	8670	1146	7524
2605	8652	1147	7505
2606	8732	1148	7584
2607	8740	1138	7602
2608	8816	1135	7681
2609	8755	1142	7613
2610	8697	1134	7563
2611	8744	1139	7605
2612	8824	1149	7675
2613	8836	1140	7696
2614	8824	1143	7681
2615	8823	1147	7676
2616	8777	1149	7628
2617	8793	1162	7631
2618	8762	1149	7613
2619	8717	1150	7567
2620	8713	1150	7563
2621	8750	1141	7609
2622	8794	1137	7657
2623	8859	1141	7718
2624	8912	1141	7771
2625	8909	1147	7762
2626	8895	1148	7747
2627	8873	1144	7729
2628	8852	1139	7713
2629	8878	1144	7734
2630	8901	1140	7761
2631	8906	1140	7766
2632	8942	1149	7793
2633	9012	1145	7867
2634	8943	1147	7796
2635	8882	1149	7733
2636	8899	1142	7757
2637	8997	1143	7854
2638	8988	1156	7832
2639	9016	1154	7862
2640	8980	1136	7844
2641	9000	1138	7862
2642	8950	1146	7804
2643	8952	1145	7807
2644	9061	1142	7919
2645	9124	1151	7973
2646	9070	1143	7927
2647	9049	1145	7904
2648	9084	1147	7937
2649	9119	1151	7968
2650	9028	1142	7886
2651	9040	1143	7897
2652	9050	1135	7915
2653	8977	1140	7837
2654	9072	1136	7936
2655	9114	1136	7978
2656	9057	1155	7902
2657	9119	1153	7966
2658	9059	1154	7905
2659	9058	1150	7908
2660	9080	1140	7940
2661	9093	1142	7951
2662	9015	1144	7871
2663	9039	1145	7894
2664	9043	1152	7891
2665	9107	1147	7960
2666	9171	1153	8018
2667	9062	1155	7907
2668	9050	1148	7902
2669	9091	1146	7945
2670	9086	1150	7936
2671	9078	1149	7929
2672	9086	1144	7942
2673	9138	1147	7991
2674	9178	1163	8015
2675	9104	1152	7952
2676	9073	1143	7930
2677	9173	1143	8030
2678	9196	1144	8052
2679	9135	1143	7992
2680	9060	1142	7918
2681	9020	1150	7870
2682	9100	1157	7943
2683	9152	1153	7999
2684	9109	1142	7967
2685	9076	1150	7926
2686	9115	1148	7967
2687	9068	1153	7915
2688	9118	1160	7958
2689	9141	1153	7988
2690	9066	1148	7918
2691	9060	1139	7921
2692	9106	1135	7971
2693	9092	1136	7956
2694	9067	1149	7918
2695	9154	1149	8005
2696	9139	1144	7995
2697	9059	1139	7920
2698	9109	1137	7972
2699	9191	1140	8051
2700	9155	1142	8013
2701	9110	1144	7966
2702	9068	1137	7931
2703	9165	1143	8022
2704	9059	1150	7909
2705	9093	1141	7952
2706	9054	1138	7916
2707	9015	1142	7873
2708	9033	1143	7890
2709	9031	1143	7888
2710	9025	1139	7886
2711	9074	1140	7934
2712	9075	1137	7938
2713	9037	1138	7899
2714	9027	1145	7882
2715	9011	1153	7858
2716	9088	1143	7945
2717	9057	1137	7920
2718	9031	1140	7891
2719	9098	1148	7950
2720	9058	1155	7903
2721	9054	1149	7905
2722	9041	1152	7889
2723	9034	1152	7882
2724	8966	1148	7818
2725	9022	1140	7882
2726	9027	1140	7887
2727	9059	1139	7920
2728	9037	1122	7915
2729	8993	1130	7863
2730	8944	1142	7802
2731	8997	1148	7849
2732	8953	1140	7813
2733	8904	1147	7757
2734	9045	1151	7894
2735	9085	1139	7946
2736	9022	1143	7879
2737	8924	1143	7781
2738	8901	1138	7763
2739	9037	1138	7899
2740	8960	1138	7822
2741	8948	1146	7802
2742	8944	1152	7792
2743	8939	1149	7790
2744	8921	1145	7776
2745	8955	1161	7794
2746	8990	1161	7829
2747	8979	1147	7832
2748	8941	1140	7801
2749	8930	1148	7782
2750	8897	1149	7748
2751	8907	1144	7763
2752	8977	1143	7834
2753	8869	1157	7712
2754	8848	1151	7697
2755	8866	1154	7712
2756	8766	1152	7614
2757	8722	1139	7583
2758	8711	1148	7563
2759	8777	1153	7624
2760	8744	1146	7598
2761	8686	1150	7536
2762	8717	1148	7569
2763	8724	1146	7578
2764	8705	1146	7559
2765	8729	1141	7588
2766	8613	1137	7476
2767	8648	1139	7509
2768	8770	1144	7626
2769	8762	1141	7621
2770	8849	1133	7716
2771	8856	1140	7716
2772	8766	1143	7623
2773	8767	1140	7627
2774	8717	1137	7580
2775	8811	1134	7677
2776	8768	1147	7621
2777	8702	1142	7560
2778	8685	1133	7552
2779	8773	1145	7628
2780	8744	1136	7608
2781	8782	1145	7637
2782	8759	1140	7619
2783	8685	1135	7550
2784	8682	1153	7529
2785	8780	1151	7629
2786	8654	1132	7522
2787	8629	1139	7490
2788	8615	1142	7473
2789	8673	1140	7533
2790	8655	1143	7512
2791	8641	1137	7504
2792	8635	1143	7492
2793	8514	1150	7364
2794	8516	1147	7369
2795	8487	1146	7341
2796	8411	1146	7265
2797	8463	1154	7309
2798	8549	1142	7407
2799	8541	1139	7402
2800	8467	1136	7331
2801	8469	1147	7322
2802	8429	1150	7279
2803	8462	1149	7313
2804	8448	1151	7297
2805	8428	1145	7283
2806	8425	1146	7279
2807	8484	1153	7331
2808	8429	1147	7282
2809	8385	1144	7241
2810	8359	1141	7218
2811	8445	1143	7302
2812	8433	1146	7287
2813	8408	1146	7262
2814	8374	1141	7233
2815	8267	1133	7134
2816	8264	1135	7129
2817	8271	1144	7127
2818	8214	1154	7060
2819	8244	1155	7089
2820	8265	1142	7123
2821	8260	1150	7110
2822	8316	1147	7169
2823	8276	1146	7130
2824	8257	1142	7115
2825	8238	1139	7099
2826	8216	1144	7072
2827	8257	1151	7106
2828	8239	1144	7095
2829	8119	1144	6975
2830	8140	1149	6991
2831	8110	1142	6968
2832	8067	1142	6925
2833	8083	1150	6933
2834	8053	1156	6897
2835	8001	1153	6848
2836	7971	1150	6821
2837	7934	1155	6779
2838	7952	1156	6796
2839	7993	1155	6838
2840	7989	1149	6840
2841	7963	1144	6819
2842	7921	1146	6775
2843	7924	1149	6775
2844	7967	1144	6823
2845	7975	1142	6833
2846	7920	1137	6783
2847	7865	1147	6718
2848	7885	1141	6744
2849	7822	1138	6684
2850	7812	1150	6662
2851	7816	1145	6671
2852	7804	1128	6676
2853	7829	1130	6699
2854	7738	1143	6595
2855	7686	1139	6547
2856	7665	1139	6526
2857	7715	1140	6575
2858	7704	1141	6563
2859	7639	1140	6499
2860	7631	1143	6488
2861	7646	1152	6494
2862	7658	1150	6508
2863	7600	1145	6455
2864	7576	1139	6437
2865	7469	1153	6316
2866	7504	1158	6346
2867	7486	1152	6334
2868	7521	1151	6370
2869	7543	1154	6389
2870	7537	1151	6386
2871	7482	1150	6332
2872	7405	1137	6268
2873	7433	1143	6290
2874	7475	1134	6341
2875	7458	1139	6319
2876	7465	1141	6324
2877	7386	1148	6238
2878	7315	1151	6164
2879	7370	1146	6224
2880	7333	1139	6194
2881	7218	1140	6078
2882	7233	1139	6094
2883	7273	1144	6129
2884	7284	1141	6143
2885	7204	1135	6069
2886	7239	1145	6094
2887	7232	1157	6075
2888	7162	1137	6025
2889	7059	1129	5930
2890	7068	1134	5934
2891	7057	1147	5910
2892	6990	1148	5842
2893	6965	1150	5815
2894	6949	1154	5795
2895	7014	1147	5867
2896	6942	1144	5798
2897	6880	1152	5728
2898	6945	1148	5797
2899	6929	1144	5785
2900	6813	1145	5668
2901	6796	1138	5658
2902	6797	1138	5659
2903	6818	1136	5682
2904	6875	1146	5729
2905	6936	1153	5783
2906	6792	1147	5645
2907	6757	1148	5609
2908	6701	1141	5560
2909	6696	1146	5550
2910	6689	1141	5548
2911	6673	1138	5535
2912	6645	1148	5497
2913	6614	1144	5470
2914	6577	1149	5428
2915	6565	1148	5417
2916	6611	1146	5465
2917	6609	1144	5465
2918	6515	1138	5377
2919	6527	1139	5388
2920	6596	1138	5458
2921	6540	1138	5402
2922	6477	1145	5332
2923	6456	1147	5309
2924	6541	1155	5386
2925	6511	1149	5362
2926	6459	1141	5318
2927	6385	1140	5245
2928	6428	1140	5288
2929	6432	1136	5296
2930	6365	1142	5223
2931	6401	1140	5261
2932	6397	1149	5248
2933	6310	1150	5160
2934	6282	1147	5135
2935	6352	1154	5198
2936	6244	1148	5096
2937	6232	1145	5087
2938	6258	1144	5114
2939	6151	1153	4998
2940	6116	1146	4970
2941	6186	1143	5043
2942	6128	1143	4985
2943	6127	1138	4989
2944	6106	1141	4965
2945	5950	1151	4799
2946	5955	1147	4808
2947	6001	1149	4852
2948	6002	1145	4857
2949	6003	1142	4861
2950	5982	1141	4841
2951	5972	1143	4829
2952	5935	1143	4792
2953	5983	1141	4842
2954	5950	1135	4815
2955	5931	1141	4790
2956	5949	1147	4802
2957	5885	1138	4747
2958	5832	1139	4693
2959	5850	1145	4705
2960	5855	1150	4705
2961	5859	1148	4711
2962	5814	1147	4667
2963	5813	1151	4662
2964	5808	1151	4657
2965	5735	1142	4593
2966	5746	1136	4610
2967	5737	1147	4590
2968	5768	1142	4626
2969	5731	1136	4595
2970	5672	1130	4542
2971	5698	1143	4555
2972	5694	1150	4544
2973	5594	1148	4446
2974	5607	1146	4461
2975	5557	1150	4407
2976	5505	1154	4351
2977	5550	1156	4394
2978	5529	1148	4381
2979	5474	1147	4327
2980	5456	1157	4299
2981	5481	1155	4326
2982	5415	1149	4266
2983	5403	1153	4250
2984	5363	1147	4216
2985	5351	1149	4202
2986	5380	1148	4232
2987	5351	1140	4211
2988	5407	1137	4270
2989	5364	1139	4225
2990	5316	1145	4171
2991	5333	1147	4186
2992	5248	1140	4108
2993	5244	1147	4097
2994	5236	1140	4096
2995	5168	1146	4022
2996	5128	1150	3978
2997	5046	1143	3903
2998	5003	1138	3865
2999	4949	1135	3814
3000	4978	1144	3834
3001	5007	1143	3864
3002	4895	1137	3758
3003	4878	1143	3735
3004	4872	1143	3729
3005	4885	1139	3746
3006	4921	1137	3784
3007	4870	1151	3719
3008	4865	1151	3714
3009	4929	1146	3783
3010	4859	1134	3725
3011	4872	1136	3736
3012	4892	1137	3755
3013	4863	1145	3718
3014	4816	1138	3678
3015	4827	1149	3678
3016	4840	1146	3694
3017	4798	1150	3648
3018	4740	1153	3587
3019	4726	1145	3581
3020	4734	1138	3596
3021	4618	1141	3477
3022	4561	1141	3420
3023	4603	1142	3461
3024	4596	1140	3456
3025	4622	1142	3480
3026	4631	1144	3487
3027	4546	1152	3394
3028	4556	1147	3409
3029	4540	1151	3389
3030	4484	1151	3333
3031	4515	1144	3371
3032	4510	1132	3378
3033	4464	1135	3329
3034	4403	1144	3259
3035	4380	1139	3241
3036	4380	1132	3248
3037	4346	1147	3199
3038	4315	1145	3170
3039	4326	1158	3168
3040	4315	1156	3159
3041	4237	1146	3091
3042	4230	1137	3093
3043	4242	1139	3103
3044	4278	1143	3135
3045	4256	1142	3114
3046	4222	1143	3079
3047	4149	1148	3001
3048	4077	1147	2930
3049	4106	1143	2963
3050	4105	1140	2965
3051	4115	1138	2977
3052	4062	1137	2925
3053	4001	1128	2873
3054	4037	1137	2900
3055	4062	1155	2907
3056	4012	1146	2866
3057	3938	1142	2796
3058	3889	1151	2738
3059	3861	1154	2707
3060	3866	1147	2719
3061	3923	1143	2780
3062	3857	1146	2711
3063	3843	1146	2697
3064	3847	1141	2706
3065	3763	1141	2622
3066	3704	1145	2559
3067	3737	1143	2594
3068	3715	1140	2575
3069	3686	1136	2550
3070	3657	1139	2518
3071	3660	1142	2518
3072	3650	1144	2506
3073	3668	1155	2513
3074	3612	1150	2462
3075	3549	1153	2396
3076	3510	1151	2359
3077	3494	1141	2353
3078	3488	1132	2356
3079	3460	1155	2305
3080	3419	1155	2264
3081	3389	1153	2236
3082	3359	1149	2210
3083	3396	1145	2251
3084	3423	1141	2282
3085	3418	1143	2275
3086	3354	1148	2206
3087	3289	1144	2145
3088	3228	1146	2082
3089	3213	1145	2068
3090	3249	1144	2105
3091	3256	1146	2110
3092	3213	1150	2063
3093	3204	1147	2057
3094	3143	1141	2002
3095	3111	1147	1964
3096	3097	1154	1943
3097	3115	1147	1968
3098	3059	1144	1915
3099	3046	1142	1904
3100	3052	1143	1909
3101	3047	1146	1901
3102	3010	1139	1871
3103	2962	1137	1825
3104	2951	1143	1808
3105	2925	1139	1786
3106	2881	1137	1744
3107	2831	1139	1692
3108	2853	1141	1712
3109	2862	1143	1719
3110	2843	1146	1697
3111	2832	1139	1693
3112	2836	1143	1693
3113	2803	1140	1663
3114	2733	1139	1594
3115	2708	1143	1565
3116	2685	1136	1549
3117	2667	1141	1526
3118	2677	1139	1538
3119	2633	1142	1491
3120	2641	1140	1501
3121	2648	1143	1505
3122	2588	1138	1450
3123	2532	1136	1396
3124	2530	1142	1388
3125	2543	1143	1400
3126	2540	1140	1400
3127	2489	1142	1347
3128	2496	1143	1353
3129	2490	1142	1348
3130	2457	1136	1321
3131	2416	1136	1280
3132	2379	1144	1235
3133	2403	1148	1255
3134	2387	1138	1249
3135	2353	1145	1208
3136	2322	1151	1171
3137	2333	1141	1192
3138	2274	1141	1133
3139	2285	1140	1145
3140	2281	1133	1148
3141	2260	1144	1116
3142	2249	1135	1114
3143	2240	1136	1104
3144	2202	1145	1057
3145	2175	1148	1027
3146	2169	1147	1022
3147	2153	1145	1008
3148	2156	1143	1013
3149	2164	1140	1024
3150	2124	1137	987
3151	2130	1133	997
3152	2097	1141	956
3153	2090	1151	939
3154	2041	1142	899
3155	2023	1147	876
3156	2026	1149	877
3157	2019	1146	873
3158	2000	1151	849
3159	1973	1148	825
3160	1968	1139	829
3161	1954	1136	818
3162	1910	1140	770
3163	1937	1149	788
3164	1908	1153	755
3165	1860	1149	711
3166	1872	1146	726
3167	1846	1140	706
3168	1827	1136	691
3169	1815	1138	677
3170	1824	1143	681
3171	1820	1144	676
3172	1800	1134	666
3173	1800	1142	658
3174	1746	1147	599
3175	1767	1139	628
3176	1760	1141	619
3177	1736	1144	592
3178	1731	1145	586
3179	1728	1149	579
3180	1698	1148	550
3181	1635	1140	495
3182	1614	1142	472
3183	1635	1150	485
3184	1646	1145	501
3185	1648	1144	504
3186	1625	1138	487
3187	1597	1140	457
3188	1602	1136	466
3189	1595	1131	464
3190	1584	1137	447
3191	1584	1149	435
3192	1545	1147	398
3193	1536	1138	398
3194	1548	1139	409
3195	1507	1153	354
3196	1509	1142	367
3197	1505	1147	358
3198	1466	1146	320
3199	1474	1144	330
3200	1464	1153	311
3201	1470	1161	309
3202	1467	1149	318
3203	1477	1132	345
3204	1445	1134	311
3205	1436	1140	296
3206	1432	1143	289
3207	1432	1138	294
3208	1433	1136	297
3209	1427	1139	288
3210	1433	1140	293
3211	1427	1148	279
3212	1402	1144	258
3213	1419	1148	271
3214	1421	1139	282
3215	1420	1143	277
3216	1417	1142	275
3217	1386	1142	244
3218	1395	1139	256
3219	1395	1137	258
3220	1411	1138	273
3221	1414	1137	277
3222	1386	1142	244
3223	1379	1147	232
3224	1374	1151	223
3225	1367	1150	217
3226	1357	1147	210
3227	1367	1151	216
3228	1329	1157	172
3229	1344	1152	192
3230	1360	1137	223
3231	1344	1142	202
3232	1339	1140	199
3233	1360	1142	218
3234	1351	1140	211
3235	1362	1141	221
3236	1362	1130	232
3237	1345	1135	210
3238	1340	1146	194
3239	1350	1152	198
3240	1352	1148	204
3241	1322	1151	171
3242	1335	1146	189
3243	1335	1139	196
3244	1311	1142	169
3245	1326	1145	181
3246	1344	1145	199
3247	1348	1136	212
3248	1335	1132	203
3249	1358	1142	216
3250	1318	1146	172
3251	1326	1136	190
3252	1358	1138	220
3253	1343	1149	194
3254	1325	1139	186
3255	1349	1150	199
3256	1334	1146	188
3257	1335	1126	209
3258	1341	1134	207
3259	1334	1151	183
3260	1330	1150	180
3261	1322	1149	173
3262	1305	1145	160
3263	1322	1146	176
3264	1321	1140	181
3265	1326	1145	181
3266	1331	1152	179
3267	1317	1147	170
3268	1311	1147	164
3269	1322	1153	169
3270	1304	1146	158
3271	1310	1136	174
3272	1345	1129	216
3273	1340	1125	215
3274	1309	1136	173
3275	1300	1153	147
3276	1301	1145	156
3277	1306	1138	168
3278	1312	1142	170
3279	1321	1138	183
3280	1291	1140	151
3281	1292	1149	143
3282	1284	1142	142
3283	1289	1142	147
3284	1293	1155	138
3285	1290	1147	143
3286	1291	1151	140
3287	1309	1153	156
3288	1315	1142	173
3289	1318	1141	177
3290	1311	1145	166
3291	1318	1135	183
3292	1321	1137	184
3293	1311	1138	173
3294	1322	1135	187
3295	1313	1142	171
3296	1307	1141	166
3297	1316	1147	169
3298	1289	1141	148
3299	1284	1143	141
3300	1291	1148	143
3301	1306	1144	162
3302	1296	1148	148
3303	1289	1141	148
3304	1299	1149	150
3305	1299	1133	166
3306	1297	1118	179
3307	1313	1131	182
3308	1320	1140	180
3309	1332	1136	196
3310	1319	1141	178
3311	1322	1145	177
3312	1315	1140	175
3313	1301	1147	154
3314	1304	1149	155
3315	1300	1149	151
3316	1297	1148	149
3317	1297	1143	154
3318	1290	1149	141
3319	1303	1149	154
3320	1279	1142	137
3321	1284	1140	144
3322	1273	1143	130
3323	1286	1145	141
3324	1293	1137	156
3325	1310	1137	173
3326	1293	1144	149
3327	1309	1143	166
3328	1315	1136	179
3329	1292	1137	155
3330	1280	1144	136
3331	1323	1149	174
3332	1316	1136	180
3333	1286	1137	149
3334	1265	1143	122
3335	1262	1140	122
3336	1281	1134	147
3337	1284	1135	149
3338	1273	1140	133
3339	1292	1139	153
3340	1294	1144	150
3341	1294	1157	137
3342	1276	1145	131
3343	1315	1141	174
3344	1298	1139	159
3345	1282	1143	139
3346	1285	1140	145
3347	1289	1139	150
3348	1301	1142	159
3349	1308	1152	156
3350	1292	1149	143
3351	1289	1146	143
3352	1285	1144	141
3353	1270	1145	125
3354	1282	1144	138
3355	1310	1143	167
3356	1280	1143	137
3357	1244	1141	103
3358	1273	1150	123
3359	1302	1149	153
3360	1272	1147	125
3361	1269	1149	120
3362	1301	1140	161
3363	1291	1142	149
3364	1284	1144	140
3365	1289	1147	142
3366	1291	1157	134
3367	1305	1153	152
3368	1299	1145	154
3369	1290	1147	143
3370	1271	1140	131
3371	1285	1150	135
3372	1295	1141	154
3373	1296	1136	160
3374	1305	1147	158
3375	1289	1157	132
3376	1288	1144	144
3377	1292	1143	149
3378	1300	1143	157
3379	1281	1140	141
3380	1273	1137	136
3381	1273	1140	133
3382	1268	1132	136
3383	1263	1142	121
3384	1250	1147	103
3385	1277	1139	138
3386	1257	1137	120
3387	1272	1146	126
3388	1273	1148	125
3389	1262	1137	125
3390	1276	1146	130
3391	1290	1151	139
3392	1286	1146	140
3393	1297	1142	155
3394	1289	1140	149
3395	1266	1138	128
3396	1263	1140	123
3397	1264	1141	123
3398	1232	1142	90
3399	1247	1148	99
3400	1250	1146	104
3401	1265	1144	121
3402	1262	1146	116
3403	1265	1143	122
3404	1259	1136	123
3405	1279	1150	129
3406	1267	1153	114
3407	1280	1151	129
3408	1267	1154	113
3409	1259	1156	103
3410	1251	1150	101
3411	1264	1141	123
3412	1275	1144	131
3413	1290	1141	149
3414	1243	1149	94
3415	1257	1150	107
3416	1266	1136	130
3417	1244	1143	101
3418	1255	1139	116
3419	1261	1134	127
3420	1271	1134	137
3421	1262	1139	123
3422	1252	1144	108
3423	1261	1145	116
3424	1235	1140	95
3425	1231	1142	89
3426	1251	1145	106
3427	1253	1144	109
3428	1256	1152	104
3429	1273	1145	128
3430	1282	1139	143
3431	1261	1142	119
3432	1228	1151	77
3433	1239	1144	95
3434	1223	1146	77
3435	1234	1157	77
3436	1241	1157	84
3437	1238	1149	89
3438	1255	1152	103
3439	1268	1152	116
3440	1268	1140	128
3441	1278	1142	136
3442	1251	1147	104
3443	1256	1142	114
3444	1249	1145	104
3445	1254	1146	108
3446	1248	1142	106
3447	1227	1139	88
3448	1225	1135	90
3449	1245	1139	106
3450	1245	1140	105
3451	1244	1130	114
3452	1225	1133	92
3453	1233	1137	96
3454	1246	1144	102
3455	1241	1141	100
3456	1239	1140	99
3457	1246	1142	104
3458	1262	1139	123
3459	1242	1143	99
3460	1229	1141	88
3461	1234	1144	90
3462	1221	1147	74
3463	1210	1141	69
3464	1215	1145	70
3465	1253	1143	110
3466	1256	1147	109
3467	1247	1140	107
3468	1257	1129	128
3469	1258	1133	125
3470	1232	1137	95
3471	1233	1137	96
3472	1243	1132	111
3473	1247	1144	103
3474	1224	1140	84
3475	1232	1140	92
3476	1217	1141	76
3477	1219	1148	71
3478	1211	1139	72
3479	1243	1132	111
3480	1244	1148	96
3481	1229	1149	80
3482	1217	1145	72
3483	1220	1138	82
3484	1221	1146	75
3485	1246	1149	97
3486	1237	1142	95
3487	1229	1144	85
3488	1228	1145	83
3489	1236	1154	82
3490	1217	1143	74
3491	1227	1137	90
3492	1223	1141	82
3493	1219	1143	76
3494	1232	1139	93
3495	1207	1149	58
3496	1205	1155	50
3497	1203	1143	60
3498	1215	1147	68
3499	1224	1148	76
3500	1201	1141	60
3501	1216	1151	65
3502	1196	1150	46
3503	1190	1148	42
3504	1195	1147	48
3505	1213	1140	73
3506	1211	1141	70
3507	1223	1143	80
3508	1227	1140	87
3509	1237	1145	92
3510	1230	1148	82
3511	1228	1144	84
3512	1204	1144	60
3513	1198	1141	57
3514	1200	1138	62
3515	1194	1142	52
3516	1202	1142	60
3517	1221	1141	80
3518	1215	1142	73
3519	1228	1140	88
3520	1207	1137	70
3521	1206	1141	65
3522	1218	1141	77
3523	1234	1141	93
3524	1210	1147	63
3525	1213	1149	64
3526	1191	1143	48
3527	1211	1141	70
3528	1232	1131	101
3529	1194	1128	66
3530	1200	1131	69
3531	1222	1138	84
3532	1202	1143	59
3533	1195	1145	50
3534	1225	1141	84
3535	1231	1147	84
3536	1191	1142	49
3537	1213	1140	73
3538	1200	1147	53
3539	1221	1152	69
3540	1204	1147	57
3541	1218	1148	70
3542	1237	1142	95
3543	1227	1146	81
3544	1204	1152	52
3545	1221	1142	79
3546	1247	1135	112
3547	1237	1132	105
3548	1210	1134	76
3549	1201	1131	70
3550	1205	1142	63
3551	1191	1151	40
3552	1203	1143	60
3553	1197	1148	49
3554	1187	1143	44
3555	1211	1139	72
3556	1207	1126	81
3557	1217	1138	79
3558	1203	1153	50
3559	1232	1153	79
3560	1232	1145	87
3561	1202	1144	58
3562	1185	1138	47
3563	1191	1139	52
3564	1201	1143	58
3565	1189	1152	37
3566	1183	1147	36
3567	1202	1140	62
3568	1200	1153	47
3569	1209	1156	53
3570	1216	1146	70
3571	1219	1144	75
3572	1187	1148	39
3573	1200	1148	52
3574	1223	1143	80
3575	1228	1148	80
3576	1220	1156	64
3577	1223	1156	67
3578	1222	1144	78
3579	1234	1147	87
3580	1219	1142	77
3581	1217	1141	76
3582	1204	1139	65
3583	1217	1140	77
3584	1215	1141	74
3585	1214	1135	79
3586	1226	1144	82
3587	1213	1141	72
3588	1185	1138	47
3589	1208	1138	70
3590	1209	1145	64
3591	1209	1142	67
3592	1195	1142	53
3593	1204	1150	54
3594	1197	1142	55
3595	1182	1146	36
3596	1201	1154	47
3597	1205	1164	41
3598	1201	1149	52
3599	1211	1147	64
3600	1195	1136	59
3601	1197	1138	59
3602	1224	1142	82
3603	1227	1144	83
3604	1182	1147	35
3605	1202	1137	65
3606	1202	1144	58
3607	1206	1153	53
3608	1196	1159	37
3609	1200	1156	44
3610	1197	1145	52
3611	1181	1135	46
3612	1167	1135	32
3613	1189	1144	45
3614	1200	1146	54
3615	1186	1147	39
3616	1177	1143	34
3617	1192	1147	45
3618	1195	1142	53
3619	1194	1130	64
3620	1198	1138	60
3621	1201	1141	60
3622	1193	1138	55
3623	1179	1143	36
3624	1169	1143	26
3625	1196	1140	56
3626	1209	1138	71
3627	1207	1140	67
3628	1194	1145	49
3629	1199	1151	48
3630	1202	1149	53
3631	1230	1148	82
3632	1210	1152	58
3633	1192	1151	41
3634	1189	1141	48
3635	1203	1143	60
3636	1171	1152	19
3637	1163	1152	11
3638	1180	1150	30
3639	1192	1153	39
3640	1193	1159	34
3641	1208	1148	60
3642	1188	1143	45
3643	1196	1148	48
3644	1206	1147	59
3645	1217	1143	74
3646	1195	1143	52
3647	1190	1141	49
3648	1190	1147	43
