index	original	background	difference
-----------------------------------------------------
1	1166	1099	67
2	1154	1102	52
3	1157	1106	51
4	1173	1108	65
5	1171	1105	66
6	1176	1099	77
7	1176	1105	71
8	1191	1107	84
9	1187	1109	78
10	1173	1109	64
11	1170	1111	59
12	1180	1110	70
13	1181	1111	70
14	1167	1120	47
15	1188	1130	58
16	1195	1117	78
17	1186	1111	75
18	1183	1111	72
19	1197	1123	74
20	1185	1116	69
21	1178	1102	76
22	1198	1121	77
23	1197	1117	80
24	1204	1121	83
25	1202	1121	81
26	1187	1122	65
27	1190	1126	64
28	1208	1123	85
29	1178	1118	60
30	1170	1116	54
31	1179	1124	55
32	1199	1123	76
33	1213	1128	85
34	1195	1131	64
35	1193	1125	68
36	1213	1128	85
37	1203	1122	81
38	1195	1126	69
39	1191	1125	66
40	1185	1128	57
41	1162	1123	39
42	1174	1114	60
43	1214	1124	90
44	1228	1139	89
45	1223	1133	90
46	1225	1125	100
47	1203	1128	75
48	1227	1137	90
49	1219	1143	76
50	1204	1136	68
51	1222	1138	84
52	1217	1139	78
53	1191	1136	55
54	1203	1138	65
55	1216	1130	86
56	1215	1132	83
57	1198	1126	72
58	1231	1130	101
59	1229	1141	88
60	1222	1130	92
61	1232	1126	106
62	1218	1138	80
63	1196	1144	52
64	1198	1140	58
65	1218	1132	86
66	1212	1129	83
67	1202	1131	71
68	1218	1131	87
69	1209	1136	73
70	1209	1134	75
71	1229	1135	94
72	1225	1142	83
73	1222	1152	70
74	1223	1147	76
75	1198	1140	58
76	1229	1141	88
77	1224	1142	82
78	1211	1147	64
79	1218	1147	71
80	1247	1142	105
81	1246	1137	109
82	1224	1132	92
83	1232	1129	103
84	1251	1131	120
85	1239	1137	102
86	1226	1133	93
87	1220	1137	83
88	1244	1146	98
89	1237	1149	88
90	1248	1145	103
91	1230	1140	90
92	1245	1138	107
93	1240	1140	100
94	1240	1138	102
95	1241	1139	102
96	1263	1136	127
97	1256	1140	116
98	1243	1146	97
99	1245	1142	103
100	1242	1135	107
101	1241	1141	100
102	1267	1140	127
103	1270	1135	135
104	1261	1139	122
105	1267	1152	115
106	1280	1144	136
107	1256	1138	118
108	1274	1141	133
109	1264	1145	119
110	1261	1142	119
111	1249	1135	114
112	1234	1136	98
113	1232	1138	94
114	1259	1132	127
115	1275	1136	139
116	1250	1129	121
117	1280	1132	148
118	1283	1140	143
119	1271	1144	127
120	1303	1139	164
121	1301	1140	161
122	1284	1146	138
123	1267	1139	128
124	1281	1137	144
125	1280	1134	146
126	1279	1130	149
127	1288	1134	154
128	1295	1135	160
129	1273	1142	131
130	1264	1149	115
131	1297	1159	138
132	1292	1156	136
133	1299	1146	153
134	1285	1141	144
135	1279	1136	143
136	1293	1139	154
137	1269	1138	131
138	1276	1142	134
139	1295	1144	151
140	1305	1144	161
141	1279	1144	135
142	1262	1134	128
143	1300	1141	159
144	1312	1145	167
145	1286	1140	146
146	1295	1141	154
147	1291	1151	140
148	1308	1144	164
149	1321	1134	187
150	1306	1137	169
151	1298	1144	154
152	1321	1141	180
153	1343	1144	199
154	1347	1143	204
155	1324	1138	186
156	1322	1138	184
157	1284	1140	144
158	1326	1143	183
159	1342	1152	190
160	1337	1146	191
161	1321	1140	181
162	1325	1144	181
163	1354	1145	209
164	1343	1139	204
165	1339	1148	191
166	1339	1145	194
167	1333	1142	191
168	1328	1139	189
169	1321	1142	179
170	1333	1137	196
171	1349	1143	206
172	1357	1146	211
173	1350	1154	196
174	1359	1145	214
175	1358	1139	219
176	1345	1139	206
177	1336	1137	199
178	1361	1143	218
179	1379	1145	234
180	1390	1134	256
181	1387	1132	255
182	1387	1134	253
183	1380	1133	247
184	1389	1140	249
185	1376	1143	233
186	1360	1153	207
187	1366	1152	214
188	1392	1145	247
189	1389	1151	238
190	1386	1149	237
191	1367	1150	217
192	1369	1136	233
193	1383	1126	257
194	1378	1130	248
195	1388	1153	235
196	1418	1147	271
197	1404	1146	258
198	1396	1145	251
199	1391	1150	241
200	1389	1146	243
201	1409	1146	263
202	1401	1135	266
203	1421	1132	289
204	1441	1139	302
205	1429	1146	283
206	1421	1143	278
207	1416	1139	277
208	1442	1152	290
209	1431	1152	279
210	1398	1145	253
211	1407	1137	270
212	1448	1140	308
213	1453	1137	316
214	1454	1136	318
215	1435	1134	301
216	1422	1135	287
217	1446	1141	305
218	1431	1148	283
219	1427	1144	283
220	1448	1132	316
221	1455	1128	327
222	1470	1132	338
223	1447	1138	309
224	1465	1138	327
225	1481	1136	345
226	1464	1134	330
227	1449	1130	319
228	1465	1132	333
229	1460	1146	314
230	1479	1145	334
231	1480	1138	342
232	1472	1139	333
233	1466	1140	326
234	1497	1139	358
235	1507	1132	375
236	1519	1134	385
237	1533	1144	389
238	1533	1145	388
239	1517	1147	370
240	1524	1150	374
241	1510	1150	360
242	1521	1137	384
243	1521	1138	383
244	1515	1144	371
245	1551	1157	394
246	1555	1149	406
247	1559	1148	411
248	1553	1143	410
249	1554	1137	417
250	1563	1145	418
251	1556	1140	416
252	1561	1141	420
253	1569	1148	421
254	1564	1146	418
255	1584	1151	433
256	1596	1137	459
257	1585	1142	443
258	1594	1151	443
259	1586	1150	436
260	1579	1143	436
261	1591	1140	451
262	1618	1133	485
263	1611	1139	472
264	1593	1142	451
265	1605	1136	469
266	1621	1138	483
267	1607	1136	471
268	1602	1135	467
269	1606	1141	465
270	1602	1142	460
271	1633	1148	485
272	1636	1148	488
273	1635	1149	486
274	1653	1138	515
275	1626	1139	487
276	1640	1147	493
277	1665	1143	522
278	1671	1146	525
279	1681	1140	541
280	1694	1130	564
281	1667	1136	531
282	1686	1145	541
283	1673	1139	534
284	1692	1139	553
285	1714	1148	566
286	1714	1146	568
287	1728	1152	576
288	1734	1152	582
289	1713	1150	563
290	1754	1150	604
291	1746	1147	599
292	1726	1140	586
293	1762	1146	616
294	1759	1142	617
295	1750	1143	607
296	1756	1148	608
297	1743	1158	585
298	1755	1153	602
299	1800	1147	653
300	1806	1142	664
301	1848	1150	698
302	1834	1143	691
303	1776	1149	627
304	1794	1147	647
305	1849	1135	714
306	1836	1123	713
307	1817	1134	683
308	1856	1148	708
309	1846	1143	703
310	1870	1144	726
311	1871	1139	732
312	1857	1128	729
313	1875	1137	738
314	1887	1142	745
315	1922	1143	779
316	1912	1135	777
317	1883	1130	753
318	1926	1134	792
319	1945	1136	809
320	1964	1140	824
321	1905	1138	767
322	1951	1138	813
323	1980	1133	847
324	1983	1131	852
325	1999	1136	863
326	1994	1139	855
327	1994	1143	851
328	1996	1154	842
329	2010	1150	860
330	2027	1151	876
331	2020	1159	861
332	2048	1148	900
333	2038	1151	887
334	2012	1142	870
335	2065	1139	926
336	2086	1149	937
337	2038	1139	899
338	2065	1140	925
339	2117	1146	971
340	2128	1150	978
341	2106	1158	948
342	2119	1149	970
343	2137	1140	997
344	2121	1136	985
345	2121	1145	976
346	2131	1141	990
347	2126	1144	982
348	2132	1145	987
349	2146	1143	1003
350	2184	1142	1042
351	2248	1141	1107
352	2236	1137	1099
353	2196	1140	1056
354	2223	1143	1080
355	2221	1147	1074
356	2238	1140	1098
357	2255	1141	1114
358	2255	1143	1112
359	2259	1143	1116
360	2237	1146	1091
361	2243	1148	1095
362	2230	1140	1090
363	2244	1134	1110
364	2259	1136	1123
365	2273	1129	1144
366	2300	1125	1175
367	2334	1144	1190
368	2331	1136	1195
369	2309	1140	1169
370	2324	1142	1182
371	2375	1146	1229
372	2378	1151	1227
373	2348	1143	1205
374	2356	1140	1216
375	2355	1139	1216
376	2356	1140	1216
377	2374	1150	1224
378	2371	1153	1218
379	2386	1142	1244
380	2428	1131	1297
381	2408	1141	1267
382	2390	1150	1240
383	2435	1153	1282
384	2417	1140	1277
385	2399	1141	1258
386	2432	1135	1297
387	2463	1141	1322
388	2473	1149	1324
389	2446	1132	1314
390	2433	1135	1298
391	2440	1155	1285
392	2497	1154	1343
393	2497	1147	1350
394	2576	1151	1425
395	2583	1153	1430
396	2567	1147	1420
397	2575	1148	1427
398	2559	1156	1403
399	2558	1150	1408
400	2546	1152	1394
401	2581	1155	1426
402	2589	1142	1447
403	2574	1151	1423
404	2605	1142	1463
405	2620	1140	1480
406	2615	1146	1469
407	2602	1144	1458
408	2588	1141	1447
409	2596	1141	1455
410	2606	1147	1459
411	2630	1150	1480
412	2616	1143	1473
413	2633	1154	1479
414	2657	1146	1511
415	2652	1142	1510
416	2661	1136	1525
417	2674	1134	1540
418	2700	1133	1567
419	2667	1140	1527
420	2668	1151	1517
421	2664	1149	1515
422	2658	1148	1510
423	2684	1147	1537
424	2693	1142	1551
425	2726	1142	1584
426	2774	1142	1632
427	2740	1144	1596
428	2714	1146	1568
429	2712	1150	1562
430	2703	1147	1556
431	2725	1143	1582
432	2766	1135	1631
433	2753	1143	1610
434	2775	1146	1629
435	2796	1147	1649
436	2800	1140	1660
437	2785	1131	1654
438	2827	1145	1682
439	2838	1146	1692
440	2798	1151	1647
441	2822	1148	1674
442	2841	1151	1690
443	2831	1148	1683
444	2850	1141	1709
445	2864	1142	1722
446	2861	1130	1731
447	2862	1143	1719
448	2877	1153	1724
449	2848	1149	1699
450	2879	1145	1734
451	2878	1146	1732
452	2893	1147	1746
453	2923	1147	1776
454	2922	1138	1784
455	2895	1139	1756
456	2893	1133	1760
457	2909	1135	1774
458	2953	1139	1814
459	2954	1150	1804
460	2943	1148	1795
461	2928	1134	1794
462	2944	1134	1810
463	2991	1134	1857
464	3001	1132	1869
465	3001	1138	1863
466	2998	1141	1857
467	2965	1150	1815
468	3008	1147	1861
469	3016	1156	1860
470	3040	1153	1887
471	3023	1137	1886
472	2964	1130	1834
473	3006	1137	1869
474	3049	1136	1913
475	3011	1133	1878
476	2974	1142	1832
477	3045	1148	1897
478	3076	1143	1933
479	3029	1141	1888
480	3041	1150	1891
481	3065	1141	1924
482	3101	1132	1969
483	3077	1148	1929
484	3078	1146	1932
485	3074	1143	1931
486	3173	1136	2037
487	3170	1141	2029
488	3105	1141	1964
489	3112	1129	1983
490	3150	1127	2023
491	3134	1140	1994
492	3130	1140	1990
493	3130	1145	1985
494	3159	1139	2020
495	3166	1140	2026
496	3157	1146	2011
497	3169	1156	2013
498	3163	1150	2013
499	3159	1149	2010
500	3202	1145	2057
501	3195	1138	2057
502	3210	1141	2069
503	3218	1141	2077
504	3238	1142	2096
505	3238	1142	2096
506	3252	1141	2111
507	3253	1153	2100
508	3311	1158	2153
509	3265	1132	2133
510	3277	1122	2155
511	3260	1136	2124
512	3282	1147	2135
513	3278	1153	2125
514	3267	1134	2133
515	3286	1141	2145
516	3288	1146	2142
517	3244	1144	2100
518	3277	1139	2138
519	3315	1136	2179
520	3325	1139	2186
521	3387	1144	2243
522	3387	1139	2248
523	3423	1133	2290
524	3402	1143	2259
525	3371	1138	2233
526	3419	1144	2275
527	3434	1147	2287
528	3402	1139	2263
529	3399	1133	2266
530	3460	1122	2338
531	3439	1133	2306
532	3484	1136	2348
533	3512	1143	2369
534	3507	1141	2366
535	3504	1134	2370
536	3474	1131	2343
537	3476	1144	2332
538	3518	1138	2380
539	3531	1134	2397
540	3519	1134	2385
541	3487	1142	2345
542	3560	1151	2409
543	3571	1144	2427
544	3598	1145	2453
545	3589	1148	2441
546	3622	1141	2481
547	3645	1140	2505
548	3625	1145	2480
549	3609	1142	2467
550	3644	1144	2500
551	3625	1142	2483
552	3588	1135	2453
553	3619	1147	2472
554	3620	1150	2470
555	3676	1144	2532
556	3699	1144	2555
557	3701	1153	2548
558	3729	1146	2583
559	3749	1142	2607
560	3744	1147	2597
561	3727	1147	2580
562	3718	1132	2586
563	3742	1130	2612
564	3748	1149	2599
565	3758	1144	2614
566	3823	1147	2676
567	3826	1140	2686
568	3795	1131	2664
569	3792	1148	2644
570	3827	1155	2672
571	3842	1149	2693
572	3851	1140	2711
573	3887	1140	2747
574	3861	1137	2724
575	3871	1139	2732
576	3962	1146	2816
577	3928	1147	2781
578	3949	1149	2800
579	3982	1137	2845
580	3946	1136	2810
581	3934	1144	2790
582	3981	1139	2842
583	4002	1142	2860
584	3993	1150	2843
585	3957	1155	2802
586	4002	1149	2853
587	4014	1148	2866
588	4062	1145	2917
589	4044	1147	2897
590	4061	1141	2920
591	4051	1145	2906
592	4065	1137	2928
593	4137	1124	3013
594	4142	1133	3009
595	4091	1151	2940
596	4147	1152	2995
597	4110	1138	2972
598	4099	1138	2961
599	4101	1152	2949
600	4129	1144	2985
601	4146	1142	3004
602	4173	1144	3029
603	4169	1141	3028
604	4203	1147	3056
605	4224	1145	3079
606	4266	1145	3121
607	4223	1147	3076
608	4243	1142	3101
609	4327	1142	3185
610	4305	1140	3165
611	4300	1149	3151
612	4321	1142	3179
613	4255	1140	3115
614	4256	1146	3110
615	4320	1147	3173
616	4353	1144	3209
617	4312	1140	3172
618	4366	1137	3229
619	4395	1141	3254
620	4391	1139	3252
621	4423	1132	3291
622	4493	1133	3360
623	4459	1137	3322
624	4438	1144	3294
625	4489	1145	3344
626	4538	1148	3390
627	4476	1156	3320
628	4472	1146	3326
629	4445	1141	3304
630	4507	1144	3363
631	4563	1138	3425
632	4558	1140	3418
633	4553	1145	3408
634	4606	1141	3465
635	4599	1148	3451
636	4593	1141	3452
637	4570	1142	3428
638	4600	1143	3457
639	4563	1141	3422
640	4573	1132	3441
641	4600	1132	3468
642	4664	1132	3532
643	4675	1134	3541
644	4731	1134	3597
645	4728	1147	3581
646	4655	1150	3505
647	4633	1149	3484
648	4639	1146	3493
649	4581	1146	3435
650	4635	1143	3492
651	4675	1148	3527
652	4695	1141	3554
653	4777	1144	3633
654	4809	1146	3663
655	4767	1137	3630
656	4734	1143	3591
657	4676	1145	3531
658	4696	1142	3554
659	4789	1152	3637
660	4782	1145	3637
661	4738	1143	3595
662	4788	1135	3653
663	4838	1133	3705
664	4794	1136	3658
665	4805	1148	3657
666	4897	1150	3747
667	4886	1152	3734
668	4909	1143	3766
669	4912	1141	3771
670	4906	1142	3764
671	4881	1146	3735
672	4945	1152	3793
673	4965	1149	3816
674	4912	1141	3771
675	4903	1154	3749
676	4897	1146	3751
677	4867	1141	3726
678	4928	1151	3777
679	4968	1138	3830
680	4939	1132	3807
681	4953	1146	3807
682	4993	1145	3848
683	4934	1138	3796
684	4907	1144	3763
685	4877	1143	3734
686	4896	1146	3750
687	4940	1143	3797
688	4933	1146	3787
689	4955	1143	3812
690	5007	1140	3867
691	4964	1139	3825
692	4947	1148	3799
693	4928	1154	3774
694	4931	1145	3786
695	4973	1137	3836
696	4995	1142	3853
697	4951	1140	3811
698	4963	1147	3816
699	4908	1148	3760
700	4965	1148	3817
701	4959	1154	3805
702	4988	1143	3845
703	4977	1154	3823
704	4971	1153	3818
705	4995	1149	3846
706	4997	1147	3850
707	4978	1163	3815
708	4985	1147	3838
709	4953	1142	3811
710	4947	1147	3800
711	4998	1142	3856
712	5065	1129	3936
713	5014	1145	3869
714	4942	1148	3794
715	4947	1142	3805
716	5025	1137	3888
717	5034	1132	3902
718	4998	1143	3855
719	4992	1147	3845
720	5007	1141	3866
721	5060	1141	3919
722	5088	1137	3951
723	5077	1137	3940
724	5072	1138	3934
725	5020	1148	3872
726	4980	1148	3832
727	5057	1144	3913
728	5093	1130	3963
729	5014	1126	3888
730	5048	1137	3911
731	5035	1144	3891
732	5114	1134	3980
733	5089	1141	3948
734	5084	1139	3945
735	5047	1143	3904
736	5032	1146	3886
737	5028	1137	3891
738	5000	1135	3865
739	5005	1136	3869
740	5070	1144	3926
741	5122	1146	3976
742	5096	1148	3948
743	5103	1147	3956
744	5070	1133	3937
745	5048	1137	3911
746	5103	1139	3964
747	5041	1142	3899
748	4989	1147	3842
749	5006	1142	3864
750	5036	1134	3902
751	5030	1141	3889
752	5016	1142	3874
753	4990	1135	3855
754	5010	1143	3867
755	5011	1150	3861
756	5046	1135	3911
757	5036	1135	3901
758	5088	1145	3943
759	5037	1148	3889
760	5011	1139	3872
761	5033	1148	3885
762	5043	1143	3900
763	5072	1143	3929
764	5041	1146	3895
765	5027	1137	3890
766	5089	1140	3949
767	5081	1142	3939
768	5114	1141	3973
769	5102	1150	3952
770	5057	1138	3919
771	5058	1129	3929
772	5099	1130	3969
773	5133	1145	3988
774	5106	1144	3962
775	5155	1145	4010
776	5192	1136	4056
777	5145	1147	3998
778	5153	1155	3998
779	5129	1145	3984
780	5148	1144	4004
781	5175	1154	4021
782	5158	1151	4007
783	5182	1141	4041
784	5144	1135	4009
785	5105	1134	3971
786	5149	1143	4006
787	5186	1132	4054
788	5170	1136	4034
789	5135	1135	4000
790	5176	1128	4048
791	5149	1132	4017
792	5160	1139	4021
793	5126	1132	3994
794	5176	1138	4038
795	5138	1147	3991
796	5105	1145	3960
797	5228	1150	4078
798	5225	1154	4071
799	5131	1145	3986
800	5138	1142	3996
801	5139	1142	3997
802	5222	1147	4075
803	5227	1150	4077
804	5179	1149	4030
805	5208	1151	4057
806	5244	1137	4107
807	5220	1148	4072
808	5247	1142	4105
809	5258	1140	4118
810	5282	1133	4149
811	5311	1136	4175
812	5309	1131	4178
813	5272	1125	4147
814	5301	1136	4165
815	5328	1143	4185
816	5379	1144	4235
817	5394	1149	4245
818	5409	1144	4265
819	5353	1144	4209
820	5184	1146	4038
821	5285	1150	4135
822	5421	1133	4288
823	5396	1137	4259
824	5399	1151	4248
825	5465	1139	4326
826	5447	1123	4324
827	5448	1138	4310
828	5477	1145	4332
829	5494	1142	4352
830	5501	1139	4362
831	5482	1132	4350
832	5457	1139	4318
833	5478	1146	4332
834	5468	1139	4329
835	5440	1154	4286
836	5490	1153	4337
837	5524	1147	4377
838	5523	1138	4385
839	5538	1141	4397
840	5572	1141	4431
841	5602	1135	4467
842	5646	1130	4516
843	5640	1133	4507
844	5608	1140	4468
845	5603	1142	4461
846	5592	1146	4446
847	5646	1148	4498
848	5586	1135	4451
849	5562	1144	4418
850	5538	1140	4398
851	5602	1140	4462
852	5615	1132	4483
853	5584	1129	4455
854	5679	1137	4542
855	5682	1142	4540
856	5700	1131	4569
857	5701	1123	4578
858	5696	1134	4562
859	5778	1142	4636
860	5834	1143	4691
861	5856	1146	4710
862	5819	1155	4664
863	5905	1147	4758
864	5977	1137	4840
865	5936	1142	4794
866	5883	1125	4758
867	5944	1135	4809
868	6008	1157	4851
869	5969	1150	4819
870	5942	1149	4793
871	5972	1143	4829
872	6020	1135	4885
873	6046	1136	4910
874	6047	1127	4920
875	6056	1136	4920
876	6148	1143	5005
877	6177	1146	5031
878	6169	1141	5028
879	6191	1140	5051
880	6218	1140	5078
881	6190	1140	5050
882	6179	1143	5036
883	6224	1145	5079
884	6276	1139	5137
885	6243	1135	5108
886	6293	1140	5153
887	6259	1148	5111
888	6219	1140	5079
889	6287	1130	5157
890	6318	1138	5180
891	6327	1139	5188
892	6369	1134	5235
893	6388	1145	5243
894	6360	1142	5218
895	6371	1139	5232
896	6346	1143	5203
897	6353	1139	5214
898	6401	1137	5264
899	6344	1140	5204
900	6320	1136	5184
901	6401	1132	5269
902	6425	1131	5294
903	6421	1140	5281
904	6434	1144	5290
905	6445	1136	5309
906	6438	1138	5300
907	6460	1142	5318
908	6534	1140	5394
909	6568	1139	5429
910	6583	1131	5452
911	6560	1140	5420
912	6549	1138	5411
913	6605	1140	5465
914	6671	1145	5526
915	6726	1144	5582
916	6824	1142	5682
917	6874	1155	5719
918	6850	1150	5700
919	6858	1132	5726
920	6883	1136	5747
921	6939	1144	5795
922	7013	1148	5865
923	6978	1155	5823
924	7038	1145	5893
925	7091	1134	5957
926	7113	1139	5974
927	7131	1142	5989
928	7077	1138	5939
929	7152	1135	6017
930	7244	1139	6105
931	7241	1144	6097
932	7177	1135	6042
933	7163	1142	6021
934	7233	1140	6093
935	7266	1134	6132
936	7376	1148	6228
937	7334	1145	6189
938	7242	1140	6102
939	7227	1144	6083
940	7268	1140	6128
941	7405	1143	6262
942	7402	1137	6265
943	7417	1136	6281
944	7362	1145	6217
945	7347	1143	6204
946	7396	1129	6267
947	7503	1134	6369
948	7488	1144	6344
949	7422	1151	6271
950	7451	1136	6315
951	7457	1141	6316
952	7529	1152	6377
953	7531	1147	6384
954	7466	1136	6330
955	7499	1141	6358
956	7557	1138	6419
957	7602	1140	6462
958	7540	1142	6398
959	7543	1139	6404
960	7607	1127	6480
961	7610	1132	6478
962	7668	1138	6530
963	7742	1136	6606
964	7665	1140	6525
965	7715	1146	6569
966	7793	1143	6650
967	7707	1144	6563
968	7718	1143	6575
969	7680	1140	6540
970	7692	1140	6552
971	7715	1144	6571
972	7752	1142	6610
973	7771	1142	6629
974	7829	1147	6682
975	7800	1139	6661
976	7790	1144	6646
977	7817	1153	6664
978	7752	1153	6599
979	7748	1146	6602
980	7796	1148	6648
981	7850	1143	6707
982	7896	1144	6752
983	7852	1147	6705
984	7832	1149	6683
985	7871	1151	6720
986	7853	1144	6709
987	7903	1136	6767
988	7888	1144	6744
989	7881	1145	6736
990	7940	1135	6805
991	7907	1142	6765
992	7869	1144	6725
993	7879	1146	6733
994	7972	1151	6821
995	7994	1147	6847
996	7933	1145	6788
997	7997	1138	6859
998	7998	1133	6865
999	7991	1131	6860
1000	7912	1135	6777
1001	8008	1145	6863
1002	8014	1152	6862
1003	8004	1149	6855
1004	8044	1138	6906
1005	8009	1131	6878
1006	8111	1143	6968
1007	7992	1151	6841
1008	7985	1142	6843
1009	8049	1134	6915
1010	8012	1132	6880
1011	7973	1143	6830
1012	7967	1142	6825
1013	7992	1134	6858
1014	8054	1136	6918
1015	8043	1148	6895
1016	8019	1140	6879
1017	8095	1143	6952
1018	8075	1139	6936
1019	8068	1139	6929
1020	8068	1137	6931
1021	8027	1141	6886
1022	8073	1147	6926
1023	8028	1138	6890
1024	7973	1126	6847
1025	8022	1142	6880
1026	8061	1143	6918
1027	8037	1148	6889
1028	8019	1146	6873
1029	8092	1140	6952
1030	8097	1137	6960
1031	8023	1139	6884
1032	8028	1138	6890
1033	8018	1143	6875
1034	8011	1134	6877
1035	8023	1136	6887
1036	8090	1141	6949
1037	8015	1143	6872
1038	8067	1137	6930
1039	8001	1138	6863
1040	7984	1132	6852
1041	7962	1142	6820
1042	7903	1139	6764
1043	7967	1139	6828
1044	8058	1139	6919
1045	7990	1138	6852
1046	8018	1138	6880
1047	8039	1140	6899
1048	8061	1149	6912
1049	8034	1145	6889
1050	7981	1144	6837
1051	7908	1148	6760
1052	7967	1137	6830
1053	7901	1140	6761
1054	7939	1138	6801
1055	7973	1142	6831
1056	7889	1145	6744
1057	7970	1151	6819
1058	7998	1151	6847
1059	7896	1152	6744
1060	7857	1151	6706
1061	7979	1142	6837
1062	7936	1148	6788
1063	7863	1149	6714
1064	7915	1147	6768
1065	7904	1153	6751
1066	7919	1155	6764
1067	7870	1155	6715
1068	7785	1155	6630
1069	7792	1150	6642
1070	7844	1137	6707
1071	7825	1142	6683
1072	7808	1144	6664
1073	7762	1144	6618
1074	7739	1147	6592
1075	7719	1152	6567
1076	7755	1156	6599
1077	7777	1148	6629
1078	7685	1141	6544
1079	7657	1145	6512
1080	7749	1145	6604
1081	7653	1139	6514
1082	7592	1139	6453
1083	7573	1142	6431
1084	7578	1141	6437
1085	7544	1144	6400
1086	7543	1145	6398
1087	7573	1140	6433
1088	7570	1151	6419
1089	7583	1155	6428
1090	7555	1139	6416
1091	7549	1139	6410
1092	7575	1144	6431
1093	7714	1150	6564
1094	7654	1147	6507
1095	7614	1144	6470
1096	7726	1143	6583
1097	7805	1143	6662
1098	7801	1150	6651
1099	7724	1150	6574
1100	7743	1145	6598
1101	7700	1134	6566
1102	7699	1135	6564
1103	7692	1139	6553
1104	7712	1148	6564
1105	7757	1139	6618
1106	7738	1128	6610
1107	7650	1131	6519
1108	7668	1136	6532
1109	7576	1137	6439
1110	7543	1137	6406
1111	7643	1138	6505
1112	7675	1134	6541
1113	7688	1132	6556
1114	7672	1150	6522
1115	7595	1145	6450
1116	7640	1140	6500
1117	7617	1136	6481
1118	7591	1135	6456
1119	7567	1140	6427
1120	7598	1146	6452
1121	7579	1145	6434
1122	7585	1144	6441
1123	7613	1141	6472
1124	7553	1145	6408
1125	7562	1156	6406
1126	7542	1146	6396
1127	7533	1142	6391
1128	7534	1142	6392
1129	7559	1131	6428
1130	7528	1138	6390
1131	7556	1141	6415
1132	7555	1134	6421
1133	7554	1139	6415
1134	7588	1140	6448
1135	7607	1144	6463
1136	7650	1145	6505
1137	7643	1147	6496
1138	7587	1142	6445
1139	7554	1141	6413
1140	7563	1147	6416
1141	7593	1150	6443
1142	7629	1147	6482
1143	7599	1151	6448
1144	7566	1140	6426
1145	7464	1139	6325
1146	7504	1136	6368
1147	7584	1139	6445
1148	7602	1146	6456
1149	7662	1140	6522
1150	7590	1138	6452
1151	7546	1139	6407
1152	7602	1144	6458
1153	7560	1144	6416
1154	7548	1129	6419
1155	7527	1129	6398
1156	7542	1152	6390
1157	7525	1152	6373
1158	7561	1139	6422
1159	7559	1138	6421
1160	7566	1139	6427
1161	7609	1140	6469
1162	7595	1138	6457
1163	7559	1137	6422
1164	7552	1139	6413
1165	7553	1140	6413
1166	7612	1131	6481
1167	7535	1134	6401
1168	7560	1137	6423
1169	7577	1146	6431
1170	7659	1143	6516
1171	7684	1144	6540
1172	7647	1141	6506
1173	7590	1137	6453
1174	7553	1133	6420
1175	7541	1138	6403
1176	7606	1145	6461
1177	7620	1157	6463
1178	7668	1153	6515
1179	7714	1149	6565
1180	7704	1148	6556
1181	7752	1138	6614
1182	7731	1138	6593
1183	7732	1148	6584
1184	7713	1146	6567
1185	7643	1141	6502
1186	7698	1144	6554
1187	7687	1145	6542
1188	7676	1143	6533
1189	7741	1149	6592
1190	7745	1147	6598
1191	7793	1145	6648
1192	7766	1152	6614
1193	7694	1136	6558
1194	7786	1142	6644
1195	7863	1148	6715
1196	7826	1136	6690
1197	7752	1130	6622
1198	7722	1136	6586
1199	7744	1141	6603
1200	7796	1149	6647
1201	7872	1146	6726
1202	7901	1135	6766
1203	7891	1133	6758
1204	7872	1143	6729
1205	7862	1150	6712
1206	7869	1149	6720
1207	7906	1132	6774
1208	7913	1134	6779
1209	7910	1142	6768
1210	7920	1152	6768
1211	7876	1156	6720
1212	7894	1141	6753
1213	7963	1143	6820
1214	7940	1148	6792
1215	7884	1142	6742
1216	7952	1136	6816
1217	8037	1147	6890
1218	8132	1141	6991
1219	8087	1138	6949
1220	8026	1150	6876
1221	8046	1155	6891
1222	8047	1146	6901
1223	8070	1149	6921
1224	8154	1136	7018
1225	8137	1132	7005
1226	8151	1141	7010
1227	8097	1144	6953
1228	8063	1137	6926
1229	8143	1147	6996
1230	8208	1134	7074
1231	8188	1144	7044
1232	8243	1148	7095
1233	8249	1150	7099
1234	8237	1140	7097
1235	8208	1144	7064
1236	8248	1143	7105
1237	8292	1145	7147
1238	8305	1149	7156
1239	8298	1141	7157
1240	8325	1144	7181
1241	8386	1149	7237
1242	8303	1154	7149
1243	8264	1139	7125
1244	8348	1131	7217
1245	8350	1147	7203
1246	8381	1146	7235
1247	8406	1136	7270
1248	8494	1138	7356
1249	8538	1143	7395
1250	8478	1140	7338
1251	8446	1144	7302
1252	8475	1153	7322
1253	8524	1149	7375
1254	8536	1147	7389
1255	8543	1156	7387
1256	8578	1158	7420
1257	8560	1150	7410
1258	8601	1138	7463
1259	8624	1142	7482
1260	8582	1148	7434
1261	8589	1157	7432
1262	8604	1151	7453
1263	8602	1147	7455
1264	8649	1144	7505
1265	8710	1151	7559
1266	8668	1149	7519
1267	8675	1140	7535
1268	8744	1134	7610
1269	8722	1139	7583
1270	8811	1140	7671
1271	8807	1138	7669
1272	8774	1141	7633
1273	8892	1141	7751
1274	8953	1142	7811
1275	8837	1152	7685
1276	8837	1144	7693
1277	8938	1139	7799
1278	8937	1150	7787
1279	8908	1144	7764
1280	8943	1149	7794
1281	8877	1150	7727
1282	8889	1139	7750
1283	9012	1148	7864
1284	9069	1137	7932
1285	9089	1138	7951
1286	9059	1148	7911
1287	9046	1154	7892
1288	9056	1150	7906
1289	9088	1142	7946
1290	9118	1143	7975
1291	9050	1152	7898
1292	9052	1140	7912
1293	9110	1139	7971
1294	9170	1149	8021
1295	9059	1152	7907
1296	9106	1148	7958
1297	9167	1151	8016
1298	9326	1149	8177
1299	9345	1157	8188
1300	9246	1156	8090
1301	9220	1148	8072
1302	9262	1143	8119
1303	9263	1140	8123
1304	9285	1139	8146
1305	9212	1149	8063
1306	9317	1155	8162
1307	9311	1145	8166
1308	9240	1132	8108
1309	9385	1139	8246
1310	9429	1144	8285
1311	9434	1147	8287
1312	9441	1136	8305
1313	9424	1141	8283
1314	9470	1135	8335
1315	9493	1139	8354
1316	9567	1145	8422
1317	9524	1148	8376
1318	9562	1142	8420
1319	9680	1144	8536
1320	9758	1148	8610
1321	9652	1146	8506
1322	9583	1141	8442
1323	9637	1136	8501
1324	9672	1143	8529
1325	9651	1137	8514
1326	9610	1140	8470
1327	9664	1141	8523
1328	9636	1131	8505
1329	9636	1135	8501
1330	9764	1141	8623
1331	9684	1148	8536
1332	9625	1134	8491
1333	9641	1135	8506
1334	9742	1133	8609
1335	9789	1136	8653
1336	9823	1158	8665
1337	9799	1160	8639
1338	9693	1133	8560
1339	9704	1141	8563
1340	9693	1149	8544
1341	9804	1141	8663
1342	9917	1144	8773
1343	9886	1158	8728
1344	9773	1153	8620
1345	9856	1137	8719
1346	9931	1133	8798
1347	9938	1142	8796
1348	9899	1140	8759
1349	9852	1145	8707
1350	9884	1146	8738
1351	9904	1142	8762
1352	9911	1146	8765
1353	9890	1147	8743
1354	9864	1144	8720
1355	9865	1145	8720
1356	9886	1148	8738
1357	9912	1148	8764
1358	9892	1139	8753
1359	9909	1144	8765
1360	9930	1152	8778
1361	9966	1151	8815
1362	9997	1149	8848
1363	9888	1151	8737
1364	9954	1156	8798
1365	9975	1154	8821
1366	9949	1149	8800
1367	9847	1146	8701
1368	9945	1149	8796
1369	9993	1154	8839
1370	9996	1154	8842
1371	10025	1145	8880
1372	10034	1131	8903
1373	9982	1135	8847
1374	10025	1150	8875
1375	10026	1159	8867
1376	10036	1144	8892
1377	9989	1145	8844
1378	9968	1143	8825
1379	9974	1137	8837
1380	9980	1140	8840
1381	9989	1140	8849
1382	10012	1139	8873
1383	10001	1144	8857
1384	9909	1152	8757
1385	9985	1140	8845
1386	9963	1137	8826
1387	9975	1139	8836
1388	10049	1142	8907
1389	10007	1148	8859
1390	9967	1140	8827
1391	9941	1143	8798
1392	9941	1148	8793
1393	9951	1141	8810
1394	10006	1142	8864
1395	10011	1138	8873
1396	9961	1131	8830
1397	9947	1139	8808
1398	10036	1142	8894
1399	9980	1140	8840
1400	9918	1140	8778
1401	9971	1147	8824
1402	9942	1140	8802
1403	9918	1142	8776
1404	9937	1141	8796
1405	9883	1131	8752
1406	9912	1147	8765
1407	9958	1148	8810
1408	9926	1140	8786
1409	9888	1149	8739
1410	9852	1152	8700
1411	9915	1146	8769
1412	9910	1148	8762
1413	9896	1147	8749
1414	9863	1135	8728
1415	9843	1134	8709
1416	9879	1155	8724
1417	9867	1155	8712
1418	9820	1146	8674
1419	9901	1142	8759
1420	9792	1142	8650
1421	9737	1151	8586
1422	9785	1153	8632
1423	9805	1149	8656
1424	9748	1144	8604
1425	9671	1142	8529
1426	9722	1139	8583
1427	9671	1143	8528
1428	9653	1136	8517
1429	9692	1137	8555
1430	9738	1140	8598
1431	9677	1151	8526
1432	9651	1148	8503
1433	9611	1148	8463
1434	9613	1135	8478
1435	9679	1140	8539
1436	9663	1148	8515
1437	9538	1150	8388
1438	9549	1142	8407
1439	9601	1140	8461
1440	9530	1146	8384
1441	9622	1143	8479
1442	9666	1150	8516
1443	9580	1142	8438
1444	9589	1149	8440
1445	9587	1154	8433
1446	9463	1148	8315
1447	9470	1149	8321
1448	9543	1146	8397
1449	9453	1140	8313
1450	9351	1139	8212
1451	9359	1150	8209
1452	9371	1151	8220
1453	9417	1136	8281
1454	9422	1133	8289
1455	9381	1142	8239
1456	9348	1144	8204
1457	9311	1146	8165
1458	9325	1142	8183
1459	9357	1138	8219
1460	9315	1144	8171
1461	9271	1143	8128
1462	9290	1134	8156
1463	9252	1137	8115
1464	9220	1128	8092
1465	9204	1137	8067
1466	9206	1143	8063
1467	9161	1142	8019
1468	9167	1143	8024
1469	9086	1145	7941
1470	9056	1150	7906
1471	9066	1149	7917
1472	9079	1151	7928
1473	8992	1147	7845
1474	9010	1144	7866
1475	8992	1148	7844
1476	8979	1152	7827
1477	8879	1154	7725
1478	8889	1145	7744
1479	8937	1149	7788
1480	8919	1145	7774
1481	8813	1137	7676
1482	8777	1144	7633
1483	8812	1149	7663
1484	8879	1140	7739
1485	8802	1145	7657
1486	8769	1147	7622
1487	8823	1142	7681
1488	8920	1146	7774
1489	8866	1149	7717
1490	8792	1147	7645
1491	8738	1149	7589
1492	8749	1153	7596
1493	8778	1159	7619
1494	8790	1148	7642
1495	8716	1155	7561
1496	8763	1146	7617
1497	8708	1141	7567
1498	8604	1143	7461
1499	8625	1152	7473
1500	8678	1143	7535
1501	8673	1138	7535
1502	8572	1138	7434
1503	8543	1148	7395
1504	8603	1146	7457
1505	8613	1148	7465
1506	8618	1144	7474
1507	8611	1146	7465
1508	8533	1157	7376
1509	8598	1146	7452
1510	8578	1143	7435
1511	8479	1147	7332
1512	8481	1148	7333
1513	8470	1145	7325
1514	8467	1140	7327
1515	8468	1146	7322
1516	8429	1147	7282
1517	8383	1139	7244
1518	8367	1138	7229
1519	8345	1156	7189
1520	8310	1150	7160
1521	8291	1151	7140
1522	8262	1152	7110
1523	8285	1150	7135
1524	8285	1147	7138
1525	8201	1143	7058
1526	8117	1144	6973
1527	8020	1143	6877
1528	8081	1145	6936
1529	8148	1150	6998
1530	8185	1143	7042
1531	8122	1145	6977
1532	8129	1150	6979
1533	8080	1144	6936
1534	8033	1144	6889
1535	8010	1152	6858
1536	8029	1147	6882
1537	7981	1142	6839
1538	7981	1133	6848
1539	8089	1141	6948
1540	8059	1145	6914
1541	7987	1147	6840
1542	7997	1140	6857
1543	8027	1143	6884
1544	7994	1151	6843
1545	7894	1148	6746
1546	7873	1144	6729
1547	7834	1142	6692
1548	7843	1145	6698
1549	7809	1143	6666
1550	7848	1134	6714
1551	7807	1142	6665
1552	7743	1143	6600
1553	7777	1141	6636
1554	7747	1144	6603
1555	7742	1148	6594
1556	7766	1141	6625
1557	7761	1141	6620
1558	7739	1136	6603
1559	7749	1142	6607
1560	7745	1144	6601
1561	7733	1148	6585
1562	7677	1146	6531
1563	7660	1147	6513
1564	7661	1138	6523
1565	7626	1131	6495
1566	7624	1136	6488
1567	7605	1142	6463
1568	7634	1144	6490
1569	7596	1143	6453
1570	7577	1140	6437
1571	7631	1140	6491
1572	7639	1140	6499
1573	7563	1144	6419
1574	7538	1143	6395
1575	7590	1147	6443
1576	7541	1145	6396
1577	7528	1150	6378
1578	7538	1148	6390
1579	7555	1159	6396
1580	7529	1157	6372
1581	7441	1157	6284
1582	7439	1161	6278
1583	7399	1150	6249
1584	7399	1141	6258
1585	7431	1148	6283
1586	7411	1151	6260
1587	7386	1145	6241
1588	7348	1140	6208
1589	7356	1140	6216
1590	7357	1151	6206
1591	7350	1154	6196
1592	7376	1142	6234
1593	7314	1142	6172
1594	7352	1145	6207
1595	7379	1145	6234
1596	7332	1142	6190
1597	7362	1136	6226
1598	7336	1137	6199
1599	7321	1150	6171
1600	7338	1146	6192
1601	7315	1154	6161
1602	7211	1151	6060
1603	7237	1140	6097
1604	7242	1138	6104
1605	7181	1145	6036
1606	7221	1141	6080
1607	7191	1139	6052
1608	7161	1140	6021
1609	7210	1151	6059
1610	7205	1155	6050
1611	7196	1150	6046
1612	7221	1134	6087
1613	7214	1146	6068
1614	7247	1150	6097
1615	7226	1132	6094
1616	7156	1130	6026
1617	7071	1143	5928
1618	7125	1145	5980
1619	7100	1134	5966
1620	7075	1131	5944
1621	7074	1142	5932
1622	7096	1142	5954
1623	7138	1146	5992
1624	7034	1137	5897
1625	7035	1145	5890
1626	7057	1145	5912
1627	7127	1138	5989
1628	7066	1147	5919
1629	7059	1148	5911
1630	7035	1144	5891
1631	7070	1147	5923
1632	7034	1133	5901
1633	7034	1141	5893
1634	7056	1147	5909
1635	6987	1142	5845
1636	6976	1141	5835
1637	7031	1141	5890
1638	7063	1131	5932
1639	6977	1138	5839
1640	6958	1142	5816
1641	6988	1150	5838
1642	6984	1141	5843
1643	7032	1141	5891
1644	7059	1144	5915
1645	6990	1152	5838
1646	6948	1145	5803
1647	6938	1141	5797
1648	7032	1142	5890
1649	7001	1145	5856
1650	6986	1142	5844
1651	7031	1147	5884
1652	6954	1151	5803
1653	6962	1145	5817
1654	6964	1136	5828
1655	6977	1131	5846
1656	7013	1143	5870
1657	7010	1143	5867
1658	6967	1141	5826
1659	6932	1143	5789
1660	6943	1137	5806
1661	6951	1143	5808
1662	6993	1137	5856
1663	6955	1134	5821
1664	6862	1150	5712
1665	6815	1151	5664
1666	6857	1140	5717
1667	6854	1142	5712
1668	6908	1151	5757
1669	6940	1151	5789
1670	6975	1139	5836
1671	6940	1128	5812
1672	6897	1138	5759
1673	6956	1142	5814
1674	6965	1147	5818
1675	6873	1145	5728
1676	6902	1136	5766
1677	6895	1134	5761
1678	6844	1138	5706
1679	6862	1130	5732
1680	6836	1126	5710
1681	6815	1144	5671
1682	6839	1148	5691
1683	6902	1142	5760
1684	6880	1147	5733
1685	6784	1141	5643
1686	6831	1144	5687
1687	6905	1139	5766
1688	6836	1142	5694
1689	6775	1143	5632
1690	6790	1131	5659
1691	6885	1142	5743
1692	6868	1151	5717
1693	6853	1142	5711
1694	6853	1145	5708
1695	6826	1148	5678
1696	6823	1139	5684
1697	6795	1143	5652
1698	6770	1147	5623
1699	6738	1151	5587
1700	6788	1142	5646
1701	6835	1141	5694
1702	6821	1139	5682
1703	6828	1139	5689
1704	6830	1143	5687
1705	6817	1145	5672
1706	6801	1137	5664
1707	6840	1143	5697
1708	6762	1155	5607
1709	6803	1151	5652
1710	6835	1152	5683
1711	6869	1147	5722
1712	6837	1147	5690
1713	6749	1144	5605
1714	6797	1151	5646
1715	6796	1148	5648
1716	6718	1143	5575
1717	6779	1148	5631
1718	6786	1146	5640
1719	6734	1148	5586
1720	6728	1144	5584
1721	6725	1144	5581
1722	6706	1143	5563
1723	6636	1141	5495
1724	6692	1138	5554
1725	6759	1151	5608
1726	6725	1151	5574
1727	6716	1139	5577
1728	6611	1140	5471
1729	6609	1150	5459
1730	6643	1147	5496
1731	6643	1148	5495
1732	6646	1158	5488
1733	6713	1145	5568
1734	6761	1143	5618
1735	6735	1151	5584
1736	6603	1135	5468
1737	6655	1139	5516
1738	6629	1137	5492
1739	6546	1140	5406
1740	6603	1142	5461
1741	6602	1145	5457
1742	6645	1148	5497
1743	6657	1153	5504
1744	6654	1139	5515
1745	6587	1138	5449
1746	6627	1153	5474
1747	6666	1157	5509
1748	6594	1152	5442
1749	6619	1152	5467
1750	6615	1158	5457
1751	6648	1155	5493
1752	6561	1139	5422
1753	6603	1142	5461
1754	6574	1146	5428
1755	6573	1149	5424
1756	6549	1145	5404
1757	6550	1141	5409
1758	6527	1139	5388
1759	6518	1146	5372
1760	6473	1150	5323
1761	6513	1141	5372
1762	6529	1151	5378
1763	6498	1150	5348
1764	6463	1144	5319
1765	6443	1148	5295
1766	6479	1142	5337
1767	6445	1132	5313
1768	6460	1131	5329
1769	6403	1134	5269
1770	6358	1143	5215
1771	6396	1147	5249
1772	6425	1148	5277
1773	6407	1143	5264
1774	6425	1140	5285
1775	6399	1142	5257
1776	6402	1149	5253
1777	6369	1154	5215
1778	6297	1144	5153
1779	6398	1139	5259
1780	6379	1140	5239
1781	6277	1145	5132
1782	6295	1151	5144
1783	6357	1151	5206
1784	6390	1149	5241
1785	6303	1156	5147
1786	6315	1144	5171
1787	6221	1144	5077
1788	6205	1142	5063
1789	6217	1146	5071
1790	6145	1151	4994
1791	6128	1150	4978
1792	6199	1146	5053
1793	6218	1145	5073
1794	6139	1150	4989
1795	6141	1145	4996
1796	6133	1132	5001
1797	6148	1141	5007
1798	6225	1144	5081
1799	6168	1146	5022
1800	6146	1135	5011
1801	6135	1148	4987
1802	6062	1154	4908
1803	6061	1151	4910
1804	6082	1144	4938
1805	6051	1137	4914
1806	6049	1136	4913
1807	6056	1140	4916
1808	6041	1144	4897
1809	6015	1144	4871
1810	6038	1141	4897
1811	5921	1146	4775
1812	5853	1140	4713
1813	5935	1132	4803
1814	5897	1140	4757
1815	5798	1145	4653
1816	5817	1143	4674
1817	5811	1147	4664
1818	5768	1135	4633
1819	5728	1142	4586
1820	5761	1144	4617
1821	5799	1144	4655
1822	5786	1154	4632
1823	5839	1150	4689
1824	5798	1144	4654
1825	5745	1138	4607
1826	5747	1129	4618
1827	5739	1145	4594
1828	5783	1140	4643
1829	5735	1143	4592
1830	5691	1137	4554
1831	5701	1140	4561
1832	5675	1138	4537
1833	5676	1140	4536
1834	5658	1141	4517
1835	5623	1133	4490
1836	5647	1141	4506
1837	5622	1147	4475
1838	5589	1134	4455
1839	5498	1139	4359
1840	5552	1142	4410
1841	5540	1135	4405
1842	5420	1137	4283
1843	5390	1146	4244
1844	5415	1150	4265
1845	5361	1143	4218
1846	5421	1135	4286
1847	5383	1139	4244
1848	5475	1150	4325
1849	5406	1153	4253
1850	5363	1153	4210
1851	5384	1148	4236
1852	5395	1141	4254
1853	5333	1138	4195
1854	5296	1143	4153
1855	5257	1146	4111
1856	5308	1147	4161
1857	5332	1138	4194
1858	5287	1137	4150
1859	5161	1137	4024
1860	5100	1139	3961
1861	5109	1157	3952
1862	5109	1152	3957
1863	5093	1136	3957
1864	5094	1147	3947
1865	5039	1150	3889
1866	5008	1135	3873
1867	4977	1137	3840
1868	5031	1143	3888
1869	5006	1136	3870
1870	4964	1137	3827
1871	4928	1145	3783
1872	4954	1139	3815
1873	4973	1144	3829
1874	5001	1149	3852
1875	4976	1149	3827
1876	4886	1147	3739
1877	4879	1142	3737
1878	4838	1142	3696
1879	4785	1144	3641
1880	4821	1153	3668
1881	4787	1149	3638
1882	4720	1143	3577
1883	4765	1141	3624
1884	4740	1152	3588
1885	4707	1151	3556
1886	4646	1150	3496
1887	4661	1144	3517
1888	4690	1136	3554
1889	4688	1149	3539
1890	4701	1150	3551
1891	4624	1138	3486
1892	4605	1133	3472
1893	4636	1145	3491
1894	4580	1151	3429
1895	4548	1149	3399
1896	4526	1148	3378
1897	4532	1144	3388
1898	4493	1138	3355
1899	4469	1145	3324
1900	4444	1143	3301
1901	4458	1142	3316
1902	4433	1140	3293
1903	4364	1135	3229
1904	4361	1124	3237
1905	4345	1130	3215
1906	4370	1131	3239
1907	4332	1142	3190
1908	4284	1141	3143
1909	4339	1139	3200
1910	4336	1150	3186
1911	4284	1148	3136
1912	4275	1145	3130
1913	4274	1136	3138
1914	4271	1140	3131
1915	4199	1141	3058
1916	4289	1136	3153
1917	4255	1145	3110
1918	4156	1142	3014
1919	4147	1140	3007
1920	4150	1146	3004
1921	4143	1143	3000
1922	4123	1146	2977
1923	4102	1133	2969
1924	4083	1138	2945
1925	4063	1149	2914
1926	4087	1141	2946
1927	4081	1140	2941
1928	4042	1139	2903
1929	3995	1136	2859
1930	3953	1136	2817
1931	3949	1134	2815
1932	3974	1130	2844
1933	3950	1134	2816
1934	3967	1142	2825
1935	3945	1149	2796
1936	3912	1143	2769
1937	3927	1138	2789
1938	3851	1135	2716
1939	3873	1139	2734
1940	3869	1143	2726
1941	3821	1141	2680
1942	3804	1133	2671
1943	3864	1140	2724
1944	3840	1147	2693
1945	3754	1155	2599
1946	3782	1143	2639
1947	3771	1145	2626
1948	3760	1155	2605
1949	3761	1154	2607
1950	3736	1145	2591
1951	3762	1145	2617
1952	3727	1148	2579
1953	3686	1146	2540
1954	3721	1142	2579
1955	3726	1138	2588
1956	3673	1143	2530
1957	3605	1135	2470
1958	3610	1141	2469
1959	3585	1142	2443
1960	3558	1137	2421
1961	3549	1149	2400
1962	3535	1147	2388
1963	3523	1140	2383
1964	3560	1152	2408
1965	3553	1147	2406
1966	3530	1138	2392
1967	3474	1137	2337
1968	3509	1147	2362
1969	3478	1144	2334
1970	3485	1141	2344
1971	3485	1137	2348
1972	3432	1141	2291
1973	3415	1135	2280
1974	3412	1138	2274
1975	3422	1136	2286
1976	3403	1131	2272
1977	3396	1140	2256
1978	3412	1133	2279
1979	3438	1136	2302
1980	3397	1148	2249
1981	3366	1143	2223
1982	3357	1145	2212
1983	3366	1151	2215
1984	3324	1140	2184
1985	3307	1138	2169
1986	3319	1132	2187
1987	3337	1125	2212
1988	3346	1130	2216
1989	3329	1144	2185
1990	3288	1145	2143
1991	3314	1147	2167
1992	3401	1146	2255
1993	3386	1147	2239
1994	3328	1145	2183
1995	3315	1141	2174
1996	3317	1147	2170
1997	3289	1145	2144
1998	3271	1148	2123
1999	3267	1148	2119
2000	3258	1138	2120
2001	3231	1133	2098
2002	3210	1137	2073
2003	3237	1144	2093
2004	3315	1138	2177
2005	3307	1140	2167
2006	3273	1140	2133
2007	3210	1136	2074
2008	3223	1131	2092
2009	3238	1137	2101
2010	3238	1152	2086
2011	3251	1148	2103
2012	3219	1141	2078
2013	3189	1145	2044
2014	3245	1143	2102
2015	3262	1144	2118
2016	3258	1137	2121
2017	3243	1140	2103
2018	3207	1145	2062
2019	3183	1146	2037
2020	3229	1156	2073
2021	3214	1158	2056
2022	3156	1138	2018
2023	3152	1139	2013
2024	3198	1140	2058
2025	3195	1142	2053
2026	3215	1142	2073
2027	3209	1145	2064
2028	3221	1149	2072
2029	3193	1145	2048
2030	3172	1140	2032
2031	3197	1138	2059
2032	3180	1139	2041
2033	3146	1146	2000
2034	3180	1147	2033
2035	3166	1140	2026
2036	3195	1144	2051
2037	3197	1154	2043
2038	3212	1144	2068
2039	3177	1146	2031
2040	3197	1147	2050
2041	3188	1146	2042
2042	3203	1141	2062
2043	3247	1133	2114
2044	3186	1133	2053
2045	3165	1138	2027
2046	3209	1138	2071
2047	3207	1144	2063
2048	3208	1143	2065
2049	3193	1148	2045
2050	3239	1151	2088
2051	3264	1144	2120
2052	3273	1143	2130
2053	3304	1144	2160
2054	3289	1145	2144
2055	3245	1142	2103
2056	3220	1148	2072
2057	3228	1157	2071
2058	3261	1149	2112
2059	3292	1144	2148
2060	3319	1143	2176
2061	3300	1143	2157
2062	3331	1138	2193
2063	3324	1138	2186
2064	3292	1141	2151
2065	3296	1147	2149
2066	3338	1143	2195
2067	3297	1143	2154
2068	3267	1140	2127
2069	3335	1143	2192
2070	3341	1147	2194
2071	3376	1141	2235
2072	3404	1141	2263
2073	3395	1141	2254
2074	3388	1145	2243
2075	3394	1146	2248
2076	3401	1141	2260
2077	3439	1143	2296
2078	3486	1148	2338
2079	3468	1145	2323
2080	3491	1143	2348
2081	3529	1140	2389
2082	3502	1138	2364
2083	3521	1141	2380
2084	3491	1149	2342
2085	3497	1147	2350
2086	3565	1144	2421
2087	3547	1155	2392
2088	3570	1157	2413
2089	3525	1159	2366
2090	3554	1150	2404
2091	3564	1147	2417
2092	3602	1143	2459
2093	3588	1147	2441
2094	3607	1155	2452
2095	3632	1150	2482
2096	3681	1140	2541
2097	3717	1146	2571
2098	3697	1145	2552
2099	3681	1146	2535
2100	3730	1143	2587
2101	3757	1142	2615
2102	3739	1146	2593
2103	3762	1146	2616
2104	3807	1145	2662
2105	3811	1149	2662
2106	3813	1146	2667
2107	3856	1148	2708
2108	3874	1142	2732
2109	3881	1137	2744
2110	3882	1142	2740
2111	3919	1152	2767
2112	3940	1149	2791
2113	3907	1143	2764
2114	3973	1155	2818
2115	4015	1157	2858
2116	4021	1149	2872
2117	4016	1142	2874
2118	4023	1136	2887
2119	4083	1143	2940
2120	4106	1138	2968
2121	4114	1133	2981
2122	4131	1133	2998
2123	4139	1139	3000
2124	4149	1142	3007
2125	4107	1143	2964
2126	4129	1138	2991
2127	4183	1151	3032
2128	4260	1165	3095
2129	4300	1155	3145
2130	4255	1143	3112
2131	4268	1149	3119
2132	4340	1145	3195
2133	4351	1152	3199
2134	4386	1147	3239
2135	4379	1143	3236
2136	4436	1146	3290
2137	4457	1146	3311
2138	4486	1143	3343
2139	4544	1146	3398
2140	4534	1154	3380
2141	4543	1154	3389
2142	4531	1164	3367
2143	4555	1147	3408
2144	4565	1140	3425
2145	4618	1144	3474
2146	4628	1140	3488
2147	4599	1144	3455
2148	4664	1142	3522
2149	4759	1152	3607
2150	4784	1148	3636
2151	4777	1144	3633
2152	4781	1135	3646
2153	4843	1148	3695
2154	4883	1151	3732
2155	4876	1146	3730
2156	4880	1152	3728
2157	4890	1148	3742
2158	4941	1141	3800
2159	4981	1152	3829
2160	4978	1146	3832
2161	4952	1146	3806
2162	5036	1146	3890
2163	5075	1142	3933
2164	5096	1139	3957
2165	5080	1146	3934
2166	5193	1151	4042
2167	5164	1141	4023
2168	5154	1146	4008
2169	5138	1141	3997
2170	5156	1138	4018
2171	5198	1139	4059
2172	5213	1143	4070
2173	5280	1138	4142
2174	5327	1139	4188
2175	5310	1152	4158
2176	5376	1149	4227
2177	5475	1148	4327
2178	5405	1145	4260
2179	5342	1150	4192
2180	5415	1145	4270
2181	5485	1144	4341
2182	5537	1156	4381
2183	5552	1146	4406
2184	5601	1140	4461
2185	5668	1147	4521
2186	5740	1152	4588
2187	5743	1155	4588
2188	5652	1149	4503
2189	5713	1149	4564
2190	5818	1149	4669
2191	5797	1138	4659
2192	5874	1142	4732
2193	5910	1141	4769
2194	5876	1138	4738
2195	5868	1145	4723
2196	5928	1144	4784
2197	5951	1140	4811
2198	5989	1134	4855
2199	6034	1137	4897
2200	6119	1150	4969
2201	6121	1145	4976
2202	6106	1136	4970
2203	6185	1136	5049
2204	6214	1147	5067
2205	6109	1151	4958
2206	6125	1141	4984
2207	6171	1140	5031
2208	6238	1138	5100
2209	6206	1139	5067
2210	6239	1144	5095
2211	6303	1152	5151
2212	6352	1150	5202
2213	6317	1147	5170
2214	6325	1150	5175
2215	6338	1154	5184
2216	6349	1149	5200
2217	6401	1144	5257
2218	6404	1138	5266
2219	6354	1128	5226
2220	6300	1137	5163
2221	6246	1146	5100
2222	6222	1141	5081
2223	6232	1137	5095
2224	6216	1140	5076
2225	6151	1141	5010
2226	6083	1145	4938
2227	6060	1145	4915
2228	6051	1145	4906
2229	6057	1152	4905
2230	6078	1146	4932
2231	6047	1139	4908
2232	6049	1144	4905
2233	6085	1147	4938
2234	6121	1141	4980
2235	6054	1142	4912
2236	6076	1142	4934
2237	6082	1148	4934
2238	6077	1139	4938
2239	6130	1134	4996
2240	6082	1134	4948
2241	6007	1144	4863
2242	6073	1145	4928
2243	6075	1156	4919
2244	6065	1149	4916
2245	6177	1145	5032
2246	6242	1148	5094
2247	6302	1139	5163
2248	6372	1140	5232
2249	6476	1140	5336
2250	6572	1135	5437
2251	6625	1138	5487
2252	6764	1147	5617
2253	6800	1137	5663
2254	6876	1135	5741
2255	7039	1141	5898
2256	7082	1147	5935
2257	7144	1157	5987
2258	7175	1155	6020
2259	7291	1148	6143
2260	7412	1136	6276
2261	7391	1131	6260
2262	7450	1147	6303
2263	7439	1147	6292
2264	7489	1141	6348
2265	7546	1147	6399
2266	7638	1158	6480
2267	7745	1152	6593
2268	7782	1141	6641
2269	7821	1147	6674
2270	7859	1146	6713
2271	7841	1149	6692
2272	7841	1144	6697
2273	7874	1148	6726
2274	7940	1147	6793
2275	7925	1138	6787
2276	7910	1137	6773
2277	7970	1149	6821
2278	8080	1145	6935
2279	8035	1141	6894
2280	8030	1149	6881
2281	8081	1150	6931
2282	8157	1153	7004
2283	8208	1151	7057
2284	8204	1148	7056
2285	8269	1136	7133
2286	8221	1140	7081
2287	8133	1147	6986
2288	8180	1151	7029
2289	8260	1149	7111
2290	8249	1145	7104
2291	8293	1149	7144
2292	8310	1153	7157
2293	8238	1147	7091
2294	8258	1147	7111
2295	8338	1159	7179
2296	8283	1148	7135
2297	8300	1145	7155
2298	8370	1144	7226
2299	8399	1148	7251
2300	8384	1139	7245
2301	8371	1138	7233
2302	8357	1138	7219
2303	8427	1143	7284
2304	8443	1142	7301
2305	8412	1152	7260
2306	8420	1149	7271
2307	8438	1138	7300
2308	8451	1134	7317
2309	8484	1131	7353
2310	8516	1133	7383
2311	8486	1139	7347
2312	8454	1139	7315
2313	8488	1139	7349
2314	8584	1151	7433
2315	8623	1150	7473
2316	8587	1149	7438
2317	8620	1148	7472
2318	8588	1146	7442
2319	8556	1143	7413
2320	8593	1142	7451
2321	8696	1143	7553
2322	8717	1147	7570
2323	8689	1154	7535
2324	8742	1138	7604
2325	8691	1145	7546
2326	8706	1152	7554
2327	8715	1165	7550
2328	8631	1168	7463
2329	8688	1155	7533
2330	8690	1140	7550
2331	8644	1137	7507
2332	8663	1144	7519
2333	8706	1143	7563
2334	8703	1142	7561
2335	8645	1149	7496
2336	8687	1155	7532
2337	8754	1149	7605
2338	8751	1153	7598
2339	8686	1152	7534
2340	8619	1140	7479
2341	8725	1138	7587
2342	8722	1129	7593
2343	8749	1129	7620
2344	8847	1138	7709
2345	8870	1140	7730
2346	8822	1143	7679
2347	8820	1152	7668
2348	8775	1148	7627
2349	8793	1144	7649
2350	8804	1139	7665
2351	8805	1157	7648
2352	8866	1150	7716
2353	8837	1139	7698
2354	8845	1143	7702
2355	8915	1148	7767
2356	8799	1146	7653
2357	8779	1145	7634
2358	8789	1139	7650
2359	8799	1152	7647
2360	8867	1155	7712
2361	8856	1144	7712
2362	8910	1138	7772
2363	8945	1144	7801
2364	8996	1143	7853
2365	8961	1141	7820
2366	8935	1140	7795
2367	9004	1140	7864
2368	8996	1143	7853
2369	8960	1147	7813
2370	8979	1139	7840
2371	8969	1129	7840
2372	8896	1133	7763
2373	8867	1137	7730
2374	8828	1138	7690
2375	8848	1143	7705
2376	8958	1148	7810
2377	8898	1142	7756
2378	8842	1141	7701
2379	8898	1148	7750
2380	8942	1153	7789
2381	8960	1160	7800
2382	8975	1158	7817
2383	8902	1148	7754
2384	8925	1149	7776
2385	8964	1150	7814
2386	8951	1151	7800
2387	8971	1154	7817
2388	8957	1145	7812
2389	8912	1153	7759
2390	8905	1157	7748
2391	8892	1145	7747
2392	8928	1152	7776
2393	8947	1156	7791
2394	9044	1145	7899
2395	9089	1141	7948
2396	9105	1139	7966
2397	8993	1148	7845
2398	9016	1149	7867
2399	9025	1148	7877
2400	8912	1147	7765
2401	8968	1147	7821
2402	8922	1145	7777
2403	8932	1147	7785
2404	8954	1142	7812
2405	9014	1139	7875
2406	8952	1129	7823
2407	8969	1138	7831
2408	9010	1144	7866
2409	9009	1142	7867
2410	9044	1153	7891
2411	9020	1161	7859
2412	9006	1149	7857
2413	9009	1136	7873
2414	9053	1129	7924
2415	9044	1138	7906
2416	9039	1145	7894
2417	9035	1145	7890
2418	8941	1141	7800
2419	8892	1145	7747
2420	9025	1128	7897
2421	9033	1141	7892
2422	9012	1140	7872
2423	9026	1137	7889
2424	9061	1136	7925
2425	9024	1145	7879
2426	9031	1146	7885
2427	8942	1149	7793
2428	8982	1140	7842
2429	9021	1141	7880
2430	9001	1141	7860
2431	8945	1135	7810
2432	9018	1142	7876
2433	9079	1134	7945
2434	8994	1128	7866
2435	9055	1134	7921
2436	9083	1140	7943
2437	9106	1145	7961
2438	9061	1135	7926
2439	8960	1138	7822
2440	9004	1135	7869
2441	8984	1143	7841
2442	9040	1150	7890
2443	9053	1147	7906
2444	9067	1138	7929
2445	9062	1143	7919
2446	9002	1138	7864
2447	8944	1129	7815
2448	9032	1141	7891
2449	9075	1137	7938
2450	9016	1143	7873
2451	9078	1148	7930
2452	9080	1147	7933
2453	9060	1144	7916
2454	9117	1133	7984
2455	9027	1141	7886
2456	9075	1140	7935
2457	9127	1145	7982
2458	9062	1148	7914
2459	9081	1151	7930
2460	9125	1141	7984
2461	9138	1134	8004
2462	9079	1137	7942
2463	9123	1140	7983
2464	9164	1149	8015
2465	9180	1146	8034
2466	9280	1140	8140
2467	9258	1144	8114
2468	9266	1142	8124
2469	9295	1149	8146
2470	9116	1145	7971
2471	9153	1142	8011
2472	9240	1151	8089
2473	9161	1146	8015
2474	9141	1142	7999
2475	9157	1144	8013
2476	9155	1136	8019
2477	9154	1143	8011
2478	9156	1145	8011
2479	9129	1149	7980
2480	9191	1140	8051
2481	9206	1130	8076
2482	9153	1141	8012
2483	9197	1147	8050
2484	9258	1135	8123
2485	9324	1136	8188
2486	9250	1142	8108
2487	9156	1148	8008
2488	9228	1144	8084
2489	9233	1147	8086
2490	9226	1141	8085
2491	9344	1149	8195
2492	9368	1141	8227
2493	9288	1138	8150
2494	9270	1143	8127
2495	9264	1138	8126
2496	9231	1148	8083
2497	9332	1151	8181
2498	9306	1143	8163
2499	9267	1140	8127
2500	9326	1139	8187
2501	9386	1142	8244
2502	9309	1141	8168
2503	9294	1139	8155
2504	9303	1138	8165
2505	9237	1144	8093
2506	9418	1137	8281
2507	9447	1135	8312
2508	9435	1138	8297
2509	9492	1140	8352
2510	9495	1129	8366
2511	9433	1132	8301
2512	9440	1141	8299
2513	9394	1147	8247
2514	9412	1143	8269
2515	9383	1141	8242
2516	9425	1142	8283
2517	9460	1149	8311
2518	9515	1139	8376
2519	9460	1143	8317
2520	9536	1153	8383
2521	9533	1152	8381
2522	9518	1143	8375
2523	9440	1144	8296
2524	9507	1149	8358
2525	9535	1143	8392
2526	9507	1135	8372
2527	9493	1142	8351
2528	9457	1140	8317
2529	9529	1140	8389
2530	9611	1138	8473
2531	9587	1139	8448
2532	9566	1147	8419
2533	9591	1144	8447
2534	9524	1147	8377
2535	9431	1147	8284
2536	9464	1154	8310
2537	9573	1146	8427
2538	9572	1138	8434
2539	9644	1146	8498
2540	9645	1141	8504
2541	9635	1142	8493
2542	9629	1148	8481
2543	9640	1140	8500
2544	9612	1137	8475
2545	9617	1151	8466
2546	9685	1148	8537
2547	9639	1143	8496
2548	9637	1138	8499
2549	9654	1139	8515
2550	9637	1129	8508
2551	9667	1128	8539
2552	9683	1130	8553
2553	9652	1143	8509
2554	9729	1148	8581
2555	9776	1148	8628
2556	9686	1146	8540
2557	9695	1150	8545
2558	9741	1148	8593
2559	9753	1143	8610
2560	9761	1143	8618
2561	9770	1134	8636
2562	9796	1137	8659
2563	9809	1141	8668
2564	9814	1144	8670
2565	9865	1142	8723
2566	9850	1145	8705
2567	9908	1142	8766
2568	9937	1141	8796
2569	9870	1138	8732
2570	9921	1149	8772
2571	9979	1147	8832
2572	9922	1143	8779
2573	9895	1150	8745
2574	9935	1153	8782
2575	9929	1145	8784
2576	9928	1137	8791
2577	9852	1137	8715
2578	9811	1135	8676
2579	9838	1142	8696
2580	9914	1150	8764
2581	9921	1149	8772
2582	9911	1144	8767
2583	9934	1142	8792
2584	9896	1143	8753
2585	9901	1141	8760
2586	10043	1148	8895
2587	10021	1150	8871
2588	10001	1149	8852
2589	9923	1152	8771
2590	9910	1145	8765
2591	9966	1144	8822
2592	9993	1143	8850
2593	10023	1137	8886
2594	10002	1133	8869
2595	10034	1137	8897
2596	10090	1139	8951
2597	10036	1142	8894
2598	10063	1142	8921
2599	10059	1132	8927
2600	10086	1126	8960
2601	10158	1139	9019
2602	10052	1142	8910
2603	10005	1142	8863
2604	10117	1146	8971
2605	10096	1147	8949
2606	10026	1148	8878
2607	9994	1138	8856
2608	10058	1135	8923
2609	10102	1142	8960
2610	10057	1134	8923
2611	10153	1139	9014
2612	10150	1149	9001
2613	10186	1140	9046
2614	10190	1143	9047
2615	10217	1147	9070
2616	10165	1149	9016
2617	10140	1162	8978
2618	10083	1149	8934
2619	10062	1150	8912
2620	10102	1150	8952
2621	10077	1141	8936
2622	10164	1137	9027
2623	10145	1141	9004
2624	10169	1141	9028
2625	10227	1147	9080
2626	10176	1148	9028
2627	10235	1144	9091
2628	10229	1139	9090
2629	10212	1144	9068
2630	10259	1140	9119
2631	10368	1140	9228
2632	10293	1149	9144
2633	10161	1145	9016
2634	10113	1147	8966
2635	10179	1149	9030
2636	10244	1142	9102
2637	10268	1143	9125
2638	10178	1156	9022
2639	10225	1154	9071
2640	10219	1136	9083
2641	10165	1138	9027
2642	10192	1146	9046
2643	10231	1145	9086
2644	10255	1142	9113
2645	10353	1151	9202
2646	10338	1143	9195
2647	10210	1145	9065
2648	10250	1147	9103
2649	10252	1151	9101
2650	10195	1142	9053
2651	10171	1143	9028
2652	10261	1135	9126
2653	10260	1140	9120
2654	10373	1136	9237
2655	10334	1136	9198
2656	10323	1155	9168
2657	10256	1153	9103
2658	10185	1154	9031
2659	10176	1150	9026
2660	10290	1140	9150
2661	10263	1142	9121
2662	10278	1144	9134
2663	10297	1145	9152
2664	10278	1152	9126
2665	10311	1147	9164
2666	10265	1153	9112
2667	10253	1155	9098
2668	10305	1148	9157
2669	10290	1146	9144
2670	10355	1150	9205
2671	10284	1149	9135
2672	10282	1144	9138
2673	10265	1147	9118
2674	10240	1163	9077
2675	10242	1152	9090
2676	10240	1143	9097
2677	10243	1143	9100
2678	10237	1144	9093
2679	10251	1143	9108
2680	10316	1142	9174
2681	10383	1150	9233
2682	10333	1157	9176
2683	10210	1153	9057
2684	10205	1142	9063
2685	10261	1150	9111
2686	10284	1148	9136
2687	10294	1153	9141
2688	10266	1160	9106
2689	10161	1153	9008
2690	10183	1148	9035
2691	10231	1139	9092
2692	10173	1135	9038
2693	10256	1136	9120
2694	10297	1149	9148
2695	10203	1149	9054
2696	10186	1144	9042
2697	10114	1139	8975
2698	10117	1137	8980
2699	10175	1140	9035
2700	10256	1142	9114
2701	10275	1144	9131
2702	10180	1137	9043
2703	10174	1143	9031
2704	10210	1150	9060
2705	10150	1141	9009
2706	10116	1138	8978
2707	10139	1142	8997
2708	10153	1143	9010
2709	10090	1143	8947
2710	10141	1139	9002
2711	10188	1140	9048
2712	10199	1137	9062
2713	10209	1138	9071
2714	10136	1145	8991
2715	10131	1153	8978
2716	10195	1143	9052
2717	10116	1137	8979
2718	10084	1140	8944
2719	10160	1148	9012
2720	10143	1155	8988
2721	10070	1149	8921
2722	10184	1152	9032
2723	10132	1152	8980
2724	10057	1148	8909
2725	10049	1140	8909
2726	10056	1140	8916
2727	9988	1139	8849
2728	10035	1122	8913
2729	10053	1130	8923
2730	10119	1142	8977
2731	10152	1148	9004
2732	10053	1140	8913
2733	9974	1147	8827
2734	9963	1151	8812
2735	9985	1139	8846
2736	10078	1143	8935
2737	10066	1143	8923
2738	10070	1138	8932
2739	9969	1138	8831
2740	9913	1138	8775
2741	9974	1146	8828
2742	10063	1152	8911
2743	10039	1149	8890
2744	10042	1145	8897
2745	9957	1161	8796
2746	9908	1161	8747
2747	9976	1147	8829
2748	9866	1140	8726
2749	9839	1148	8691
2750	9906	1149	8757
2751	9889	1144	8745
2752	9804	1143	8661
2753	9809	1157	8652
2754	9817	1151	8666
2755	9848	1154	8694
2756	9804	1152	8652
2757	9646	1139	8507
2758	9649	1148	8501
2759	9674	1153	8521
2760	9758	1146	8612
2761	9746	1150	8596
2762	9704	1148	8556
2763	9678	1146	8532
2764	9653	1146	8507
2765	9682	1141	8541
2766	9777	1137	8640
2767	9748	1139	8609
2768	9695	1144	8551
2769	9701	1141	8560
2770	9714	1133	8581
2771	9781	1140	8641
2772	9846	1143	8703
2773	9801	1140	8661
2774	9778	1137	8641
2775	9758	1134	8624
2776	9805	1147	8658
2777	9741	1142	8599
2778	9654	1133	8521
2779	9713	1145	8568
2780	9637	1136	8501
2781	9608	1145	8463
2782	9682	1140	8542
2783	9676	1135	8541
2784	9537	1153	8384
2785	9574	1151	8423
2786	9571	1132	8439
2787	9553	1139	8414
2788	9493	1142	8351
2789	9417	1140	8277
2790	9353	1143	8210
2791	9449	1137	8312
2792	9426	1143	8283
2793	9441	1150	8291
2794	9485	1147	8338
2795	9476	1146	8330
2796	9477	1146	8331
2797	9464	1154	8310
2798	9430	1142	8288
2799	9416	1139	8277
2800	9336	1136	8200
2801	9399	1147	8252
2802	9328	1150	8178
2803	9378	1149	8229
2804	9411	1151	8260
2805	9293	1145	8148
2806	9273	1146	8127
2807	9277	1153	8124
2808	9300	1147	8153
2809	9293	1144	8149
2810	9278	1141	8137
2811	9285	1143	8142
2812	9226	1146	8080
2813	9234	1146	8088
2814	9201	1141	8060
2815	9218	1133	8085
2816	9089	1135	7954
2817	8997	1144	7853
2818	9051	1154	7897
2819	9144	1155	7989
2820	9060	1142	7918
2821	8937	1150	7787
2822	8998	1147	7851
2823	9083	1146	7937
2824	9049	1142	7907
2825	9012	1139	7873
2826	8998	1144	7854
2827	8967	1151	7816
2828	8938	1144	7794
2829	8951	1144	7807
2830	9038	1149	7889
2831	8929	1142	7787
2832	8905	1142	7763
2833	8876	1150	7726
2834	8880	1156	7724
2835	8914	1153	7761
2836	8897	1150	7747
2837	8823	1155	7668
2838	8799	1156	7643
2839	8757	1155	7602
2840	8738	1149	7589
2841	8732	1144	7588
2842	8662	1146	7516
2843	8616	1149	7467
2844	8634	1144	7490
2845	8649	1142	7507
2846	8609	1137	7472
2847	8628	1147	7481
2848	8647	1141	7506
2849	8662	1138	7524
2850	8681	1150	7531
2851	8629	1145	7484
2852	8556	1128	7428
2853	8524	1130	7394
2854	8470	1143	7327
2855	8484	1139	7345
2856	8447	1139	7308
2857	8509	1140	7369
2858	8438	1141	7297
2859	8317	1140	7177
2860	8384	1143	7241
2861	8450	1152	7298
2862	8344	1150	7194
2863	8316	1145	7171
2864	8322	1139	7183
2865	8301	1153	7148
2866	8329	1158	7171
2867	8308	1152	7156
2868	8283	1151	7132
2869	8182	1154	7028
2870	8201	1151	7050
2871	8169	1150	7019
2872	8189	1137	7052
2873	8185	1143	7042
2874	8170	1134	7036
2875	8089	1139	6950
2876	8017	1141	6876
2877	8010	1148	6862
2878	8003	1151	6852
2879	8019	1146	6873
2880	7995	1139	6856
2881	8030	1140	6890
2882	8007	1139	6868
2883	7961	1144	6817
2884	7885	1141	6744
2885	7816	1135	6681
2886	7877	1145	6732
2887	7861	1157	6704
2888	7740	1137	6603
2889	7767	1129	6638
2890	7845	1134	6711
2891	7749	1147	6602
2892	7740	1148	6592
2893	7690	1150	6540
2894	7634	1154	6480
2895	7692	1147	6545
2896	7651	1144	6507
2897	7605	1152	6453
2898	7557	1148	6409
2899	7556	1144	6412
2900	7589	1145	6444
2901	7549	1138	6411
2902	7452	1138	6314
2903	7396	1136	6260
2904	7434	1146	6288
2905	7441	1153	6288
2906	7466	1147	6319
2907	7464	1148	6316
2908	7426	1141	6285
2909	7386	1146	6240
2910	7333	1141	6192
2911	7344	1138	6206
2912	7363	1148	6215
2913	7305	1144	6161
2914	7275	1149	6126
2915	7278	1148	6130
2916	7231	1146	6085
2917	7156	1144	6012
2918	7189	1138	6051
2919	7165	1139	6026
2920	7170	1138	6032
2921	7130	1138	5992
2922	7135	1145	5990
2923	7101	1147	5954
2924	7070	1155	5915
2925	7105	1149	5956
2926	7093	1141	5952
2927	7048	1140	5908
2928	6991	1140	5851
2929	6948	1136	5812
2930	6976	1142	5834
2931	6991	1140	5851
2932	6871	1149	5722
2933	6846	1150	5696
2934	6858	1147	5711
2935	6850	1154	5696
2936	6844	1148	5696
2937	6801	1145	5656
2938	6773	1144	5629
2939	6706	1153	5553
2940	6715	1146	5569
2941	6725	1143	5582
2942	6675	1143	5532
2943	6622	1138	5484
2944	6547	1141	5406
2945	6509	1151	5358
2946	6547	1147	5400
2947	6564	1149	5415
2948	6478	1145	5333
2949	6499	1142	5357
2950	6465	1141	5324
2951	6374	1143	5231
2952	6375	1143	5232
2953	6327	1141	5186
2954	6387	1135	5252
2955	6456	1141	5315
2956	6443	1147	5296
2957	6396	1138	5258
2958	6373	1139	5234
2959	6330	1145	5185
2960	6289	1150	5139
2961	6279	1148	5131
2962	6328	1147	5181
2963	6298	1151	5147
2964	6255	1151	5104
2965	6287	1142	5145
2966	6275	1136	5139
2967	6182	1147	5035
2968	6154	1142	5012
2969	6091	1136	4955
2970	6151	1130	5021
2971	6128	1143	4985
2972	6137	1150	4987
2973	6102	1148	4954
2974	6038	1146	4892
2975	6017	1150	4867
2976	5975	1154	4821
2977	5976	1156	4820
2978	5942	1148	4794
2979	5924	1147	4777
2980	5876	1157	4719
2981	5912	1155	4757
2982	5858	1149	4709
2983	5855	1153	4702
2984	5861	1147	4714
2985	5818	1149	4669
2986	5729	1148	4581
2987	5762	1140	4622
2988	5749	1137	4612
2989	5685	1139	4546
2990	5725	1145	4580
2991	5713	1147	4566
2992	5678	1140	4538
2993	5591	1147	4444
2994	5556	1140	4416
2995	5472	1146	4326
2996	5442	1150	4292
2997	5424	1143	4281
2998	5385	1138	4247
2999	5314	1135	4179
3000	5264	1144	4120
3001	5316	1143	4173
3002	5264	1137	4127
3003	5247	1143	4104
3004	5233	1143	4090
3005	5186	1139	4047
3006	5109	1137	3972
3007	5143	1151	3992
3008	5205	1151	4054
3009	5269	1146	4123
3010	5231	1134	4097
3011	5239	1136	4103
3012	5287	1137	4150
3013	5242	1145	4097
3014	5189	1138	4051
3015	5193	1149	4044
3016	5183	1146	4037
3017	5097	1150	3947
3018	5081	1153	3928
3019	5060	1145	3915
3020	5011	1138	3873
3021	5002	1141	3861
3022	4990	1141	3849
3023	4934	1142	3792
3024	4923	1140	3783
3025	4914	1142	3772
3026	4929	1144	3785
3027	4957	1152	3805
3028	4884	1147	3737
3029	4832	1151	3681
3030	4779	1151	3628
3031	4762	1144	3618
3032	4743	1132	3611
3033	4752	1135	3617
3034	4707	1144	3563
3035	4626	1139	3487
3036	4647	1132	3515
3037	4561	1147	3414
3038	4549	1145	3404
3039	4608	1158	3450
3040	4612	1156	3456
3041	4609	1146	3463
3042	4604	1137	3467
3043	4535	1139	3396
3044	4489	1143	3346
3045	4486	1142	3344
3046	4489	1143	3346
3047	4498	1148	3350
3048	4458	1147	3311
3049	4408	1143	3265
3050	4348	1140	3208
3051	4260	1138	3122
3052	4243	1137	3106
3053	4240	1128	3112
3054	4251	1137	3114
3055	4251	1155	3096
3056	4241	1146	3095
3057	4261	1142	3119
3058	4219	1151	3068
3059	4187	1154	3033
3060	4148	1147	3001
3061	4171	1143	3028
3062	4133	1146	2987
3063	4025	1146	2879
3064	3954	1141	2813
3065	3966	1141	2825
3066	4005	1145	2860
3067	3983	1143	2840
3068	3931	1140	2791
3069	3910	1136	2774
3070	3893	1139	2754
3071	3865	1142	2723
3072	3798	1144	2654
3073	3806	1155	2651
3074	3761	1150	2611
3075	3707	1153	2554
3076	3693	1151	2542
3077	3663	1141	2522
3078	3689	1132	2557
3079	3703	1155	2548
3080	3645	1155	2490
3081	3595	1153	2442
3082	3583	1149	2434
3083	3589	1145	2444
3084	3558	1141	2417
3085	3504	1143	2361
3086	3458	1148	2310
3087	3456	1144	2312
3088	3430	1146	2284
3089	3409	1145	2264
3090	3406	1144	2262
3091	3343	1146	2197
3092	3348	1150	2198
3093	3332	1147	2185
3094	3272	1141	2131
3095	3235	1147	2088
3096	3281	1154	2127
3097	3250	1147	2103
3098	3200	1144	2056
3099	3154	1142	2012
3100	3146	1143	2003
3101	3161	1146	2015
3102	3146	1139	2007
3103	3088	1137	1951
3104	3059	1143	1916
3105	3029	1139	1890
3106	2999	1137	1862
3107	2976	1139	1837
3108	3013	1141	1872
3109	2969	1143	1826
3110	2927	1146	1781
3111	2920	1139	1781
3112	2857	1143	1714
3113	2823	1140	1683
3114	2816	1139	1677
3115	2821	1143	1678
3116	2834	1136	1698
3117	2793	1141	1652
3118	2755	1139	1616
3119	2751	1142	1609
3120	2736	1140	1596
3121	2687	1143	1544
3122	2649	1138	1511
3123	2624	1136	1488
3124	2638	1142	1496
3125	2655	1143	1512
3126	2610	1140	1470
3127	2581	1142	1439
3128	2574	1143	1431
3129	2547	1142	1405
3130	2510	1136	1374
3131	2508	1136	1372
3132	2492	1144	1348
3133	2473	1148	1325
3134	2401	1138	1263
3135	2370	1145	1225
3136	2435	1151	1284
3137	2390	1141	1249
3138	2372	1141	1231
3139	2395	1140	1255
3140	2367	1133	1234
3141	2337	1144	1193
3142	2298	1135	1163
3143	2262	1136	1126
3144	2270	1145	1125
3145	2206	1148	1058
3146	2187	1147	1040
3147	2211	1145	1066
3148	2226	1143	1083
3149	2159	1140	1019
3150	2113	1137	976
3151	2120	1133	987
3152	2110	1141	969
3153	2104	1151	953
3154	2068	1142	926
3155	2062	1147	915
3156	2093	1149	944
3157	2049	1146	903
3158	2004	1151	853
3159	1998	1148	850
3160	2003	1139	864
3161	1949	1136	813
3162	1978	1140	838
3163	1938	1149	789
3164	1927	1153	774
3165	1934	1149	785
3166	1917	1146	771
3167	1891	1140	751
3168	1853	1136	717
3169	1856	1138	718
3170	1871	1143	728
3171	1828	1144	684
3172	1805	1134	671
3173	1816	1142	674
3174	1802	1147	655
3175	1788	1139	649
3176	1771	1141	630
3177	1736	1144	592
3178	1755	1145	610
3179	1728	1149	579
3180	1720	1148	572
3181	1701	1140	561
3182	1687	1142	545
3183	1678	1150	528
3184	1660	1145	515
3185	1610	1144	466
3186	1609	1138	471
3187	1651	1140	511
3188	1652	1136	516
3189	1618	1131	487
3190	1599	1137	462
3191	1591	1149	442
3192	1556	1147	409
3193	1540	1138	402
3194	1542	1139	403
3195	1541	1153	388
3196	1587	1142	445
3197	1559	1147	412
3198	1510	1146	364
3199	1479	1144	335
3200	1480	1153	327
3201	1497	1161	336
3202	1474	1149	325
3203	1455	1132	323
3204	1476	1134	342
3205	1486	1140	346
3206	1471	1143	328
3207	1446	1138	308
3208	1429	1136	293
3209	1444	1139	305
3210	1463	1140	323
3211	1443	1148	295
3212	1442	1144	298
3213	1434	1148	286
3214	1408	1139	269
3215	1402	1143	259
3216	1394	1142	252
3217	1385	1142	243
3218	1410	1139	271
3219	1388	1137	251
3220	1390	1138	252
3221	1390	1137	253
3222	1388	1142	246
3223	1405	1147	258
3224	1421	1151	270
3225	1409	1150	259
3226	1372	1147	225
3227	1374	1151	223
3228	1388	1157	231
3229	1384	1152	232
3230	1378	1137	241
3231	1377	1142	235
3232	1392	1140	252
3233	1375	1142	233
3234	1369	1140	229
3235	1353	1141	212
3236	1357	1130	227
3237	1352	1135	217
3238	1368	1146	222
3239	1389	1152	237
3240	1371	1148	223
3241	1362	1151	211
3242	1354	1146	208
3243	1364	1139	225
3244	1371	1142	229
3245	1350	1145	205
3246	1375	1145	230
3247	1366	1136	230
3248	1329	1132	197
3249	1355	1142	213
3250	1380	1146	234
3251	1340	1136	204
3252	1344	1138	206
3253	1349	1149	200
3254	1342	1139	203
3255	1350	1150	200
3256	1385	1146	239
3257	1346	1126	220
3258	1332	1134	198
3259	1362	1151	211
3260	1337	1150	187
3261	1325	1149	176
3262	1322	1145	177
3263	1325	1146	179
3264	1316	1140	176
3265	1326	1145	181
3266	1330	1152	178
3267	1321	1147	174
3268	1332	1147	185
3269	1344	1153	191
3270	1340	1146	194
3271	1329	1136	193
3272	1345	1129	216
3273	1317	1125	192
3274	1325	1136	189
3275	1308	1153	155
3276	1312	1145	167
3277	1310	1138	172
3278	1336	1142	194
3279	1349	1138	211
3280	1350	1140	210
3281	1340	1149	191
3282	1312	1142	170
3283	1303	1142	161
3284	1326	1155	171
3285	1305	1147	158
3286	1305	1151	154
3287	1314	1153	161
3288	1305	1142	163
3289	1273	1141	132
3290	1304	1145	159
3291	1299	1135	164
3292	1308	1137	171
3293	1321	1138	183
3294	1319	1135	184
3295	1307	1142	165
3296	1293	1141	152
3297	1296	1147	149
3298	1312	1141	171
3299	1319	1143	176
3300	1324	1148	176
3301	1327	1144	183
3302	1307	1148	159
3303	1321	1141	180
3304	1339	1149	190
3305	1319	1133	186
3306	1324	1118	206
3307	1322	1131	191
3308	1310	1140	170
3309	1277	1136	141
3310	1302	1141	161
3311	1299	1145	154
3312	1296	1140	156
3313	1305	1147	158
3314	1326	1149	177
3315	1326	1149	177
3316	1319	1148	171
3317	1279	1143	136
3318	1277	1149	128
3319	1290	1149	141
3320	1294	1142	152
3321	1290	1140	150
3322	1316	1143	173
3323	1322	1145	177
3324	1323	1137	186
3325	1307	1137	170
3326	1321	1144	177
3327	1290	1143	147
3328	1279	1136	143
3329	1280	1137	143
3330	1288	1144	144
3331	1304	1149	155
3332	1314	1136	178
3333	1310	1137	173
3334	1300	1143	157
3335	1300	1140	160
3336	1286	1134	152
3337	1277	1135	142
3338	1301	1140	161
3339	1297	1139	158
3340	1286	1144	142
3341	1306	1157	149
3342	1330	1145	185
3343	1304	1141	163
3344	1303	1139	164
3345	1298	1143	155
3346	1298	1140	158
3347	1292	1139	153
3348	1319	1142	177
3349	1293	1152	141
3350	1270	1149	121
3351	1277	1146	131
3352	1296	1144	152
3353	1272	1145	127
3354	1272	1144	128
3355	1288	1143	145
3356	1293	1143	150
3357	1307	1141	166
3358	1276	1150	126
3359	1280	1149	131
3360	1286	1147	139
3361	1284	1149	135
3362	1287	1140	147
3363	1277	1142	135
3364	1283	1144	139
3365	1292	1147	145
3366	1278	1157	121
3367	1275	1153	122
3368	1272	1145	127
3369	1257	1147	110
3370	1289	1140	149
3371	1295	1150	145
3372	1282	1141	141
3373	1283	1136	147
3374	1273	1147	126
3375	1263	1157	106
3376	1276	1144	132
3377	1294	1143	151
3378	1286	1143	143
3379	1267	1140	127
3380	1248	1137	111
3381	1279	1140	139
3382	1299	1132	167
3383	1295	1142	153
3384	1287	1147	140
3385	1295	1139	156
3386	1309	1137	172
3387	1275	1146	129
3388	1271	1148	123
3389	1275	1137	138
3390	1289	1146	143
3391	1280	1151	129
3392	1269	1146	123
3393	1248	1142	106
3394	1272	1140	132
3395	1267	1138	129
3396	1292	1140	152
3397	1301	1141	160
3398	1285	1142	143
3399	1266	1148	118
3400	1277	1146	131
3401	1257	1144	113
3402	1289	1146	143
3403	1282	1143	139
3404	1275	1136	139
3405	1248	1150	98
3406	1243	1153	90
3407	1266	1151	115
3408	1273	1154	119
3409	1265	1156	109
3410	1277	1150	127
3411	1308	1141	167
3412	1302	1144	158
3413	1269	1141	128
3414	1243	1149	94
3415	1279	1150	129
3416	1289	1136	153
3417	1266	1143	123
3418	1273	1139	134
3419	1274	1134	140
3420	1265	1134	131
3421	1267	1139	128
3422	1261	1144	117
3423	1257	1145	112
3424	1250	1140	110
3425	1243	1142	101
3426	1253	1145	108
3427	1258	1144	114
3428	1266	1152	114
3429	1254	1145	109
3430	1248	1139	109
3431	1249	1142	107
3432	1251	1151	100
3433	1236	1144	92
3434	1221	1146	75
3435	1245	1157	88
3436	1277	1157	120
3437	1277	1149	128
3438	1257	1152	105
3439	1252	1152	100
3440	1257	1140	117
3441	1246	1142	104
3442	1264	1147	117
3443	1287	1142	145
3444	1284	1145	139
3445	1251	1146	105
3446	1243	1142	101
3447	1246	1139	107
3448	1252	1135	117
3449	1248	1139	109
3450	1245	1140	105
3451	1223	1130	93
3452	1240	1133	107
3453	1262	1137	125
3454	1278	1144	134
3455	1265	1141	124
3456	1244	1140	104
3457	1259	1142	117
3458	1249	1139	110
3459	1228	1143	85
3460	1234	1141	93
3461	1226	1144	82
3462	1259	1147	112
3463	1251	1141	110
3464	1249	1145	104
3465	1245	1143	102
3466	1253	1147	106
3467	1278	1140	138
3468	1258	1129	129
3469	1239	1133	106
3470	1240	1137	103
3471	1236	1137	99
3472	1246	1132	114
3473	1251	1144	107
3474	1269	1140	129
3475	1254	1140	114
3476	1241	1141	100
3477	1236	1148	88
3478	1228	1139	89
3479	1239	1132	107
3480	1246	1148	98
3481	1237	1149	88
3482	1234	1145	89
3483	1238	1138	100
3484	1220	1146	74
3485	1235	1149	86
3486	1229	1142	87
3487	1219	1144	75
3488	1244	1145	99
3489	1234	1154	80
3490	1221	1143	78
3491	1223	1137	86
3492	1235	1141	94
3493	1238	1143	95
3494	1203	1139	64
3495	1204	1149	55
3496	1214	1155	59
3497	1230	1143	87
3498	1234	1147	87
3499	1222	1148	74
3500	1226	1141	85
3501	1230	1151	79
3502	1241	1150	91
3503	1252	1148	104
3504	1248	1147	101
3505	1239	1140	99
3506	1240	1141	99
3507	1225	1143	82
3508	1221	1140	81
3509	1208	1145	63
3510	1216	1148	68
3511	1207	1144	63
3512	1210	1144	66
3513	1209	1141	68
3514	1215	1138	77
3515	1222	1142	80
3516	1233	1142	91
3517	1242	1141	101
3518	1227	1142	85
3519	1217	1140	77
3520	1227	1137	90
3521	1224	1141	83
3522	1221	1141	80
3523	1210	1141	69
3524	1226	1147	79
3525	1238	1149	89
3526	1222	1143	79
3527	1210	1141	69
3528	1216	1131	85
3529	1230	1128	102
3530	1217	1131	86
3531	1201	1138	63
3532	1204	1143	61
3533	1229	1145	84
3534	1222	1141	81
3535	1190	1147	43
3536	1212	1142	70
3537	1242	1140	102
3538	1238	1147	91
3539	1220	1152	68
3540	1203	1147	56
3541	1171	1148	23
3542	1189	1142	47
3543	1207	1146	61
3544	1185	1152	33
3545	1172	1142	30
3546	1208	1135	73
3547	1206	1132	74
3548	1207	1134	73
3549	1211	1131	80
3550	1212	1142	70
3551	1204	1151	53
3552	1203	1143	60
3553	1208	1148	60
3554	1211	1143	68
3555	1209	1139	70
3556	1218	1126	92
3557	1220	1138	82
3558	1211	1153	58
3559	1182	1153	29
3560	1180	1145	35
3561	1183	1144	39
3562	1198	1138	60
3563	1228	1139	89
3564	1231	1143	88
3565	1196	1152	44
3566	1179	1147	32
3567	1193	1140	53
3568	1197	1153	44
3569	1206	1156	50
3570	1202	1146	56
3571	1211	1144	67
3572	1224	1148	76
3573	1225	1148	77
3574	1194	1143	51
3575	1158	1148	10
3576	1171	1156	15
3577	1188	1156	32
3578	1211	1144	67
3579	1195	1147	48
3580	1198	1142	56
3581	1189	1141	48
3582	1203	1139	64
3583	1197	1140	57
3584	1205	1141	64
3585	1178	1135	43
3586	1210	1144	66
3587	1218	1141	77
3588	1194	1138	56
3589	1183	1138	45
3590	1208	1145	63
3591	1219	1142	77
3592	1211	1142	69
3593	1168	1150	18
3594	1188	1142	46
3595	1195	1146	49
3596	1207	1154	53
3597	1197	1164	33
3598	1190	1149	41
3599	1185	1147	38
3600	1195	1136	59
3601	1196	1138	58
3602	1192	1142	50
3603	1183	1144	39
3604	1173	1147	26
3605	1166	1137	29
3606	1171	1144	27
3607	1167	1153	14
3608	1192	1159	33
3609	1191	1156	35
3610	1189	1145	44
3611	1167	1135	32
3612	1190	1135	55
3613	1192	1144	48
3614	1211	1146	65
3615	1198	1147	51
3616	1183	1143	40
3617	1171	1147	24
3618	1188	1142	46
3619	1212	1130	82
3620	1217	1138	79
3621	1198	1141	57
3622	1201	1138	63
3623	1177	1143	34
3624	1181	1143	38
3625	1195	1140	55
3626	1225	1138	87
3627	1202	1140	62
3628	1178	1145	33
3629	1184	1151	33
3630	1194	1149	45
3631	1188	1148	40
3632	1181	1152	29
3633	1188	1151	37
3634	1188	1141	47
3635	1193	1143	50
3636	1178	1152	26
3637	1176	1152	24
3638	1185	1150	35
3639	1177	1153	24
3640	1189	1159	30
3641	1185	1148	37
3642	1200	1143	57
3643	1202	1148	54
3644	1201	1147	54
3645	1219	1143	76
3646	1198	1143	55
3647	1199	1141	58
3648	1234	1147	87
