index	original	background	difference
-----------------------------------------------------
1	1183	1099	84
2	1169	1102	67
3	1165	1106	59
4	1176	1108	68
5	1197	1105	92
6	1196	1099	97
7	1217	1105	112
8	1183	1107	76
9	1178	1109	69
10	1185	1109	76
11	1187	1111	76
12	1168	1110	58
13	1181	1111	70
14	1187	1120	67
15	1208	1130	78
16	1204	1117	87
17	1213	1111	102
18	1205	1111	94
19	1199	1123	76
20	1194	1116	78
21	1197	1102	95
22	1199	1121	78
23	1181	1117	64
24	1201	1121	80
25	1216	1121	95
26	1181	1122	59
27	1221	1126	95
28	1211	1123	88
29	1184	1118	66
30	1177	1116	61
31	1210	1124	86
32	1212	1123	89
33	1223	1128	95
34	1189	1131	58
35	1186	1125	61
36	1196	1128	68
37	1215	1122	93
38	1212	1126	86
39	1202	1125	77
40	1209	1128	81
41	1207	1123	84
42	1212	1114	98
43	1215	1124	91
44	1212	1139	73
45	1226	1133	93
46	1224	1125	99
47	1224	1128	96
48	1214	1137	77
49	1209	1143	66
50	1224	1136	88
51	1231	1138	93
52	1198	1139	59
53	1218	1136	82
54	1228	1138	90
55	1246	1130	116
56	1220	1132	88
57	1236	1126	110
58	1233	1130	103
59	1238	1141	97
60	1239	1130	109
61	1220	1126	94
62	1225	1138	87
63	1223	1144	79
64	1196	1140	56
65	1212	1132	80
66	1225	1129	96
67	1246	1131	115
68	1220	1131	89
69	1224	1136	88
70	1259	1134	125
71	1249	1135	114
72	1203	1142	61
73	1220	1152	68
74	1235	1147	88
75	1246	1140	106
76	1251	1141	110
77	1250	1142	108
78	1241	1147	94
79	1241	1147	94
80	1234	1142	92
81	1254	1137	117
82	1262	1132	130
83	1258	1129	129
84	1243	1131	112
85	1237	1137	100
86	1230	1133	97
87	1253	1137	116
88	1251	1146	105
89	1242	1149	93
90	1251	1145	106
91	1254	1140	114
92	1238	1138	100
93	1249	1140	109
94	1256	1138	118
95	1274	1139	135
96	1281	1136	145
97	1269	1140	129
98	1253	1146	107
99	1246	1142	104
100	1261	1135	126
101	1278	1141	137
102	1265	1140	125
103	1249	1135	114
104	1252	1139	113
105	1271	1152	119
106	1279	1144	135
107	1286	1138	148
108	1288	1141	147
109	1286	1145	141
110	1286	1142	144
111	1287	1135	152
112	1261	1136	125
113	1281	1138	143
114	1293	1132	161
115	1279	1136	143
116	1257	1129	128
117	1257	1132	125
118	1279	1140	139
119	1275	1144	131
120	1270	1139	131
121	1280	1140	140
122	1291	1146	145
123	1294	1139	155
124	1273	1137	136
125	1268	1134	134
126	1257	1130	127
127	1290	1134	156
128	1296	1135	161
129	1293	1142	151
130	1297	1149	148
131	1288	1159	129
132	1287	1156	131
133	1298	1146	152
134	1295	1141	154
135	1310	1136	174
136	1321	1139	182
137	1297	1138	159
138	1279	1142	137
139	1303	1144	159
140	1312	1144	168
141	1311	1144	167
142	1298	1134	164
143	1305	1141	164
144	1331	1145	186
145	1329	1140	189
146	1310	1141	169
147	1336	1151	185
148	1334	1144	190
149	1315	1134	181
150	1300	1137	163
151	1301	1144	157
152	1324	1141	183
153	1318	1144	174
154	1317	1143	174
155	1346	1138	208
156	1349	1138	211
157	1343	1140	203
158	1336	1143	193
159	1326	1152	174
160	1306	1146	160
161	1319	1140	179
162	1319	1144	175
163	1336	1145	191
164	1336	1139	197
165	1336	1148	188
166	1332	1145	187
167	1349	1142	207
168	1347	1139	208
169	1346	1142	204
170	1334	1137	197
171	1362	1143	219
172	1346	1146	200
173	1354	1154	200
174	1370	1145	225
175	1378	1139	239
176	1374	1139	235
177	1390	1137	253
178	1382	1143	239
179	1382	1145	237
180	1344	1134	210
181	1355	1132	223
182	1344	1134	210
183	1358	1133	225
184	1364	1140	224
185	1373	1143	230
186	1375	1153	222
187	1387	1152	235
188	1395	1145	250
189	1367	1151	216
190	1368	1149	219
191	1370	1150	220
192	1366	1136	230
193	1379	1126	253
194	1390	1130	260
195	1381	1153	228
196	1375	1147	228
197	1382	1146	236
198	1387	1145	242
199	1412	1150	262
200	1393	1146	247
201	1385	1146	239
202	1395	1135	260
203	1419	1132	287
204	1404	1139	265
205	1418	1146	272
206	1434	1143	291
207	1408	1139	269
208	1396	1152	244
209	1405	1152	253
210	1394	1145	249
211	1414	1137	277
212	1430	1140	290
213	1415	1137	278
214	1417	1136	281
215	1401	1134	267
216	1417	1135	282
217	1443	1141	302
218	1430	1148	282
219	1424	1144	280
220	1430	1132	298
221	1439	1128	311
222	1446	1132	314
223	1447	1138	309
224	1410	1138	272
225	1426	1136	290
226	1457	1134	323
227	1460	1130	330
228	1445	1132	313
229	1450	1146	304
230	1437	1145	292
231	1455	1138	317
232	1460	1139	321
233	1455	1140	315
234	1421	1139	282
235	1434	1132	302
236	1488	1134	354
237	1509	1144	365
238	1470	1145	325
239	1506	1147	359
240	1524	1150	374
241	1542	1150	392
242	1508	1137	371
243	1476	1138	338
244	1498	1144	354
245	1522	1157	365
246	1489	1149	340
247	1518	1148	370
248	1510	1143	367
249	1538	1137	401
250	1542	1145	397
251	1526	1140	386
252	1505	1141	364
253	1504	1148	356
254	1522	1146	376
255	1571	1151	420
256	1571	1137	434
257	1577	1142	435
258	1549	1151	398
259	1530	1150	380
260	1559	1143	416
261	1567	1140	427
262	1582	1133	449
263	1584	1139	445
264	1544	1142	402
265	1552	1136	416
266	1552	1138	414
267	1557	1136	421
268	1570	1135	435
269	1565	1141	424
270	1570	1142	428
271	1587	1148	439
272	1591	1148	443
273	1595	1149	446
274	1582	1138	444
275	1598	1139	459
276	1606	1147	459
277	1624	1143	481
278	1623	1146	477
279	1636	1140	496
280	1635	1130	505
281	1655	1136	519
282	1636	1145	491
283	1622	1139	483
284	1626	1139	487
285	1628	1148	480
286	1658	1146	512
287	1685	1152	533
288	1691	1152	539
289	1677	1150	527
290	1673	1150	523
291	1680	1147	533
292	1668	1140	528
293	1664	1146	518
294	1674	1142	532
295	1696	1143	553
296	1685	1148	537
297	1701	1158	543
298	1712	1153	559
299	1716	1147	569
300	1741	1142	599
301	1780	1150	630
302	1776	1143	633
303	1775	1149	626
304	1773	1147	626
305	1737	1135	602
306	1774	1123	651
307	1787	1134	653
308	1782	1148	634
309	1791	1143	648
310	1800	1144	656
311	1803	1139	664
312	1793	1128	665
313	1810	1137	673
314	1806	1142	664
315	1794	1143	651
316	1838	1135	703
317	1854	1130	724
318	1866	1134	732
319	1826	1136	690
320	1833	1140	693
321	1890	1138	752
322	1877	1138	739
323	1913	1133	780
324	1895	1131	764
325	1892	1136	756
326	1896	1139	757
327	1904	1143	761
328	1931	1154	777
329	1939	1150	789
330	1943	1151	792
331	1938	1159	779
332	1931	1148	783
333	1959	1151	808
334	1974	1142	832
335	1965	1139	826
336	1969	1149	820
337	1985	1139	846
338	1981	1140	841
339	2009	1146	863
340	2022	1150	872
341	2020	1158	862
342	2009	1149	860
343	2036	1140	896
344	2060	1136	924
345	2064	1145	919
346	2068	1141	927
347	2061	1144	917
348	2057	1145	912
349	2070	1143	927
350	2091	1142	949
351	2096	1141	955
352	2106	1137	969
353	2074	1140	934
354	2098	1143	955
355	2144	1147	997
356	2134	1140	994
357	2135	1141	994
358	2144	1143	1001
359	2145	1143	1002
360	2157	1146	1011
361	2201	1148	1053
362	2205	1140	1065
363	2139	1134	1005
364	2145	1136	1009
365	2191	1129	1062
366	2196	1125	1071
367	2254	1144	1110
368	2232	1136	1096
369	2213	1140	1073
370	2205	1142	1063
371	2232	1146	1086
372	2224	1151	1073
373	2248	1143	1105
374	2266	1140	1126
375	2269	1139	1130
376	2253	1140	1113
377	2278	1150	1128
378	2276	1153	1123
379	2292	1142	1150
380	2296	1131	1165
381	2283	1141	1142
382	2289	1150	1139
383	2336	1153	1183
384	2331	1140	1191
385	2294	1141	1153
386	2309	1135	1174
387	2358	1141	1217
388	2347	1149	1198
389	2339	1132	1207
390	2365	1135	1230
391	2367	1155	1212
392	2363	1154	1209
393	2378	1147	1231
394	2366	1151	1215
395	2416	1153	1263
396	2396	1147	1249
397	2408	1148	1260
398	2419	1156	1263
399	2383	1150	1233
400	2421	1152	1269
401	2440	1155	1285
402	2430	1142	1288
403	2439	1151	1288
404	2378	1142	1236
405	2438	1140	1298
406	2461	1146	1315
407	2479	1144	1335
408	2492	1141	1351
409	2462	1141	1321
410	2457	1147	1310
411	2443	1150	1293
412	2466	1143	1323
413	2511	1154	1357
414	2554	1146	1408
415	2571	1142	1429
416	2527	1136	1391
417	2573	1134	1439
418	2554	1133	1421
419	2572	1140	1432
420	2574	1151	1423
421	2570	1149	1421
422	2586	1148	1438
423	2582	1147	1435
424	2591	1142	1449
425	2594	1142	1452
426	2592	1142	1450
427	2602	1144	1458
428	2537	1146	1391
429	2543	1150	1393
430	2578	1147	1431
431	2598	1143	1455
432	2583	1135	1448
433	2616	1143	1473
434	2651	1146	1505
435	2635	1147	1488
436	2629	1140	1489
437	2667	1131	1536
438	2669	1145	1524
439	2680	1146	1534
440	2688	1151	1537
441	2678	1148	1530
442	2684	1151	1533
443	2683	1148	1535
444	2661	1141	1520
445	2704	1142	1562
446	2712	1130	1582
447	2724	1143	1581
448	2716	1153	1563
449	2712	1149	1563
450	2673	1145	1528
451	2719	1146	1573
452	2720	1147	1573
453	2753	1147	1606
454	2781	1138	1643
455	2803	1139	1664
456	2784	1133	1651
457	2733	1135	1598
458	2758	1139	1619
459	2766	1150	1616
460	2783	1148	1635
461	2761	1134	1627
462	2755	1134	1621
463	2791	1134	1657
464	2811	1132	1679
465	2857	1138	1719
466	2855	1141	1714
467	2816	1150	1666
468	2813	1147	1666
469	2842	1156	1686
470	2821	1153	1668
471	2873	1137	1736
472	2886	1130	1756
473	2868	1137	1731
474	2861	1136	1725
475	2866	1133	1733
476	2869	1142	1727
477	2859	1148	1711
478	2854	1143	1711
479	2875	1141	1734
480	2889	1150	1739
481	2949	1141	1808
482	2954	1132	1822
483	2956	1148	1808
484	2919	1146	1773
485	2939	1143	1796
486	2959	1136	1823
487	2950	1141	1809
488	2995	1141	1854
489	3003	1129	1874
490	2977	1127	1850
491	2934	1140	1794
492	2949	1140	1809
493	2969	1145	1824
494	2978	1139	1839
495	2970	1140	1830
496	3002	1146	1856
497	3083	1156	1927
498	3072	1150	1922
499	3057	1149	1908
500	3048	1145	1903
501	3065	1138	1927
502	3039	1141	1898
503	3102	1141	1961
504	3082	1142	1940
505	3074	1142	1932
506	3074	1141	1933
507	3039	1153	1886
508	3068	1158	1910
509	3152	1132	2020
510	3131	1122	2009
511	3134	1136	1998
512	3143	1147	1996
513	3167	1153	2014
514	3182	1134	2048
515	3165	1141	2024
516	3128	1146	1982
517	3149	1144	2005
518	3180	1139	2041
519	3198	1136	2062
520	3236	1139	2097
521	3279	1144	2135
522	3250	1139	2111
523	3245	1133	2112
524	3259	1143	2116
525	3209	1138	2071
526	3192	1144	2048
527	3209	1147	2062
528	3220	1139	2081
529	3252	1133	2119
530	3227	1122	2105
531	3246	1133	2113
532	3265	1136	2129
533	3298	1143	2155
534	3311	1141	2170
535	3307	1134	2173
536	3298	1131	2167
537	3310	1144	2166
538	3317	1138	2179
539	3335	1134	2201
540	3371	1134	2237
541	3388	1142	2246
542	3389	1151	2238
543	3389	1144	2245
544	3388	1145	2243
545	3423	1148	2275
546	3428	1141	2287
547	3443	1140	2303
548	3477	1145	2332
549	3474	1142	2332
550	3471	1144	2327
551	3475	1142	2333
552	3447	1135	2312
553	3476	1147	2329
554	3500	1150	2350
555	3502	1144	2358
556	3521	1144	2377
557	3573	1153	2420
558	3543	1146	2397
559	3559	1142	2417
560	3591	1147	2444
561	3566	1147	2419
562	3578	1132	2446
563	3594	1130	2464
564	3606	1149	2457
565	3673	1144	2529
566	3655	1147	2508
567	3644	1140	2504
568	3637	1131	2506
569	3649	1148	2501
570	3648	1155	2493
571	3674	1149	2525
572	3628	1140	2488
573	3673	1140	2533
574	3716	1137	2579
575	3725	1139	2586
576	3735	1146	2589
577	3743	1147	2596
578	3788	1149	2639
579	3763	1137	2626
580	3754	1136	2618
581	3764	1144	2620
582	3772	1139	2633
583	3813	1142	2671
584	3828	1150	2678
585	3843	1155	2688
586	3845	1149	2696
587	3861	1148	2713
588	3863	1145	2718
589	3853	1147	2706
590	3886	1141	2745
591	3897	1145	2752
592	3872	1137	2735
593	3930	1124	2806
594	3961	1133	2828
595	3965	1151	2814
596	3928	1152	2776
597	3943	1138	2805
598	3974	1138	2836
599	3973	1152	2821
600	4000	1144	2856
601	4007	1142	2865
602	3983	1144	2839
603	3927	1141	2786
604	3990	1147	2843
605	4011	1145	2866
606	4007	1145	2862
607	4054	1147	2907
608	4038	1142	2896
609	4077	1142	2935
610	4119	1140	2979
611	4119	1149	2970
612	4154	1142	3012
613	4141	1140	3001
614	4120	1146	2974
615	4143	1147	2996
616	4104	1144	2960
617	4157	1140	3017
618	4174	1137	3037
619	4196	1141	3055
620	4216	1139	3077
621	4220	1132	3088
622	4212	1133	3079
623	4175	1137	3038
624	4194	1144	3050
625	4231	1145	3086
626	4227	1148	3079
627	4266	1156	3110
628	4243	1146	3097
629	4242	1141	3101
630	4318	1144	3174
631	4330	1138	3192
632	4304	1140	3164
633	4338	1145	3193
634	4298	1141	3157
635	4356	1148	3208
636	4318	1141	3177
637	4352	1142	3210
638	4368	1143	3225
639	4364	1141	3223
640	4330	1132	3198
641	4360	1132	3228
642	4384	1132	3252
643	4367	1134	3233
644	4380	1134	3246
645	4364	1147	3217
646	4354	1150	3204
647	4429	1149	3280
648	4468	1146	3322
649	4430	1146	3284
650	4448	1143	3305
651	4433	1148	3285
652	4422	1141	3281
653	4429	1144	3285
654	4507	1146	3361
655	4468	1137	3331
656	4415	1143	3272
657	4445	1145	3300
658	4484	1142	3342
659	4492	1152	3340
660	4503	1145	3358
661	4481	1143	3338
662	4508	1135	3373
663	4578	1133	3445
664	4516	1136	3380
665	4527	1148	3379
666	4527	1150	3377
667	4528	1152	3376
668	4545	1143	3402
669	4515	1141	3374
670	4551	1142	3409
671	4571	1146	3425
672	4593	1152	3441
673	4604	1149	3455
674	4602	1141	3461
675	4621	1154	3467
676	4627	1146	3481
677	4634	1141	3493
678	4608	1151	3457
679	4593	1138	3455
680	4597	1132	3465
681	4548	1146	3402
682	4589	1145	3444
683	4605	1138	3467
684	4619	1144	3475
685	4610	1143	3467
686	4600	1146	3454
687	4620	1143	3477
688	4627	1146	3481
689	4623	1143	3480
690	4622	1140	3482
691	4608	1139	3469
692	4652	1148	3504
693	4662	1154	3508
694	4664	1145	3519
695	4653	1137	3516
696	4649	1142	3507
697	4639	1140	3499
698	4619	1147	3472
699	4601	1148	3453
700	4699	1148	3551
701	4714	1154	3560
702	4667	1143	3524
703	4676	1154	3522
704	4691	1153	3538
705	4669	1149	3520
706	4681	1147	3534
707	4680	1163	3517
708	4663	1147	3516
709	4691	1142	3549
710	4696	1147	3549
711	4703	1142	3561
712	4677	1129	3548
713	4669	1145	3524
714	4616	1148	3468
715	4678	1142	3536
716	4679	1137	3542
717	4685	1132	3553
718	4759	1143	3616
719	4707	1147	3560
720	4697	1141	3556
721	4725	1141	3584
722	4738	1137	3601
723	4696	1137	3559
724	4640	1138	3502
725	4745	1148	3597
726	4746	1148	3598
727	4694	1144	3550
728	4668	1130	3538
729	4654	1126	3528
730	4642	1137	3505
731	4714	1144	3570
732	4765	1134	3631
733	4692	1141	3551
734	4689	1139	3550
735	4746	1143	3603
736	4705	1146	3559
737	4752	1137	3615
738	4751	1135	3616
739	4735	1136	3599
740	4685	1144	3541
741	4659	1146	3513
742	4676	1148	3528
743	4707	1147	3560
744	4725	1133	3592
745	4744	1137	3607
746	4775	1139	3636
747	4747	1142	3605
748	4699	1147	3552
749	4660	1142	3518
750	4689	1134	3555
751	4729	1141	3588
752	4670	1142	3528
753	4705	1135	3570
754	4702	1143	3559
755	4733	1150	3583
756	4728	1135	3593
757	4756	1135	3621
758	4745	1145	3600
759	4724	1148	3576
760	4730	1139	3591
761	4725	1148	3577
762	4758	1143	3615
763	4755	1143	3612
764	4785	1146	3639
765	4779	1137	3642
766	4773	1140	3633
767	4762	1142	3620
768	4745	1141	3604
769	4772	1150	3622
770	4721	1138	3583
771	4726	1129	3597
772	4737	1130	3607
773	4754	1145	3609
774	4793	1144	3649
775	4844	1145	3699
776	4839	1136	3703
777	4809	1147	3662
778	4791	1155	3636
779	4861	1145	3716
780	4871	1144	3727
781	4807	1154	3653
782	4749	1151	3598
783	4836	1141	3695
784	4909	1135	3774
785	4885	1134	3751
786	4810	1143	3667
787	4857	1132	3725
788	4843	1136	3707
789	4825	1135	3690
790	4833	1128	3705
791	4814	1132	3682
792	4835	1139	3696
793	4900	1132	3768
794	4836	1138	3698
795	4835	1147	3688
796	4856	1145	3711
797	4947	1150	3797
798	4891	1154	3737
799	4873	1145	3728
800	4888	1142	3746
801	4921	1142	3779
802	4961	1147	3814
803	4945	1150	3795
804	4899	1149	3750
805	4873	1151	3722
806	4877	1137	3740
807	4989	1148	3841
808	5015	1142	3873
809	4988	1140	3848
810	4930	1133	3797
811	4946	1136	3810
812	4990	1131	3859
813	5073	1125	3948
814	5046	1136	3910
815	5032	1143	3889
816	5003	1144	3859
817	5022	1149	3873
818	5099	1144	3955
819	5032	1144	3888
820	4916	1146	3770
821	5065	1150	3915
822	5108	1133	3975
823	5079	1137	3942
824	5129	1151	3978
825	5144	1139	4005
826	5098	1123	3975
827	5122	1138	3984
828	5126	1145	3981
829	5196	1142	4054
830	5203	1139	4064
831	5183	1132	4051
832	5187	1139	4048
833	5233	1146	4087
834	5270	1139	4131
835	5278	1154	4124
836	5264	1153	4111
837	5245	1147	4098
838	5270	1138	4132
839	5341	1141	4200
840	5324	1141	4183
841	5241	1135	4106
842	5268	1130	4138
843	5311	1133	4178
844	5335	1140	4195
845	5330	1142	4188
846	5291	1146	4145
847	5291	1148	4143
848	5234	1135	4099
849	5267	1144	4123
850	5261	1140	4121
851	5279	1140	4139
852	5314	1132	4182
853	5345	1129	4216
854	5340	1137	4203
855	5374	1142	4232
856	5344	1131	4213
857	5417	1123	4294
858	5452	1134	4318
859	5453	1142	4311
860	5501	1143	4358
861	5491	1146	4345
862	5519	1155	4364
863	5531	1147	4384
864	5533	1137	4396
865	5554	1142	4412
866	5583	1125	4458
867	5615	1135	4480
868	5657	1157	4500
869	5665	1150	4515
870	5694	1149	4545
871	5673	1143	4530
872	5607	1135	4472
873	5572	1136	4436
874	5725	1127	4598
875	5810	1136	4674
876	5796	1143	4653
877	5827	1146	4681
878	5900	1141	4759
879	5869	1140	4729
880	5817	1140	4677
881	5834	1140	4694
882	5873	1143	4730
883	5890	1145	4745
884	5929	1139	4790
885	5927	1135	4792
886	5930	1140	4790
887	5961	1148	4813
888	5947	1140	4807
889	5916	1130	4786
890	5998	1138	4860
891	6017	1139	4878
892	5975	1134	4841
893	5979	1145	4834
894	5929	1142	4787
895	5929	1139	4790
896	5975	1143	4832
897	6007	1139	4868
898	6044	1137	4907
899	6127	1140	4987
900	6070	1136	4934
901	5998	1132	4866
902	6062	1131	4931
903	6067	1140	4927
904	6046	1144	4902
905	6088	1136	4952
906	6127	1138	4989
907	6164	1142	5022
908	6180	1140	5040
909	6219	1139	5080
910	6170	1131	5039
911	6225	1140	5085
912	6238	1138	5100
913	6224	1140	5084
914	6318	1145	5173
915	6368	1144	5224
916	6440	1142	5298
917	6443	1155	5288
918	6460	1150	5310
919	6525	1132	5393
920	6554	1136	5418
921	6598	1144	5454
922	6619	1148	5471
923	6606	1155	5451
924	6587	1145	5442
925	6625	1134	5491
926	6703	1139	5564
927	6795	1142	5653
928	6759	1138	5621
929	6766	1135	5631
930	6771	1139	5632
931	6804	1144	5660
932	6807	1135	5672
933	6834	1142	5692
934	6798	1140	5658
935	6823	1134	5689
936	6911	1148	5763
937	6918	1145	5773
938	6938	1140	5798
939	6975	1144	5831
940	6997	1140	5857
941	6949	1143	5806
942	6914	1137	5777
943	6886	1136	5750
944	6843	1145	5698
945	6972	1143	5829
946	6968	1129	5839
947	6984	1134	5850
948	6977	1144	5833
949	6988	1151	5837
950	7019	1136	5883
951	7029	1141	5888
952	7040	1152	5888
953	7045	1147	5898
954	7037	1136	5901
955	7085	1141	5944
956	7124	1138	5986
957	7083	1140	5943
958	7096	1142	5954
959	7177	1139	6038
960	7177	1127	6050
961	7106	1132	5974
962	7184	1138	6046
963	7244	1136	6108
964	7176	1140	6036
965	7199	1146	6053
966	7228	1143	6085
967	7174	1144	6030
968	7245	1143	6102
969	7217	1140	6077
970	7297	1140	6157
971	7362	1144	6218
972	7354	1142	6212
973	7296	1142	6154
974	7314	1147	6167
975	7255	1139	6116
976	7218	1144	6074
977	7247	1153	6094
978	7260	1153	6107
979	7297	1146	6151
980	7331	1148	6183
981	7380	1143	6237
982	7373	1144	6229
983	7344	1147	6197
984	7371	1149	6222
985	7457	1151	6306
986	7410	1144	6266
987	7354	1136	6218
988	7383	1144	6239
989	7423	1145	6278
990	7370	1135	6235
991	7374	1142	6232
992	7380	1144	6236
993	7391	1146	6245
994	7482	1151	6331
995	7558	1147	6411
996	7453	1145	6308
997	7444	1138	6306
998	7421	1133	6288
999	7368	1131	6237
1000	7382	1135	6247
1001	7488	1145	6343
1002	7518	1152	6366
1003	7536	1149	6387
1004	7532	1138	6394
1005	7567	1131	6436
1006	7517	1143	6374
1007	7500	1151	6349
1008	7468	1142	6326
1009	7550	1134	6416
1010	7541	1132	6409
1011	7454	1143	6311
1012	7503	1142	6361
1013	7598	1134	6464
1014	7541	1136	6405
1015	7465	1148	6317
1016	7394	1140	6254
1017	7486	1143	6343
1018	7549	1139	6410
1019	7470	1139	6331
1020	7495	1137	6358
1021	7544	1141	6403
1022	7469	1147	6322
1023	7499	1138	6361
1024	7587	1126	6461
1025	7582	1142	6440
1026	7429	1143	6286
1027	7434	1148	6286
1028	7509	1146	6363
1029	7474	1140	6334
1030	7506	1137	6369
1031	7516	1139	6377
1032	7498	1138	6360
1033	7541	1143	6398
1034	7506	1134	6372
1035	7506	1136	6370
1036	7498	1141	6357
1037	7506	1143	6363
1038	7490	1137	6353
1039	7477	1138	6339
1040	7529	1132	6397
1041	7546	1142	6404
1042	7465	1139	6326
1043	7459	1139	6320
1044	7516	1139	6377
1045	7502	1138	6364
1046	7445	1138	6307
1047	7466	1140	6326
1048	7512	1149	6363
1049	7511	1145	6366
1050	7480	1144	6336
1051	7526	1148	6378
1052	7551	1137	6414
1053	7469	1140	6329
1054	7433	1138	6295
1055	7441	1142	6299
1056	7461	1145	6316
1057	7493	1151	6342
1058	7431	1151	6280
1059	7455	1152	6303
1060	7436	1151	6285
1061	7477	1142	6335
1062	7522	1148	6374
1063	7474	1149	6325
1064	7490	1147	6343
1065	7499	1153	6346
1066	7490	1155	6335
1067	7527	1155	6372
1068	7472	1155	6317
1069	7332	1150	6182
1070	7352	1137	6215
1071	7376	1142	6234
1072	7315	1144	6171
1073	7308	1144	6164
1074	7426	1147	6279
1075	7408	1152	6256
1076	7344	1156	6188
1077	7359	1148	6211
1078	7295	1141	6154
1079	7244	1145	6099
1080	7324	1145	6179
1081	7295	1139	6156
1082	7205	1139	6066
1083	7180	1142	6038
1084	7162	1141	6021
1085	7150	1144	6006
1086	7143	1145	5998
1087	7178	1140	6038
1088	7117	1151	5966
1089	7152	1155	5997
1090	7163	1139	6024
1091	7224	1139	6085
1092	7243	1144	6099
1093	7299	1150	6149
1094	7346	1147	6199
1095	7231	1144	6087
1096	7339	1143	6196
1097	7454	1143	6311
1098	7437	1150	6287
1099	7448	1150	6298
1100	7391	1145	6246
1101	7372	1134	6238
1102	7344	1135	6209
1103	7289	1139	6150
1104	7348	1148	6200
1105	7315	1139	6176
1106	7211	1128	6083
1107	7277	1131	6146
1108	7305	1136	6169
1109	7289	1137	6152
1110	7364	1137	6227
1111	7351	1138	6213
1112	7268	1134	6134
1113	7336	1132	6204
1114	7305	1150	6155
1115	7304	1145	6159
1116	7250	1140	6110
1117	7264	1136	6128
1118	7298	1135	6163
1119	7273	1140	6133
1120	7232	1146	6086
1121	7226	1145	6081
1122	7332	1144	6188
1123	7292	1141	6151
1124	7225	1145	6080
1125	7221	1156	6065
1126	7289	1146	6143
1127	7273	1142	6131
1128	7270	1142	6128
1129	7350	1131	6219
1130	7365	1138	6227
1131	7263	1141	6122
1132	7263	1134	6129
1133	7341	1139	6202
1134	7229	1140	6089
1135	7234	1144	6090
1136	7255	1145	6110
1137	7303	1147	6156
1138	7335	1142	6193
1139	7291	1141	6150
1140	7313	1147	6166
1141	7357	1150	6207
1142	7334	1147	6187
1143	7307	1151	6156
1144	7299	1140	6159
1145	7295	1139	6156
1146	7276	1136	6140
1147	7266	1139	6127
1148	7306	1146	6160
1149	7340	1140	6200
1150	7264	1138	6126
1151	7309	1139	6170
1152	7329	1144	6185
1153	7299	1144	6155
1154	7261	1129	6132
1155	7295	1129	6166
1156	7362	1152	6210
1157	7296	1152	6144
1158	7322	1139	6183
1159	7339	1138	6201
1160	7358	1139	6219
1161	7351	1140	6211
1162	7320	1138	6182
1163	7338	1137	6201
1164	7366	1139	6227
1165	7395	1140	6255
1166	7340	1131	6209
1167	7345	1134	6211
1168	7381	1137	6244
1169	7394	1146	6248
1170	7412	1143	6269
1171	7432	1144	6288
1172	7366	1141	6225
1173	7415	1137	6278
1174	7444	1133	6311
1175	7506	1138	6368
1176	7509	1145	6364
1177	7502	1157	6345
1178	7496	1153	6343
1179	7420	1149	6271
1180	7486	1148	6338
1181	7540	1138	6402
1182	7520	1138	6382
1183	7552	1148	6404
1184	7609	1146	6463
1185	7528	1141	6387
1186	7523	1144	6379
1187	7518	1145	6373
1188	7514	1143	6371
1189	7622	1149	6473
1190	7656	1147	6509
1191	7631	1145	6486
1192	7585	1152	6433
1193	7588	1136	6452
1194	7595	1142	6453
1195	7653	1148	6505
1196	7594	1136	6458
1197	7588	1130	6458
1198	7664	1136	6528
1199	7718	1141	6577
1200	7721	1149	6572
1201	7765	1146	6619
1202	7791	1135	6656
1203	7777	1133	6644
1204	7672	1143	6529
1205	7724	1150	6574
1206	7757	1149	6608
1207	7740	1132	6608
1208	7790	1134	6656
1209	7791	1142	6649
1210	7802	1152	6650
1211	7828	1156	6672
1212	7783	1141	6642
1213	7810	1143	6667
1214	7852	1148	6704
1215	7827	1142	6685
1216	7786	1136	6650
1217	7886	1147	6739
1218	7971	1141	6830
1219	7999	1138	6861
1220	7953	1150	6803
1221	7883	1155	6728
1222	7908	1146	6762
1223	7988	1149	6839
1224	8006	1136	6870
1225	8010	1132	6878
1226	8098	1141	6957
1227	8094	1144	6950
1228	8041	1137	6904
1229	8051	1147	6904
1230	8050	1134	6916
1231	8036	1144	6892
1232	8079	1148	6931
1233	8146	1150	6996
1234	8097	1140	6957
1235	8113	1144	6969
1236	8149	1143	7006
1237	8107	1145	6962
1238	8160	1149	7011
1239	8204	1141	7063
1240	8177	1144	7033
1241	8299	1149	7150
1242	8314	1154	7160
1243	8343	1139	7204
1244	8356	1131	7225
1245	8312	1147	7165
1246	8331	1146	7185
1247	8361	1136	7225
1248	8315	1138	7177
1249	8432	1143	7289
1250	8459	1140	7319
1251	8468	1144	7324
1252	8444	1153	7291
1253	8465	1149	7316
1254	8454	1147	7307
1255	8480	1156	7324
1256	8501	1158	7343
1257	8560	1150	7410
1258	8518	1138	7380
1259	8520	1142	7378
1260	8554	1148	7406
1261	8589	1157	7432
1262	8632	1151	7481
1263	8596	1147	7449
1264	8565	1144	7421
1265	8590	1151	7439
1266	8655	1149	7506
1267	8672	1140	7532
1268	8676	1134	7542
1269	8741	1139	7602
1270	8745	1140	7605
1271	8781	1138	7643
1272	8758	1141	7617
1273	8776	1141	7635
1274	8802	1142	7660
1275	8939	1152	7787
1276	9024	1144	7880
1277	9053	1139	7914
1278	8946	1150	7796
1279	8961	1144	7817
1280	9004	1149	7855
1281	8966	1150	7816
1282	9002	1139	7863
1283	9077	1148	7929
1284	9066	1137	7929
1285	9006	1138	7868
1286	9036	1148	7888
1287	9059	1154	7905
1288	9102	1150	7952
1289	9238	1142	8096
1290	9218	1143	8075
1291	9235	1152	8083
1292	9227	1140	8087
1293	9187	1139	8048
1294	9125	1149	7976
1295	9150	1152	7998
1296	9169	1148	8021
1297	9234	1151	8083
1298	9253	1149	8104
1299	9256	1157	8099
1300	9278	1156	8122
1301	9316	1148	8168
1302	9339	1143	8196
1303	9369	1140	8229
1304	9362	1139	8223
1305	9358	1149	8209
1306	9311	1155	8156
1307	9231	1145	8086
1308	9205	1132	8073
1309	9338	1139	8199
1310	9493	1144	8349
1311	9532	1147	8385
1312	9538	1136	8402
1313	9579	1141	8438
1314	9621	1135	8486
1315	9612	1139	8473
1316	9625	1145	8480
1317	9737	1148	8589
1318	9683	1142	8541
1319	9660	1144	8516
1320	9701	1148	8553
1321	9654	1146	8508
1322	9694	1141	8553
1323	9768	1136	8632
1324	9758	1143	8615
1325	9744	1137	8607
1326	9751	1140	8611
1327	9842	1141	8701
1328	9857	1131	8726
1329	9845	1135	8710
1330	9861	1141	8720
1331	9809	1148	8661
1332	9843	1134	8709
1333	9917	1135	8782
1334	9923	1133	8790
1335	9973	1136	8837
1336	10016	1158	8858
1337	10011	1160	8851
1338	9971	1133	8838
1339	9942	1141	8801
1340	9957	1149	8808
1341	10097	1141	8956
1342	10080	1144	8936
1343	10028	1158	8870
1344	10133	1153	8980
1345	10126	1137	8989
1346	10082	1133	8949
1347	10068	1142	8926
1348	10073	1140	8933
1349	10080	1145	8935
1350	10121	1146	8975
1351	10218	1142	9076
1352	10162	1146	9016
1353	10195	1147	9048
1354	10236	1144	9092
1355	10181	1145	9036
1356	10225	1148	9077
1357	10246	1148	9098
1358	10196	1139	9057
1359	10183	1144	9039
1360	10305	1152	9153
1361	10328	1151	9177
1362	10248	1149	9099
1363	10171	1151	9020
1364	10204	1156	9048
1365	10248	1154	9094
1366	10207	1149	9058
1367	10310	1146	9164
1368	10326	1149	9177
1369	10268	1154	9114
1370	10247	1154	9093
1371	10259	1145	9114
1372	10357	1131	9226
1373	10386	1135	9251
1374	10376	1150	9226
1375	10366	1159	9207
1376	10361	1144	9217
1377	10369	1145	9224
1378	10380	1143	9237
1379	10381	1137	9244
1380	10426	1140	9286
1381	10458	1140	9318
1382	10454	1139	9315
1383	10459	1144	9315
1384	10402	1152	9250
1385	10458	1140	9318
1386	10438	1137	9301
1387	10454	1139	9315
1388	10431	1142	9289
1389	10359	1148	9211
1390	10429	1140	9289
1391	10439	1143	9296
1392	10467	1148	9319
1393	10556	1141	9415
1394	10533	1142	9391
1395	10495	1138	9357
1396	10459	1131	9328
1397	10491	1139	9352
1398	10399	1142	9257
1399	10480	1140	9340
1400	10535	1140	9395
1401	10512	1147	9365
1402	10469	1140	9329
1403	10514	1142	9372
1404	10498	1141	9357
1405	10505	1131	9374
1406	10544	1147	9397
1407	10422	1148	9274
1408	10428	1140	9288
1409	10484	1149	9335
1410	10557	1152	9405
1411	10437	1146	9291
1412	10499	1148	9351
1413	10525	1147	9378
1414	10496	1135	9361
1415	10535	1134	9401
1416	10545	1155	9390
1417	10602	1155	9447
1418	10623	1146	9477
1419	10490	1142	9348
1420	10419	1142	9277
1421	10393	1151	9242
1422	10415	1153	9262
1423	10479	1149	9330
1424	10530	1144	9386
1425	10488	1142	9346
1426	10508	1139	9369
1427	10514	1143	9371
1428	10491	1136	9355
1429	10547	1137	9410
1430	10496	1140	9356
1431	10413	1151	9262
1432	10449	1148	9301
1433	10516	1148	9368
1434	10502	1135	9367
1435	10432	1140	9292
1436	10547	1148	9399
1437	10537	1150	9387
1438	10460	1142	9318
1439	10445	1140	9305
1440	10509	1146	9363
1441	10476	1143	9333
1442	10423	1150	9273
1443	10393	1142	9251
1444	10451	1149	9302
1445	10542	1154	9388
1446	10439	1148	9291
1447	10366	1149	9217
1448	10407	1146	9261
1449	10438	1140	9298
1450	10456	1139	9317
1451	10361	1150	9211
1452	10327	1151	9176
1453	10361	1136	9225
1454	10299	1133	9166
1455	10311	1142	9169
1456	10360	1144	9216
1457	10298	1146	9152
1458	10242	1142	9100
1459	10230	1138	9092
1460	10305	1144	9161
1461	10495	1143	9352
1462	10526	1134	9392
1463	10401	1137	9264
1464	10304	1128	9176
1465	10322	1137	9185
1466	10233	1143	9090
1467	10165	1142	9023
1468	10252	1143	9109
1469	10316	1145	9171
1470	10301	1150	9151
1471	10242	1149	9093
1472	10198	1151	9047
1473	10189	1147	9042
1474	10184	1144	9040
1475	10130	1148	8982
1476	10095	1152	8943
1477	10090	1154	8936
1478	10057	1145	8912
1479	10017	1149	8868
1480	10095	1145	8950
1481	10041	1137	8904
1482	10048	1144	8904
1483	10130	1149	8981
1484	10106	1140	8966
1485	10176	1145	9031
1486	10163	1147	9016
1487	10156	1142	9014
1488	10199	1146	9053
1489	10141	1149	8992
1490	10098	1147	8951
1491	10134	1149	8985
1492	10155	1153	9002
1493	10178	1159	9019
1494	10087	1148	8939
1495	10114	1155	8959
1496	10054	1146	8908
1497	10059	1141	8918
1498	10133	1143	8990
1499	10089	1152	8937
1500	10050	1143	8907
1501	10139	1138	9001
1502	10080	1138	8942
1503	9993	1148	8845
1504	9985	1146	8839
1505	10057	1148	8909
1506	10094	1144	8950
1507	10122	1146	8976
1508	10062	1157	8905
1509	10033	1146	8887
1510	10091	1143	8948
1511	9970	1147	8823
1512	9994	1148	8846
1513	9992	1145	8847
1514	10046	1140	8906
1515	9984	1146	8838
1516	9886	1147	8739
1517	9944	1139	8805
1518	9953	1138	8815
1519	9912	1156	8756
1520	9948	1150	8798
1521	9952	1151	8801
1522	9856	1152	8704
1523	9918	1150	8768
1524	9921	1147	8774
1525	9818	1143	8675
1526	9779	1144	8635
1527	9875	1143	8732
1528	9801	1145	8656
1529	9741	1150	8591
1530	9801	1143	8658
1531	9737	1145	8592
1532	9723	1150	8573
1533	9822	1144	8678
1534	9751	1144	8607
1535	9696	1152	8544
1536	9767	1147	8620
1537	9773	1142	8631
1538	9720	1133	8587
1539	9763	1141	8622
1540	9781	1145	8636
1541	9811	1147	8664
1542	9768	1140	8628
1543	9799	1143	8656
1544	9768	1151	8617
1545	9659	1148	8511
1546	9569	1144	8425
1547	9582	1142	8440
1548	9678	1145	8533
1549	9641	1143	8498
1550	9617	1134	8483
1551	9648	1142	8506
1552	9565	1143	8422
1553	9681	1141	8540
1554	9746	1144	8602
1555	9609	1148	8461
1556	9586	1141	8445
1557	9652	1141	8511
1558	9585	1136	8449
1559	9629	1142	8487
1560	9653	1144	8509
1561	9594	1148	8446
1562	9636	1146	8490
1563	9617	1147	8470
1564	9552	1138	8414
1565	9546	1131	8415
1566	9481	1136	8345
1567	9589	1142	8447
1568	9574	1144	8430
1569	9592	1143	8449
1570	9599	1140	8459
1571	9634	1140	8494
1572	9567	1140	8427
1573	9550	1144	8406
1574	9594	1143	8451
1575	9627	1147	8480
1576	9590	1145	8445
1577	9565	1150	8415
1578	9498	1148	8350
1579	9589	1159	8430
1580	9554	1157	8397
1581	9541	1157	8384
1582	9515	1161	8354
1583	9474	1150	8324
1584	9428	1141	8287
1585	9446	1148	8298
1586	9451	1151	8300
1587	9447	1145	8302
1588	9407	1140	8267
1589	9408	1140	8268
1590	9473	1151	8322
1591	9398	1154	8244
1592	9419	1142	8277
1593	9443	1142	8301
1594	9348	1145	8203
1595	9398	1145	8253
1596	9365	1142	8223
1597	9371	1136	8235
1598	9321	1137	8184
1599	9363	1150	8213
1600	9372	1146	8226
1601	9403	1154	8249
1602	9482	1151	8331
1603	9433	1140	8293
1604	9365	1138	8227
1605	9369	1145	8224
1606	9346	1141	8205
1607	9324	1139	8185
1608	9335	1140	8195
1609	9369	1151	8218
1610	9383	1155	8228
1611	9350	1150	8200
1612	9433	1134	8299
1613	9351	1146	8205
1614	9370	1150	8220
1615	9340	1132	8208
1616	9254	1130	8124
1617	9391	1143	8248
1618	9404	1145	8259
1619	9304	1134	8170
1620	9360	1131	8229
1621	9307	1142	8165
1622	9331	1142	8189
1623	9473	1146	8327
1624	9369	1137	8232
1625	9396	1145	8251
1626	9441	1145	8296
1627	9344	1138	8206
1628	9312	1147	8165
1629	9316	1148	8168
1630	9269	1144	8125
1631	9331	1147	8184
1632	9318	1133	8185
1633	9314	1141	8173
1634	9321	1147	8174
1635	9305	1142	8163
1636	9361	1141	8220
1637	9314	1141	8173
1638	9289	1131	8158
1639	9301	1138	8163
1640	9386	1142	8244
1641	9409	1150	8259
1642	9282	1141	8141
1643	9268	1141	8127
1644	9235	1144	8091
1645	9271	1152	8119
1646	9342	1145	8197
1647	9397	1141	8256
1648	9411	1142	8269
1649	9400	1145	8255
1650	9435	1142	8293
1651	9375	1147	8228
1652	9352	1151	8201
1653	9363	1145	8218
1654	9418	1136	8282
1655	9380	1131	8249
1656	9327	1143	8184
1657	9318	1143	8175
1658	9370	1141	8229
1659	9401	1143	8258
1660	9456	1137	8319
1661	9430	1143	8287
1662	9357	1137	8220
1663	9345	1134	8211
1664	9394	1150	8244
1665	9365	1151	8214
1666	9300	1140	8160
1667	9287	1142	8145
1668	9315	1151	8164
1669	9445	1151	8294
1670	9382	1139	8243
1671	9355	1128	8227
1672	9337	1138	8199
1673	9324	1142	8182
1674	9343	1147	8196
1675	9369	1145	8224
1676	9274	1136	8138
1677	9263	1134	8129
1678	9330	1138	8192
1679	9410	1130	8280
1680	9395	1126	8269
1681	9377	1144	8233
1682	9344	1148	8196
1683	9412	1142	8270
1684	9386	1147	8239
1685	9417	1141	8276
1686	9480	1144	8336
1687	9463	1139	8324
1688	9335	1142	8193
1689	9389	1143	8246
1690	9342	1131	8211
1691	9408	1142	8266
1692	9435	1151	8284
1693	9321	1142	8179
1694	9395	1145	8250
1695	9430	1148	8282
1696	9428	1139	8289
1697	9418	1143	8275
1698	9346	1147	8199
1699	9335	1151	8184
1700	9335	1142	8193
1701	9351	1141	8210
1702	9367	1139	8228
1703	9334	1139	8195
1704	9347	1143	8204
1705	9453	1145	8308
1706	9442	1137	8305
1707	9350	1143	8207
1708	9413	1155	8258
1709	9500	1151	8349
1710	9444	1152	8292
1711	9471	1147	8324
1712	9462	1147	8315
1713	9435	1144	8291
1714	9420	1151	8269
1715	9427	1148	8279
1716	9467	1143	8324
1717	9415	1148	8267
1718	9380	1146	8234
1719	9365	1148	8217
1720	9408	1144	8264
1721	9402	1144	8258
1722	9396	1143	8253
1723	9411	1141	8270
1724	9357	1138	8219
1725	9425	1151	8274
1726	9478	1151	8327
1727	9418	1139	8279
1728	9430	1140	8290
1729	9493	1150	8343
1730	9554	1147	8407
1731	9472	1148	8324
1732	9522	1158	8364
1733	9463	1145	8318
1734	9485	1143	8342
1735	9501	1151	8350
1736	9517	1135	8382
1737	9447	1139	8308
1738	9435	1137	8298
1739	9506	1140	8366
1740	9490	1142	8348
1741	9501	1145	8356
1742	9476	1148	8328
1743	9541	1153	8388
1744	9594	1139	8455
1745	9626	1138	8488
1746	9562	1153	8409
1747	9573	1157	8416
1748	9535	1152	8383
1749	9517	1152	8365
1750	9627	1158	8469
1751	9641	1155	8486
1752	9649	1139	8510
1753	9604	1142	8462
1754	9641	1146	8495
1755	9665	1149	8516
1756	9607	1145	8462
1757	9633	1141	8492
1758	9738	1139	8599
1759	9737	1146	8591
1760	9690	1150	8540
1761	9754	1141	8613
1762	9707	1151	8556
1763	9694	1150	8544
1764	9773	1144	8629
1765	9716	1148	8568
1766	9682	1142	8540
1767	9684	1132	8552
1768	9682	1131	8551
1769	9742	1134	8608
1770	9699	1143	8556
1771	9674	1147	8527
1772	9710	1148	8562
1773	9732	1143	8589
1774	9638	1140	8498
1775	9665	1142	8523
1776	9740	1149	8591
1777	9687	1154	8533
1778	9697	1144	8553
1779	9783	1139	8644
1780	9823	1140	8683
1781	9821	1145	8676
1782	9808	1151	8657
1783	9782	1151	8631
1784	9737	1149	8588
1785	9770	1156	8614
1786	9770	1144	8626
1787	9699	1144	8555
1788	9688	1142	8546
1789	9663	1146	8517
1790	9668	1151	8517
1791	9735	1150	8585
1792	9736	1146	8590
1793	9732	1145	8587
1794	9694	1150	8544
1795	9701	1145	8556
1796	9814	1132	8682
1797	9857	1141	8716
1798	9747	1144	8603
1799	9813	1146	8667
1800	9820	1135	8685
1801	9876	1148	8728
1802	9917	1154	8763
1803	9911	1151	8760
1804	9877	1144	8733
1805	9894	1137	8757
1806	9945	1136	8809
1807	9881	1140	8741
1808	9890	1144	8746
1809	9939	1144	8795
1810	9893	1141	8752
1811	9863	1146	8717
1812	9871	1140	8731
1813	9870	1132	8738
1814	9839	1140	8699
1815	9832	1145	8687
1816	9741	1143	8598
1817	9810	1147	8663
1818	9881	1135	8746
1819	9850	1142	8708
1820	9741	1144	8597
1821	9874	1144	8730
1822	9844	1154	8690
1823	9815	1150	8665
1824	9909	1144	8765
1825	9985	1138	8847
1826	9915	1129	8786
1827	9916	1145	8771
1828	9972	1140	8832
1829	9945	1143	8802
1830	9998	1137	8861
1831	10035	1140	8895
1832	9981	1138	8843
1833	10015	1140	8875
1834	10065	1141	8924
1835	10111	1133	8978
1836	10046	1141	8905
1837	10010	1147	8863
1838	9961	1134	8827
1839	10052	1139	8913
1840	10038	1142	8896
1841	9956	1135	8821
1842	9986	1137	8849
1843	9955	1146	8809
1844	10061	1150	8911
1845	10088	1143	8945
1846	10033	1135	8898
1847	9962	1139	8823
1848	9938	1150	8788
1849	10007	1153	8854
1850	10031	1153	8878
1851	10039	1148	8891
1852	10007	1141	8866
1853	10026	1138	8888
1854	10026	1143	8883
1855	10042	1146	8896
1856	10048	1147	8901
1857	10045	1138	8907
1858	9990	1137	8853
1859	10002	1137	8865
1860	9979	1139	8840
1861	10006	1157	8849
1862	10015	1152	8863
1863	9983	1136	8847
1864	9928	1147	8781
1865	9992	1150	8842
1866	10010	1135	8875
1867	10037	1137	8900
1868	10095	1143	8952
1869	10123	1136	8987
1870	10052	1137	8915
1871	10046	1145	8901
1872	10065	1139	8926
1873	10040	1144	8896
1874	10095	1149	8946
1875	10104	1149	8955
1876	10096	1147	8949
1877	10143	1142	9001
1878	10094	1142	8952
1879	10098	1144	8954
1880	10034	1153	8881
1881	10048	1149	8899
1882	10097	1143	8954
1883	10150	1141	9009
1884	10167	1152	9015
1885	10137	1151	8986
1886	10217	1150	9067
1887	10197	1144	9053
1888	10106	1136	8970
1889	10105	1149	8956
1890	10037	1150	8887
1891	10075	1138	8937
1892	10018	1133	8885
1893	9982	1145	8837
1894	9976	1151	8825
1895	9971	1149	8822
1896	9958	1148	8810
1897	9992	1144	8848
1898	10081	1138	8943
1899	10014	1145	8869
1900	9995	1143	8852
1901	9994	1142	8852
1902	9851	1140	8711
1903	9854	1135	8719
1904	9929	1124	8805
1905	9963	1130	8833
1906	9973	1131	8842
1907	9999	1142	8857
1908	9890	1141	8749
1909	9897	1139	8758
1910	9935	1150	8785
1911	10001	1148	8853
1912	9951	1145	8806
1913	9962	1136	8826
1914	10064	1140	8924
1915	10064	1141	8923
1916	10070	1136	8934
1917	10070	1145	8925
1918	10035	1142	8893
1919	10059	1140	8919
1920	10098	1146	8952
1921	10217	1143	9074
1922	10131	1146	8985
1923	10059	1133	8926
1924	10087	1138	8949
1925	10092	1149	8943
1926	10095	1141	8954
1927	10170	1140	9030
1928	10094	1139	8955
1929	10142	1136	9006
1930	10134	1136	8998
1931	10103	1134	8969
1932	10048	1130	8918
1933	10000	1134	8866
1934	10056	1142	8914
1935	10102	1149	8953
1936	10113	1143	8970
1937	10049	1138	8911
1938	9996	1135	8861
1939	10013	1139	8874
1940	10079	1143	8936
1941	9982	1141	8841
1942	9894	1133	8761
1943	9951	1140	8811
1944	10020	1147	8873
1945	9945	1155	8790
1946	10074	1143	8931
1947	10107	1145	8962
1948	9981	1155	8826
1949	9957	1154	8803
1950	9997	1145	8852
1951	10018	1145	8873
1952	10059	1148	8911
1953	10061	1146	8915
1954	10022	1142	8880
1955	10013	1138	8875
1956	10048	1143	8905
1957	10053	1135	8918
1958	10008	1141	8867
1959	9938	1142	8796
1960	9958	1137	8821
1961	9977	1149	8828
1962	9804	1147	8657
1963	9828	1140	8688
1964	9858	1152	8706
1965	9861	1147	8714
1966	9894	1138	8756
1967	9827	1137	8690
1968	9781	1147	8634
1969	9790	1144	8646
1970	9822	1141	8681
1971	9725	1137	8588
1972	9634	1141	8493
1973	9684	1135	8549
1974	9647	1138	8509
1975	9718	1136	8582
1976	9716	1131	8585
1977	9699	1140	8559
1978	9652	1133	8519
1979	9741	1136	8605
1980	9767	1148	8619
1981	9747	1143	8604
1982	9770	1145	8625
1983	9847	1151	8696
1984	9801	1140	8661
1985	9790	1138	8652
1986	9819	1132	8687
1987	9825	1125	8700
1988	9845	1130	8715
1989	9861	1144	8717
1990	9796	1145	8651
1991	9782	1147	8635
1992	9824	1146	8678
1993	9861	1147	8714
1994	9820	1145	8675
1995	9857	1141	8716
1996	9823	1147	8676
1997	9782	1145	8637
1998	9695	1148	8547
1999	9772	1148	8624
2000	9849	1138	8711
2001	9728	1133	8595
2002	9662	1137	8525
2003	9670	1144	8526
2004	9719	1138	8581
2005	9752	1140	8612
2006	9750	1140	8610
2007	9744	1136	8608
2008	9666	1131	8535
2009	9651	1137	8514
2010	9681	1152	8529
2011	9675	1148	8527
2012	9676	1141	8535
2013	9698	1145	8553
2014	9652	1143	8509
2015	9631	1144	8487
2016	9561	1137	8424
2017	9589	1140	8449
2018	9649	1145	8504
2019	9644	1146	8498
2020	9700	1156	8544
2021	9679	1158	8521
2022	9600	1138	8462
2023	9649	1139	8510
2024	9596	1140	8456
2025	9601	1142	8459
2026	9621	1142	8479
2027	9576	1145	8431
2028	9523	1149	8374
2029	9559	1145	8414
2030	9612	1140	8472
2031	9530	1138	8392
2032	9440	1139	8301
2033	9455	1146	8309
2034	9420	1147	8273
2035	9436	1140	8296
2036	9482	1144	8338
2037	9493	1154	8339
2038	9558	1144	8414
2039	9462	1146	8316
2040	9341	1147	8194
2041	9424	1146	8278
2042	9488	1141	8347
2043	9428	1133	8295
2044	9382	1133	8249
2045	9437	1138	8299
2046	9389	1138	8251
2047	9293	1144	8149
2048	9361	1143	8218
2049	9425	1148	8277
2050	9288	1151	8137
2051	9289	1144	8145
2052	9343	1143	8200
2053	9261	1144	8117
2054	9280	1145	8135
2055	9309	1142	8167
2056	9264	1148	8116
2057	9208	1157	8051
2058	9225	1149	8076
2059	9240	1144	8096
2060	9213	1143	8070
2061	9208	1143	8065
2062	9070	1138	7932
2063	9055	1138	7917
2064	9094	1141	7953
2065	9120	1147	7973
2066	9154	1143	8011
2067	9176	1143	8033
2068	9143	1140	8003
2069	9062	1143	7919
2070	9019	1147	7872
2071	9060	1141	7919
2072	9036	1141	7895
2073	9022	1141	7881
2074	9016	1145	7871
2075	9006	1146	7860
2076	9015	1141	7874
2077	9033	1143	7890
2078	8963	1148	7815
2079	8977	1145	7832
2080	8895	1143	7752
2081	8945	1140	7805
2082	8907	1138	7769
2083	8847	1141	7706
2084	8874	1149	7725
2085	8913	1147	7766
2086	8841	1144	7697
2087	8772	1155	7617
2088	8754	1157	7597
2089	8789	1159	7630
2090	8742	1150	7592
2091	8799	1147	7652
2092	8776	1143	7633
2093	8747	1147	7600
2094	8686	1155	7531
2095	8664	1150	7514
2096	8700	1140	7560
2097	8662	1146	7516
2098	8622	1145	7477
2099	8697	1146	7551
2100	8740	1143	7597
2101	8663	1142	7521
2102	8621	1146	7475
2103	8639	1146	7493
2104	8654	1145	7509
2105	8516	1149	7367
2106	8604	1146	7458
2107	8542	1148	7394
2108	8555	1142	7413
2109	8630	1137	7493
2110	8648	1142	7506
2111	8610	1152	7458
2112	8569	1149	7420
2113	8597	1143	7454
2114	8551	1155	7396
2115	8477	1157	7320
2116	8452	1149	7303
2117	8449	1142	7307
2118	8519	1136	7383
2119	8433	1143	7290
2120	8365	1138	7227
2121	8383	1133	7250
2122	8401	1133	7268
2123	8388	1139	7249
2124	8365	1142	7223
2125	8347	1143	7204
2126	8317	1138	7179
2127	8329	1151	7178
2128	8292	1165	7127
2129	8273	1155	7118
2130	8258	1143	7115
2131	8298	1149	7149
2132	8269	1145	7124
2133	8274	1152	7122
2134	8284	1147	7137
2135	8297	1143	7154
2136	8219	1146	7073
2137	8139	1146	6993
2138	8148	1143	7005
2139	8116	1146	6970
2140	8108	1154	6954
2141	8115	1154	6961
2142	8170	1164	7006
2143	8136	1147	6989
2144	8047	1140	6907
2145	8047	1144	6903
2146	7998	1140	6858
2147	8020	1144	6876
2148	8067	1142	6925
2149	8021	1152	6869
2150	8030	1148	6882
2151	8002	1144	6858
2152	8022	1135	6887
2153	7967	1148	6819
2154	7915	1151	6764
2155	7953	1146	6807
2156	7901	1152	6749
2157	7868	1148	6720
2158	7857	1141	6716
2159	7919	1152	6767
2160	7839	1146	6693
2161	7745	1146	6599
2162	7712	1146	6566
2163	7756	1142	6614
2164	7798	1139	6659
2165	7710	1146	6564
2166	7666	1151	6515
2167	7659	1141	6518
2168	7675	1146	6529
2169	7644	1141	6503
2170	7685	1138	6547
2171	7665	1139	6526
2172	7562	1143	6419
2173	7562	1138	6424
2174	7538	1139	6399
2175	7498	1152	6346
2176	7502	1149	6353
2177	7535	1148	6387
2178	7528	1145	6383
2179	7558	1150	6408
2180	7500	1145	6355
2181	7453	1144	6309
2182	7523	1156	6367
2183	7539	1146	6393
2184	7541	1140	6401
2185	7529	1147	6382
2186	7461	1152	6309
2187	7447	1155	6292
2188	7505	1149	6356
2189	7519	1149	6370
2190	7473	1149	6324
2191	7438	1138	6300
2192	7513	1142	6371
2193	7463	1141	6322
2194	7381	1138	6243
2195	7414	1145	6269
2196	7364	1144	6220
2197	7362	1140	6222
2198	7373	1134	6239
2199	7337	1137	6200
2200	7422	1150	6272
2201	7359	1145	6214
2202	7246	1136	6110
2203	7165	1136	6029
2204	7207	1147	6060
2205	7198	1151	6047
2206	7147	1141	6006
2207	7131	1140	5991
2208	7100	1138	5962
2209	7064	1139	5925
2210	7084	1144	5940
2211	7028	1152	5876
2212	7000	1150	5850
2213	6975	1147	5828
2214	7038	1150	5888
2215	7009	1154	5855
2216	6965	1149	5816
2217	6949	1144	5805
2218	6841	1138	5703
2219	6818	1128	5690
2220	6762	1137	5625
2221	6685	1146	5539
2222	6655	1141	5514
2223	6533	1137	5396
2224	6474	1140	5334
2225	6431	1141	5290
2226	6345	1145	5200
2227	6289	1145	5144
2228	6240	1145	5095
2229	6145	1152	4993
2230	6049	1146	4903
2231	6073	1139	4934
2232	6062	1144	4918
2233	5998	1147	4851
2234	6087	1141	4946
2235	6054	1142	4912
2236	5980	1142	4838
2237	5945	1148	4797
2238	5878	1139	4739
2239	5902	1134	4768
2240	5910	1134	4776
2241	5863	1144	4719
2242	5850	1145	4705
2243	5859	1156	4703
2244	5793	1149	4644
2245	5872	1145	4727
2246	5927	1148	4779
2247	5956	1139	4817
2248	5980	1140	4840
2249	6029	1140	4889
2250	6028	1135	4893
2251	6082	1138	4944
2252	6190	1147	5043
2253	6209	1137	5072
2254	6286	1135	5151
2255	6318	1141	5177
2256	6279	1147	5132
2257	6312	1157	5155
2258	6358	1155	5203
2259	6443	1148	5295
2260	6390	1136	5254
2261	6417	1131	5286
2262	6454	1147	5307
2263	6479	1147	5332
2264	6443	1141	5302
2265	6421	1147	5274
2266	6459	1158	5301
2267	6516	1152	5364
2268	6517	1141	5376
2269	6516	1147	5369
2270	6523	1146	5377
2271	6511	1149	5362
2272	6515	1144	5371
2273	6562	1148	5414
2274	6575	1147	5428
2275	6532	1138	5394
2276	6506	1137	5369
2277	6543	1149	5394
2278	6513	1145	5368
2279	6524	1141	5383
2280	6432	1149	5283
2281	6440	1150	5290
2282	6473	1153	5320
2283	6487	1151	5336
2284	6411	1148	5263
2285	6425	1136	5289
2286	6437	1140	5297
2287	6387	1147	5240
2288	6368	1151	5217
2289	6429	1149	5280
2290	6443	1145	5298
2291	6478	1149	5329
2292	6551	1153	5398
2293	6390	1147	5243
2294	6292	1147	5145
2295	6323	1159	5164
2296	6327	1148	5179
2297	6328	1145	5183
2298	6329	1144	5185
2299	6371	1148	5223
2300	6362	1139	5223
2301	6323	1138	5185
2302	6320	1138	5182
2303	6274	1143	5131
2304	6223	1142	5081
2305	6225	1152	5073
2306	6243	1149	5094
2307	6277	1138	5139
2308	6209	1134	5075
2309	6108	1131	4977
2310	6112	1133	4979
2311	6155	1139	5016
2312	6133	1139	4994
2313	6166	1139	5027
2314	6209	1151	5058
2315	6173	1150	5023
2316	6151	1149	5002
2317	6162	1148	5014
2318	6097	1146	4951
2319	6073	1143	4930
2320	6120	1142	4978
2321	6150	1143	5007
2322	6121	1147	4974
2323	6099	1154	4945
2324	6066	1138	4928
2325	6092	1145	4947
2326	6111	1152	4959
2327	6126	1165	4961
2328	6112	1168	4944
2329	6022	1155	4867
2330	6026	1140	4886
2331	5995	1137	4858
2332	6038	1144	4894
2333	6014	1143	4871
2334	5946	1142	4804
2335	5988	1149	4839
2336	6033	1155	4878
2337	5999	1149	4850
2338	5929	1153	4776
2339	5943	1152	4791
2340	5986	1140	4846
2341	5965	1138	4827
2342	5904	1129	4775
2343	5913	1129	4784
2344	5929	1138	4791
2345	5959	1140	4819
2346	5894	1143	4751
2347	5903	1152	4751
2348	5896	1148	4748
2349	5972	1144	4828
2350	5924	1139	4785
2351	5898	1157	4741
2352	5879	1150	4729
2353	5883	1139	4744
2354	5839	1143	4696
2355	5904	1148	4756
2356	5911	1146	4765
2357	5924	1145	4779
2358	5879	1139	4740
2359	5830	1152	4678
2360	5823	1155	4668
2361	5827	1144	4683
2362	5873	1138	4735
2363	5907	1144	4763
2364	5803	1143	4660
2365	5775	1141	4634
2366	5790	1140	4650
2367	5769	1140	4629
2368	5763	1143	4620
2369	5842	1147	4695
2370	5786	1139	4647
2371	5704	1129	4575
2372	5702	1133	4569
2373	5691	1137	4554
2374	5715	1138	4577
2375	5691	1143	4548
2376	5721	1148	4573
2377	5742	1142	4600
2378	5695	1141	4554
2379	5720	1148	4572
2380	5700	1153	4547
2381	5706	1160	4546
2382	5668	1158	4510
2383	5712	1148	4564
2384	5707	1149	4558
2385	5654	1150	4504
2386	5653	1151	4502
2387	5670	1154	4516
2388	5657	1145	4512
2389	5555	1153	4402
2390	5585	1157	4428
2391	5660	1145	4515
2392	5573	1152	4421
2393	5612	1156	4456
2394	5640	1145	4495
2395	5637	1141	4496
2396	5662	1139	4523
2397	5685	1148	4537
2398	5653	1149	4504
2399	5672	1148	4524
2400	5660	1147	4513
2401	5663	1147	4516
2402	5630	1145	4485
2403	5620	1147	4473
2404	5634	1142	4492
2405	5621	1139	4482
2406	5574	1129	4445
2407	5517	1138	4379
2408	5520	1144	4376
2409	5530	1142	4388
2410	5569	1153	4416
2411	5612	1161	4451
2412	5637	1149	4488
2413	5615	1136	4479
2414	5571	1129	4442
2415	5542	1138	4404
2416	5506	1145	4361
2417	5489	1145	4344
2418	5450	1141	4309
2419	5457	1145	4312
2420	5506	1128	4378
2421	5543	1141	4402
2422	5503	1140	4363
2423	5488	1137	4351
2424	5541	1136	4405
2425	5522	1145	4377
2426	5535	1146	4389
2427	5561	1149	4412
2428	5502	1140	4362
2429	5475	1141	4334
2430	5505	1141	4364
2431	5428	1135	4293
2432	5443	1142	4301
2433	5485	1134	4351
2434	5409	1128	4281
2435	5426	1134	4292
2436	5489	1140	4349
2437	5458	1145	4313
2438	5460	1135	4325
2439	5344	1138	4206
2440	5338	1135	4203
2441	5391	1143	4248
2442	5384	1150	4234
2443	5422	1147	4275
2444	5394	1138	4256
2445	5354	1143	4211
2446	5351	1138	4213
2447	5461	1129	4332
2448	5457	1141	4316
2449	5396	1137	4259
2450	5346	1143	4203
2451	5352	1148	4204
2452	5351	1147	4204
2453	5436	1144	4292
2454	5346	1133	4213
2455	5352	1141	4211
2456	5435	1140	4295
2457	5387	1145	4242
2458	5388	1148	4240
2459	5399	1151	4248
2460	5431	1141	4290
2461	5456	1134	4322
2462	5416	1137	4279
2463	5409	1140	4269
2464	5418	1149	4269
2465	5360	1146	4214
2466	5419	1140	4279
2467	5481	1144	4337
2468	5461	1142	4319
2469	5442	1149	4293
2470	5403	1145	4258
2471	5417	1142	4275
2472	5443	1151	4292
2473	5366	1146	4220
2474	5367	1142	4225
2475	5369	1144	4225
2476	5331	1136	4195
2477	5364	1143	4221
2478	5344	1145	4199
2479	5285	1149	4136
2480	5377	1140	4237
2481	5393	1130	4263
2482	5328	1141	4187
2483	5385	1147	4238
2484	5389	1135	4254
2485	5367	1136	4231
2486	5416	1142	4274
2487	5377	1148	4229
2488	5326	1144	4182
2489	5314	1147	4167
2490	5331	1141	4190
2491	5364	1149	4215
2492	5409	1141	4268
2493	5419	1138	4281
2494	5340	1143	4197
2495	5313	1138	4175
2496	5406	1148	4258
2497	5359	1151	4208
2498	5301	1143	4158
2499	5359	1140	4219
2500	5414	1139	4275
2501	5375	1142	4233
2502	5284	1141	4143
2503	5332	1139	4193
2504	5339	1138	4201
2505	5309	1144	4165
2506	5289	1137	4152
2507	5289	1135	4154
2508	5342	1138	4204
2509	5314	1140	4174
2510	5285	1129	4156
2511	5293	1132	4161
2512	5294	1141	4153
2513	5257	1147	4110
2514	5239	1143	4096
2515	5319	1141	4178
2516	5337	1142	4195
2517	5328	1149	4179
2518	5344	1139	4205
2519	5312	1143	4169
2520	5328	1153	4175
2521	5321	1152	4169
2522	5336	1143	4193
2523	5349	1144	4205
2524	5268	1149	4119
2525	5275	1143	4132
2526	5279	1135	4144
2527	5217	1142	4075
2528	5291	1140	4151
2529	5266	1140	4126
2530	5250	1138	4112
2531	5226	1139	4087
2532	5198	1147	4051
2533	5241	1144	4097
2534	5206	1147	4059
2535	5252	1147	4105
2536	5219	1154	4065
2537	5194	1146	4048
2538	5192	1138	4054
2539	5236	1146	4090
2540	5260	1141	4119
2541	5288	1142	4146
2542	5231	1148	4083
2543	5244	1140	4104
2544	5203	1137	4066
2545	5233	1151	4082
2546	5264	1148	4116
2547	5228	1143	4085
2548	5219	1138	4081
2549	5234	1139	4095
2550	5199	1129	4070
2551	5216	1128	4088
2552	5220	1130	4090
2553	5224	1143	4081
2554	5173	1148	4025
2555	5207	1148	4059
2556	5211	1146	4065
2557	5160	1150	4010
2558	5149	1148	4001
2559	5103	1143	3960
2560	5137	1143	3994
2561	5191	1134	4057
2562	5193	1137	4056
2563	5199	1141	4058
2564	5213	1144	4069
2565	5197	1142	4055
2566	5183	1145	4038
2567	5112	1142	3970
2568	5103	1141	3962
2569	5108	1138	3970
2570	5143	1149	3994
2571	5150	1147	4003
2572	5094	1143	3951
2573	5141	1150	3991
2574	5119	1153	3966
2575	5139	1145	3994
2576	5089	1137	3952
2577	5044	1137	3907
2578	5016	1135	3881
2579	5064	1142	3922
2580	5107	1150	3957
2581	5042	1149	3893
2582	5045	1144	3901
2583	5098	1142	3956
2584	5073	1143	3930
2585	5040	1141	3899
2586	5041	1148	3893
2587	5080	1150	3930
2588	5013	1149	3864
2589	4992	1152	3840
2590	5008	1145	3863
2591	4965	1144	3821
2592	4995	1143	3852
2593	4942	1137	3805
2594	4954	1133	3821
2595	5006	1137	3869
2596	4944	1139	3805
2597	4918	1142	3776
2598	4890	1142	3748
2599	4975	1132	3843
2600	4998	1126	3872
2601	5015	1139	3876
2602	5034	1142	3892
2603	5009	1142	3867
2604	4952	1146	3806
2605	4962	1147	3815
2606	4946	1148	3798
2607	4899	1138	3761
2608	4947	1135	3812
2609	4937	1142	3795
2610	4881	1134	3747
2611	4945	1139	3806
2612	4934	1149	3785
2613	4884	1140	3744
2614	4851	1143	3708
2615	4877	1147	3730
2616	4903	1149	3754
2617	4885	1162	3723
2618	4839	1149	3690
2619	4832	1150	3682
2620	4807	1150	3657
2621	4820	1141	3679
2622	4786	1137	3649
2623	4763	1141	3622
2624	4827	1141	3686
2625	4812	1147	3665
2626	4774	1148	3626
2627	4783	1144	3639
2628	4701	1139	3562
2629	4751	1144	3607
2630	4746	1140	3606
2631	4745	1140	3605
2632	4713	1149	3564
2633	4676	1145	3531
2634	4673	1147	3526
2635	4689	1149	3540
2636	4680	1142	3538
2637	4720	1143	3577
2638	4783	1156	3627
2639	4723	1154	3569
2640	4683	1136	3547
2641	4700	1138	3562
2642	4663	1146	3517
2643	4649	1145	3504
2644	4626	1142	3484
2645	4613	1151	3462
2646	4586	1143	3443
2647	4601	1145	3456
2648	4584	1147	3437
2649	4583	1151	3432
2650	4652	1142	3510
2651	4592	1143	3449
2652	4474	1135	3339
2653	4496	1140	3356
2654	4568	1136	3432
2655	4555	1136	3419
2656	4512	1155	3357
2657	4555	1153	3402
2658	4468	1154	3314
2659	4461	1150	3311
2660	4502	1140	3362
2661	4452	1142	3310
2662	4475	1144	3331
2663	4492	1145	3347
2664	4417	1152	3265
2665	4431	1147	3284
2666	4439	1153	3286
2667	4422	1155	3267
2668	4382	1148	3234
2669	4343	1146	3197
2670	4313	1150	3163
2671	4342	1149	3193
2672	4361	1144	3217
2673	4353	1147	3206
2674	4353	1163	3190
2675	4406	1152	3254
2676	4387	1143	3244
2677	4295	1143	3152
2678	4283	1144	3139
2679	4253	1143	3110
2680	4218	1142	3076
2681	4212	1150	3062
2682	4225	1157	3068
2683	4246	1153	3093
2684	4203	1142	3061
2685	4251	1150	3101
2686	4234	1148	3086
2687	4189	1153	3036
2688	4177	1160	3017
2689	4126	1153	2973
2690	4107	1148	2959
2691	4144	1139	3005
2692	4113	1135	2978
2693	4104	1136	2968
2694	4060	1149	2911
2695	4056	1149	2907
2696	4082	1144	2938
2697	4109	1139	2970
2698	4038	1137	2901
2699	4012	1140	2872
2700	4027	1142	2885
2701	4018	1144	2874
2702	3998	1137	2861
2703	3993	1143	2850
2704	3957	1150	2807
2705	3977	1141	2836
2706	3989	1138	2851
2707	3972	1142	2830
2708	4048	1143	2905
2709	4048	1143	2905
2710	3949	1139	2810
2711	3936	1140	2796
2712	3943	1137	2806
2713	3913	1138	2775
2714	3896	1145	2751
2715	3872	1153	2719
2716	3856	1143	2713
2717	3852	1137	2715
2718	3850	1140	2710
2719	3898	1148	2750
2720	3879	1155	2724
2721	3863	1149	2714
2722	3797	1152	2645
2723	3781	1152	2629
2724	3736	1148	2588
2725	3733	1140	2593
2726	3748	1140	2608
2727	3729	1139	2590
2728	3725	1122	2603
2729	3730	1130	2600
2730	3693	1142	2551
2731	3677	1148	2529
2732	3673	1140	2533
2733	3703	1147	2556
2734	3665	1151	2514
2735	3680	1139	2541
2736	3695	1143	2552
2737	3629	1143	2486
2738	3613	1138	2475
2739	3622	1138	2484
2740	3610	1138	2472
2741	3607	1146	2461
2742	3542	1152	2390
2743	3543	1149	2394
2744	3530	1145	2385
2745	3541	1161	2380
2746	3551	1161	2390
2747	3562	1147	2415
2748	3527	1140	2387
2749	3453	1148	2305
2750	3481	1149	2332
2751	3503	1144	2359
2752	3455	1143	2312
2753	3431	1157	2274
2754	3424	1151	2273
2755	3433	1154	2279
2756	3353	1152	2201
2757	3320	1139	2181
2758	3330	1148	2182
2759	3340	1153	2187
2760	3278	1146	2132
2761	3307	1150	2157
2762	3335	1148	2187
2763	3330	1146	2184
2764	3286	1146	2140
2765	3263	1141	2122
2766	3244	1137	2107
2767	3299	1139	2160
2768	3284	1144	2140
2769	3218	1141	2077
2770	3195	1133	2062
2771	3250	1140	2110
2772	3248	1143	2105
2773	3240	1140	2100
2774	3207	1137	2070
2775	3216	1134	2082
2776	3201	1147	2054
2777	3150	1142	2008
2778	3132	1133	1999
2779	3177	1145	2032
2780	3159	1136	2023
2781	3124	1145	1979
2782	3122	1140	1982
2783	3136	1135	2001
2784	3078	1153	1925
2785	3058	1151	1907
2786	3046	1132	1914
2787	3090	1139	1951
2788	3068	1142	1926
2789	3028	1140	1888
2790	3084	1143	1941
2791	3095	1137	1958
2792	3050	1143	1907
2793	3033	1150	1883
2794	3017	1147	1870
2795	2936	1146	1790
2796	2933	1146	1787
2797	2950	1154	1796
2798	2907	1142	1765
2799	2914	1139	1775
2800	2933	1136	1797
2801	2952	1147	1805
2802	2933	1150	1783
2803	2905	1149	1756
2804	2887	1151	1736
2805	2898	1145	1753
2806	2889	1146	1743
2807	2861	1153	1708
2808	2880	1147	1733
2809	2865	1144	1721
2810	2855	1141	1714
2811	2838	1143	1695
2812	2784	1146	1638
2813	2755	1146	1609
2814	2781	1141	1640
2815	2784	1133	1651
2816	2802	1135	1667
2817	2818	1144	1674
2818	2767	1154	1613
2819	2752	1155	1597
2820	2760	1142	1618
2821	2786	1150	1636
2822	2756	1147	1609
2823	2736	1146	1590
2824	2715	1142	1573
2825	2690	1139	1551
2826	2715	1144	1571
2827	2718	1151	1567
2828	2700	1144	1556
2829	2688	1144	1544
2830	2690	1149	1541
2831	2673	1142	1531
2832	2670	1142	1528
2833	2687	1150	1537
2834	2659	1156	1503
2835	2635	1153	1482
2836	2592	1150	1442
2837	2563	1155	1408
2838	2600	1156	1444
2839	2605	1155	1450
2840	2558	1149	1409
2841	2588	1144	1444
2842	2613	1146	1467
2843	2574	1149	1425
2844	2571	1144	1427
2845	2553	1142	1411
2846	2521	1137	1384
2847	2545	1147	1398
2848	2519	1141	1378
2849	2489	1138	1351
2850	2510	1150	1360
2851	2491	1145	1346
2852	2471	1128	1343
2853	2493	1130	1363
2854	2463	1143	1320
2855	2459	1139	1320
2856	2447	1139	1308
2857	2436	1140	1296
2858	2425	1141	1284
2859	2407	1140	1267
2860	2444	1143	1301
2861	2459	1152	1307
2862	2431	1150	1281
2863	2461	1145	1316
2864	2439	1139	1300
2865	2375	1153	1222
2866	2375	1158	1217
2867	2389	1152	1237
2868	2380	1151	1229
2869	2378	1154	1224
2870	2397	1151	1246
2871	2414	1150	1264
2872	2371	1137	1234
2873	2334	1143	1191
2874	2329	1134	1195
2875	2324	1139	1185
2876	2366	1141	1225
2877	2355	1148	1207
2878	2296	1151	1145
2879	2310	1146	1164
2880	2314	1139	1175
2881	2296	1140	1156
2882	2286	1139	1147
2883	2320	1144	1176
2884	2317	1141	1176
2885	2284	1135	1149
2886	2265	1145	1120
2887	2273	1157	1116
2888	2271	1137	1134
2889	2260	1129	1131
2890	2259	1134	1125
2891	2274	1147	1127
2892	2269	1148	1121
2893	2257	1150	1107
2894	2248	1154	1094
2895	2226	1147	1079
2896	2222	1144	1078
2897	2238	1152	1086
2898	2223	1148	1075
2899	2232	1144	1088
2900	2201	1145	1056
2901	2204	1138	1066
2902	2200	1138	1062
2903	2186	1136	1050
2904	2179	1146	1033
2905	2173	1153	1020
2906	2166	1147	1019
2907	2166	1148	1018
2908	2158	1141	1017
2909	2159	1146	1013
2910	2156	1141	1015
2911	2163	1138	1025
2912	2169	1148	1021
2913	2162	1144	1018
2914	2129	1149	980
2915	2158	1148	1010
2916	2151	1146	1005
2917	2156	1144	1012
2918	2163	1138	1025
2919	2169	1139	1030
2920	2145	1138	1007
2921	2166	1138	1028
2922	2149	1145	1004
2923	2146	1147	999
2924	2126	1155	971
2925	2122	1149	973
2926	2137	1141	996
2927	2124	1140	984
2928	2132	1140	992
2929	2092	1136	956
2930	2085	1142	943
2931	2118	1140	978
2932	2090	1149	941
2933	2101	1150	951
2934	2088	1147	941
2935	2130	1154	976
2936	2089	1148	941
2937	2040	1145	895
2938	2028	1144	884
2939	2083	1153	930
2940	2096	1146	950
2941	2070	1143	927
2942	2037	1143	894
2943	2076	1138	938
2944	2101	1141	960
2945	2072	1151	921
2946	2079	1147	932
2947	2101	1149	952
2948	2046	1145	901
2949	2029	1142	887
2950	2045	1141	904
2951	2073	1143	930
2952	2068	1143	925
2953	2049	1141	908
2954	2058	1135	923
2955	2074	1141	933
2956	2054	1147	907
2957	2052	1138	914
2958	2078	1139	939
2959	2050	1145	905
2960	2052	1150	902
2961	2042	1148	894
2962	2039	1147	892
2963	2068	1151	917
2964	2060	1151	909
2965	2048	1142	906
2966	2071	1136	935
2967	2056	1147	909
2968	2027	1142	885
2969	2015	1136	879
2970	2030	1130	900
2971	2037	1143	894
2972	2059	1150	909
2973	2064	1148	916
2974	2039	1146	893
2975	2026	1150	876
2976	2057	1154	903
2977	2039	1156	883
2978	2022	1148	874
2979	2020	1147	873
2980	2057	1157	900
2981	2048	1155	893
2982	2041	1149	892
2983	2037	1153	884
2984	2048	1147	901
2985	2063	1149	914
2986	2039	1148	891
2987	2046	1140	906
2988	2057	1137	920
2989	2066	1139	927
2990	2028	1145	883
2991	2011	1147	864
2992	2015	1140	875
2993	2030	1147	883
2994	2000	1140	860
2995	1998	1146	852
2996	2037	1150	887
2997	2050	1143	907
2998	2002	1138	864
2999	1990	1135	855
3000	1997	1144	853
3001	2009	1143	866
3002	1994	1137	857
3003	2015	1143	872
3004	1994	1143	851
3005	1971	1139	832
3006	1992	1137	855
3007	2013	1151	862
3008	1995	1151	844
3009	2014	1146	868
3010	2028	1134	894
3011	1998	1136	862
3012	2006	1137	869
3013	2036	1145	891
3014	2046	1138	908
3015	2011	1149	862
3016	2010	1146	864
3017	2040	1150	890
3018	2053	1153	900
3019	2018	1145	873
3020	2050	1138	912
3021	2059	1141	918
3022	2005	1141	864
3023	1963	1142	821
3024	2004	1140	864
3025	2004	1142	862
3026	1997	1144	853
3027	1987	1152	835
3028	1994	1147	847
3029	2007	1151	856
3030	2014	1151	863
3031	1987	1144	843
3032	2022	1132	890
3033	2018	1135	883
3034	2004	1144	860
3035	1994	1139	855
3036	1975	1132	843
3037	2007	1147	860
3038	2013	1145	868
3039	1994	1158	836
3040	1993	1156	837
3041	2000	1146	854
3042	2002	1137	865
3043	2019	1139	880
3044	2026	1143	883
3045	2012	1142	870
3046	1983	1143	840
3047	1989	1148	841
3048	1978	1147	831
3049	1998	1143	855
3050	1971	1140	831
3051	1957	1138	819
3052	1966	1137	829
3053	1979	1128	851
3054	1973	1137	836
3055	1983	1155	828
3056	1981	1146	835
3057	1977	1142	835
3058	1970	1151	819
3059	1978	1154	824
3060	1949	1147	802
3061	1953	1143	810
3062	1992	1146	846
3063	1984	1146	838
3064	1965	1141	824
3065	1933	1141	792
3066	1939	1145	794
3067	1952	1143	809
3068	1957	1140	817
3069	1931	1136	795
3070	1921	1139	782
3071	1955	1142	813
3072	1938	1144	794
3073	1941	1155	786
3074	1934	1150	784
3075	1936	1153	783
3076	1930	1151	779
3077	1939	1141	798
3078	1931	1132	799
3079	1928	1155	773
3080	1928	1155	773
3081	1914	1153	761
3082	1917	1149	768
3083	1916	1145	771
3084	1895	1141	754
3085	1911	1143	768
3086	1947	1148	799
3087	1948	1144	804
3088	1888	1146	742
3089	1886	1145	741
3090	1912	1144	768
3091	1902	1146	756
3092	1901	1150	751
3093	1889	1147	742
3094	1889	1141	748
3095	1875	1147	728
3096	1870	1154	716
3097	1848	1147	701
3098	1829	1144	685
3099	1855	1142	713
3100	1865	1143	722
3101	1901	1146	755
3102	1884	1139	745
3103	1850	1137	713
3104	1843	1143	700
3105	1840	1139	701
3106	1821	1137	684
3107	1817	1139	678
3108	1815	1141	674
3109	1859	1143	716
3110	1825	1146	679
3111	1770	1139	631
3112	1820	1143	677
3113	1819	1140	679
3114	1800	1139	661
3115	1792	1143	649
3116	1783	1136	647
3117	1791	1141	650
3118	1786	1139	647
3119	1800	1142	658
3120	1776	1140	636
3121	1764	1143	621
3122	1756	1138	618
3123	1772	1136	636
3124	1754	1142	612
3125	1746	1143	603
3126	1755	1140	615
3127	1732	1142	590
3128	1711	1143	568
3129	1740	1142	598
3130	1740	1136	604
3131	1726	1136	590
3132	1716	1144	572
3133	1721	1148	573
3134	1722	1138	584
3135	1727	1145	582
3136	1679	1151	528
3137	1645	1141	504
3138	1646	1141	505
3139	1665	1140	525
3140	1659	1133	526
3141	1670	1144	526
3142	1666	1135	531
3143	1685	1136	549
3144	1652	1145	507
3145	1647	1148	499
3146	1653	1147	506
3147	1660	1145	515
3148	1638	1143	495
3149	1663	1140	523
3150	1610	1137	473
3151	1593	1133	460
3152	1612	1141	471
3153	1621	1151	470
3154	1600	1142	458
3155	1592	1147	445
3156	1580	1149	431
3157	1613	1146	467
3158	1589	1151	438
3159	1586	1148	438
3160	1572	1139	433
3161	1541	1136	405
3162	1545	1140	405
3163	1550	1149	401
3164	1527	1153	374
3165	1515	1149	366
3166	1549	1146	403
3167	1537	1140	397
3168	1486	1136	350
3169	1488	1138	350
3170	1474	1143	331
3171	1470	1144	326
3172	1472	1134	338
3173	1492	1142	350
3174	1479	1147	332
3175	1478	1139	339
3176	1470	1141	329
3177	1477	1144	333
3178	1440	1145	295
3179	1425	1149	276
3180	1441	1148	293
3181	1450	1140	310
3182	1456	1142	314
3183	1438	1150	288
3184	1432	1145	287
3185	1417	1144	273
3186	1410	1138	272
3187	1425	1140	285
3188	1387	1136	251
3189	1376	1131	245
3190	1419	1137	282
3191	1408	1149	259
3192	1377	1147	230
3193	1360	1138	222
3194	1372	1139	233
3195	1343	1153	190
3196	1345	1142	203
3197	1362	1147	215
3198	1348	1146	202
3199	1341	1144	197
3200	1330	1153	177
3201	1333	1161	172
3202	1324	1149	175
3203	1332	1132	200
3204	1328	1134	194
3205	1325	1140	185
3206	1310	1143	167
3207	1340	1138	202
3208	1321	1136	185
3209	1307	1139	168
3210	1284	1140	144
3211	1309	1148	161
3212	1297	1144	153
3213	1297	1148	149
3214	1283	1139	144
3215	1303	1143	160
3216	1298	1142	156
3217	1287	1142	145
3218	1283	1139	144
3219	1294	1137	157
3220	1279	1138	141
3221	1287	1137	150
3222	1273	1142	131
3223	1276	1147	129
3224	1280	1151	129
3225	1292	1150	142
3226	1287	1147	140
3227	1282	1151	131
3228	1267	1157	110
3229	1272	1152	120
3230	1257	1137	120
3231	1253	1142	111
3232	1247	1140	107
3233	1248	1142	106
3234	1257	1140	117
3235	1267	1141	126
3236	1258	1130	128
3237	1253	1135	118
3238	1247	1146	101
3239	1260	1152	108
3240	1255	1148	107
3241	1276	1151	125
3242	1273	1146	127
3243	1255	1139	116
3244	1249	1142	107
3245	1238	1145	93
3246	1234	1145	89
3247	1266	1136	130
3248	1244	1132	112
3249	1238	1142	96
3250	1231	1146	85
3251	1235	1136	99
3252	1239	1138	101
3253	1274	1149	125
3254	1263	1139	124
3255	1259	1150	109
3256	1260	1146	114
3257	1270	1126	144
3258	1219	1134	85
3259	1222	1151	71
3260	1243	1150	93
3261	1221	1149	72
3262	1205	1145	60
3263	1244	1146	98
3264	1229	1140	89
3265	1227	1145	82
3266	1228	1152	76
3267	1240	1147	93
3268	1229	1147	82
3269	1210	1153	57
3270	1237	1146	91
3271	1239	1136	103
3272	1217	1129	88
3273	1214	1125	89
3274	1202	1136	66
3275	1205	1153	52
3276	1203	1145	58
3277	1230	1138	92
3278	1253	1142	111
3279	1262	1138	124
3280	1243	1140	103
3281	1240	1149	91
3282	1214	1142	72
3283	1211	1142	69
3284	1232	1155	77
3285	1245	1147	98
3286	1223	1151	72
3287	1217	1153	64
3288	1216	1142	74
3289	1239	1141	98
3290	1228	1145	83
3291	1235	1135	100
3292	1219	1137	82
3293	1223	1138	85
3294	1230	1135	95
3295	1240	1142	98
3296	1253	1141	112
3297	1246	1147	99
3298	1220	1141	79
3299	1224	1143	81
3300	1238	1148	90
3301	1231	1144	87
3302	1228	1148	80
3303	1234	1141	93
3304	1226	1149	77
3305	1233	1133	100
3306	1232	1118	114
3307	1243	1131	112
3308	1250	1140	110
3309	1241	1136	105
3310	1241	1141	100
3311	1238	1145	93
3312	1226	1140	86
3313	1223	1147	76
3314	1246	1149	97
3315	1221	1149	72
3316	1205	1148	57
3317	1215	1143	72
3318	1206	1149	57
3319	1208	1149	59
3320	1203	1142	61
3321	1220	1140	80
3322	1249	1143	106
3323	1253	1145	108
3324	1244	1137	107
3325	1220	1137	83
3326	1215	1144	71
3327	1239	1143	96
3328	1243	1136	107
3329	1245	1137	108
3330	1244	1144	100
3331	1241	1149	92
3332	1218	1136	82
3333	1244	1137	107
3334	1222	1143	79
3335	1195	1140	55
3336	1222	1134	88
3337	1215	1135	80
3338	1244	1140	104
3339	1249	1139	110
3340	1211	1144	67
3341	1234	1157	77
3342	1233	1145	88
3343	1234	1141	93
3344	1229	1139	90
3345	1211	1143	68
3346	1225	1140	85
3347	1232	1139	93
3348	1218	1142	76
3349	1218	1152	66
3350	1219	1149	70
3351	1212	1146	66
3352	1215	1144	71
3353	1259	1145	114
3354	1265	1144	121
3355	1249	1143	106
3356	1232	1143	89
3357	1245	1141	104
3358	1243	1150	93
3359	1242	1149	93
3360	1245	1147	98
3361	1238	1149	89
3362	1215	1140	75
3363	1224	1142	82
3364	1223	1144	79
3365	1221	1147	74
3366	1220	1157	63
3367	1233	1153	80
3368	1236	1145	91
3369	1215	1147	68
3370	1208	1140	68
3371	1206	1150	56
3372	1186	1141	45
3373	1213	1136	77
3374	1207	1147	60
3375	1208	1157	51
3376	1224	1144	80
3377	1250	1143	107
3378	1235	1143	92
3379	1194	1140	54
3380	1191	1137	54
3381	1211	1140	71
3382	1194	1132	62
3383	1216	1142	74
3384	1228	1147	81
3385	1220	1139	81
3386	1196	1137	59
3387	1205	1146	59
3388	1212	1148	64
3389	1208	1137	71
3390	1200	1146	54
3391	1220	1151	69
3392	1234	1146	88
3393	1233	1142	91
3394	1230	1140	90
3395	1231	1138	93
3396	1225	1140	85
3397	1212	1141	71
3398	1200	1142	58
3399	1218	1148	70
3400	1209	1146	63
3401	1224	1144	80
3402	1206	1146	60
3403	1205	1143	62
3404	1207	1136	71
3405	1222	1150	72
3406	1219	1153	66
3407	1221	1151	70
3408	1217	1154	63
3409	1226	1156	70
3410	1232	1150	82
3411	1205	1141	64
3412	1213	1144	69
3413	1236	1141	95
3414	1236	1149	87
3415	1221	1150	71
3416	1211	1136	75
3417	1205	1143	62
3418	1218	1139	79
3419	1226	1134	92
3420	1211	1134	77
3421	1229	1139	90
3422	1250	1144	106
3423	1240	1145	95
3424	1193	1140	53
3425	1196	1142	54
3426	1222	1145	77
3427	1227	1144	83
3428	1226	1152	74
3429	1229	1145	84
3430	1223	1139	84
3431	1216	1142	74
3432	1223	1151	72
3433	1227	1144	83
3434	1220	1146	74
3435	1218	1157	61
3436	1205	1157	48
3437	1226	1149	77
3438	1203	1152	51
3439	1194	1152	42
3440	1216	1140	76
3441	1223	1142	81
3442	1223	1147	76
3443	1233	1142	91
3444	1213	1145	68
3445	1200	1146	54
3446	1194	1142	52
3447	1215	1139	76
3448	1206	1135	71
3449	1202	1139	63
3450	1223	1140	83
3451	1230	1130	100
3452	1216	1133	83
3453	1209	1137	72
3454	1202	1144	58
3455	1209	1141	68
3456	1201	1140	61
3457	1231	1142	89
3458	1228	1139	89
3459	1243	1143	100
3460	1233	1141	92
3461	1204	1144	60
3462	1220	1147	73
3463	1236	1141	95
3464	1217	1145	72
3465	1213	1143	70
3466	1209	1147	62
3467	1216	1140	76
3468	1205	1129	76
3469	1229	1133	96
3470	1239	1137	102
3471	1228	1137	91
3472	1202	1132	70
3473	1219	1144	75
3474	1218	1140	78
3475	1202	1140	62
3476	1190	1141	49
3477	1224	1148	76
3478	1216	1139	77
3479	1213	1132	81
3480	1206	1148	58
3481	1215	1149	66
3482	1229	1145	84
3483	1221	1138	83
3484	1209	1146	63
3485	1234	1149	85
3486	1225	1142	83
3487	1213	1144	69
3488	1218	1145	73
3489	1221	1154	67
3490	1225	1143	82
3491	1209	1137	72
3492	1191	1141	50
3493	1210	1143	67
3494	1209	1139	70
3495	1238	1149	89
3496	1224	1155	69
3497	1228	1143	85
3498	1221	1147	74
3499	1205	1148	57
3500	1184	1141	43
3501	1218	1151	67
3502	1248	1150	98
3503	1228	1148	80
3504	1197	1147	50
3505	1204	1140	64
3506	1210	1141	69
3507	1212	1143	69
3508	1202	1140	62
3509	1219	1145	74
3510	1213	1148	65
3511	1212	1144	68
3512	1190	1144	46
3513	1192	1141	51
3514	1204	1138	66
3515	1218	1142	76
3516	1186	1142	44
3517	1216	1141	75
3518	1224	1142	82
3519	1213	1140	73
3520	1212	1137	75
3521	1201	1141	60
3522	1195	1141	54
3523	1205	1141	64
3524	1211	1147	64
3525	1211	1149	62
3526	1213	1143	70
3527	1205	1141	64
3528	1200	1131	69
3529	1197	1128	69
3530	1189	1131	58
3531	1201	1138	63
3532	1200	1143	57
3533	1187	1145	42
3534	1181	1141	40
3535	1204	1147	57
3536	1187	1142	45
3537	1203	1140	63
3538	1205	1147	58
3539	1197	1152	45
3540	1183	1147	36
3541	1203	1148	55
3542	1203	1142	61
3543	1221	1146	75
3544	1219	1152	67
3545	1218	1142	76
3546	1204	1135	69
3547	1191	1132	59
3548	1203	1134	69
3549	1220	1131	89
3550	1206	1142	64
3551	1223	1151	72
3552	1213	1143	70
3553	1206	1148	58
3554	1198	1143	55
3555	1198	1139	59
3556	1193	1126	67
3557	1219	1138	81
3558	1212	1153	59
3559	1204	1153	51
3560	1199	1145	54
3561	1217	1144	73
3562	1218	1138	80
3563	1213	1139	74
3564	1217	1143	74
3565	1230	1152	78
3566	1206	1147	59
3567	1204	1140	64
3568	1196	1153	43
3569	1197	1156	41
3570	1197	1146	51
3571	1209	1144	65
3572	1200	1148	52
3573	1201	1148	53
3574	1182	1143	39
3575	1207	1148	59
3576	1216	1156	60
3577	1198	1156	42
3578	1211	1144	67
3579	1234	1147	87
3580	1212	1142	70
3581	1224	1141	83
3582	1238	1139	99
3583	1218	1140	78
3584	1224	1141	83
3585	1221	1135	86
3586	1208	1144	64
3587	1207	1141	66
3588	1192	1138	54
3589	1204	1138	66
3590	1182	1145	37
3591	1210	1142	68
3592	1223	1142	81
3593	1213	1150	63
3594	1224	1142	82
3595	1234	1146	88
3596	1225	1154	71
3597	1212	1164	48
3598	1201	1149	52
3599	1217	1147	70
3600	1198	1136	62
3601	1205	1138	67
3602	1210	1142	68
3603	1213	1144	69
3604	1205	1147	58
3605	1221	1137	84
3606	1218	1144	74
3607	1217	1153	64
3608	1221	1159	62
3609	1236	1156	80
3610	1218	1145	73
3611	1185	1135	50
3612	1193	1135	58
3613	1220	1144	76
3614	1213	1146	67
3615	1202	1147	55
3616	1198	1143	55
3617	1219	1147	72
3618	1218	1142	76
3619	1219	1130	89
3620	1201	1138	63
3621	1214	1141	73
3622	1214	1138	76
3623	1236	1143	93
3624	1230	1143	87
3625	1214	1140	74
3626	1217	1138	79
3627	1229	1140	89
3628	1211	1145	66
3629	1216	1151	65
3630	1223	1149	74
3631	1208	1148	60
3632	1196	1152	44
3633	1183	1151	32
3634	1209	1141	68
3635	1212	1143	69
3636	1181	1152	29
3637	1191	1152	39
3638	1211	1150	61
3639	1209	1153	56
3640	1187	1159	28
3641	1189	1148	41
3642	1203	1143	60
3643	1207	1148	59
3644	1217	1147	70
3645	1243	1143	100
3646	1223	1143	80
3647	1216	1141	75
3648	1191	1147	44
