index	original	background	difference
-----------------------------------------------------
1	1165	1158	7
2	1180	1145	35
3	1168	1160	8
4	1172	1170	2
5	1167	1164	3
6	1166	1165	1
7	1172	1151	21
8	1179	1166	13
9	1179	1175	4
10	1178	1177	1
11	1190	1169	21
12	1207	1168	39
13	1185	1152	33
14	1195	1168	27
15	1197	1183	14
16	1188	1173	15
17	1179	1182	-3
18	1189	1196	-7
19	1191	1193	-2
20	1191	1197	-6
21	1184	1177	7
22	1186	1171	15
23	1178	1185	-7
24	1201	1186	15
25	1214	1179	35
26	1192	1171	21
27	1169	1168	1
28	1176	1162	14
29	1177	1178	-1
30	1205	1186	19
31	1212	1175	37
32	1180	1185	-5
33	1171	1207	-36
34	1195	1209	-14
35	1205	1190	15
36	1188	1184	4
37	1206	1181	25
38	1223	1198	25
39	1216	1195	21
40	1211	1182	29
41	1203	1189	14
42	1220	1196	24
43	1205	1188	17
44	1208	1176	32
45	1213	1191	22
46	1201	1196	5
47	1202	1199	3
48	1205	1189	16
49	1202	1182	20
50	1212	1183	29
51	1211	1178	33
52	1220	1172	48
53	1217	1194	23
54	1206	1209	-3
55	1213	1196	17
56	1191	1184	7
57	1205	1197	8
58	1190	1200	-10
59	1181	1198	-17
60	1200	1209	-9
61	1215	1194	21
62	1229	1185	44
63	1205	1180	25
64	1225	1181	44
65	1224	1178	46
66	1201	1193	8
67	1200	1198	2
68	1206	1190	16
69	1217	1202	15
70	1223	1171	52
71	1208	1173	35
72	1202	1194	8
73	1189	1190	-1
74	1210	1192	18
75	1220	1196	24
76	1233	1198	35
77	1206	1210	-4
78	1220	1228	-8
79	1212	1228	-16
80	1198	1198	0
81	1201	1204	-3
82	1219	1198	21
83	1188	1177	11
84	1180	1177	3
85	1184	1195	-11
86	1209	1200	9
87	1235	1212	23
88	1216	1205	11
89	1206	1216	-10
90	1220	1218	2
91	1226	1203	23
92	1219	1185	34
93	1211	1190	21
94	1229	1185	44
95	1219	1189	30
96	1205	1182	23
97	1218	1192	26
98	1193	1186	7
99	1181	1206	-25
100	1200	1199	1
101	1211	1209	2
102	1213	1215	-2
103	1212	1184	28
104	1211	1199	12
105	1205	1198	7
106	1205	1181	24
107	1198	1201	-3
108	1200	1199	1
109	1193	1196	-3
110	1214	1213	1
111	1213	1188	25
112	1208	1200	8
113	1193	1220	-27
114	1213	1194	19
115	1217	1202	15
116	1205	1206	-1
117	1184	1201	-17
118	1186	1198	-12
119	1210	1196	14
120	1213	1214	-1
121	1225	1225	0
122	1235	1208	27
123	1227	1202	25
124	1218	1220	-2
125	1199	1229	-30
126	1209	1222	-13
127	1205	1216	-11
128	1202	1215	-13
129	1214	1208	6
130	1221	1209	12
131	1194	1216	-22
132	1186	1205	-19
133	1195	1187	8
134	1210	1180	30
135	1196	1190	6
136	1209	1210	-1
137	1199	1219	-20
138	1195	1195	0
139	1190	1177	13
140	1211	1205	6
141	1210	1207	3
142	1231	1193	38
143	1217	1189	28
144	1207	1224	-17
145	1231	1208	23
146	1211	1193	18
147	1213	1212	1
148	1229	1240	-11
149	1232	1231	1
150	1234	1224	10
151	1223	1213	10
152	1216	1202	14
153	1222	1191	31
154	1216	1220	-4
155	1193	1226	-33
156	1218	1200	18
157	1219	1211	8
158	1218	1208	10
159	1215	1202	13
160	1224	1202	22
161	1213	1199	14
162	1209	1204	5
163	1197	1207	-10
164	1201	1195	6
165	1205	1192	13
166	1225	1201	24
167	1211	1216	-5
168	1210	1223	-13
169	1197	1201	-4
170	1202	1217	-15
171	1207	1218	-11
172	1190	1210	-20
173	1193	1187	6
174	1206	1201	5
175	1209	1192	17
176	1209	1178	31
177	1209	1196	13
178	1214	1199	15
179	1184	1182	2
180	1192	1188	4
181	1213	1187	26
182	1215	1190	25
183	1201	1204	-3
184	1202	1202	0
185	1209	1182	27
186	1231	1183	48
187	1227	1204	23
188	1210	1197	13
189	1200	1184	16
190	1206	1184	22
191	1198	1200	-2
192	1193	1217	-24
193	1208	1217	-9
194	1200	1220	-20
195	1201	1217	-16
196	1214	1217	-3
197	1217	1229	-12
198	1231	1223	8
199	1226	1192	34
200	1207	1198	9
201	1203	1207	-4
202	1198	1205	-7
203	1216	1222	-6
204	1223	1224	-1
205	1194	1189	5
206	1215	1204	11
207	1240	1214	26
208	1225	1225	0
209	1218	1209	9
210	1227	1209	18
211	1234	1205	29
212	1217	1215	2
213	1209	1217	-8
214	1213	1212	1
215	1214	1211	3
216	1209	1198	11
217	1214	1197	17
218	1218	1185	33
219	1219	1220	-1
220	1213	1226	-13
221	1209	1200	9
222	1212	1196	16
223	1228	1212	16
224	1214	1215	-1
225	1210	1193	17
226	1214	1195	19
227	1210	1214	-4
228	1217	1220	-3
229	1216	1211	5
230	1214	1207	7
231	1208	1194	14
232	1212	1195	17
233	1231	1206	25
234	1231	1216	15
235	1198	1220	-22
236	1194	1197	-3
237	1214	1200	14
238	1230	1188	42
239	1231	1202	29
240	1218	1219	-1
241	1217	1223	-6
242	1213	1192	21
243	1213	1180	33
244	1227	1202	25
245	1240	1205	35
246	1229	1201	28
247	1220	1218	2
248	1228	1200	28
249	1209	1178	31
250	1197	1189	8
251	1214	1201	13
252	1222	1219	3
253	1230	1191	39
254	1232	1200	32
255	1211	1211	0
256	1224	1206	18
257	1215	1200	15
258	1212	1213	-1
259	1217	1203	14
260	1211	1191	20
261	1201	1201	0
262	1219	1211	8
263	1237	1220	17
264	1212	1201	11
265	1210	1205	5
266	1223	1188	35
267	1218	1193	25
268	1223	1197	26
269	1229	1207	22
270	1246	1224	22
271	1255	1217	38
272	1246	1198	48
273	1213	1208	5
274	1213	1212	1
275	1216	1195	21
276	1221	1211	10
277	1213	1201	12
278	1233	1194	39
279	1222	1206	16
280	1228	1206	22
281	1219	1202	17
282	1232	1190	42
283	1222	1191	31
284	1222	1225	-3
285	1209	1225	-16
286	1221	1217	4
287	1210	1219	-9
288	1218	1218	0
289	1211	1219	-8
290	1189	1216	-27
291	1221	1193	28
292	1242	1191	51
293	1203	1194	9
294	1205	1217	-12
295	1223	1198	25
296	1218	1184	34
297	1214	1192	22
298	1220	1208	12
299	1193	1215	-22
300	1221	1212	9
301	1223	1211	12
302	1215	1193	22
303	1195	1195	0
304	1196	1213	-17
305	1224	1221	3
306	1232	1238	-6
307	1205	1223	-18
308	1208	1200	8
309	1195	1217	-22
310	1226	1214	12
311	1218	1219	-1
312	1229	1221	8
313	1222	1218	4
314	1207	1198	9
315	1215	1216	-1
316	1214	1204	10
317	1221	1196	25
318	1223	1217	6
319	1226	1210	16
320	1226	1217	9
321	1221	1207	14
322	1208	1204	4
323	1194	1201	-7
324	1219	1200	19
325	1222	1214	8
326	1210	1220	-10
327	1215	1213	2
328	1224	1181	43
329	1245	1191	54
330	1220	1195	25
331	1208	1215	-7
332	1230	1219	11
333	1227	1184	43
334	1230	1192	38
335	1220	1205	15
336	1221	1217	4
337	1206	1220	-14
338	1208	1205	3
339	1207	1196	11
340	1204	1201	3
341	1203	1213	-10
342	1222	1213	9
343	1211	1207	4
344	1208	1208	0
345	1212	1201	11
346	1229	1212	17
347	1217	1212	5
348	1214	1192	22
349	1225	1173	52
350	1233	1206	27
351	1232	1220	12
352	1252	1223	29
353	1238	1221	17
354	1221	1223	-2
355	1240	1219	21
356	1235	1218	17
357	1212	1200	12
358	1197	1197	0
359	1209	1195	14
360	1205	1194	11
361	1214	1195	19
362	1206	1210	-4
363	1184	1204	-20
364	1208	1200	8
365	1210	1191	19
366	1206	1202	4
367	1211	1201	10
368	1225	1217	8
369	1202	1206	-4
370	1206	1182	24
371	1212	1162	50
372	1188	1186	2
373	1197	1194	3
374	1221	1201	20
375	1212	1227	-15
376	1204	1216	-12
377	1214	1191	23
378	1219	1187	32
379	1204	1203	1
380	1220	1177	43
381	1213	1172	41
382	1212	1183	29
383	1209	1210	-1
384	1209	1218	-9
385	1220	1209	11
386	1225	1203	22
387	1232	1208	24
388	1220	1236	-16
389	1210	1228	-18
390	1206	1208	-2
391	1219	1205	14
392	1216	1202	14
393	1211	1189	22
394	1228	1171	57
395	1244	1200	44
396	1216	1211	5
397	1210	1200	10
398	1230	1193	37
399	1218	1224	-6
400	1221	1211	10
401	1215	1204	11
402	1203	1214	-11
403	1193	1217	-24
404	1211	1215	-4
405	1217	1216	1
406	1202	1212	-10
407	1210	1215	-5
408	1213	1212	1
409	1205	1225	-20
410	1216	1211	5
411	1228	1216	12
412	1226	1208	18
413	1230	1203	27
414	1232	1212	20
415	1216	1212	4
416	1229	1181	48
417	1233	1186	47
418	1238	1205	33
419	1214	1203	11
420	1220	1187	33
421	1220	1188	32
422	1209	1203	6
423	1211	1213	-2
424	1221	1206	15
425	1232	1216	16
426	1218	1242	-24
427	1221	1223	-2
428	1214	1195	19
429	1203	1192	11
430	1239	1207	32
431	1222	1219	3
432	1223	1205	18
433	1230	1191	39
434	1213	1190	23
435	1184	1207	-23
436	1201	1194	7
437	1208	1195	13
438	1202	1215	-13
439	1212	1205	7
440	1210	1209	1
441	1205	1183	22
442	1212	1187	25
443	1219	1232	-13
444	1215	1237	-22
445	1205	1213	-8
446	1189	1208	-19
447	1202	1205	-3
448	1224	1220	4
449	1240	1221	19
450	1223	1204	19
451	1208	1197	11
452	1200	1214	-14
453	1200	1214	-14
454	1212	1221	-9
455	1206	1218	-12
456	1225	1194	31
457	1214	1203	11
458	1221	1224	-3
459	1218	1217	1
460	1234	1214	20
461	1224	1201	23
462	1219	1211	8
463	1222	1206	16
464	1218	1213	5
465	1223	1208	15
466	1216	1218	-2
467	1212	1213	-1
468	1219	1217	2
469	1225	1222	3
470	1193	1209	-16
471	1181	1204	-23
472	1205	1214	-9
473	1208	1202	6
474	1194	1223	-29
475	1204	1228	-24
476	1197	1205	-8
477	1193	1189	4
478	1204	1188	16
479	1203	1178	25
480	1188	1187	1
481	1202	1210	-8
482	1212	1194	18
483	1228	1188	40
484	1229	1204	25
485	1209	1198	11
486	1205	1187	18
487	1207	1203	4
488	1221	1211	10
489	1213	1216	-3
490	1202	1205	-3
491	1199	1197	2
492	1216	1218	-2
493	1216	1201	15
494	1210	1208	2
495	1209	1199	10
496	1211	1197	14
497	1205	1185	20
498	1211	1205	6
499	1220	1220	0
500	1220	1203	17
501	1206	1186	20
502	1221	1178	43
503	1223	1220	3
504	1244	1224	20
505	1229	1211	18
506	1204	1197	7
507	1223	1198	25
508	1215	1202	13
509	1210	1199	11
510	1225	1216	9
511	1228	1192	36
512	1218	1187	31
513	1198	1192	6
514	1223	1210	13
515	1237	1211	26
516	1217	1208	9
517	1211	1219	-8
518	1216	1200	16
519	1205	1216	-11
520	1213	1203	10
521	1205	1204	1
522	1224	1211	13
523	1223	1198	25
524	1219	1206	13
525	1203	1201	2
526	1196	1176	20
527	1198	1208	-10
528	1206	1215	-9
529	1202	1197	5
530	1197	1193	4
531	1217	1194	23
532	1236	1182	54
533	1212	1171	41
534	1203	1211	-8
535	1200	1226	-26
536	1200	1208	-8
537	1215	1213	2
538	1233	1201	32
539	1210	1221	-11
540	1215	1212	3
541	1230	1193	37
542	1221	1202	19
543	1226	1210	16
544	1226	1196	30
545	1198	1202	-4
546	1215	1209	6
547	1223	1211	12
548	1229	1216	13
549	1225	1206	19
550	1229	1185	44
551	1211	1211	0
552	1218	1229	-11
553	1209	1209	0
554	1234	1175	59
555	1225	1179	46
556	1218	1218	0
557	1203	1233	-30
558	1220	1217	3
559	1214	1211	3
560	1218	1212	6
561	1211	1203	8
562	1219	1214	5
563	1218	1205	13
564	1216	1218	-2
565	1229	1211	18
566	1231	1203	28
567	1214	1215	-1
568	1203	1211	-8
569	1213	1209	4
570	1228	1198	30
571	1210	1202	8
572	1196	1232	-36
573	1216	1222	-6
574	1227	1186	41
575	1212	1195	17
576	1204	1204	0
577	1187	1228	-41
578	1211	1221	-10
579	1207	1204	3
580	1193	1207	-14
581	1208	1219	-11
582	1211	1222	-11
583	1199	1194	5
584	1209	1212	-3
585	1208	1220	-12
586	1214	1230	-16
587	1237	1238	-1
588	1234	1208	26
589	1221	1197	24
590	1229	1193	36
591	1217	1208	9
592	1206	1213	-7
593	1205	1214	-9
594	1217	1214	3
595	1214	1212	2
596	1239	1210	29
597	1223	1216	7
598	1206	1213	-7
599	1226	1211	15
600	1233	1212	21
601	1225	1208	17
602	1235	1211	24
603	1228	1204	24
604	1242	1188	54
605	1235	1201	34
606	1216	1226	-10
607	1216	1214	2
608	1225	1208	17
609	1214	1190	24
610	1227	1212	15
611	1219	1222	-3
612	1216	1213	3
613	1218	1204	14
614	1235	1202	33
615	1222	1199	23
616	1225	1202	23
617	1235	1223	12
618	1219	1213	6
619	1204	1215	-11
620	1205	1211	-6
621	1216	1207	9
622	1228	1218	10
623	1232	1188	44
624	1237	1201	36
625	1228	1228	0
626	1229	1212	17
627	1228	1214	14
628	1230	1216	14
629	1222	1194	28
630	1236	1193	43
631	1245	1209	36
632	1240	1217	23
633	1231	1208	23
634	1237	1195	42
635	1221	1186	35
636	1219	1191	28
637	1229	1191	38
638	1219	1195	24
639	1216	1197	19
640	1199	1205	-6
641	1199	1219	-20
642	1216	1221	-5
643	1229	1222	7
644	1221	1200	21
645	1226	1204	22
646	1249	1207	42
647	1238	1219	19
648	1236	1219	17
649	1234	1228	6
650	1227	1225	2
651	1223	1196	27
652	1232	1182	50
653	1229	1181	48
654	1258	1204	54
655	1249	1202	47
656	1242	1188	54
657	1240	1173	67
658	1249	1174	75
659	1235	1182	53
660	1239	1191	48
661	1233	1205	28
662	1228	1203	25
663	1234	1192	42
664	1221	1198	23
665	1225	1218	7
666	1235	1190	45
667	1251	1181	70
668	1247	1214	33
669	1236	1215	21
670	1241	1206	35
671	1222	1230	-8
672	1208	1222	-14
673	1242	1205	37
674	1271	1188	83
675	1254	1199	55
676	1238	1212	26
677	1226	1215	11
678	1256	1221	35
679	1270	1221	49
680	1250	1201	49
681	1229	1181	48
682	1238	1192	46
683	1254	1216	38
684	1264	1189	75
685	1230	1180	50
686	1236	1196	40
687	1231	1188	43
688	1243	1189	54
689	1256	1202	54
690	1233	1175	58
691	1244	1181	63
692	1257	1199	58
693	1259	1205	54
694	1266	1199	67
695	1267	1202	65
696	1271	1213	58
697	1257	1211	46
698	1267	1193	74
699	1276	1194	82
700	1272	1193	79
701	1275	1194	81
702	1307	1185	122
703	1280	1197	83
704	1275	1196	79
705	1298	1198	100
706	1289	1195	94
707	1261	1177	84
708	1243	1203	40
709	1261	1211	50
710	1285	1201	84
711	1299	1195	104
712	1301	1200	101
713	1287	1170	117
714	1293	1196	97
715	1274	1232	42
716	1290	1217	73
717	1284	1211	73
718	1285	1216	69
719	1299	1194	105
720	1315	1218	97
721	1303	1212	91
722	1289	1207	82
723	1311	1230	81
724	1321	1207	114
725	1320	1193	127
726	1306	1209	97
727	1283	1216	67
728	1314	1213	101
729	1319	1207	112
730	1333	1221	112
731	1329	1210	119
732	1341	1225	116
733	1346	1228	118
734	1355	1207	148
735	1340	1204	136
736	1368	1202	166
737	1370	1195	175
738	1348	1189	159
739	1356	1193	163
740	1385	1197	188
741	1363	1202	161
742	1380	1208	172
743	1378	1223	155
744	1381	1223	158
745	1384	1215	169
746	1377	1203	174
747	1375	1197	178
748	1387	1195	192
749	1390	1203	187
750	1405	1211	194
751	1416	1201	215
752	1426	1195	231
753	1420	1212	208
754	1415	1204	211
755	1405	1194	211
756	1411	1201	210
757	1434	1208	226
758	1472	1207	265
759	1468	1209	259
760	1428	1217	211
761	1431	1217	214
762	1456	1208	248
763	1460	1219	241
764	1434	1197	237
765	1452	1204	248
766	1482	1205	277
767	1455	1239	216
768	1468	1235	233
769	1513	1215	298
770	1506	1215	291
771	1482	1200	282
772	1486	1218	268
773	1505	1210	295
774	1548	1205	343
775	1582	1205	377
776	1558	1211	347
777	1571	1206	365
778	1616	1212	404
779	1625	1206	419
780	1611	1221	390
781	1606	1232	374
782	1607	1209	398
783	1629	1180	449
784	1648	1183	465
785	1658	1191	467
786	1660	1192	468
787	1650	1185	465
788	1683	1197	486
789	1698	1204	494
790	1737	1186	551
791	1742	1185	557
792	1732	1182	550
793	1753	1194	559
794	1753	1204	549
795	1766	1211	555
796	1788	1190	598
797	1814	1186	628
798	1816	1201	615
799	1801	1181	620
800	1814	1191	623
801	1830	1186	644
802	1795	1189	606
803	1795	1188	607
804	1831	1215	616
805	1844	1216	628
806	1854	1202	652
807	1828	1188	640
808	1842	1199	643
809	1841	1195	646
810	1869	1177	692
811	1854	1194	660
812	1874	1206	668
813	1859	1187	672
814	1876	1192	684
815	1932	1208	724
816	1930	1180	750
817	1932	1169	763
818	1970	1204	766
819	1939	1202	737
820	1892	1196	696
821	1924	1230	694
822	1959	1230	729
823	1972	1220	752
824	2012	1203	809
825	2041	1206	835
826	2054	1197	857
827	2064	1206	858
828	2061	1215	846
829	2079	1215	864
830	2124	1221	903
831	2164	1201	963
832	2196	1207	989
833	2221	1223	998
834	2207	1217	990
835	2229	1213	1016
836	2254	1229	1025
837	2279	1191	1088
838	2310	1193	1117
839	2281	1200	1081
840	2334	1184	1150
841	2363	1195	1168
842	2383	1209	1174
843	2377	1183	1194
844	2390	1185	1205
845	2404	1191	1213
846	2419	1212	1207
847	2417	1218	1199
848	2420	1211	1209
849	2429	1201	1228
850	2480	1207	1273
851	2446	1208	1238
852	2387	1198	1189
853	2418	1203	1215
854	2424	1205	1219
855	2386	1205	1181
856	2384	1211	1173
857	2413	1205	1208
858	2394	1205	1189
859	2358	1199	1159
860	2369	1216	1153
861	2319	1212	1107
862	2296	1215	1081
863	2269	1194	1075
864	2269	1200	1069
865	2302	1210	1092
866	2305	1211	1094
867	2293	1205	1088
868	2288	1226	1062
869	2363	1233	1130
870	2370	1216	1154
871	2313	1207	1106
872	2301	1206	1095
873	2297	1181	1116
874	2295	1199	1096
875	2346	1211	1135
876	2389	1217	1172
877	2395	1202	1193
878	2380	1191	1189
879	2405	1202	1203
880	2426	1204	1222
881	2464	1209	1255
882	2561	1215	1346
883	2601	1207	1394
884	2614	1204	1410
885	2604	1193	1411
886	2638	1207	1431
887	2688	1199	1489
888	2750	1187	1563
889	2776	1197	1579
890	2796	1197	1599
891	2839	1183	1656
892	2880	1178	1702
893	2861	1195	1666
894	2852	1215	1637
895	2886	1208	1678
896	2904	1183	1721
897	2896	1175	1721
898	2898	1179	1719
899	2932	1193	1739
900	2916	1206	1710
901	2914	1222	1692
902	2936	1208	1728
903	2970	1197	1773
904	2956	1202	1754
905	2920	1205	1715
906	2900	1204	1696
907	2883	1208	1675
908	2916	1181	1735
909	2948	1187	1761
910	2884	1217	1667
911	2858	1214	1644
912	2907	1186	1721
913	2877	1199	1678
914	2897	1208	1689
915	2853	1204	1649
916	2808	1186	1622
917	2826	1187	1639
918	2812	1194	1618
919	2817	1170	1647
920	2816	1186	1630
921	2798	1192	1606
922	2821	1204	1617
923	2781	1208	1573
924	2779	1209	1570
925	2797	1214	1583
926	2773	1217	1556
927	2790	1191	1599
928	2755	1199	1556
929	2714	1202	1512
930	2717	1189	1528
931	2720	1166	1554
932	2780	1207	1573
933	2750	1211	1539
934	2716	1204	1512
935	2726	1207	1519
936	2704	1237	1467
937	2738	1234	1504
938	2771	1196	1575
939	2796	1186	1610
940	2786	1191	1595
941	2830	1206	1624
942	2833	1227	1606
943	2820	1229	1591
944	2825	1224	1601
945	2819	1205	1614
946	2835	1211	1624
947	2919	1228	1691
948	2973	1213	1760
949	2970	1213	1757
950	3027	1210	1817
951	2984	1209	1775
952	2957	1201	1756
953	3047	1196	1851
954	3035	1202	1833
955	3067	1197	1870
956	3119	1206	1913
957	3073	1195	1878
958	3077	1192	1885
959	3139	1202	1937
960	3155	1212	1943
961	3113	1225	1888
962	3083	1207	1876
963	3111	1210	1901
964	3155	1202	1953
965	3127	1183	1944
966	3081	1192	1889
967	3100	1198	1902
968	3086	1206	1880
969	3091	1212	1879
970	3109	1186	1923
971	3124	1177	1947
972	3113	1191	1922
973	3111	1196	1915
974	3084	1177	1907
975	3095	1207	1888
976	3078	1227	1851
977	3050	1196	1854
978	2989	1188	1801
979	2976	1191	1785
980	3032	1213	1819
981	3056	1213	1843
982	3006	1196	1810
983	2922	1213	1709
984	2932	1216	1716
985	2940	1202	1738
986	2918	1187	1731
987	2867	1206	1661
988	2863	1199	1664
989	2855	1192	1663
990	2844	1193	1651
991	2861	1208	1653
992	2785	1207	1578
993	2767	1218	1549
994	2801	1201	1600
995	2759	1206	1553
996	2792	1198	1594
997	2752	1213	1539
998	2770	1214	1556
999	2775	1193	1582
1000	2769	1166	1603
1001	2761	1195	1566
1002	2749	1206	1543
1003	2790	1209	1581
1004	2797	1213	1584
1005	2806	1198	1608
1006	2791	1186	1605
1007	2785	1185	1600
1008	2823	1197	1626
1009	2842	1186	1656
1010	2911	1180	1731
1011	2925	1216	1709
1012	2895	1227	1668
1013	2912	1205	1707
1014	2915	1209	1706
1015	2878	1197	1681
1016	2884	1189	1695
1017	2878	1191	1687
1018	2934	1195	1739
1019	2972	1192	1780
1020	2995	1204	1791
1021	3007	1220	1787
1022	2976	1207	1769
1023	3008	1193	1815
1024	3015	1211	1804
1025	3028	1213	1815
1026	3032	1185	1847
1027	3005	1196	1809
1028	3002	1210	1792
1029	3000	1187	1813
1030	3003	1210	1793
1031	3041	1232	1809
1032	3046	1210	1836
1033	3042	1211	1831
1034	3029	1235	1794
1035	2943	1236	1707
1036	2958	1218	1740
1037	2966	1202	1764
1038	2979	1212	1767
1039	2976	1208	1768
1040	2945	1214	1731
1041	2952	1212	1740
1042	2946	1212	1734
1043	2870	1220	1650
1044	2889	1199	1690
1045	2884	1202	1682
1046	2844	1225	1619
1047	2815	1209	1606
1048	2807	1208	1599
1049	2763	1197	1566
1050	2752	1164	1588
1051	2757	1170	1587
1052	2770	1206	1564
1053	2741	1199	1542
1054	2690	1198	1492
1055	2694	1209	1485
1056	2688	1212	1476
1057	2695	1197	1498
1058	2674	1192	1482
1059	2684	1202	1482
1060	2630	1193	1437
1061	2618	1195	1423
1062	2629	1195	1434
1063	2566	1182	1384
1064	2547	1189	1358
1065	2568	1179	1389
1066	2580	1183	1397
1067	2550	1202	1348
1068	2546	1202	1344
1069	2560	1197	1363
1070	2540	1187	1353
1071	2513	1194	1319
1072	2476	1202	1274
1073	2501	1197	1304
1074	2537	1191	1346
1075	2508	1203	1305
1076	2504	1218	1286
1077	2534	1213	1321
1078	2546	1207	1339
1079	2551	1214	1337
1080	2554	1196	1358
1081	2567	1212	1355
1082	2595	1228	1367
1083	2570	1207	1363
1084	2599	1219	1380
1085	2658	1210	1448
1086	2674	1213	1461
1087	2686	1208	1478
1088	2681	1216	1465
1089	2670	1205	1465
1090	2701	1181	1520
1091	2761	1196	1565
1092	2791	1215	1576
1093	2790	1209	1581
1094	2769	1211	1558
1095	2780	1190	1590
1096	2770	1193	1577
1097	2737	1205	1532
1098	2765	1201	1564
1099	2784	1198	1586
1100	2840	1193	1647
1101	2833	1186	1647
1102	2818	1177	1641
1103	2876	1185	1691
1104	2881	1188	1693
1105	2867	1197	1670
1106	2850	1204	1646
1107	2851	1192	1659
1108	2914	1183	1731
1109	2900	1184	1716
1110	2881	1207	1674
1111	2884	1221	1663
1112	2865	1217	1648
1113	2910	1203	1707
1114	2926	1192	1734
1115	2851	1214	1637
1116	2858	1209	1649
1117	2890	1203	1687
1118	2864	1228	1636
1119	2845	1184	1661
1120	2841	1182	1659
1121	2839	1220	1619
1122	2866	1215	1651
1123	2786	1193	1593
1124	2768	1186	1582
1125	2706	1198	1508
1126	2737	1200	1537
1127	2751	1214	1537
1128	2711	1223	1488
1129	2701	1212	1489
1130	2709	1208	1501
1131	2730	1193	1537
1132	2737	1185	1552
1133	2672	1201	1471
1134	2648	1202	1446
1135	2641	1204	1437
1136	2629	1208	1421
1137	2666	1206	1460
1138	2662	1205	1457
1139	2642	1185	1457
1140	2604	1180	1424
1141	2538	1183	1355
1142	2584	1174	1410
1143	2569	1187	1382
1144	2543	1186	1357
1145	2599	1194	1405
1146	2596	1208	1388
1147	2576	1216	1360
1148	2589	1225	1364
1149	2606	1222	1384
1150	2598	1220	1378
1151	2579	1212	1367
1152	2560	1213	1347
1153	2593	1218	1375
1154	2658	1216	1442
1155	2638	1217	1421
1156	2591	1219	1372
1157	2603	1205	1398
1158	2655	1189	1466
1159	2652	1210	1442
1160	2686	1204	1482
1161	2698	1201	1497
1162	2720	1224	1496
1163	2714	1216	1498
1164	2739	1214	1525
1165	2771	1197	1574
1166	2776	1187	1589
1167	2750	1199	1551
1168	2773	1196	1577
1169	2830	1212	1618
1170	2861	1233	1628
1171	2895	1225	1670
1172	2914	1252	1662
1173	2892	1237	1655
1174	2899	1207	1692
1175	2964	1206	1758
1176	2961	1207	1754
1177	2940	1208	1732
1178	2979	1212	1767
1179	3018	1221	1797
1180	3039	1209	1830
1181	3073	1179	1894
1182	3069	1179	1890
1183	3057	1188	1869
1184	3104	1192	1912
1185	3084	1206	1878
1186	3099	1204	1895
1187	3100	1186	1914
1188	3066	1189	1877
1189	3168	1207	1961
1190	3095	1221	1874
1191	3083	1212	1871
1192	3164	1196	1968
1193	3161	1211	1950
1194	3200	1217	1983
1195	3224	1220	2004
1196	3216	1205	2011
1197	3209	1203	2006
1198	3172	1199	1973
1199	3167	1196	1971
1200	3194	1182	2012
1201	3208	1209	1999
1202	3199	1215	1984
1203	3164	1218	1946
1204	3140	1214	1926
1205	3137	1196	1941
1206	3119	1194	1925
1207	3079	1201	1878
1208	3088	1238	1850
1209	3138	1225	1913
1210	3182	1203	1979
1211	3092	1203	1889
1212	3052	1187	1865
1213	3075	1177	1898
1214	3076	1169	1907
1215	3020	1178	1842
1216	3052	1195	1857
1217	3020	1205	1815
1218	2977	1206	1771
1219	2977	1196	1781
1220	3010	1178	1832
1221	2976	1187	1789
1222	2987	1212	1775
1223	2967	1205	1762
1224	2888	1201	1687
1225	2889	1201	1688
1226	2908	1209	1699
1227	2905	1205	1700
1228	2890	1215	1675
1229	2899	1200	1699
1230	2933	1174	1759
1231	2860	1193	1667
1232	2894	1200	1694
1233	2890	1216	1674
1234	2891	1205	1686
1235	2878	1197	1681
1236	2903	1219	1684
1237	2905	1232	1673
1238	2875	1216	1659
1239	2877	1206	1671
1240	2892	1212	1680
1241	2885	1209	1676
1242	2870	1190	1680
1243	2851	1200	1651
1244	2899	1192	1707
1245	2927	1199	1728
1246	2990	1215	1775
1247	3030	1211	1819
1248	3008	1216	1792
1249	2965	1217	1748
1250	2964	1200	1764
1251	2996	1195	1801
1252	3031	1186	1845
1253	3108	1193	1915
1254	3088	1211	1877
1255	3061	1214	1847
1256	3089	1209	1880
1257	3076	1217	1859
1258	3083	1218	1865
1259	3090	1206	1884
1260	3107	1214	1893
1261	3144	1228	1916
1262	3124	1212	1912
1263	3166	1202	1964
1264	3231	1187	2044
1265	3250	1199	2051
1266	3259	1215	2044
1267	3223	1215	2008
1268	3252	1223	2029
1269	3338	1210	2128
1270	3362	1202	2160
1271	3304	1207	2097
1272	3316	1208	2108
1273	3387	1223	2164
1274	3421	1198	2223
1275	3418	1215	2203
1276	3402	1219	2183
1277	3441	1222	2219
1278	3419	1208	2211
1279	3427	1202	2225
1280	3444	1193	2251
1281	3368	1190	2178
1282	3403	1217	2186
1283	3444	1218	2226
1284	3424	1200	2224
1285	3460	1178	2282
1286	3508	1179	2329
1287	3483	1205	2278
1288	3519	1211	2308
1289	3463	1197	2266
1290	3449	1217	2232
1291	3432	1219	2213
1292	3441	1196	2245
1293	3416	1217	2199
1294	3405	1213	2192
1295	3419	1196	2223
1296	3373	1208	2165
1297	3421	1172	2249
1298	3391	1189	2202
1299	3369	1187	2182
1300	3390	1192	2198
1301	3362	1200	2162
1302	3350	1203	2147
1303	3339	1199	2140
1304	3304	1209	2095
1305	3266	1207	2059
1306	3279	1199	2080
1307	3291	1222	2069
1308	3227	1217	2010
1309	3194	1198	1996
1310	3189	1205	1984
1311	3187	1220	1967
1312	3168	1192	1976
1313	3175	1168	2007
1314	3169	1182	1987
1315	3103	1213	1890
1316	3080	1199	1881
1317	3028	1185	1843
1318	3022	1186	1836
1319	3022	1194	1828
1320	2998	1207	1791
1321	2990	1195	1795
1322	3030	1190	1840
1323	2980	1186	1794
1324	2953	1200	1753
1325	2960	1205	1755
1326	2964	1190	1774
1327	2935	1196	1739
1328	2920	1189	1731
1329	2881	1178	1703
1330	2851	1174	1677
1331	2886	1198	1688
1332	2861	1218	1643
1333	2850	1203	1647
1334	2862	1224	1638
1335	2866	1192	1674
1336	2846	1217	1629
1337	2821	1245	1576
1338	2809	1220	1589
1339	2784	1217	1567
1340	2826	1202	1624
1341	2851	1197	1654
1342	2839	1194	1645
1343	2829	1196	1633
1344	2809	1224	1585
1345	2819	1223	1596
1346	2810	1215	1595
1347	2837	1215	1622
1348	2818	1210	1608
1349	2773	1189	1584
1350	2801	1189	1612
1351	2866	1194	1672
1352	2871	1191	1680
1353	2815	1188	1627
1354	2848	1184	1664
1355	2868	1189	1679
1356	2827	1193	1634
1357	2831	1186	1645
1358	2847	1201	1646
1359	2911	1205	1706
1360	2907	1209	1698
1361	2847	1213	1634
1362	2883	1214	1669
1363	2904	1211	1693
1364	2892	1202	1690
1365	2866	1191	1675
1366	2900	1185	1715
1367	2934	1212	1722
1368	2950	1197	1753
1369	2963	1182	1781
1370	2989	1188	1801
1371	3022	1177	1845
1372	3023	1173	1850
1373	3025	1187	1838
1374	3036	1188	1848
1375	3045	1191	1854
1376	3066	1196	1870
1377	3082	1201	1881
1378	3032	1198	1834
1379	3042	1190	1852
1380	3079	1210	1869
1381	3118	1200	1918
1382	3124	1205	1919
1383	3094	1209	1885
1384	3117	1196	1921
1385	3151	1190	1961
1386	3169	1200	1969
1387	3207	1215	1992
1388	3162	1203	1959
1389	3162	1198	1964
1390	3194	1207	1987
1391	3186	1220	1966
1392	3147	1209	1938
1393	3151	1186	1965
1394	3135	1196	1939
1395	3137	1187	1950
1396	3134	1218	1916
1397	3124	1228	1896
1398	3169	1206	1963
1399	3154	1173	1981
1400	3125	1201	1924
1401	3127	1213	1914
1402	3128	1220	1908
1403	3121	1221	1900
1404	3133	1204	1929
1405	3093	1184	1909
1406	3047	1190	1857
1407	3032	1223	1809
1408	3066	1220	1846
1409	3038	1205	1833
1410	3050	1206	1844
1411	3025	1205	1820
1412	3003	1204	1799
1413	2985	1192	1793
1414	2994	1202	1792
1415	2941	1223	1718
1416	2930	1228	1702
1417	2945	1190	1755
1418	2910	1192	1718
1419	2873	1202	1671
1420	2868	1198	1670
1421	2879	1198	1681
1422	2847	1194	1653
1423	2838	1231	1607
1424	2787	1223	1564
1425	2779	1180	1599
1426	2795	1204	1591
1427	2779	1224	1555
1428	2775	1211	1564
1429	2746	1175	1571
1430	2724	1159	1565
1431	2678	1161	1517
1432	2684	1161	1523
1433	2688	1178	1510
1434	2652	1198	1454
1435	2649	1204	1445
1436	2621	1200	1421
1437	2649	1220	1429
1438	2669	1205	1464
1439	2618	1208	1410
1440	2650	1192	1458
1441	2637	1200	1437
1442	2566	1200	1366
1443	2595	1177	1418
1444	2588	1190	1398
1445	2562	1205	1357
1446	2550	1204	1346
1447	2523	1204	1319
1448	2526	1192	1334
1449	2555	1194	1361
1450	2540	1174	1366
1451	2548	1176	1372
1452	2547	1205	1342
1453	2518	1222	1296
1454	2520	1210	1310
1455	2549	1215	1334
1456	2560	1196	1364
1457	2516	1197	1319
1458	2530	1202	1328
1459	2532	1202	1330
1460	2540	1201	1339
1461	2534	1210	1324
1462	2536	1201	1335
1463	2540	1178	1362
1464	2550	1209	1341
1465	2581	1192	1389
1466	2540	1192	1348
1467	2554	1177	1377
1468	2590	1162	1428
1469	2577	1195	1382
1470	2586	1218	1368
1471	2565	1229	1336
1472	2550	1194	1356
1473	2579	1210	1369
1474	2538	1233	1305
1475	2575	1198	1377
1476	2606	1199	1407
1477	2563	1205	1358
1478	2601	1207	1394
1479	2623	1195	1428
1480	2647	1190	1457
1481	2676	1192	1484
1482	2658	1201	1457
1483	2665	1207	1458
1484	2668	1198	1470
1485	2684	1185	1499
1486	2720	1198	1522
1487	2706	1191	1515
1488	2722	1201	1521
1489	2783	1191	1592
1490	2778	1187	1591
1491	2730	1190	1540
1492	2763	1181	1582
1493	2820	1183	1637
1494	2837	1189	1648
1495	2807	1178	1629
1496	2772	1183	1589
1497	2762	1204	1558
1498	2798	1208	1590
1499	2832	1199	1633
1500	2863	1201	1662
1501	2879	1208	1671
1502	2861	1195	1666
1503	2852	1201	1651
1504	2849	1225	1624
1505	2889	1221	1668
1506	2907	1203	1704
1507	2930	1198	1732
1508	2937	1212	1725
1509	2972	1189	1783
1510	2971	1170	1801
1511	2964	1194	1770
1512	2971	1213	1758
1513	2948	1223	1725
1514	2983	1232	1751
1515	2936	1217	1719
1516	2932	1213	1719
1517	2921	1193	1728
1518	2920	1201	1719
1519	2923	1194	1729
1520	2979	1191	1788
1521	3026	1209	1817
1522	2994	1201	1793
1523	2938	1201	1737
1524	2985	1201	1784
1525	2944	1192	1752
1526	2909	1198	1711
1527	2921	1198	1723
1528	2917	1202	1715
1529	2919	1195	1724
1530	2900	1201	1699
1531	2901	1211	1690
1532	2891	1221	1670
1533	2932	1194	1738
1534	2948	1203	1745
1535	2938	1220	1718
1536	2886	1203	1683
1537	2884	1202	1682
1538	2856	1197	1659
1539	2827	1199	1628
1540	2839	1217	1622
1541	2825	1223	1602
1542	2886	1227	1659
1543	2869	1233	1636
1544	2837	1209	1628
1545	2845	1185	1660
1546	2767	1183	1584
1547	2733	1214	1519
1548	2767	1213	1554
1549	2709	1193	1516
1550	2731	1197	1534
1551	2688	1187	1501
1552	2740	1186	1554
1553	2737	1183	1554
1554	2721	1189	1532
1555	2697	1207	1490
1556	2631	1198	1433
1557	2581	1177	1404
1558	2607	1183	1424
1559	2624	1176	1448
1560	2635	1188	1447
1561	2626	1186	1440
1562	2609	1174	1435
1563	2584	1179	1405
1564	2623	1193	1430
1565	2593	1202	1391
1566	2575	1205	1370
1567	2563	1201	1362
1568	2581	1206	1375
1569	2583	1210	1373
1570	2586	1199	1387
1571	2603	1191	1412
1572	2568	1171	1397
1573	2527	1174	1353
1574	2536	1187	1349
1575	2553	1195	1358
1576	2542	1187	1355
1577	2515	1184	1331
1578	2525	1187	1338
1579	2509	1189	1320
1580	2520	1179	1341
1581	2515	1185	1330
1582	2510	1204	1306
1583	2518	1216	1302
1584	2548	1196	1352
1585	2506	1198	1308
1586	2472	1211	1261
1587	2521	1204	1317
1588	2534	1200	1334
1589	2490	1190	1300
1590	2557	1188	1369
1591	2556	1173	1383
1592	2549	1188	1361
1593	2573	1199	1374
1594	2542	1183	1359
1595	2531	1197	1334
1596	2566	1192	1374
1597	2561	1181	1380
1598	2540	1209	1331
1599	2567	1210	1357
1600	2593	1183	1410
1601	2560	1182	1378
1602	2593	1195	1398
1603	2627	1198	1429
1604	2632	1191	1441
1605	2606	1188	1418
1606	2628	1179	1449
1607	2627	1198	1429
1608	2589	1226	1363
1609	2604	1201	1403
1610	2656	1175	1481
1611	2650	1175	1475
1612	2671	1175	1496
1613	2698	1195	1503
1614	2691	1214	1477
1615	2707	1215	1492
1616	2711	1187	1524
1617	2662	1185	1477
1618	2685	1232	1453
1619	2746	1216	1530
1620	2738	1185	1553
1621	2743	1193	1550
1622	2785	1174	1611
1623	2793	1199	1594
1624	2832	1200	1632
1625	2846	1195	1651
1626	2894	1219	1675
1627	2875	1227	1648
1628	2856	1185	1671
1629	2859	1157	1702
1630	2857	1175	1682
1631	2911	1185	1726
1632	2878	1202	1676
1633	2878	1207	1671
1634	2910	1234	1676
1635	2909	1219	1690
1636	2934	1203	1731
1637	2960	1216	1744
1638	2958	1201	1757
1639	2958	1201	1757
1640	2993	1214	1779
1641	3015	1211	1804
1642	3001	1212	1789
1643	2998	1193	1805
1644	3020	1195	1825
1645	3034	1190	1844
1646	3088	1192	1896
1647	3114	1195	1919
1648	3060	1169	1891
1649	3057	1197	1860
1650	3060	1202	1858
1651	3036	1189	1847
1652	3043	1202	1841
1653	3034	1200	1834
1654	3097	1199	1898
1655	3048	1215	1833
1656	3086	1217	1869
1657	3106	1219	1887
1658	3083	1202	1881
1659	3089	1194	1895
1660	3064	1180	1884
1661	3066	1190	1876
1662	3096	1185	1911
1663	3048	1175	1873
1664	3062	1184	1878
1665	3070	1209	1861
1666	3042	1209	1833
1667	3049	1193	1856
1668	3049	1202	1847
1669	3039	1211	1828
1670	3054	1214	1840
1671	2985	1177	1808
1672	2932	1184	1748
1673	2955	1202	1753
1674	2961	1214	1747
1675	2971	1217	1754
1676	2969	1198	1771
1677	2987	1211	1776
1678	2963	1207	1756
1679	2905	1181	1724
1680	2879	1201	1678
1681	2890	1208	1682
1682	2904	1199	1705
1683	2872	1194	1678
1684	2859	1203	1656
1685	2809	1220	1589
1686	2806	1221	1585
1687	2808	1221	1587
1688	2827	1216	1611
1689	2817	1194	1623
1690	2787	1171	1616
1691	2769	1188	1581
1692	2749	1213	1536
1693	2791	1196	1595
1694	2748	1199	1549
1695	2749	1205	1544
1696	2750	1201	1549
1697	2713	1205	1508
1698	2712	1180	1532
1699	2682	1184	1498
1700	2701	1218	1483
1701	2657	1206	1451
1702	2642	1171	1471
1703	2649	1176	1473
1704	2647	1197	1450
1705	2634	1191	1443
1706	2618	1212	1406
1707	2597	1205	1392
1708	2616	1197	1419
1709	2617	1177	1440
1710	2587	1179	1408
1711	2548	1195	1353
1712	2538	1210	1328
1713	2527	1207	1320
1714	2509	1188	1321
1715	2546	1203	1343
1716	2541	1204	1337
1717	2500	1194	1306
1718	2505	1186	1319
1719	2492	1208	1284
1720	2473	1207	1266
1721	2486	1224	1262
1722	2502	1217	1285
1723	2479	1185	1294
1724	2439	1171	1268
1725	2445	1189	1256
1726	2462	1198	1264
1727	2449	1199	1250
1728	2446	1206	1240
1729	2412	1197	1215
1730	2426	1191	1235
1731	2435	1194	1241
1732	2464	1207	1257
1733	2438	1198	1240
1734	2435	1199	1236
1735	2455	1201	1254
1736	2470	1199	1271
1737	2443	1199	1244
1738	2466	1203	1263
1739	2470	1176	1294
1740	2451	1183	1268
1741	2448	1212	1236
1742	2460	1203	1257
1743	2478	1195	1283
1744	2475	1204	1271
1745	2506	1216	1290
1746	2510	1214	1296
1747	2512	1203	1309
1748	2541	1193	1348
1749	2496	1210	1286
1750	2450	1226	1224
1751	2455	1203	1252
1752	2487	1213	1274
1753	2539	1214	1325
1754	2517	1196	1321
1755	2548	1204	1344
1756	2569	1229	1340
1757	2548	1229	1319
1758	2570	1201	1369
1759	2616	1185	1431
1760	2628	1198	1430
1761	2633	1215	1418
1762	2583	1201	1382
1763	2564	1206	1358
1764	2589	1203	1386
1765	2631	1217	1414
1766	2653	1209	1444
1767	2659	1209	1450
1768	2668	1230	1438
1769	2667	1214	1453
1770	2661	1200	1461
1771	2675	1188	1487
1772	2711	1194	1517
1773	2712	1196	1516
1774	2719	1175	1544
1775	2698	1179	1519
1776	2719	1214	1505
1777	2758	1219	1539
1778	2760	1196	1564
1779	2750	1174	1576
1780	2787	1172	1615
1781	2723	1185	1538
1782	2712	1203	1509
1783	2741	1202	1539
1784	2747	1201	1546
1785	2737	1190	1547
1786	2818	1194	1624
1787	2802	1193	1609
1788	2783	1208	1575
1789	2794	1202	1592
1790	2805	1195	1610
1791	2803	1185	1618
1792	2809	1187	1622
1793	2810	1216	1594
1794	2816	1204	1612
1795	2826	1191	1635
1796	2862	1182	1680
1797	2886	1205	1681
1798	2891	1193	1698
1799	2875	1185	1690
1800	2882	1207	1675
1801	2882	1223	1659
1802	2866	1226	1640
1803	2869	1227	1642
1804	2858	1223	1635
1805	2858	1216	1642
1806	2875	1226	1649
1807	2869	1220	1649
1808	2885	1205	1680
1809	2867	1211	1656
1810	2863	1194	1669
1811	2908	1190	1718
1812	2866	1203	1663
1813	2887	1196	1691
1814	2890	1202	1688
1815	2881	1205	1676
1816	2891	1200	1691
1817	2849	1191	1658
1818	2867	1208	1659
1819	2871	1187	1684
1820	2882	1192	1690
1821	2879	1195	1684
1822	2851	1184	1667
1823	2849	1186	1663
1824	2839	1214	1625
1825	2819	1210	1609
1826	2835	1186	1649
1827	2825	1196	1629
1828	2848	1184	1664
1829	2824	1212	1612
1830	2851	1213	1638
1831	2822	1194	1628
1832	2788	1198	1590
1833	2831	1218	1613
1834	2793	1214	1579
1835	2769	1203	1566
1836	2768	1205	1563
1837	2758	1209	1549
1838	2739	1199	1540
1839	2720	1194	1526
1840	2735	1186	1549
1841	2718	1207	1511
1842	2688	1200	1488
1843	2678	1208	1470
1844	2659	1203	1456
1845	2618	1206	1412
1846	2601	1202	1399
1847	2601	1203	1398
1848	2586	1208	1378
1849	2581	1201	1380
1850	2590	1205	1385
1851	2593	1203	1390
1852	2613	1197	1416
1853	2568	1199	1369
1854	2551	1217	1334
1855	2547	1219	1328
1856	2555	1216	1339
1857	2524	1241	1283
1858	2510	1227	1283
1859	2529	1188	1341
1860	2519	1202	1317
1861	2520	1207	1313
1862	2520	1181	1339
1863	2481	1196	1285
1864	2492	1209	1283
1865	2501	1195	1306
1866	2444	1191	1253
1867	2423	1194	1229
1868	2442	1193	1249
1869	2441	1200	1241
1870	2433	1201	1232
1871	2417	1200	1217
1872	2405	1201	1204
1873	2396	1201	1195
1874	2351	1193	1158
1875	2312	1189	1123
1876	2289	1200	1089
1877	2285	1199	1086
1878	2277	1192	1085
1879	2269	1180	1089
1880	2260	1177	1083
1881	2233	1187	1046
1882	2243	1201	1042
1883	2239	1228	1011
1884	2225	1233	992
1885	2202	1204	998
1886	2233	1209	1024
1887	2237	1194	1043
1888	2234	1194	1040
1889	2196	1214	982
1890	2202	1220	982
1891	2215	1193	1022
1892	2190	1185	1005
1893	2175	1227	948
1894	2170	1225	945
1895	2187	1206	981
1896	2186	1227	959
1897	2182	1224	958
1898	2195	1208	987
1899	2199	1221	978
1900	2216	1214	1002
1901	2252	1212	1040
1902	2195	1209	986
1903	2189	1202	987
1904	2208	1199	1009
1905	2214	1200	1014
1906	2189	1171	1018
1907	2178	1188	990
1908	2191	1197	994
1909	2161	1201	960
1910	2166	1199	967
1911	2148	1204	944
1912	2146	1203	943
1913	2173	1209	964
1914	2168	1189	979
1915	2110	1195	915
1916	2104	1207	897
1917	2102	1193	909
1918	2117	1204	913
1919	2088	1209	879
1920	2081	1191	890
1921	2100	1174	926
1922	2110	1195	915
1923	2110	1201	909
1924	2105	1193	912
1925	2085	1195	890
1926	2096	1201	895
1927	2122	1203	919
1928	2088	1206	882
1929	2093	1203	890
1930	2125	1201	924
1931	2140	1195	945
1932	2107	1190	917
1933	2065	1209	856
1934	2109	1217	892
1935	2129	1223	906
1936	2130	1199	931
1937	2134	1180	954
1938	2143	1189	954
1939	2146	1195	951
1940	2147	1204	943
1941	2132	1204	928
1942	2115	1201	914
1943	2117	1193	924
1944	2142	1205	937
1945	2181	1220	961
1946	2230	1216	1014
1947	2214	1230	984
1948	2175	1221	954
1949	2158	1201	957
1950	2178	1204	974
1951	2190	1217	973
1952	2192	1219	973
1953	2184	1191	993
1954	2162	1216	946
1955	2145	1208	937
1956	2136	1204	932
1957	2134	1213	921
1958	2159	1233	926
1959	2166	1209	957
1960	2154	1204	950
1961	2167	1206	961
1962	2139	1213	926
1963	2130	1212	918
1964	2126	1208	918
1965	2131	1195	936
1966	2140	1203	937
1967	2099	1205	894
1968	2086	1190	896
1969	2172	1220	952
1970	2183	1213	970
1971	2205	1217	988
1972	2168	1232	936
1973	2185	1229	956
1974	2199	1217	982
1975	2189	1208	981
1976	2178	1220	958
1977	2165	1216	949
1978	2198	1206	992
1979	2236	1199	1037
1980	2215	1205	1010
1981	2183	1225	958
1982	2188	1216	972
1983	2201	1208	993
1984	2226	1216	1010
1985	2216	1208	1008
1986	2187	1212	975
1987	2169	1194	975
1988	2173	1187	986
1989	2185	1211	974
1990	2204	1235	969
1991	2178	1226	952
1992	2178	1209	969
1993	2191	1190	1001
1994	2183	1209	974
1995	2198	1188	1010
1996	2211	1199	1012
1997	2172	1195	977
1998	2190	1192	998
1999	2233	1205	1028
2000	2201	1211	990
2001	2207	1195	1012
2002	2205	1199	1006
2003	2211	1196	1015
2004	2211	1176	1035
2005	2194	1205	989
2006	2148	1218	930
2007	2128	1217	911
2008	2111	1233	878
2009	2144	1218	926
2010	2151	1228	923
2011	2137	1230	907
2012	2115	1202	913
2013	2114	1194	920
2014	2099	1195	904
2015	2081	1199	882
2016	2067	1215	852
2017	2062	1236	826
2018	2074	1215	859
2019	2094	1201	893
2020	2078	1209	869
2021	2018	1218	800
2022	2003	1214	789
2023	2034	1219	815
2024	2040	1222	818
2025	2043	1199	844
2026	2022	1195	827
2027	2004	1202	802
2028	2012	1222	790
2029	2006	1210	796
2030	1988	1217	771
2031	1985	1222	763
2032	1967	1209	758
2033	1955	1208	747
2034	1929	1217	712
2035	1946	1240	706
2036	1951	1222	729
2037	1939	1218	721
2038	1942	1203	739
2039	1949	1216	733
2040	1936	1206	730
2041	1905	1203	702
2042	1897	1192	705
2043	1891	1194	697
2044	1885	1202	683
2045	1907	1221	686
2046	1882	1222	660
2047	1879	1225	654
2048	1891	1216	675
2049	1890	1205	685
2050	1863	1212	651
2051	1870	1219	651
2052	1901	1224	677
2053	1921	1223	698
2054	1881	1230	651
2055	1895	1210	685
2056	1938	1218	720
2057	1936	1203	733
2058	1909	1192	717
2059	1920	1180	740
2060	1928	1189	739
2061	1916	1212	704
2062	1915	1216	699
2063	1896	1201	695
2064	1893	1208	685
2065	1889	1215	674
2066	1890	1216	674
2067	1872	1207	665
2068	1891	1193	698
2069	1874	1202	672
2070	1891	1201	690
2071	1863	1207	656
2072	1873	1216	657
2073	1850	1200	650
2074	1818	1213	605
2075	1833	1211	622
2076	1828	1227	601
2077	1819	1241	578
2078	1837	1232	605
2079	1839	1201	638
2080	1881	1179	702
2081	1832	1213	619
2082	1792	1214	578
2083	1754	1201	553
2084	1759	1188	571
2085	1806	1193	613
2086	1802	1217	585
2087	1789	1190	599
2088	1813	1192	621
2089	1814	1212	602
2090	1784	1213	571
2091	1751	1200	551
2092	1743	1191	552
2093	1774	1201	573
2094	1790	1197	593
2095	1793	1186	607
2096	1791	1202	589
2097	1770	1206	564
2098	1758	1210	548
2099	1782	1217	565
2100	1780	1197	583
2101	1762	1211	551
2102	1826	1179	647
2103	1836	1168	668
2104	1778	1219	559
2105	1771	1239	532
2106	1804	1209	595
2107	1781	1168	613
2108	1789	1178	611
2109	1793	1204	589
2110	1786	1187	599
2111	1785	1195	590
2112	1783	1200	583
2113	1772	1206	566
2114	1802	1218	584
2115	1820	1207	613
2116	1823	1189	634
2117	1819	1187	632
2118	1810	1181	629
2119	1816	1157	659
2120	1829	1188	641
2121	1833	1207	626
2122	1807	1186	621
2123	1838	1217	621
2124	1842	1221	621
2125	1821	1214	607
2126	1805	1227	578
2127	1807	1215	592
2128	1783	1224	559
2129	1753	1227	526
2130	1763	1221	542
2131	1781	1196	585
2132	1774	1176	598
2133	1757	1183	574
2134	1753	1206	547
2135	1797	1228	569
2136	1800	1215	585
2137	1759	1195	564
2138	1794	1189	605
2139	1819	1209	610
2140	1805	1214	591
2141	1824	1191	633
2142	1827	1199	628
2143	1798	1187	611
2144	1834	1174	660
2145	1838	1184	654
2146	1812	1189	623
2147	1806	1204	602
2148	1790	1215	575
2149	1788	1211	577
2150	1811	1216	595
2151	1834	1233	601
2152	1844	1205	639
2153	1847	1181	666
2154	1831	1205	626
2155	1829	1218	611
2156	1867	1209	658
2157	1890	1211	679
2158	1866	1198	668
2159	1842	1207	635
2160	1817	1214	603
2161	1840	1223	617
2162	1832	1214	618
2163	1821	1189	632
2164	1863	1190	673
2165	1855	1173	682
2166	1859	1186	673
2167	1843	1200	643
2168	1862	1221	641
2169	1861	1214	647
2170	1873	1193	680
2171	1890	1212	678
2172	1879	1203	676
2173	1851	1188	663
2174	1886	1218	668
2175	1865	1218	647
2176	1858	1206	652
2177	1907	1204	703
2178	1913	1187	726
2179	1906	1195	711
2180	1907	1191	716
2181	1927	1219	708
2182	1913	1193	720
2183	1886	1177	709
2184	1882	1189	693
2185	1903	1223	680
2186	1945	1213	732
2187	1924	1192	732
2188	1896	1195	701
2189	1930	1185	745
2190	1942	1201	741
2191	1954	1224	730
2192	1964	1230	734
2193	1962	1212	750
2194	1947	1203	744
2195	1966	1197	769
2196	1994	1214	780
2197	1982	1199	783
2198	1960	1199	761
2199	1951	1207	744
2200	1996	1214	782
2201	1954	1201	753
2202	1954	1216	738
2203	1954	1220	734
2204	1950	1221	729
2205	1939	1214	725
2206	1901	1210	691
2207	1899	1200	699
2208	1927	1192	735
2209	1905	1203	702
2210	1878	1207	671
2211	1881	1209	672
2212	1897	1210	687
2213	1881	1215	666
2214	1857	1210	647
2215	1885	1210	675
2216	1872	1216	656
2217	1844	1196	648
2218	1853	1187	666
2219	1851	1226	625
2220	1835	1222	613
2221	1818	1208	610
2222	1829	1204	625
2223	1829	1202	627
2224	1823	1212	611
2225	1765	1220	545
2226	1761	1196	565
2227	1789	1196	593
2228	1799	1195	604
2229	1783	1196	587
2230	1757	1195	562
2231	1789	1194	595
2232	1787	1201	586
2233	1775	1223	552
2234	1761	1222	539
2235	1761	1208	553
2236	1764	1203	561
2237	1738	1213	525
2238	1729	1218	511
2239	1723	1209	514
2240	1747	1195	552
2241	1793	1192	601
2242	1794	1204	590
2243	1777	1202	575
2244	1775	1201	574
2245	1762	1230	532
2246	1792	1227	565
2247	1806	1205	601
2248	1792	1219	573
2249	1810	1227	583
2250	1823	1210	613
2251	1811	1217	594
2252	1830	1228	602
2253	1808	1208	600
2254	1818	1198	620
2255	1834	1208	626
2256	1836	1221	615
2257	1853	1219	634
2258	1861	1209	652
2259	1868	1193	675
2260	1851	1191	660
2261	1831	1190	641
2262	1865	1207	658
2263	1900	1214	686
2264	1888	1197	691
2265	1872	1208	664
2266	1897	1193	704
2267	1873	1214	659
2268	1844	1219	625
2269	1850	1206	644
2270	1899	1193	706
2271	1923	1186	737
2272	1893	1199	694
2273	1881	1208	673
2274	1900	1211	689
2275	1904	1206	698
2276	1901	1219	682
2277	1901	1219	682
2278	1902	1213	689
2279	1895	1197	698
2280	1926	1214	712
2281	1906	1198	708
2282	1908	1172	736
2283	1943	1206	737
2284	1937	1224	713
2285	1951	1216	735
2286	1953	1208	745
2287	1950	1207	743
2288	1957	1210	747
2289	1970	1204	766
2290	2013	1204	809
2291	2013	1220	793
2292	2001	1229	772
2293	1976	1202	774
2294	1987	1195	792
2295	2002	1190	812
2296	1968	1177	791
2297	1984	1206	778
2298	2006	1198	808
2299	1984	1215	769
2300	2009	1209	800
2301	2001	1194	807
2302	1982	1212	770
2303	1993	1202	791
2304	2000	1197	803
2305	1970	1214	756
2306	2010	1213	797
2307	2017	1184	833
2308	2056	1180	876
2309	2039	1206	833
2310	2031	1238	793
2311	2053	1213	840
2312	2054	1217	837
2313	2040	1218	822
2314	2041	1210	831
2315	2066	1196	870
2316	2045	1211	834
2317	2060	1205	855
2318	2082	1199	883
2319	2071	1205	866
2320	2033	1205	828
2321	2001	1182	819
2322	1998	1202	796
2323	1957	1213	744
2324	1983	1199	784
2325	2016	1228	788
2326	2037	1213	824
2327	2005	1188	817
2328	2014	1205	809
2329	2007	1219	788
2330	2022	1207	815
2331	2024	1187	837
2332	2014	1209	805
2333	2006	1204	802
2334	2017	1189	828
2335	2010	1199	811
2336	1982	1194	788
2337	1997	1198	799
2338	2016	1189	827
2339	2008	1185	823
2340	1989	1198	791
2341	2013	1211	802
2342	2037	1212	825
2343	2056	1203	853
2344	2080	1212	868
2345	2077	1213	864
2346	2066	1216	850
2347	2066	1197	869
2348	2098	1198	900
2349	2123	1197	926
2350	2107	1200	907
2351	2097	1201	896
2352	2158	1172	986
2353	2169	1189	980
2354	2181	1201	980
2355	2184	1207	977
2356	2205	1200	1005
2357	2207	1198	1009
2358	2155	1214	941
2359	2136	1218	918
2360	2214	1210	1004
2361	2205	1219	986
2362	2214	1233	981
2363	2219	1229	990
2364	2221	1202	1019
2365	2203	1188	1015
2366	2206	1179	1027
2367	2187	1198	989
2368	2192	1213	979
2369	2195	1201	994
2370	2224	1184	1040
2371	2245	1200	1045
2372	2275	1194	1081
2373	2279	1185	1094
2374	2277	1205	1072
2375	2307	1210	1097
2376	2310	1199	1111
2377	2298	1209	1089
2378	2298	1197	1101
2379	2328	1186	1142
2380	2337	1197	1140
2381	2318	1209	1109
2382	2301	1212	1089
2383	2296	1205	1091
2384	2365	1201	1164
2385	2389	1214	1175
2386	2399	1210	1189
2387	2390	1200	1190
2388	2336	1194	1142
2389	2308	1201	1107
2390	2313	1201	1112
2391	2317	1205	1112
2392	2348	1222	1126
2393	2376	1217	1159
2394	2433	1222	1211
2395	2439	1204	1235
2396	2419	1211	1208
2397	2371	1199	1172
2398	2398	1222	1176
2399	2435	1236	1199
2400	2445	1225	1220
2401	2469	1218	1251
2402	2477	1214	1263
2403	2480	1205	1275
2404	2492	1206	1286
2405	2481	1191	1290
2406	2473	1196	1277
2407	2472	1194	1278
2408	2503	1209	1294
2409	2521	1204	1317
2410	2548	1186	1362
2411	2491	1197	1294
2412	2489	1190	1299
2413	2533	1202	1331
2414	2538	1222	1316
2415	2529	1205	1324
2416	2515	1209	1306
2417	2528	1205	1323
2418	2545	1200	1345
2419	2550	1196	1354
2420	2527	1230	1297
2421	2516	1206	1310
2422	2508	1191	1317
2423	2517	1206	1311
2424	2550	1212	1338
2425	2536	1211	1325
2426	2480	1211	1269
2427	2483	1224	1259
2428	2477	1209	1268
2429	2500	1186	1314
2430	2535	1174	1361
2431	2535	1189	1346
2432	2525	1191	1334
2433	2501	1200	1301
2434	2495	1208	1287
2435	2465	1218	1247
2436	2467	1220	1247
2437	2453	1205	1248
2438	2461	1201	1260
2439	2490	1200	1290
2440	2469	1201	1268
2441	2443	1189	1254
2442	2433	1210	1223
2443	2413	1206	1207
2444	2427	1188	1239
2445	2443	1212	1231
2446	2473	1209	1264
2447	2470	1199	1271
2448	2436	1205	1231
2449	2460	1193	1267
2450	2491	1214	1277
2451	2449	1225	1224
2452	2460	1229	1231
2453	2432	1225	1207
2454	2457	1218	1239
2455	2479	1225	1254
2456	2428	1225	1203
2457	2389	1199	1190
2458	2456	1207	1249
2459	2493	1237	1256
2460	2498	1239	1259
2461	2494	1206	1288
2462	2439	1209	1230
2463	2436	1235	1201
2464	2513	1222	1291
2465	2484	1212	1272
2466	2465	1203	1262
2467	2472	1196	1276
2468	2472	1190	1282
2469	2500	1209	1291
2470	2551	1217	1334
2471	2526	1193	1333
2472	2519	1205	1314
2473	2510	1208	1302
2474	2532	1196	1336
2475	2521	1209	1312
2476	2527	1208	1319
2477	2545	1201	1344
2478	2525	1195	1330
2479	2564	1186	1378
2480	2573	1194	1379
2481	2613	1188	1425
2482	2599	1184	1415
2483	2613	1202	1411
2484	2621	1211	1410
2485	2651	1199	1452
2486	2684	1221	1463
2487	2713	1224	1489
2488	2673	1189	1484
2489	2700	1178	1522
2490	2730	1198	1532
2491	2703	1212	1491
2492	2756	1225	1531
2493	2844	1214	1630
2494	2987	1207	1780
2495	3067	1211	1856
2496	3181	1196	1985
2497	3284	1192	2092
2498	3401	1187	2214
2499	3490	1205	2285
2500	3536	1193	2343
2501	3554	1193	2361
2502	3531	1201	2330
2503	3566	1186	2380
2504	3595	1204	2391
2505	3569	1211	2358
2506	3496	1201	2295
2507	3401	1205	2196
2508	3291	1207	2084
2509	3177	1183	1994
2510	3127	1195	1932
2511	3104	1220	1884
2512	3078	1200	1878
2513	3064	1208	1856
2514	3086	1219	1867
2515	3091	1217	1874
2516	3099	1209	1890
2517	3068	1191	1877
2518	3038	1194	1844
2519	3038	1186	1852
2520	3049	1185	1864
2521	3072	1201	1871
2522	3090	1204	1886
2523	3127	1200	1927
2524	3164	1199	1965
2525	3180	1208	1972
2526	3186	1230	1956
2527	3232	1215	2017
2528	3224	1196	2028
2529	3180	1209	1971
2530	3146	1211	1935
2531	3174	1206	1968
2532	3247	1213	2034
2533	3225	1213	2012
2534	3224	1223	2001
2535	3210	1218	1992
2536	3275	1199	2076
2537	3238	1208	2030
2538	3256	1216	2040
2539	3255	1225	2030
2540	3189	1217	1972
2541	3216	1207	2009
2542	3233	1222	2011
2543	3230	1207	2023
2544	3177	1207	1970
2545	3224	1226	1998
2546	3284	1212	2072
2547	3216	1198	2018
2548	3211	1212	1999
2549	3156	1203	1953
2550	3148	1187	1961
2551	3185	1194	1991
2552	3228	1205	2023
2553	3225	1188	2037
2554	3208	1175	2033
2555	3197	1203	1994
2556	3225	1227	1998
2557	3262	1215	2047
2558	3220	1211	2009
2559	3211	1229	1982
2560	3224	1235	1989
2561	3134	1234	1900
2562	3146	1206	1940
2563	3153	1183	1970
2564	3148	1204	1944
2565	3173	1198	1975
2566	3172	1192	1980
2567	3169	1186	1983
2568	3179	1186	1993
2569	3163	1217	1946
2570	3183	1230	1953
2571	3220	1217	2003
2572	3260	1207	2053
2573	3268	1191	2077
2574	3246	1214	2032
2575	3242	1196	2046
2576	3246	1195	2051
2577	3260	1220	2040
2578	3231	1201	2030
2579	3234	1203	2031
2580	3186	1214	1972
2581	3169	1219	1950
2582	3189	1210	1979
2583	3156	1181	1975
2584	3183	1188	1995
2585	3191	1195	1996
2586	3230	1188	2042
2587	3256	1198	2058
2588	3280	1209	2071
2589	3236	1204	2032
2590	3271	1192	2079
2591	3313	1196	2117
2592	3316	1189	2127
2593	3275	1190	2085
2594	3278	1194	2084
2595	3319	1211	2108
2596	3328	1188	2140
2597	3330	1194	2136
2598	3308	1187	2121
2599	3295	1195	2100
2600	3263	1212	2051
2601	3290	1192	2098
2602	3290	1179	2111
2603	3306	1193	2113
2604	3340	1216	2124
2605	3362	1212	2150
2606	3344	1214	2130
2607	3354	1194	2160
2608	3411	1194	2217
2609	3445	1209	2236
2610	3522	1203	2319
2611	3512	1193	2319
2612	3478	1179	2299
2613	3556	1177	2379
2614	3553	1195	2358
2615	3499	1190	2309
2616	3520	1197	2323
2617	3557	1179	2378
2618	3612	1179	2433
2619	3613	1210	2403
2620	3608	1215	2393
2621	3575	1202	2373
2622	3626	1173	2453
2623	3667	1165	2502
2624	3660	1190	2470
2625	3702	1205	2497
2626	3678	1214	2464
2627	3608	1208	2400
2628	3638	1199	2439
2629	3673	1202	2471
2630	3664	1193	2471
2631	3667	1190	2477
2632	3720	1199	2521
2633	3733	1200	2533
2634	3775	1230	2545
2635	3760	1212	2548
2636	3745	1188	2557
2637	3741	1185	2556
2638	3803	1216	2587
2639	3837	1209	2628
2640	3876	1221	2655
2641	3883	1210	2673
2642	3933	1202	2731
2643	3950	1216	2734
2644	3959	1218	2741
2645	3942	1211	2731
2646	3949	1186	2763
2647	3939	1208	2731
2648	3944	1208	2736
2649	3927	1203	2724
2650	3934	1202	2732
2651	3954	1182	2772
2652	3968	1200	2768
2653	3987	1206	2781
2654	3986	1209	2777
2655	4043	1211	2832
2656	4051	1207	2844
2657	4045	1212	2833
2658	4117	1208	2909
2659	4172	1227	2945
2660	4146	1203	2943
2661	4128	1209	2919
2662	4108	1205	2903
2663	4146	1197	2949
2664	4138	1196	2942
2665	4152	1204	2948
2666	4193	1195	2998
2667	4191	1189	3002
2668	4141	1189	2952
2669	4140	1188	2952
2670	4164	1208	2956
2671	4208	1237	2971
2672	4296	1214	3082
2673	4298	1220	3078
2674	4304	1210	3094
2675	4241	1201	3040
2676	4229	1209	3020
2677	4247	1204	3043
2678	4245	1217	3028
2679	4270	1215	3055
2680	4313	1202	3111
2681	4328	1202	3126
2682	4282	1191	3091
2683	4247	1217	3030
2684	4236	1211	3025
2685	4261	1187	3074
2686	4278	1196	3082
2687	4255	1207	3048
2688	4280	1212	3068
2689	4223	1214	3009
2690	4248	1201	3047
2691	4275	1197	3078
2692	4225	1211	3014
2693	4225	1202	3023
2694	4280	1202	3078
2695	4234	1209	3025
2696	4223	1222	3001
2697	4191	1216	2975
2698	4182	1194	2988
2699	4216	1214	3002
2700	4195	1225	2970
2701	4163	1196	2967
2702	4161	1193	2968
2703	4171	1181	2990
2704	4170	1195	2975
2705	4149	1201	2948
2706	4140	1215	2925
2707	4146	1226	2920
2708	4168	1211	2957
2709	4116	1212	2904
2710	4156	1223	2933
2711	4214	1202	3012
2712	4183	1194	2989
2713	4133	1225	2908
2714	4129	1218	2911
2715	4148	1214	2934
2716	4152	1195	2957
2717	4144	1187	2957
2718	4106	1182	2924
2719	4059	1210	2849
2720	4127	1202	2925
2721	4157	1204	2953
2722	4099	1214	2885
2723	4098	1195	2903
2724	4039	1179	2860
2725	4032	1188	2844
2726	4051	1199	2852
2727	4060	1182	2878
2728	4085	1192	2893
2729	4079	1220	2859
2730	4091	1202	2889
2731	4125	1184	2941
2732	4119	1185	2934
2733	4181	1197	2984
2734	4196	1191	3005
2735	4153	1203	2950
2736	4185	1211	2974
2737	4148	1215	2933
2738	4109	1223	2886
2739	4124	1212	2912
2740	4110	1217	2893
2741	4127	1218	2909
2742	4099	1198	2901
2743	4037	1205	2832
2744	4034	1192	2842
2745	4076	1191	2885
2746	4084	1213	2871
2747	4054	1211	2843
2748	4095	1205	2890
2749	4053	1202	2851
2750	4004	1214	2790
2751	4040	1195	2845
2752	4048	1192	2856
2753	4059	1202	2857
2754	4039	1191	2848
2755	4013	1193	2820
2756	4040	1210	2830
2757	4026	1224	2802
2758	4023	1206	2817
2759	4033	1193	2840
2760	4021	1207	2814
2761	4130	1211	2919
2762	4147	1199	2948
2763	4129	1188	2941
2764	4177	1219	2958
2765	4110	1242	2868
2766	4158	1201	2957
2767	4238	1194	3044
2768	4228	1195	3033
2769	4193	1181	3012
2770	4188	1190	2998
2771	4217	1194	3023
2772	4238	1195	3043
2773	4232	1189	3043
2774	4235	1189	3046
2775	4225	1216	3009
2776	4204	1209	2995
2777	4199	1208	2991
2778	4273	1196	3077
2779	4253	1211	3042
2780	4191	1213	2978
2781	4237	1204	3033
2782	4242	1203	3039
2783	4252	1192	3060
2784	4281	1192	3089
2785	4281	1210	3071
2786	4338	1207	3131
2787	4336	1197	3139
2788	4334	1208	3126
2789	4308	1224	3084
2790	4353	1198	3155
2791	4385	1182	3203
2792	4353	1198	3155
2793	4338	1231	3107
2794	4402	1210	3192
2795	4376	1186	3190
2796	4411	1187	3224
2797	4396	1191	3205
2798	4373	1196	3177
2799	4381	1193	3188
2800	4458	1205	3253
2801	4491	1210	3281
2802	4467	1228	3239
2803	4441	1218	3223
2804	4487	1194	3293
2805	4512	1198	3314
2806	4524	1207	3317
2807	4485	1214	3271
2808	4478	1202	3276
2809	4442	1207	3235
2810	4481	1209	3272
2811	4448	1196	3252
2812	4448	1217	3231
2813	4462	1209	3253
2814	4451	1199	3252
2815	4455	1198	3257
2816	4436	1191	3245
2817	4447	1205	3242
2818	4356	1217	3139
2819	4323	1225	3098
2820	4407	1217	3190
2821	4385	1194	3191
2822	4412	1199	3213
2823	4385	1193	3192
2824	4377	1184	3193
2825	4439	1182	3257
2826	4478	1181	3297
2827	4474	1196	3278
2828	4494	1186	3308
2829	4500	1184	3316
2830	4519	1190	3329
2831	4581	1211	3370
2832	4567	1225	3342
2833	4632	1204	3428
2834	4659	1218	3441
2835	4634	1230	3404
2836	4724	1208	3516
2837	4693	1189	3504
2838	4689	1187	3502
2839	4658	1199	3459
2840	4635	1227	3408
2841	4585	1212	3373
2842	4543	1209	3334
2843	4623	1209	3414
2844	4597	1205	3392
2845	4563	1202	3361
2846	4571	1198	3373
2847	4621	1163	3458
2848	4582	1186	3396
2849	4598	1226	3372
2850	4558	1207	3351
2851	4524	1184	3340
2852	4443	1187	3256
2853	4409	1207	3202
2854	4373	1211	3162
2855	4263	1211	3052
2856	4173	1193	2980
2857	4212	1203	3009
2858	4230	1220	3010
2859	4148	1211	2937
2860	4124	1214	2910
2861	4134	1201	2933
2862	4175	1193	2982
2863	4180	1187	2993
2864	4174	1205	2969
2865	4218	1195	3023
2866	4240	1189	3051
2867	4219	1188	3031
2868	4328	1199	3129
2869	4280	1205	3075
2870	4213	1187	3026
2871	4252	1201	3051
2872	4282	1209	3073
2873	4284	1212	3072
2874	4289	1218	3071
2875	4330	1208	3122
2876	4317	1198	3119
2877	4227	1197	3030
2878	4178	1224	2954
2879	4176	1222	2954
2880	4215	1200	3015
2881	4167	1186	2981
2882	4155	1198	2957
2883	4145	1206	2939
2884	4143	1209	2934
2885	4076	1204	2872
2886	4050	1195	2855
2887	4022	1183	2839
2888	4067	1199	2868
2889	4110	1193	2917
2890	4072	1185	2887
2891	4035	1179	2856
2892	4053	1173	2880
2893	4100	1185	2915
2894	4128	1202	2926
2895	4097	1200	2897
2896	4101	1194	2907
2897	4111	1200	2911
2898	4084	1214	2870
2899	4120	1212	2908
2900	4121	1223	2898
2901	4104	1218	2886
2902	4054	1223	2831
2903	4078	1210	2868
2904	4066	1186	2880
2905	4040	1190	2850
2906	4020	1179	2841
2907	4006	1175	2831
2908	4053	1191	2862
2909	4053	1190	2863
2910	4019	1190	2829
2911	4057	1185	2872
2912	4118	1203	2915
2913	4135	1222	2913
2914	4109	1213	2896
2915	4012	1205	2807
2916	3979	1205	2774
2917	3975	1207	2768
2918	3992	1211	2781
2919	3953	1200	2753
2920	3904	1208	2696
2921	3906	1221	2685
2922	3903	1208	2695
2923	3868	1201	2667
2924	3836	1199	2637
2925	3782	1195	2587
2926	3804	1208	2596
2927	3781	1214	2567
2928	3857	1198	2659
2929	3915	1192	2723
2930	3938	1209	2729
2931	3919	1210	2709
2932	3960	1206	2754
2933	4016	1210	2806
2934	4070	1256	2814
2935	4060	1229	2831
2936	4071	1203	2868
2937	4169	1201	2968
2938	4164	1189	2975
2939	4082	1201	2881
2940	4084	1202	2882
2941	4120	1204	2916
2942	4117	1194	2923
2943	4106	1202	2904
2944	4068	1221	2847
2945	4010	1207	2803
2946	3956	1192	2764
2947	3945	1198	2747
2948	3979	1196	2783
2949	3987	1205	2782
2950	3927	1214	2713
2951	3840	1212	2628
2952	3844	1207	2637
2953	3870	1207	2663
2954	3858	1206	2652
2955	3792	1215	2577
2956	3783	1210	2573
2957	3766	1206	2560
2958	3789	1196	2593
2959	3764	1201	2563
2960	3770	1214	2556
2961	3824	1214	2610
2962	3791	1194	2597
2963	3789	1181	2608
2964	3869	1193	2676
2965	3957	1211	2746
2966	3904	1228	2676
2967	3916	1220	2696
2968	3958	1183	2775
2969	4030	1238	2792
2970	4054	1204	2850
2971	4060	1197	2863
2972	4112	1208	2904
2973	4069	1200	2869
2974	4074	1211	2863
2975	4063	1213	2850
2976	4086	1215	2871
2977	4076	1220	2856
2978	3983	1205	2778
2979	3992	1198	2794
2980	4038	1212	2826
2981	4028	1198	2830
2982	3973	1190	2783
2983	3968	1212	2756
2984	3956	1203	2753
2985	3973	1206	2767
2986	3985	1201	2784
2987	3980	1215	2765
2988	3945	1233	2712
2989	3967	1213	2754
2990	4010	1201	2809
2991	3984	1221	2763
2992	3983	1232	2751
2993	4008	1238	2770
2994	4060	1203	2857
2995	4053	1173	2880
2996	4060	1205	2855
2997	4078	1216	2862
2998	4013	1190	2823
2999	3998	1203	2795
3000	4037	1193	2844
3001	3974	1191	2783
3002	3969	1206	2763
3003	4013	1180	2833
3004	3992	1175	2817
3005	3950	1203	2747
3006	4008	1225	2783
3007	4029	1198	2831
3008	3981	1183	2798
3009	3966	1204	2762
3010	3979	1224	2755
3011	3952	1212	2740
3012	3925	1187	2738
3013	3903	1183	2720
3014	3927	1190	2737
3015	3918	1204	2714
3016	3870	1213	2657
3017	3825	1213	2612
3018	3849	1201	2648
3019	3915	1186	2729
3020	3945	1192	2753
3021	3952	1189	2763
3022	4006	1187	2819
3023	4071	1193	2878
3024	4078	1188	2890
3025	4138	1200	2938
3026	4225	1187	3038
3027	4204	1191	3013
3028	4212	1196	3016
3029	4215	1200	3015
3030	4277	1205	3072
3031	4264	1197	3067
3032	4235	1184	3051
3033	4230	1189	3041
3034	4248	1205	3043
3035	4242	1207	3035
3036	4228	1190	3038
3037	4153	1173	2980
3038	4154	1188	2966
3039	4177	1197	2980
3040	4140	1187	2953
3041	4049	1191	2858
3042	4129	1202	2927
3043	4142	1222	2920
3044	4109	1208	2901
3045	4080	1201	2879
3046	4124	1196	2928
3047	4174	1201	2973
3048	4148	1196	2952
3049	4157	1191	2966
3050	4194	1211	2983
3051	4219	1214	3005
3052	4209	1200	3009
3053	4205	1194	3011
3054	4239	1203	3036
3055	4304	1204	3100
3056	4287	1214	3073
3057	4281	1217	3064
3058	4288	1206	3082
3059	4257	1206	3051
3060	4273	1210	3063
3061	4262	1200	3062
3062	4284	1190	3094
3063	4271	1201	3070
3064	4228	1214	3014
3065	4258	1207	3051
3066	4267	1211	3056
3067	4300	1231	3069
3068	4338	1240	3098
3069	4337	1219	3118
3070	4411	1187	3224
3071	4501	1184	3317
3072	4603	1196	3407
3073	4647	1219	3428
3074	4735	1211	3524
3075	4778	1228	3550
3076	4755	1208	3547
3077	4799	1211	3588
3078	4966	1209	3757
3079	5074	1195	3879
3080	5166	1212	3954
3081	5267	1214	4053
3082	5392	1197	4195
3083	5422	1212	4210
3084	5467	1201	4266
3085	5521	1189	4332
3086	5612	1183	4429
3087	5800	1196	4604
3088	6046	1220	4826
3089	6245	1204	5041
3090	6451	1207	5244
3091	6580	1220	5360
3092	6769	1213	5556
3093	6893	1213	5680
3094	6965	1243	5722
3095	7073	1234	5839
3096	7125	1208	5917
3097	7255	1219	6036
3098	7384	1210	6174
3099	7537	1206	6331
3100	7691	1213	6478
3101	7768	1211	6557
3102	7846	1212	6634
3103	7981	1210	6771
3104	8110	1179	6931
3105	8291	1191	7100
3106	8462	1207	7255
3107	8585	1206	7379
3108	8712	1212	7500
3109	8719	1214	7505
3110	8579	1211	7368
3111	8411	1198	7213
3112	8345	1216	7129
3113	8345	1199	7146
3114	8417	1189	7228
3115	8473	1193	7280
3116	8596	1186	7410
3117	8716	1184	7532
3118	8890	1196	7694
3119	9030	1183	7847
3120	9264	1211	8053
3121	9565	1227	8338
3122	9836	1215	8621
3123	10112	1207	8905
3124	10412	1205	9207
3125	10607	1193	9414
3126	10570	1183	9387
3127	10601	1185	9416
3128	10645	1194	9451
3129	10710	1204	9506
3130	10668	1197	9471
3131	10603	1190	9413
3132	10583	1198	9385
3133	10555	1200	9355
3134	10410	1211	9199
3135	10332	1211	9121
3136	10308	1210	9098
3137	10347	1208	9139
3138	10411	1192	9219
3139	10375	1210	9165
3140	10462	1213	9249
3141	10513	1216	9297
3142	10554	1197	9357
3143	10691	1189	9502
3144	10892	1194	9698
3145	11115	1219	9896
3146	11475	1218	10257
3147	11946	1221	10725
3148	12288	1192	11096
3149	12628	1213	11415
3150	12931	1220	11711
3151	13148	1215	11933
3152	13174	1200	11974
3153	13232	1197	12035
3154	13275	1207	12068
3155	13310	1189	12121
3156	13135	1189	11946
3157	12869	1203	11666
3158	12573	1228	11345
3159	12270	1206	11064
3160	12027	1217	10810
3161	11937	1212	10725
3162	11826	1206	10620
3163	11736	1207	10529
3164	11897	1211	10686
3165	11980	1209	10771
3166	12050	1222	10828
3167	12186	1212	10974
3168	12241	1205	11036
3169	12308	1213	11095
3170	12303	1190	11113
3171	12214	1189	11025
3172	12499	1202	11297
3173	13067	1207	11860
3174	13684	1200	12484
3175	14273	1195	13078
3176	14737	1186	13551
3177	15175	1196	13979
3178	15640	1197	14443
3179	16069	1209	14860
3180	16371	1205	15166
3181	16662	1190	15472
3182	16991	1199	15792
3183	16777	1214	15563
3184	16345	1226	15119
3185	15762	1217	14545
3186	14959	1196	13763
3187	14245	1202	13043
3188	13693	1220	12473
3189	12981	1213	11768
3190	12281	1205	11076
3191	11709	1211	10498
3192	11277	1218	10059
3193	11072	1181	9891
3194	10996	1194	9802
3195	10860	1221	9639
3196	10776	1205	9571
3197	10810	1187	9623
3198	10909	1207	9702
3199	11181	1203	9978
3200	11507	1214	10293
3201	11817	1194	10623
3202	12110	1188	10922
3203	12454	1205	11249
3204	12596	1195	11401
3205	12625	1196	11429
3206	12692	1209	11483
3207	12729	1235	11494
3208	12707	1209	11498
3209	12463	1201	11262
3210	12281	1208	11073
3211	12057	1211	10846
3212	11710	1204	10506
3213	11436	1209	10227
3214	11222	1185	10037
3215	11034	1191	9843
3216	10982	1181	9801
3217	10814	1199	9615
3218	10706	1220	9486
3219	10871	1212	9659
3220	11045	1196	9849
3221	11074	1201	9873
3222	11078	1198	9880
3223	11101	1197	9904
3224	11177	1201	9976
3225	11159	1207	9952
3226	11149	1187	9962
3227	11077	1176	9901
3228	10989	1205	9784
3229	10711	1197	9514
3230	10466	1193	9273
3231	10108	1180	8928
3232	9813	1195	8618
3233	9621	1201	8420
3234	9484	1208	8276
3235	9301	1193	8108
3236	9073	1192	7881
3237	8844	1213	7631
3238	8562	1217	7345
3239	8368	1214	7154
3240	8333	1228	7105
3241	8160	1232	6928
3242	8103	1217	6886
3243	8002	1211	6791
3244	7954	1223	6731
3245	7815	1207	6608
3246	7662	1201	6461
3247	7571	1213	6358
3248	7580	1224	6356
3249	7465	1219	6246
3250	7359	1211	6148
3251	7233	1204	6029
3252	7105	1203	5902
3253	7044	1221	5823
3254	7142	1207	5935
3255	7298	1199	6099
3256	7528	1209	6319
3257	7756	1212	6544
3258	8022	1206	6816
3259	8202	1204	6998
3260	8409	1202	7207
3261	8607	1201	7406
3262	8829	1221	7608
3263	9043	1214	7829
3264	9168	1207	7961
3265	9243	1187	8056
3266	9234	1193	8041
3267	9061	1204	7857
3268	8892	1197	7695
3269	8748	1198	7550
3270	8638	1196	7442
3271	8480	1215	7265
3272	8381	1198	7183
3273	8304	1204	7100
3274	8374	1229	7145
3275	8390	1199	7191
3276	8375	1189	7186
3277	8422	1210	7212
3278	8436	1212	7224
3279	8384	1217	7167
3280	8318	1194	7124
3281	8232	1191	7041
3282	8101	1188	6913
3283	7952	1193	6759
3284	7789	1212	6577
3285	7640	1191	6449
3286	7482	1190	6292
3287	7253	1232	6021
3288	7088	1227	5861
3289	7001	1212	5789
3290	6898	1186	5712
3291	6846	1190	5656
3292	6798	1209	5589
3293	6735	1205	5530
3294	6783	1213	5570
3295	6795	1212	5583
3296	6743	1192	5551
3297	6612	1201	5411
3298	6614	1220	5394
3299	6651	1212	5439
3300	6765	1204	5561
3301	6892	1205	5687
3302	6961	1206	5755
3303	7042	1195	5847
3304	7062	1197	5865
3305	7110	1203	5907
3306	7134	1205	5929
3307	7182	1197	5985
3308	7240	1202	6038
3309	7296	1188	6108
3310	7345	1190	6155
3311	7343	1187	6156
3312	7338	1207	6131
3313	7283	1221	6062
3314	7174	1196	5978
3315	7098	1196	5902
3316	7080	1202	5878
3317	7048	1207	5841
3318	7039	1214	5825
3319	7110	1199	5911
3320	7115	1210	5905
3321	7105	1214	5891
3322	7070	1218	5852
3323	7006	1221	5785
3324	6989	1195	5794
3325	6893	1188	5705
3326	6851	1208	5643
3327	6809	1199	5610
3328	6809	1191	5618
3329	6833	1196	5637
3330	6739	1194	5545
3331	6697	1218	5479
3332	6701	1226	5475
3333	6764	1202	5562
3334	6811	1197	5614
3335	6837	1207	5630
3336	6829	1218	5611
3337	6948	1211	5737
3338	7092	1188	5904
3339	7137	1186	5951
3340	7057	1209	5848
3341	7011	1210	5801
3342	6970	1207	5763
3343	6943	1206	5737
3344	6935	1201	5734
3345	6778	1203	5575
3346	6551	1217	5334
3347	6478	1210	5268
3348	6439	1217	5222
3349	6277	1199	5078
3350	6169	1194	4975
3351	6189	1214	4975
3352	6174	1186	4988
3353	6173	1183	4990
3354	6163	1208	4955
3355	6255	1219	5036
3356	6187	1212	4975
3357	6115	1211	4904
3358	6127	1213	4914
3359	6167	1210	4957
3360	6129	1216	4913
3361	6056	1188	4868
3362	6062	1192	4870
3363	6089	1214	4875
3364	6074	1205	4869
3365	5913	1203	4710
3366	5857	1211	4646
3367	5865	1195	4670
3368	5775	1187	4588
3369	5792	1196	4596
3370	5765	1207	4558
3371	5766	1238	4528
3372	5688	1220	4468
3373	5655	1207	4448
3374	5645	1200	4445
3375	5570	1202	4368
3376	5527	1197	4330
3377	5473	1197	4276
3378	5409	1195	4214
3379	5376	1197	4179
3380	5381	1196	4185
3381	5305	1183	4122
3382	5273	1190	4083
3383	5322	1206	4116
3384	5268	1211	4057
3385	5254	1200	4054
3386	5302	1209	4093
3387	5386	1210	4176
3388	5366	1203	4163
3389	5331	1206	4125
3390	5340	1212	4128
3391	5337	1211	4126
3392	5340	1201	4139
3393	5326	1193	4133
3394	5298	1211	4087
3395	5254	1201	4053
3396	5272	1196	4076
3397	5238	1188	4050
3398	5162	1186	3976
3399	5151	1188	3963
3400	5127	1187	3940
3401	5121	1218	3903
3402	5096	1208	3888
3403	5010	1182	3828
3404	4961	1191	3770
3405	4919	1183	3736
3406	4892	1181	3711
3407	4906	1211	3695
3408	4866	1211	3655
3409	4800	1194	3606
3410	4804	1183	3621
3411	4784	1204	3580
3412	4786	1198	3588
3413	4772	1216	3556
3414	4741	1222	3519
3415	4713	1198	3515
3416	4696	1208	3488
3417	4674	1214	3460
3418	4650	1210	3440
3419	4587	1207	3380
3420	4592	1206	3386
3421	4604	1202	3402
3422	4576	1205	3371
3423	4520	1197	3323
3424	4516	1192	3324
3425	4491	1210	3281
3426	4482	1212	3270
3427	4461	1202	3259
3428	4419	1204	3215
3429	4440	1207	3233
3430	4403	1196	3207
3431	4350	1218	3132
3432	4318	1231	3087
3433	4238	1207	3031
3434	4243	1180	3063
3435	4224	1197	3027
3436	4128	1190	2938
3437	4040	1170	2870
3438	4047	1175	2872
3439	3952	1213	2739
3440	3884	1207	2677
3441	3881	1193	2688
3442	3873	1212	2661
3443	3827	1204	2623
3444	3759	1220	2539
3445	3774	1230	2544
3446	3736	1215	2521
3447	3716	1192	2524
3448	3719	1184	2535
3449	3747	1199	2548
3450	3701	1211	2490
3451	3631	1199	2432
3452	3630	1212	2418
3453	3603	1231	2372
3454	3541	1206	2335
3455	3473	1186	2287
3456	3469	1215	2254
3457	3404	1194	2210
3458	3412	1211	2201
3459	3402	1229	2173
3460	3385	1206	2179
3461	3370	1194	2176
3462	3391	1202	2189
3463	3388	1208	2180
3464	3359	1211	2148
3465	3351	1195	2156
3466	3347	1183	2164
3467	3315	1187	2128
3468	3323	1186	2137
3469	3278	1183	2095
3470	3157	1177	1980
3471	3140	1187	1953
3472	3083	1195	1888
3473	3044	1195	1849
3474	3045	1199	1846
3475	3030	1218	1812
3476	2988	1226	1762
3477	2934	1214	1720
3478	2947	1193	1754
3479	3000	1198	1802
3480	2971	1206	1765
3481	2974	1215	1759
3482	2960	1207	1753
3483	2970	1201	1769
3484	3009	1213	1796
3485	3061	1209	1852
3486	3039	1207	1832
3487	3038	1206	1832
3488	3082	1202	1880
3489	3009	1200	1809
3490	3001	1205	1796
3491	3009	1202	1807
3492	2944	1219	1725
3493	2936	1224	1712
3494	2966	1188	1778
3495	2978	1192	1786
3496	2978	1209	1769
3497	2944	1224	1720
3498	2958	1213	1745
3499	2927	1198	1729
3500	2855	1192	1663
3501	2833	1198	1635
3502	2807	1200	1607
3503	2804	1177	1627
3504	2751	1179	1572
3505	2718	1206	1512
3506	2757	1210	1547
3507	2749	1203	1546
3508	2693	1187	1506
3509	2627	1205	1422
3510	2642	1221	1421
3511	2644	1216	1428
3512	2595	1216	1379
3513	2584	1200	1384
3514	2569	1186	1383
3515	2562	1211	1351
3516	2514	1215	1299
3517	2520	1212	1308
3518	2523	1203	1320
3519	2521	1209	1312
3520	2534	1215	1319
3521	2487	1201	1286
3522	2473	1209	1264
3523	2470	1223	1247
3524	2459	1209	1250
3525	2436	1194	1242
3526	2426	1187	1239
3527	2408	1200	1208
3528	2419	1199	1220
3529	2410	1213	1197
3530	2413	1202	1211
3531	2395	1185	1210
3532	2383	1193	1190
3533	2373	1195	1178
3534	2360	1185	1175
3535	2353	1183	1170
3536	2393	1199	1194
3537	2391	1211	1180
3538	2385	1199	1186
3539	2407	1196	1211
3540	2402	1212	1190
3541	2370	1219	1151
3542	2380	1210	1170
3543	2405	1201	1204
3544	2401	1196	1205
3545	2360	1202	1158
3546	2349	1203	1146
3547	2344	1236	1108
3548	2342	1223	1119
3549	2293	1209	1084
3550	2245	1203	1042
3551	2241	1205	1036
3552	2243	1203	1040
3553	2250	1197	1053
3554	2211	1196	1015
3555	2162	1190	972
3556	2168	1201	967
3557	2178	1202	976
3558	2193	1200	993
3559	2189	1214	975
3560	2139	1189	950
3561	2129	1174	955
3562	2115	1196	919
3563	2111	1204	907
3564	2127	1190	937
3565	2138	1187	951
3566	2165	1189	976
3567	2129	1197	932
3568	2083	1197	886
3569	2078	1193	885
3570	2110	1211	899
3571	2096	1206	890
3572	2091	1189	902
3573	2087	1193	894
3574	2059	1201	858
3575	2062	1214	848
3576	2062	1214	848
3577	2064	1207	857
3578	2071	1206	865
3579	2062	1196	866
3580	2043	1185	858
3581	2028	1212	816
3582	2044	1203	841
3583	2030	1183	847
3584	2035	1205	830
3585	2024	1206	818
3586	2048	1195	853
3587	2042	1184	858
3588	2036	1210	826
3589	2018	1227	791
3590	2006	1208	798
3591	2018	1199	819
3592	2034	1198	836
3593	2027	1199	828
3594	2030	1171	859
3595	2028	1187	841
3596	2039	1193	846
3597	2049	1183	866
3598	2042	1179	863
3599	2015	1216	799
3600	1983	1219	764
3601	1992	1203	789
3602	1972	1195	777
3603	1943	1201	742
3604	1942	1216	726
3605	1959	1194	765
3606	1953	1172	781
3607	1964	1203	761
3608	1988	1228	760
3609	1955	1199	756
3610	1930	1183	747
3611	1931	1202	729
3612	1932	1203	729
3613	1891	1175	716
3614	1883	1182	701
3615	1925	1184	741
3616	1934	1192	742
3617	1929	1192	737
3618	1894	1161	733
3619	1843	1187	656
3620	1837	1179	658
3621	1847	1201	646
3622	1875	1208	667
3623	1883	1197	686
3624	1867	1200	667
3625	1840	1207	633
3626	1839	1184	655
3627	1811	1192	619
3628	1803	1192	611
3629	1820	1186	634
3630	1821	1185	636
3631	1829	1174	655
3632	1821	1163	658
3633	1786	1170	616
3634	1796	1187	609
3635	1772	1171	601
3636	1772	1169	603
3637	1798	1183	615
3638	1778	1195	583
3639	1764	1193	571
3640	1781	1207	574
3641	1795	1208	587
3642	1764	1197	567
3643	1780	1188	592
3644	1794	1181	613
3645	1786	1180	606
3646	1760	1185	575
3647	1730	1204	526
3648	1716	1188	528
