index	original	background	difference
-----------------------------------------------------
1	1198	1187	11
2	1211	1193	18
3	1213	1188	25
4	1224	1187	37
5	1201	1192	9
6	1186	1190	-4
7	1192	1194	-2
8	1205	1183	22
9	1215	1183	32
10	1225	1186	39
11	1222	1191	31
12	1216	1187	29
13	1218	1190	28
14	1204	1192	12
15	1204	1189	15
16	1233	1202	31
17	1216	1201	15
18	1190	1192	-2
19	1225	1195	30
20	1216	1196	20
21	1203	1191	12
22	1211	1199	12
23	1197	1202	-5
24	1225	1202	23
25	1239	1204	35
26	1227	1197	30
27	1239	1213	26
28	1210	1206	4
29	1237	1198	39
30	1256	1192	64
31	1222	1202	20
32	1241	1213	28
33	1258	1208	50
34	1241	1207	34
35	1223	1220	3
36	1216	1218	-2
37	1238	1215	23
38	1244	1207	37
39	1259	1216	43
40	1250	1216	34
41	1239	1221	18
42	1236	1219	17
43	1241	1208	33
44	1237	1204	33
45	1235	1209	26
46	1232	1206	26
47	1234	1202	32
48	1236	1213	23
49	1238	1215	23
50	1239	1212	27
51	1218	1226	-8
52	1224	1225	-1
53	1236	1220	16
54	1238	1223	15
55	1252	1228	24
56	1232	1223	9
57	1222	1223	-1
58	1241	1218	23
59	1252	1222	30
60	1247	1222	25
61	1224	1230	-6
62	1204	1224	-20
63	1226	1221	5
64	1226	1211	15
65	1247	1215	32
66	1240	1223	17
67	1241	1225	16
68	1231	1222	9
69	1245	1223	22
70	1249	1224	25
71	1238	1228	10
72	1240	1224	16
73	1249	1227	22
74	1243	1222	21
75	1233	1219	14
76	1235	1225	10
77	1232	1214	18
78	1233	1215	18
79	1241	1214	27
80	1243	1210	33
81	1228	1212	16
82	1249	1220	29
83	1246	1221	25
84	1238	1216	22
85	1244	1219	25
86	1238	1219	19
87	1228	1229	-1
88	1235	1232	3
89	1222	1236	-14
90	1239	1225	14
91	1268	1224	44
92	1262	1229	33
93	1249	1225	24
94	1259	1229	30
95	1254	1228	26
96	1249	1222	27
97	1236	1226	10
98	1223	1227	-4
99	1238	1224	14
100	1242	1221	21
101	1232	1224	8
102	1242	1229	13
103	1251	1225	26
104	1241	1213	28
105	1251	1219	32
106	1253	1225	28
107	1235	1234	1
108	1229	1240	-11
109	1240	1235	5
110	1249	1221	28
111	1242	1223	19
112	1251	1231	20
113	1245	1228	17
114	1233	1226	7
115	1224	1243	-19
116	1250	1241	9
117	1255	1231	24
118	1249	1230	19
119	1256	1237	19
120	1230	1230	0
121	1225	1232	-7
122	1239	1230	9
123	1231	1238	-7
124	1244	1233	11
125	1227	1230	-3
126	1228	1231	-3
127	1257	1226	31
128	1267	1220	47
129	1233	1223	10
130	1241	1223	18
131	1236	1226	10
132	1232	1221	11
133	1229	1229	0
134	1227	1229	-2
135	1228	1231	-3
136	1225	1228	-3
137	1243	1228	15
138	1228	1226	2
139	1256	1228	28
140	1260	1215	45
141	1260	1225	35
142	1236	1223	13
143	1251	1230	21
144	1250	1228	22
145	1242	1227	15
146	1260	1222	38
147	1271	1225	46
148	1259	1230	29
149	1248	1227	21
150	1258	1225	33
151	1249	1236	13
152	1261	1234	27
153	1254	1227	27
154	1237	1222	15
155	1242	1225	17
156	1241	1235	6
157	1253	1233	20
158	1247	1233	14
159	1255	1235	20
160	1251	1225	26
161	1240	1220	20
162	1247	1224	23
163	1256	1235	21
164	1281	1222	59
165	1253	1225	28
166	1229	1218	11
167	1236	1225	11
168	1253	1223	30
169	1269	1232	37
170	1254	1229	25
171	1267	1219	48
172	1269	1219	50
173	1274	1225	49
174	1268	1225	43
175	1268	1223	45
176	1273	1226	47
177	1259	1222	37
178	1247	1221	26
179	1255	1232	23
180	1261	1229	32
181	1279	1225	54
182	1261	1228	33
183	1242	1227	15
184	1261	1225	36
185	1250	1234	16
186	1235	1234	1
187	1225	1236	-11
188	1235	1234	1
189	1242	1226	16
190	1242	1217	25
191	1241	1230	11
192	1258	1224	34
193	1247	1222	25
194	1239	1221	18
195	1251	1226	25
196	1258	1218	40
197	1252	1214	38
198	1258	1229	29
199	1250	1237	13
200	1236	1236	0
201	1243	1229	14
202	1232	1228	4
203	1235	1221	14
204	1229	1219	10
205	1240	1229	11
206	1257	1224	33
207	1264	1222	42
208	1243	1230	13
209	1219	1237	-18
210	1238	1234	4
211	1253	1227	26
212	1237	1216	21
213	1249	1217	32
214	1259	1226	33
215	1253	1237	16
216	1261	1225	36
217	1253	1222	31
218	1250	1226	24
219	1241	1230	11
220	1238	1222	16
221	1249	1227	22
222	1256	1234	22
223	1234	1238	-4
224	1250	1237	13
225	1248	1229	19
226	1234	1225	9
227	1231	1227	4
228	1254	1228	26
229	1253	1226	27
230	1233	1234	-1
231	1244	1230	14
232	1249	1226	23
233	1255	1225	30
234	1255	1222	33
235	1244	1220	24
236	1245	1228	17
237	1257	1230	27
238	1237	1225	12
239	1222	1230	-8
240	1231	1229	2
241	1232	1226	6
242	1222	1215	7
243	1237	1227	10
244	1244	1231	13
245	1240	1226	14
246	1252	1225	27
247	1254	1230	24
248	1255	1215	40
249	1259	1224	35
250	1247	1234	13
251	1263	1225	38
252	1255	1215	40
253	1250	1228	22
254	1246	1231	15
255	1260	1235	25
256	1246	1235	11
257	1235	1229	6
258	1254	1225	29
259	1262	1227	35
260	1231	1232	-1
261	1219	1238	-19
262	1218	1236	-18
263	1226	1231	-5
264	1239	1235	4
265	1222	1229	-7
266	1243	1234	9
267	1249	1233	16
268	1246	1225	21
269	1241	1222	19
270	1239	1232	7
271	1252	1240	12
272	1259	1227	32
273	1261	1230	31
274	1251	1228	23
275	1245	1220	25
276	1249	1221	28
277	1235	1232	3
278	1256	1227	29
279	1260	1221	39
280	1243	1215	28
281	1243	1220	23
282	1236	1217	19
283	1258	1220	38
284	1243	1229	14
285	1240	1222	18
286	1243	1226	17
287	1234	1233	1
288	1239	1233	6
289	1246	1225	21
290	1225	1229	-4
291	1246	1232	14
292	1252	1230	22
293	1244	1224	20
294	1252	1228	24
295	1272	1236	36
296	1269	1233	36
297	1231	1222	9
298	1236	1221	15
299	1238	1224	14
300	1241	1228	13
301	1230	1233	-3
302	1217	1229	-12
303	1238	1233	5
304	1264	1219	45
305	1255	1223	32
306	1243	1224	19
307	1246	1218	28
308	1246	1228	18
309	1234	1227	7
310	1240	1229	11
311	1258	1242	16
312	1234	1234	0
313	1235	1228	7
314	1243	1230	13
315	1250	1233	17
316	1240	1231	9
317	1234	1233	1
318	1260	1221	39
319	1263	1226	37
320	1251	1224	27
321	1264	1227	37
322	1249	1230	19
323	1241	1229	12
324	1265	1229	36
325	1255	1237	18
326	1229	1241	-12
327	1265	1236	29
328	1277	1229	48
329	1260	1232	28
330	1242	1231	11
331	1244	1236	8
332	1246	1235	11
333	1239	1243	-4
334	1244	1234	10
335	1266	1226	40
336	1264	1229	35
337	1254	1232	22
338	1245	1235	10
339	1236	1230	6
340	1223	1232	-9
341	1246	1221	25
342	1247	1210	37
343	1251	1225	26
344	1259	1236	23
345	1235	1225	10
346	1244	1223	21
347	1272	1226	46
348	1269	1230	39
349	1240	1225	15
350	1236	1220	16
351	1236	1233	3
352	1242	1232	10
353	1242	1211	31
354	1248	1212	36
355	1258	1228	30
356	1247	1234	13
357	1230	1235	-5
358	1235	1227	8
359	1249	1225	24
360	1262	1215	47
361	1272	1229	43
362	1269	1233	36
363	1251	1233	18
364	1261	1231	30
365	1261	1232	29
366	1240	1221	19
367	1254	1227	27
368	1267	1235	32
369	1251	1230	21
370	1242	1228	14
371	1250	1232	18
372	1255	1228	27
373	1251	1232	19
374	1249	1219	30
375	1227	1220	7
376	1241	1226	15
377	1251	1224	27
378	1257	1217	40
379	1254	1225	29
380	1254	1221	33
381	1280	1215	65
382	1283	1222	61
383	1274	1221	53
384	1250	1221	29
385	1237	1231	6
386	1254	1229	25
387	1252	1233	19
388	1230	1226	4
389	1225	1222	3
390	1266	1228	38
391	1266	1229	37
392	1243	1222	21
393	1229	1222	7
394	1251	1227	24
395	1261	1233	28
396	1262	1221	41
397	1243	1225	18
398	1233	1220	13
399	1253	1223	30
400	1266	1221	45
401	1260	1232	28
402	1247	1224	23
403	1266	1221	45
404	1266	1226	40
405	1249	1223	26
406	1252	1219	33
407	1258	1225	33
408	1278	1233	45
409	1273	1231	42
410	1273	1225	48
411	1257	1232	25
412	1224	1234	-10
413	1229	1234	-5
414	1268	1237	31
415	1264	1231	33
416	1257	1226	31
417	1242	1230	12
418	1231	1227	4
419	1233	1238	-5
420	1254	1226	28
421	1258	1222	36
422	1257	1232	25
423	1246	1226	20
424	1248	1228	20
425	1254	1227	27
426	1247	1230	17
427	1226	1229	-3
428	1216	1225	-9
429	1243	1232	11
430	1249	1221	28
431	1256	1230	26
432	1243	1236	7
433	1247	1237	10
434	1254	1225	29
435	1260	1225	35
436	1231	1216	15
437	1239	1219	20
438	1276	1249	27
439	1284	1238	46
440	1263	1226	37
441	1250	1227	23
442	1251	1230	21
443	1263	1234	29
444	1265	1226	39
445	1248	1229	19
446	1220	1230	-10
447	1213	1225	-12
448	1239	1219	20
449	1238	1221	17
450	1224	1224	0
451	1233	1231	2
452	1242	1228	14
453	1245	1236	9
454	1253	1225	28
455	1252	1220	32
456	1227	1231	-4
457	1252	1215	37
458	1275	1216	59
459	1243	1228	15
460	1246	1225	21
461	1242	1222	20
462	1230	1225	5
463	1247	1229	18
464	1238	1223	15
465	1235	1216	19
466	1239	1211	28
467	1238	1217	21
468	1245	1224	21
469	1253	1228	25
470	1237	1224	13
471	1260	1231	29
472	1259	1228	31
473	1234	1232	2
474	1259	1229	30
475	1243	1228	15
476	1243	1229	14
477	1227	1222	5
478	1227	1226	1
479	1245	1230	15
480	1258	1232	26
481	1253	1235	18
482	1265	1230	35
483	1253	1241	12
484	1272	1238	34
485	1278	1231	47
486	1251	1227	24
487	1260	1228	32
488	1258	1226	32
489	1244	1230	14
490	1238	1236	2
491	1249	1236	13
492	1236	1226	10
493	1236	1224	12
494	1246	1237	9
495	1253	1229	24
496	1246	1213	33
497	1259	1234	25
498	1250	1236	14
499	1261	1225	36
500	1248	1224	24
501	1239	1233	6
502	1249	1229	20
503	1248	1228	20
504	1255	1222	33
505	1243	1225	18
506	1232	1211	21
507	1244	1215	29
508	1255	1221	34
509	1237	1221	16
510	1241	1222	19
511	1224	1232	-8
512	1233	1238	-5
513	1231	1225	6
514	1223	1224	-1
515	1239	1225	14
516	1228	1225	3
517	1238	1229	9
518	1233	1230	3
519	1238	1229	9
520	1238	1221	17
521	1258	1229	29
522	1266	1229	37
523	1263	1229	34
524	1262	1227	35
525	1242	1224	18
526	1234	1219	15
527	1221	1222	-1
528	1208	1224	-16
529	1243	1228	15
530	1252	1231	21
531	1235	1226	9
532	1233	1228	5
533	1238	1230	8
534	1255	1232	23
535	1248	1229	19
536	1241	1224	17
537	1245	1222	23
538	1241	1227	14
539	1241	1227	14
540	1236	1224	12
541	1230	1221	9
542	1253	1223	30
543	1259	1230	29
544	1262	1223	39
545	1241	1233	8
546	1233	1235	-2
547	1257	1232	25
548	1253	1225	28
549	1266	1218	48
550	1256	1227	29
551	1251	1226	25
552	1234	1216	18
553	1202	1221	-19
554	1220	1218	2
555	1244	1216	28
556	1223	1232	-9
557	1226	1226	0
558	1229	1225	4
559	1260	1227	33
560	1257	1225	32
561	1259	1215	44
562	1264	1216	48
563	1262	1225	37
564	1252	1227	25
565	1243	1230	13
566	1235	1229	6
567	1228	1225	3
568	1237	1217	20
569	1256	1219	37
570	1259	1219	40
571	1258	1215	43
572	1246	1215	31
573	1231	1230	1
574	1245	1239	6
575	1249	1229	20
576	1247	1221	26
577	1254	1225	29
578	1254	1230	24
579	1252	1224	28
580	1246	1220	26
581	1240	1229	11
582	1231	1240	-9
583	1235	1229	6
584	1272	1224	48
585	1267	1223	44
586	1265	1220	45
587	1251	1228	23
588	1241	1228	13
589	1240	1224	16
590	1237	1224	13
591	1239	1217	22
592	1224	1214	10
593	1255	1228	27
594	1275	1234	41
595	1258	1227	31
596	1258	1219	39
597	1243	1217	26
598	1232	1220	12
599	1230	1225	5
600	1243	1232	11
601	1245	1234	11
602	1253	1220	33
603	1249	1221	28
604	1251	1222	29
605	1245	1225	20
606	1256	1217	39
607	1253	1226	27
608	1253	1225	28
609	1255	1226	29
610	1251	1224	27
611	1236	1237	-1
612	1235	1234	1
613	1226	1228	-2
614	1231	1222	9
615	1241	1237	4
616	1235	1224	11
617	1205	1215	-10
618	1225	1227	-2
619	1241	1230	11
620	1224	1231	-7
621	1238	1240	-2
622	1265	1231	34
623	1246	1230	16
624	1237	1227	10
625	1229	1235	-6
626	1273	1238	35
627	1264	1237	27
628	1251	1236	15
629	1254	1234	20
630	1249	1221	28
631	1237	1220	17
632	1241	1220	21
633	1251	1221	30
634	1244	1215	29
635	1238	1223	15
636	1252	1233	19
637	1238	1228	10
638	1231	1233	-2
639	1237	1235	2
640	1232	1228	4
641	1232	1236	-4
642	1240	1230	10
643	1237	1229	8
644	1229	1232	-3
645	1230	1238	-8
646	1236	1235	1
647	1233	1232	1
648	1234	1227	7
649	1250	1230	20
650	1274	1220	54
651	1248	1213	35
652	1238	1215	23
653	1245	1224	21
654	1230	1233	-3
655	1250	1223	27
656	1251	1222	29
657	1261	1229	32
658	1263	1225	38
659	1247	1228	19
660	1249	1233	16
661	1240	1230	10
662	1260	1224	36
663	1275	1223	52
664	1242	1222	20
665	1247	1230	17
666	1256	1228	28
667	1263	1224	39
668	1251	1219	32
669	1236	1222	14
670	1229	1224	5
671	1229	1221	8
672	1262	1229	33
673	1253	1222	31
674	1259	1222	37
675	1261	1229	32
676	1235	1221	14
677	1214	1228	-14
678	1220	1227	-7
679	1243	1234	9
680	1254	1228	26
681	1249	1220	29
682	1262	1225	37
683	1260	1237	23
684	1260	1234	26
685	1257	1236	21
686	1250	1228	22
687	1248	1224	24
688	1266	1230	36
689	1257	1227	30
690	1260	1223	37
691	1259	1219	40
692	1245	1219	26
693	1250	1226	24
694	1252	1223	29
695	1248	1233	15
696	1232	1222	10
697	1240	1224	16
698	1233	1222	11
699	1230	1226	4
700	1248	1224	24
701	1264	1215	49
702	1245	1224	21
703	1248	1226	22
704	1219	1224	-5
705	1239	1236	3
706	1267	1227	40
707	1274	1267	7
708	1262	1253	9
709	1253	1223	30
710	1227	1227	0
711	1248	1232	16
712	1259	1220	39
713	1255	1229	26
714	1240	1240	0
715	1227	1227	0
716	1247	1229	18
717	1238	1244	-6
718	1233	1228	5
719	1255	1233	22
720	1252	1228	24
721	1245	1221	24
722	1231	1232	-1
723	1235	1237	-2
724	1238	1225	13
725	1239	1230	9
726	1249	1227	22
727	1247	1228	19
728	1274	1222	52
729	1250	1227	23
730	1219	1220	-1
731	1224	1230	-6
732	1236	1230	6
733	1244	1220	24
734	1232	1228	4
735	1225	1240	-15
736	1260	1224	36
737	1258	1224	34
738	1243	1229	14
739	1269	1230	39
740	1263	1222	41
741	1261	1219	42
742	1238	1219	19
743	1245	1236	9
744	1249	1244	5
745	1248	1246	2
746	1255	1234	21
747	1243	1231	12
748	1245	1232	13
749	1231	1222	9
750	1237	1220	17
751	1233	1234	-1
752	1222	1242	-20
753	1241	1231	10
754	1258	1224	34
755	1253	1235	18
756	1253	1227	26
757	1250	1224	26
758	1256	1233	23
759	1240	1245	-5
760	1259	1234	25
761	1264	1240	24
762	1234	1242	-8
763	1241	1238	3
764	1279	1229	50
765	1254	1222	32
766	1235	1231	4
767	1240	1234	6
768	1230	1229	1
769	1228	1226	2
770	1238	1228	10
771	1244	1228	16
772	1254	1222	32
773	1240	1227	13
774	1239	1225	14
775	1231	1221	10
776	1252	1225	27
777	1242	1236	6
778	1253	1237	16
779	1242	1231	11
780	1236	1226	10
781	1232	1227	5
782	1232	1229	3
783	1227	1226	1
784	1245	1228	17
785	1273	1224	49
786	1270	1217	53
787	1241	1228	13
788	1242	1228	14
789	1257	1222	35
790	1266	1231	35
791	1245	1236	9
792	1255	1227	28
793	1260	1224	36
794	1242	1227	15
795	1245	1226	19
796	1245	1224	21
797	1269	1232	37
798	1256	1226	30
799	1242	1229	13
800	1250	1235	15
801	1278	1233	45
802	1268	1228	40
803	1247	1230	17
804	1254	1229	25
805	1256	1227	29
806	1238	1236	2
807	1244	1244	0
808	1250	1225	25
809	1233	1219	14
810	1242	1223	19
811	1258	1227	31
812	1256	1229	27
813	1232	1224	8
814	1246	1229	17
815	1258	1234	24
816	1257	1223	34
817	1249	1220	29
818	1228	1220	8
819	1218	1231	-13
820	1208	1233	-25
821	1243	1227	16
822	1262	1219	43
823	1225	1219	6
824	1221	1217	4
825	1251	1226	25
826	1272	1220	52
827	1277	1217	60
828	1260	1220	40
829	1245	1238	7
830	1225	1231	-6
831	1239	1219	20
832	1250	1216	34
833	1255	1228	27
834	1232	1222	10
835	1233	1250	-17
836	1231	1243	-12
837	1238	1231	7
838	1255	1220	35
839	1258	1221	37
840	1240	1227	13
841	1233	1226	7
842	1233	1220	13
843	1244	1224	20
844	1256	1219	37
845	1231	1225	6
846	1255	1231	24
847	1263	1220	43
848	1224	1215	9
849	1236	1221	15
850	1258	1225	33
851	1266	1231	35
852	1252	1235	17
853	1251	1233	18
854	1236	1229	7
855	1247	1227	20
856	1256	1236	20
857	1249	1235	14
858	1238	1230	8
859	1233	1227	6
860	1263	1222	41
861	1253	1221	32
862	1226	1228	-2
863	1231	1238	-7
864	1257	1236	21
865	1249	1230	19
866	1269	1218	51
867	1266	1213	53
868	1260	1227	33
869	1242	1234	8
870	1249	1229	20
871	1238	1229	9
872	1237	1230	7
873	1231	1234	-3
874	1243	1235	8
875	1255	1238	17
876	1232	1235	-3
877	1246	1231	15
878	1238	1235	3
879	1251	1234	17
880	1259	1221	38
881	1268	1224	44
882	1264	1222	42
883	1267	1221	46
884	1257	1220	37
885	1268	1225	43
886	1276	1224	52
887	1275	1219	56
888	1256	1212	44
889	1241	1215	26
890	1239	1228	11
891	1261	1241	20
892	1261	1228	33
893	1258	1234	24
894	1256	1237	19
895	1232	1236	-4
896	1248	1227	21
897	1267	1234	33
898	1251	1235	16
899	1257	1226	31
900	1240	1234	6
901	1238	1232	6
902	1248	1230	18
903	1243	1232	11
904	1231	1226	5
905	1238	1223	15
906	1256	1225	31
907	1245	1227	18
908	1262	1242	20
909	1254	1235	19
910	1237	1226	11
911	1246	1230	16
912	1253	1238	15
913	1239	1238	1
914	1257	1233	24
915	1270	1229	41
916	1273	1227	46
917	1260	1233	27
918	1249	1227	22
919	1258	1223	35
920	1250	1229	21
921	1233	1236	-3
922	1239	1223	16
923	1261	1224	37
924	1264	1230	34
925	1254	1229	25
926	1267	1230	37
927	1242	1238	4
928	1234	1226	8
929	1259	1220	39
930	1273	1225	48
931	1257	1226	31
932	1242	1221	21
933	1234	1229	5
934	1255	1230	25
935	1235	1233	2
936	1231	1225	6
937	1239	1225	14
938	1229	1225	4
939	1249	1224	25
940	1262	1230	32
941	1246	1222	24
942	1230	1227	3
943	1255	1237	18
944	1266	1241	25
945	1261	1233	28
946	1257	1226	31
947	1249	1235	14
948	1257	1230	27
949	1245	1226	19
950	1239	1217	22
951	1228	1218	10
952	1259	1225	34
953	1257	1224	33
954	1257	1224	33
955	1255	1233	22
956	1237	1224	13
957	1232	1226	6
958	1241	1222	19
959	1239	1213	26
960	1240	1221	19
961	1239	1215	24
962	1228	1214	14
963	1250	1224	26
964	1258	1219	39
965	1250	1221	29
966	1250	1232	18
967	1247	1224	23
968	1259	1227	32
969	1245	1232	13
970	1245	1230	15
971	1239	1224	15
972	1223	1220	3
973	1223	1225	-2
974	1252	1227	25
975	1252	1225	27
976	1242	1232	10
977	1247	1227	20
978	1257	1219	38
979	1234	1228	6
980	1232	1235	-3
981	1255	1239	16
982	1246	1230	16
983	1241	1225	16
984	1255	1217	38
985	1234	1217	17
986	1205	1232	-27
987	1210	1237	-27
988	1230	1232	-2
989	1237	1227	10
990	1237	1219	18
991	1243	1221	22
992	1251	1215	36
993	1235	1215	20
994	1239	1215	24
995	1231	1226	5
996	1232	1232	0
997	1259	1228	31
998	1231	1225	6
999	1239	1216	23
1000	1258	1214	44
1001	1249	1224	25
1002	1255	1221	34
1003	1266	1232	34
1004	1261	1237	24
1005	1267	1232	35
1006	1234	1226	8
1007	1231	1228	3
1008	1244	1231	13
1009	1233	1233	0
1010	1222	1236	-14
1011	1238	1229	9
1012	1243	1221	22
1013	1263	1221	42
1014	1266	1223	43
1015	1241	1235	6
1016	1248	1227	21
1017	1271	1224	47
1018	1268	1225	43
1019	1243	1228	15
1020	1248	1218	30
1021	1250	1228	22
1022	1251	1229	22
1023	1243	1221	22
1024	1230	1226	4
1025	1221	1232	-11
1026	1243	1222	21
1027	1243	1224	19
1028	1214	1229	-15
1029	1228	1224	4
1030	1244	1226	18
1031	1248	1237	11
1032	1237	1230	7
1033	1230	1230	0
1034	1240	1234	6
1035	1252	1239	13
1036	1258	1236	22
1037	1250	1232	18
1038	1273	1224	49
1039	1251	1221	30
1040	1241	1217	24
1041	1252	1215	37
1042	1230	1222	8
1043	1232	1230	2
1044	1246	1233	13
1045	1240	1231	9
1046	1239	1225	14
1047	1241	1225	16
1048	1244	1228	16
1049	1246	1229	17
1050	1229	1224	5
1051	1239	1228	11
1052	1248	1228	20
1053	1259	1220	39
1054	1252	1219	33
1055	1227	1220	7
1056	1239	1221	18
1057	1256	1225	31
1058	1243	1219	24
1059	1234	1223	11
1060	1238	1218	20
1061	1223	1220	3
1062	1243	1240	3
1063	1232	1241	-9
1064	1227	1224	3
1065	1221	1224	-3
1066	1235	1231	4
1067	1245	1224	21
1068	1254	1228	26
1069	1252	1227	25
1070	1273	1218	55
1071	1253	1228	25
1072	1233	1221	12
1073	1237	1216	21
1074	1253	1225	28
1075	1236	1234	2
1076	1221	1226	-5
1077	1237	1227	10
1078	1258	1223	35
1079	1253	1223	30
1080	1242	1225	17
1081	1245	1214	31
1082	1245	1219	26
1083	1253	1224	29
1084	1248	1213	35
1085	1242	1228	14
1086	1260	1236	24
1087	1259	1233	26
1088	1282	1224	58
1089	1272	1226	46
1090	1241	1218	23
1091	1256	1214	42
1092	1245	1223	22
1093	1234	1230	4
1094	1250	1225	25
1095	1246	1229	17
1096	1246	1224	22
1097	1265	1223	42
1098	1256	1233	23
1099	1254	1236	18
1100	1262	1229	33
1101	1253	1227	26
1102	1246	1223	23
1103	1233	1228	5
1104	1240	1226	14
1105	1246	1223	23
1106	1246	1224	22
1107	1238	1223	15
1108	1235	1225	10
1109	1243	1232	11
1110	1251	1225	26
1111	1230	1231	-1
1112	1244	1227	17
1113	1259	1229	30
1114	1247	1228	19
1115	1243	1220	23
1116	1265	1223	42
1117	1245	1227	18
1118	1239	1221	18
1119	1233	1230	3
1120	1232	1227	5
1121	1260	1232	28
1122	1255	1229	26
1123	1255	1225	30
1124	1263	1217	46
1125	1264	1229	35
1126	1252	1222	30
1127	1231	1226	5
1128	1249	1237	12
1129	1255	1231	24
1130	1239	1229	10
1131	1249	1230	19
1132	1247	1218	29
1133	1234	1224	10
1134	1231	1225	6
1135	1248	1228	20
1136	1241	1227	14
1137	1239	1228	11
1138	1259	1222	37
1139	1248	1226	22
1140	1233	1226	7
1141	1260	1227	33
1142	1248	1223	25
1143	1236	1223	13
1144	1238	1224	14
1145	1271	1222	49
1146	1250	1221	29
1147	1223	1226	-3
1148	1247	1231	16
1149	1240	1225	15
1150	1247	1232	15
1151	1224	1231	-7
1152	1222	1220	2
1153	1224	1227	-3
1154	1235	1230	5
1155	1247	1228	19
1156	1244	1219	25
1157	1234	1226	8
1158	1227	1227	0
1159	1239	1227	12
1160	1230	1218	12
1161	1247	1227	20
1162	1245	1225	20
1163	1243	1229	14
1164	1238	1221	17
1165	1232	1217	15
1166	1230	1223	7
1167	1229	1228	1
1168	1251	1235	16
1169	1241	1241	0
1170	1236	1232	4
1171	1264	1232	32
1172	1260	1235	25
1173	1249	1238	11
1174	1223	1231	-8
1175	1223	1233	-10
1176	1246	1230	16
1177	1232	1222	10
1178	1226	1229	-3
1179	1233	1239	-6
1180	1243	1228	15
1181	1237	1225	12
1182	1247	1227	20
1183	1246	1222	24
1184	1247	1220	27
1185	1255	1234	21
1186	1245	1233	12
1187	1216	1236	-20
1188	1231	1231	0
1189	1254	1225	29
1190	1242	1227	15
1191	1242	1227	15
1192	1251	1227	24
1193	1264	1222	42
1194	1274	1231	43
1195	1269	1240	29
1196	1259	1233	26
1197	1242	1233	9
1198	1244	1229	15
1199	1265	1231	34
1200	1236	1227	9
1201	1243	1230	13
1202	1249	1227	22
1203	1243	1229	14
1204	1210	1227	-17
1205	1239	1238	1
1206	1255	1236	19
1207	1258	1230	28
1208	1271	1225	46
1209	1267	1231	36
1210	1266	1244	22
1211	1273	1242	31
1212	1248	1222	26
1213	1243	1226	17
1214	1246	1229	17
1215	1255	1229	26
1216	1251	1229	22
1217	1230	1230	0
1218	1232	1224	8
1219	1267	1222	45
1220	1254	1233	21
1221	1234	1242	-8
1222	1231	1224	7
1223	1221	1224	-3
1224	1227	1226	1
1225	1243	1224	19
1226	1259	1224	35
1227	1251	1230	21
1228	1250	1230	20
1229	1260	1226	34
1230	1261	1226	35
1231	1260	1229	31
1232	1250	1226	24
1233	1265	1226	39
1234	1264	1228	36
1235	1250	1229	21
1236	1243	1231	12
1237	1236	1234	2
1238	1243	1229	14
1239	1247	1226	21
1240	1242	1231	11
1241	1247	1237	10
1242	1238	1226	12
1243	1234	1228	6
1244	1239	1226	13
1245	1234	1232	2
1246	1257	1240	17
1247	1225	1238	-13
1248	1247	1231	16
1249	1250	1229	21
1250	1250	1227	23
1251	1232	1232	0
1252	1245	1231	14
1253	1245	1224	21
1254	1241	1233	8
1255	1257	1227	30
1256	1246	1227	19
1257	1220	1231	-11
1258	1239	1224	15
1259	1247	1229	18
1260	1242	1235	7
1261	1254	1225	29
1262	1278	1227	51
1263	1257	1235	22
1264	1243	1230	13
1265	1254	1233	21
1266	1248	1227	21
1267	1223	1224	-1
1268	1253	1215	38
1269	1259	1228	31
1270	1248	1232	16
1271	1250	1229	21
1272	1236	1226	10
1273	1255	1227	28
1274	1243	1219	24
1275	1243	1225	18
1276	1245	1225	20
1277	1241	1229	12
1278	1254	1239	15
1279	1273	1228	45
1280	1277	1228	49
1281	1238	1228	10
1282	1233	1226	7
1283	1226	1225	1
1284	1235	1222	13
1285	1257	1227	30
1286	1248	1227	21
1287	1256	1227	29
1288	1241	1219	22
1289	1248	1229	19
1290	1262	1236	26
1291	1254	1230	24
1292	1243	1221	22
1293	1265	1228	37
1294	1241	1219	22
1295	1225	1220	5
1296	1244	1230	14
1297	1251	1223	28
1298	1239	1227	12
1299	1218	1231	-13
1300	1230	1220	10
1301	1279	1226	53
1302	1266	1224	42
1303	1235	1225	10
1304	1248	1222	26
1305	1225	1222	3
1306	1224	1221	3
1307	1250	1232	18
1308	1240	1231	9
1309	1229	1231	-2
1310	1239	1236	3
1311	1252	1239	13
1312	1253	1223	30
1313	1259	1236	23
1314	1256	1234	22
1315	1239	1227	12
1316	1242	1223	19
1317	1254	1222	32
1318	1264	1217	47
1319	1251	1227	24
1320	1243	1227	16
1321	1239	1222	17
1322	1253	1233	20
1323	1260	1235	25
1324	1232	1222	10
1325	1234	1232	2
1326	1246	1228	18
1327	1273	1229	44
1328	1283	1225	58
1329	1257	1232	25
1330	1232	1235	-3
1331	1232	1226	6
1332	1221	1233	-12
1333	1222	1229	-7
1334	1233	1226	7
1335	1253	1227	26
1336	1285	1248	37
1337	1275	1232	43
1338	1248	1210	38
1339	1253	1220	33
1340	1252	1236	16
1341	1262	1233	29
1342	1248	1224	24
1343	1228	1224	4
1344	1230	1214	16
1345	1263	1215	48
1346	1247	1221	26
1347	1234	1222	12
1348	1245	1227	18
1349	1243	1233	10
1350	1236	1226	10
1351	1226	1229	-3
1352	1235	1227	8
1353	1255	1238	17
1354	1250	1241	9
1355	1239	1231	8
1356	1233	1227	6
1357	1244	1229	15
1358	1244	1232	12
1359	1244	1224	20
1360	1259	1224	35
1361	1253	1223	30
1362	1241	1219	22
1363	1246	1228	18
1364	1269	1234	35
1365	1264	1237	27
1366	1253	1228	25
1367	1251	1225	26
1368	1256	1231	25
1369	1256	1231	25
1370	1247	1230	17
1371	1238	1237	1
1372	1245	1229	16
1373	1263	1220	43
1374	1256	1226	30
1375	1259	1234	25
1376	1252	1226	26
1377	1261	1228	33
1378	1252	1229	23
1379	1245	1233	12
1380	1253	1224	29
1381	1224	1226	-2
1382	1249	1232	17
1383	1245	1237	8
1384	1238	1236	2
1385	1230	1234	-4
1386	1242	1234	8
1387	1245	1236	9
1388	1231	1228	3
1389	1220	1227	-7
1390	1244	1232	12
1391	1249	1231	18
1392	1233	1221	12
1393	1250	1226	24
1394	1245	1225	20
1395	1235	1226	9
1396	1259	1231	28
1397	1271	1233	38
1398	1257	1235	22
1399	1255	1220	35
1400	1238	1210	28
1401	1241	1231	10
1402	1259	1232	27
1403	1226	1230	-4
1404	1232	1229	3
1405	1250	1228	22
1406	1237	1225	12
1407	1250	1232	18
1408	1254	1230	24
1409	1240	1231	9
1410	1246	1228	18
1411	1239	1235	4
1412	1251	1233	18
1413	1244	1235	9
1414	1234	1231	3
1415	1244	1224	20
1416	1283	1239	44
1417	1265	1229	36
1418	1244	1228	16
1419	1283	1235	48
1420	1288	1235	53
1421	1271	1234	37
1422	1253	1230	23
1423	1258	1233	25
1424	1249	1228	21
1425	1261	1224	37
1426	1273	1225	48
1427	1246	1226	20
1428	1223	1224	-1
1429	1240	1221	19
1430	1246	1226	20
1431	1257	1227	30
1432	1246	1224	22
1433	1221	1225	-4
1434	1237	1216	21
1435	1253	1215	38
1436	1269	1227	42
1437	1282	1236	46
1438	1261	1231	30
1439	1266	1232	34
1440	1256	1210	46
1441	1237	1224	13
1442	1243	1246	-3
1443	1247	1242	5
1444	1263	1237	26
1445	1265	1234	31
1446	1262	1223	39
1447	1268	1229	39
1448	1271	1229	42
1449	1266	1227	39
1450	1274	1222	52
1451	1249	1224	25
1452	1255	1229	26
1453	1254	1232	22
1454	1240	1239	1
1455	1257	1236	21
1456	1262	1222	40
1457	1270	1223	47
1458	1285	1228	57
1459	1272	1228	44
1460	1263	1223	40
1461	1252	1230	22
1462	1251	1227	24
1463	1236	1231	5
1464	1265	1231	34
1465	1263	1226	37
1466	1250	1222	28
1467	1269	1225	44
1468	1260	1228	32
1469	1247	1229	18
1470	1255	1221	34
1471	1248	1224	24
1472	1259	1226	33
1473	1279	1232	47
1474	1249	1236	13
1475	1250	1238	12
1476	1263	1222	41
1477	1260	1227	33
1478	1255	1239	16
1479	1259	1234	25
1480	1243	1229	14
1481	1229	1231	-2
1482	1244	1234	10
1483	1254	1228	26
1484	1253	1224	29
1485	1255	1225	30
1486	1243	1226	17
1487	1239	1236	3
1488	1232	1235	-3
1489	1241	1229	12
1490	1257	1224	33
1491	1260	1229	31
1492	1252	1231	21
1493	1273	1231	42
1494	1259	1231	28
1495	1256	1234	22
1496	1261	1233	28
1497	1258	1230	28
1498	1270	1221	49
1499	1276	1224	52
1500	1267	1226	41
1501	1251	1232	19
1502	1259	1232	27
1503	1257	1233	24
1504	1247	1219	28
1505	1273	1207	66
1506	1241	1213	28
1507	1262	1232	30
1508	1272	1237	35
1509	1283	1230	53
1510	1293	1235	58
1511	1264	1236	28
1512	1276	1236	40
1513	1252	1239	13
1514	1243	1237	6
1515	1261	1239	22
1516	1254	1235	19
1517	1264	1224	40
1518	1254	1221	33
1519	1272	1230	42
1520	1257	1232	25
1521	1252	1220	32
1522	1273	1209	64
1523	1268	1228	40
1524	1249	1238	11
1525	1254	1223	31
1526	1256	1219	37
1527	1233	1229	4
1528	1228	1230	-2
1529	1239	1226	13
1530	1262	1227	35
1531	1251	1227	24
1532	1260	1231	29
1533	1271	1230	41
1534	1273	1225	48
1535	1271	1240	31
1536	1275	1234	41
1537	1249	1230	19
1538	1237	1225	12
1539	1282	1220	62
1540	1295	1217	78
1541	1287	1224	63
1542	1268	1223	45
1543	1272	1228	44
1544	1286	1233	53
1545	1259	1234	25
1546	1265	1227	38
1547	1265	1224	41
1548	1260	1217	43
1549	1244	1223	21
1550	1244	1233	11
1551	1248	1240	8
1552	1266	1227	39
1553	1262	1230	32
1554	1266	1241	25
1555	1272	1236	36
1556	1244	1227	17
1557	1241	1228	13
1558	1278	1220	58
1559	1284	1214	70
1560	1279	1229	50
1561	1293	1227	66
1562	1276	1216	60
1563	1265	1226	39
1564	1287	1226	61
1565	1279	1219	60
1566	1265	1216	49
1567	1256	1221	35
1568	1258	1233	25
1569	1263	1228	35
1570	1295	1222	73
1571	1277	1218	59
1572	1256	1221	35
1573	1271	1219	52
1574	1272	1223	49
1575	1268	1221	47
1576	1275	1220	55
1577	1289	1226	63
1578	1278	1232	46
1579	1260	1238	22
1580	1260	1233	27
1581	1264	1236	28
1582	1286	1229	57
1583	1250	1240	10
1584	1228	1245	-17
1585	1264	1231	33
1586	1271	1226	45
1587	1269	1237	32
1588	1285	1230	55
1589	1272	1236	36
1590	1271	1226	45
1591	1285	1212	73
1592	1290	1216	74
1593	1258	1236	22
1594	1259	1233	26
1595	1299	1229	70
1596	1283	1220	63
1597	1265	1232	33
1598	1247	1238	9
1599	1253	1226	27
1600	1259	1215	44
1601	1252	1218	34
1602	1279	1223	56
1603	1277	1226	51
1604	1291	1224	67
1605	1280	1226	54
1606	1257	1216	41
1607	1262	1218	44
1608	1265	1229	36
1609	1283	1222	61
1610	1299	1218	81
1611	1277	1232	45
1612	1273	1233	40
1613	1243	1226	17
1614	1258	1223	35
1615	1268	1231	37
1616	1271	1221	50
1617	1269	1215	54
1618	1251	1221	30
1619	1262	1228	34
1620	1255	1222	33
1621	1239	1224	15
1622	1249	1229	20
1623	1258	1217	41
1624	1258	1215	43
1625	1279	1225	54
1626	1265	1231	34
1627	1250	1232	18
1628	1258	1227	31
1629	1285	1228	57
1630	1275	1224	51
1631	1257	1224	33
1632	1249	1223	26
1633	1260	1220	40
1634	1259	1218	41
1635	1265	1222	43
1636	1287	1231	56
1637	1280	1227	53
1638	1281	1229	52
1639	1305	1233	72
1640	1293	1231	62
1641	1292	1233	59
1642	1288	1227	61
1643	1285	1223	62
1644	1285	1221	64
1645	1312	1214	98
1646	1286	1227	59
1647	1287	1233	54
1648	1278	1228	50
1649	1274	1228	46
1650	1295	1234	61
1651	1295	1239	56
1652	1258	1231	27
1653	1261	1217	44
1654	1295	1218	77
1655	1296	1225	71
1656	1288	1233	55
1657	1288	1228	60
1658	1286	1223	63
1659	1285	1232	53
1660	1293	1235	58
1661	1305	1234	71
1662	1286	1224	62
1663	1275	1231	44
1664	1303	1225	78
1665	1287	1225	62
1666	1295	1226	69
1667	1288	1225	63
1668	1288	1225	63
1669	1308	1234	74
1670	1287	1238	49
1671	1283	1226	57
1672	1288	1226	62
1673	1283	1233	50
1674	1298	1225	73
1675	1315	1233	82
1676	1289	1243	46
1677	1272	1232	40
1678	1280	1231	49
1679	1268	1228	40
1680	1273	1224	49
1681	1291	1231	60
1682	1280	1229	51
1683	1291	1234	57
1684	1280	1231	49
1685	1277	1223	54
1686	1299	1222	77
1687	1287	1234	53
1688	1297	1234	63
1689	1311	1222	89
1690	1296	1214	82
1691	1293	1229	64
1692	1311	1235	76
1693	1300	1232	68
1694	1304	1230	74
1695	1284	1231	53
1696	1265	1225	40
1697	1288	1237	51
1698	1305	1228	77
1699	1311	1231	80
1700	1309	1227	82
1701	1289	1231	58
1702	1273	1231	42
1703	1290	1229	61
1704	1294	1220	74
1705	1293	1234	59
1706	1287	1230	57
1707	1300	1229	71
1708	1304	1238	66
1709	1297	1241	56
1710	1302	1221	81
1711	1320	1230	90
1712	1288	1224	64
1713	1274	1233	41
1714	1280	1232	48
1715	1284	1228	56
1716	1292	1235	57
1717	1312	1234	78
1718	1307	1229	78
1719	1301	1228	73
1720	1278	1228	50
1721	1303	1223	80
1722	1314	1218	96
1723	1295	1221	74
1724	1313	1225	88
1725	1312	1222	90
1726	1273	1209	64
1727	1283	1219	64
1728	1324	1220	104
1729	1315	1223	92
1730	1298	1224	74
1731	1298	1230	68
1732	1283	1223	60
1733	1271	1221	50
1734	1315	1233	82
1735	1310	1225	85
1736	1302	1219	83
1737	1304	1222	82
1738	1307	1235	72
1739	1285	1239	46
1740	1276	1230	46
1741	1292	1224	68
1742	1322	1228	94
1743	1301	1238	63
1744	1308	1231	77
1745	1319	1231	88
1746	1311	1236	75
1747	1326	1237	89
1748	1326	1237	89
1749	1302	1227	75
1750	1311	1233	78
1751	1329	1239	90
1752	1325	1233	92
1753	1312	1233	79
1754	1300	1231	69
1755	1306	1239	67
1756	1298	1236	62
1757	1297	1234	63
1758	1290	1236	54
1759	1279	1234	45
1760	1300	1226	74
1761	1324	1228	96
1762	1323	1224	99
1763	1311	1233	78
1764	1307	1230	77
1765	1318	1228	90
1766	1301	1226	75
1767	1295	1232	63
1768	1303	1233	70
1769	1332	1237	95
1770	1332	1231	101
1771	1332	1237	95
1772	1315	1226	89
1773	1305	1232	73
1774	1325	1231	94
1775	1318	1217	101
1776	1314	1236	78
1777	1315	1241	74
1778	1304	1230	74
1779	1295	1232	63
1780	1314	1233	81
1781	1318	1231	87
1782	1289	1229	60
1783	1308	1229	79
1784	1317	1222	95
1785	1309	1226	83
1786	1312	1235	77
1787	1343	1227	116
1788	1337	1225	112
1789	1311	1232	79
1790	1297	1222	75
1791	1292	1218	74
1792	1329	1246	83
1793	1334	1246	88
1794	1319	1233	86
1795	1309	1233	76
1796	1335	1232	103
1797	1332	1234	98
1798	1334	1232	102
1799	1337	1238	99
1800	1323	1230	93
1801	1332	1235	97
1802	1333	1227	106
1803	1325	1228	97
1804	1320	1234	86
1805	1301	1232	69
1806	1311	1230	81
1807	1334	1231	103
1808	1308	1235	73
1809	1312	1228	84
1810	1322	1226	96
1811	1345	1226	119
1812	1326	1225	101
1813	1316	1228	88
1814	1339	1225	114
1815	1372	1231	141
1816	1365	1236	129
1817	1324	1232	92
1818	1335	1228	107
1819	1345	1227	118
1820	1323	1227	96
1821	1323	1230	93
1822	1333	1225	108
1823	1346	1215	131
1824	1367	1221	146
1825	1330	1233	97
1826	1325	1229	96
1827	1351	1228	123
1828	1343	1229	114
1829	1331	1227	104
1830	1337	1221	116
1831	1340	1229	111
1832	1328	1240	88
1833	1322	1237	85
1834	1335	1225	110
1835	1354	1228	126
1836	1340	1227	113
1837	1350	1222	128
1838	1322	1227	95
1839	1320	1230	90
1840	1320	1224	96
1841	1326	1226	100
1842	1329	1224	105
1843	1353	1224	129
1844	1334	1224	110
1845	1334	1235	99
1846	1326	1230	96
1847	1311	1221	90
1848	1328	1229	99
1849	1350	1230	120
1850	1351	1217	134
1851	1353	1216	137
1852	1355	1218	137
1853	1334	1225	109
1854	1342	1225	117
1855	1345	1227	118
1856	1385	1230	155
1857	1371	1228	143
1858	1343	1221	122
1859	1344	1227	117
1860	1348	1223	125
1861	1351	1228	123
1862	1359	1230	129
1863	1372	1235	137
1864	1355	1221	134
1865	1349	1223	126
1866	1370	1232	138
1867	1368	1235	133
1868	1358	1238	120
1869	1357	1227	130
1870	1354	1224	130
1871	1333	1232	101
1872	1334	1238	96
1873	1329	1235	94
1874	1312	1227	85
1875	1314	1222	92
1876	1334	1215	119
1877	1352	1223	129
1878	1338	1224	114
1879	1332	1222	110
1880	1345	1228	117
1881	1340	1234	106
1882	1328	1230	98
1883	1333	1237	96
1884	1329	1243	86
1885	1340	1244	96
1886	1345	1230	115
1887	1353	1231	122
1888	1352	1227	125
1889	1319	1229	90
1890	1336	1224	112
1891	1349	1229	120
1892	1347	1226	121
1893	1340	1237	103
1894	1331	1236	95
1895	1354	1236	118
1896	1352	1232	120
1897	1339	1221	118
1898	1318	1227	91
1899	1347	1233	114
1900	1360	1228	132
1901	1333	1230	103
1902	1346	1225	121
1903	1335	1218	117
1904	1342	1222	120
1905	1343	1224	119
1906	1323	1227	96
1907	1329	1225	104
1908	1350	1223	127
1909	1370	1228	142
1910	1348	1224	124
1911	1340	1230	110
1912	1341	1224	117
1913	1335	1225	110
1914	1346	1232	114
1915	1362	1225	137
1916	1368	1223	145
1917	1324	1228	96
1918	1305	1229	76
1919	1321	1217	104
1920	1351	1214	137
1921	1325	1215	110
1922	1325	1234	91
1923	1333	1236	97
1924	1349	1232	117
1925	1340	1223	117
1926	1334	1219	115
1927	1344	1231	113
1928	1348	1230	118
1929	1302	1226	76
1930	1328	1226	102
1931	1346	1231	115
1932	1348	1221	127
1933	1357	1224	133
1934	1346	1216	130
1935	1320	1225	95
1936	1334	1231	103
1937	1318	1227	91
1938	1340	1218	122
1939	1340	1224	116
1940	1327	1231	96
1941	1351	1220	131
1942	1361	1210	151
1943	1352	1226	126
1944	1347	1220	127
1945	1351	1224	127
1946	1345	1223	122
1947	1349	1228	121
1948	1344	1226	118
1949	1361	1219	142
1950	1378	1236	142
1951	1351	1241	110
1952	1349	1242	107
1953	1350	1232	118
1954	1345	1230	115
1955	1360	1218	142
1956	1333	1219	114
1957	1347	1225	122
1958	1361	1210	151
1959	1362	1215	147
1960	1337	1221	116
1961	1354	1229	125
1962	1364	1227	137
1963	1365	1228	137
1964	1346	1221	125
1965	1358	1225	133
1966	1360	1240	120
1967	1362	1223	139
1968	1357	1221	136
1969	1367	1224	143
1970	1363	1222	141
1971	1348	1219	129
1972	1368	1223	145
1973	1356	1222	134
1974	1350	1213	137
1975	1349	1209	140
1976	1362	1216	146
1977	1352	1224	128
1978	1360	1231	129
1979	1362	1231	131
1980	1368	1230	138
1981	1370	1227	143
1982	1373	1217	156
1983	1370	1222	148
1984	1379	1231	148
1985	1380	1236	144
1986	1370	1222	148
1987	1360	1220	140
1988	1374	1224	150
1989	1376	1236	140
1990	1384	1232	152
1991	1367	1227	140
1992	1364	1227	137
1993	1378	1225	153
1994	1362	1220	142
1995	1375	1219	156
1996	1366	1217	149
1997	1354	1227	127
1998	1358	1221	137
1999	1360	1225	135
2000	1363	1232	131
2001	1379	1225	154
2002	1366	1226	140
2003	1372	1223	149
2004	1357	1232	125
2005	1384	1239	145
2006	1373	1230	143
2007	1365	1233	132
2008	1388	1227	161
2009	1385	1219	166
2010	1371	1225	146
2011	1352	1223	129
2012	1378	1228	150
2013	1403	1233	170
2014	1398	1242	156
2015	1368	1233	135
2016	1383	1224	159
2017	1384	1226	158
2018	1362	1226	136
2019	1352	1235	117
2020	1376	1223	153
2021	1382	1219	163
2022	1363	1220	143
2023	1362	1223	139
2024	1355	1216	139
2025	1378	1226	152
2026	1399	1234	165
2027	1381	1238	143
2028	1357	1232	125
2029	1368	1227	141
2030	1352	1217	135
2031	1355	1216	139
2032	1369	1227	142
2033	1385	1238	147
2034	1386	1238	148
2035	1376	1231	145
2036	1380	1221	159
2037	1404	1221	183
2038	1391	1216	175
2039	1381	1231	150
2040	1357	1235	122
2041	1368	1231	137
2042	1377	1231	146
2043	1368	1237	131
2044	1356	1241	115
2045	1360	1239	121
2046	1362	1227	135
2047	1377	1228	149
2048	1371	1233	138
2049	1355	1236	119
2050	1348	1228	120
2051	1380	1217	163
2052	1402	1225	177
2053	1377	1235	142
2054	1376	1231	145
2055	1369	1229	140
2056	1369	1222	147
2057	1368	1228	140
2058	1358	1226	132
2059	1335	1222	113
2060	1356	1224	132
2061	1370	1230	140
2062	1375	1231	144
2063	1366	1225	141
2064	1331	1228	103
2065	1333	1234	99
2066	1355	1231	124
2067	1377	1230	147
2068	1364	1234	130
2069	1354	1222	132
2070	1357	1217	140
2071	1368	1232	136
2072	1349	1229	120
2073	1346	1234	112
2074	1383	1233	150
2075	1373	1229	144
2076	1360	1227	133
2077	1365	1231	134
2078	1357	1232	125
2079	1339	1229	110
2080	1347	1235	112
2081	1376	1235	141
2082	1376	1231	145
2083	1379	1230	149
2084	1360	1233	127
2085	1371	1239	132
2086	1365	1231	134
2087	1360	1227	133
2088	1334	1225	109
2089	1339	1224	115
2090	1348	1221	127
2091	1361	1220	141
2092	1365	1216	149
2093	1352	1223	129
2094	1375	1227	148
2095	1377	1221	156
2096	1352	1228	124
2097	1345	1234	111
2098	1360	1233	127
2099	1343	1230	113
2100	1344	1223	121
2101	1353	1233	120
2102	1354	1226	128
2103	1370	1227	143
2104	1399	1218	181
2105	1386	1225	161
2106	1354	1234	120
2107	1356	1232	124
2108	1373	1228	145
2109	1358	1232	126
2110	1374	1237	137
2111	1361	1236	125
2112	1350	1222	128
2113	1386	1230	156
2114	1372	1233	139
2115	1370	1243	127
2116	1359	1232	127
2117	1348	1232	116
2118	1367	1230	137
2119	1382	1228	154
2120	1346	1227	119
2121	1332	1235	97
2122	1352	1236	116
2123	1356	1240	116
2124	1355	1226	129
2125	1360	1238	122
2126	1380	1229	151
2127	1365	1233	132
2128	1364	1233	131
2129	1358	1228	130
2130	1362	1225	137
2131	1364	1226	138
2132	1396	1218	178
2133	1402	1226	176
2134	1375	1236	139
2135	1371	1245	126
2136	1359	1234	125
2137	1353	1227	126
2138	1373	1223	150
2139	1385	1227	158
2140	1382	1226	156
2141	1375	1238	137
2142	1386	1230	156
2143	1385	1233	152
2144	1369	1223	146
2145	1367	1230	137
2146	1355	1229	126
2147	1355	1230	125
2148	1379	1226	153
2149	1362	1226	136
2150	1339	1222	117
2151	1363	1227	136
2152	1355	1234	121
2153	1361	1223	138
2154	1340	1221	119
2155	1349	1224	125
2156	1367	1226	141
2157	1374	1235	139
2158	1387	1225	162
2159	1375	1225	150
2160	1362	1221	141
2161	1381	1231	150
2162	1372	1225	147
2163	1361	1231	130
2164	1368	1225	143
2165	1398	1220	178
2166	1406	1227	179
2167	1380	1223	157
2168	1378	1230	148
2169	1373	1234	139
2170	1357	1232	125
2171	1383	1233	150
2172	1378	1222	156
2173	1370	1224	146
2174	1383	1232	151
2175	1376	1226	150
2176	1370	1225	145
2177	1364	1228	136
2178	1378	1226	152
2179	1370	1226	144
2180	1350	1224	126
2181	1358	1214	144
2182	1391	1221	170
2183	1376	1219	157
2184	1368	1211	157
2185	1380	1219	161
2186	1389	1239	150
2187	1366	1237	129
2188	1361	1233	128
2189	1383	1236	147
2190	1388	1233	155
2191	1397	1233	164
2192	1393	1229	164
2193	1374	1235	139
2194	1374	1226	148
2195	1377	1217	160
2196	1386	1219	167
2197	1390	1226	164
2198	1381	1224	157
2199	1393	1225	168
2200	1400	1212	188
2201	1384	1219	165
2202	1391	1225	166
2203	1396	1225	171
2204	1358	1224	134
2205	1351	1227	124
2206	1386	1224	162
2207	1387	1220	167
2208	1366	1229	137
2209	1368	1240	128
2210	1369	1234	135
2211	1372	1231	141
2212	1388	1233	155
2213	1372	1229	143
2214	1358	1225	133
2215	1363	1226	137
2216	1350	1228	122
2217	1354	1227	127
2218	1388	1217	171
2219	1403	1224	179
2220	1356	1227	129
2221	1362	1228	134
2222	1386	1225	161
2223	1366	1228	138
2224	1361	1223	138
2225	1381	1230	151
2226	1375	1235	140
2227	1377	1236	141
2228	1379	1229	150
2229	1354	1227	127
2230	1348	1225	123
2231	1343	1232	111
2232	1361	1237	124
2233	1383	1234	149
2234	1388	1227	161
2235	1377	1217	160
2236	1380	1232	148
2237	1391	1231	160
2238	1396	1224	172
2239	1369	1238	131
2240	1410	1242	168
2241	1413	1228	185
2242	1388	1224	164
2243	1387	1227	160
2244	1366	1228	138
2245	1411	1236	175
2246	1413	1230	183
2247	1399	1230	169
2248	1414	1222	192
2249	1431	1229	202
2250	1413	1224	189
2251	1368	1221	147
2252	1396	1229	167
2253	1419	1223	196
2254	1406	1229	177
2255	1389	1234	155
2256	1397	1226	171
2257	1385	1232	153
2258	1407	1230	177
2259	1415	1228	187
2260	1392	1227	165
2261	1388	1219	169
2262	1395	1224	171
2263	1417	1231	186
2264	1400	1234	166
2265	1405	1233	172
2266	1443	1230	213
2267	1416	1229	187
2268	1389	1242	147
2269	1397	1238	159
2270	1409	1230	179
2271	1413	1224	189
2272	1421	1223	198
2273	1411	1233	178
2274	1402	1233	169
2275	1397	1229	168
2276	1385	1226	159
2277	1402	1230	172
2278	1424	1230	194
2279	1420	1228	192
2280	1405	1231	174
2281	1410	1231	179
2282	1421	1226	195
2283	1409	1231	178
2284	1428	1227	201
2285	1400	1232	168
2286	1398	1236	162
2287	1402	1221	181
2288	1410	1224	186
2289	1392	1235	157
2290	1392	1237	155
2291	1408	1239	169
2292	1408	1232	176
2293	1404	1223	181
2294	1428	1223	205
2295	1414	1235	179
2296	1407	1225	182
2297	1433	1212	221
2298	1412	1223	189
2299	1398	1233	165
2300	1420	1231	189
2301	1449	1228	221
2302	1429	1234	195
2303	1409	1238	171
2304	1398	1231	167
2305	1412	1230	182
2306	1384	1229	155
2307	1393	1221	172
2308	1411	1215	196
2309	1404	1224	180
2310	1397	1229	168
2311	1414	1231	183
2312	1421	1227	194
2313	1431	1223	208
2314	1421	1227	194
2315	1428	1230	198
2316	1448	1229	219
2317	1408	1229	179
2318	1405	1214	191
2319	1413	1222	191
2320	1402	1223	179
2321	1408	1219	189
2322	1412	1221	191
2323	1401	1222	179
2324	1423	1225	198
2325	1414	1228	186
2326	1420	1225	195
2327	1427	1233	194
2328	1432	1229	203
2329	1449	1228	221
2330	1449	1234	215
2331	1441	1229	212
2332	1423	1221	202
2333	1454	1224	230
2334	1449	1223	226
2335	1446	1223	223
2336	1434	1225	209
2337	1445	1227	218
2338	1447	1222	225
2339	1448	1226	222
2340	1429	1220	209
2341	1430	1225	205
2342	1426	1237	189
2343	1425	1240	185
2344	1426	1239	187
2345	1416	1229	187
2346	1405	1234	171
2347	1413	1237	176
2348	1417	1224	193
2349	1447	1230	217
2350	1457	1239	218
2351	1449	1237	212
2352	1463	1228	235
2353	1455	1227	228
2354	1419	1220	199
2355	1425	1218	207
2356	1425	1222	203
2357	1454	1224	230
2358	1442	1232	210
2359	1445	1227	218
2360	1464	1219	245
2361	1486	1220	266
2362	1486	1229	257
2363	1462	1240	222
2364	1439	1226	213
2365	1440	1219	221
2366	1445	1220	225
2367	1432	1234	198
2368	1444	1236	208
2369	1459	1224	235
2370	1476	1216	260
2371	1471	1220	251
2372	1459	1227	232
2373	1457	1223	234
2374	1441	1217	224
2375	1456	1232	224
2376	1484	1232	252
2377	1466	1227	239
2378	1470	1228	242
2379	1491	1223	268
2380	1482	1224	258
2381	1468	1230	238
2382	1472	1236	236
2383	1485	1235	250
2384	1488	1225	263
2385	1496	1224	272
2386	1503	1218	285
2387	1503	1215	288
2388	1509	1223	286
2389	1511	1237	274
2390	1490	1229	261
2391	1486	1218	268
2392	1507	1222	285
2393	1508	1227	281
2394	1496	1231	265
2395	1521	1226	295
2396	1510	1228	282
2397	1501	1234	267
2398	1524	1226	298
2399	1509	1236	273
2400	1502	1228	274
2401	1494	1223	271
2402	1490	1229	261
2403	1488	1235	253
2404	1490	1242	248
2405	1502	1224	278
2406	1520	1216	304
2407	1533	1225	308
2408	1527	1230	297
2409	1532	1235	297
2410	1557	1250	307
2411	1529	1240	289
2412	1519	1222	297
2413	1535	1227	308
2414	1538	1229	309
2415	1546	1231	315
2416	1547	1224	323
2417	1544	1231	313
2418	1526	1230	296
2419	1513	1226	287
2420	1554	1233	321
2421	1557	1237	320
2422	1536	1235	301
2423	1547	1232	315
2424	1525	1223	302
2425	1535	1220	315
2426	1567	1232	335
2427	1559	1222	337
2428	1561	1215	346
2429	1586	1222	364
2430	1597	1221	376
2431	1559	1223	336
2432	1552	1234	318
2433	1542	1226	316
2434	1530	1220	310
2435	1566	1229	337
2436	1564	1237	327
2437	1566	1233	333
2438	1547	1233	314
2439	1541	1230	311
2440	1568	1228	340
2441	1574	1234	340
2442	1550	1229	321
2443	1569	1222	347
2444	1593	1229	364
2445	1614	1232	382
2446	1608	1233	375
2447	1601	1238	363
2448	1609	1229	380
2449	1590	1224	366
2450	1583	1226	357
2451	1599	1226	373
2452	1609	1218	391
2453	1593	1229	364
2454	1609	1239	370
2455	1644	1230	414
2456	1632	1232	400
2457	1598	1228	370
2458	1631	1215	416
2459	1649	1222	427
2460	1625	1224	401
2461	1635	1222	413
2462	1625	1214	411
2463	1614	1227	387
2464	1633	1234	399
2465	1629	1227	402
2466	1648	1228	420
2467	1660	1230	430
2468	1645	1223	422
2469	1609	1220	389
2470	1602	1218	384
2471	1651	1224	427
2472	1668	1227	441
2473	1654	1218	436
2474	1644	1208	436
2475	1640	1223	417
2476	1657	1224	433
2477	1678	1229	449
2478	1669	1230	439
2479	1689	1221	468
2480	1661	1224	437
2481	1646	1220	426
2482	1683	1230	453
2483	1704	1231	473
2484	1693	1230	463
2485	1689	1218	471
2486	1691	1223	468
2487	1691	1225	466
2488	1691	1225	466
2489	1722	1227	495
2490	1700	1228	472
2491	1724	1218	506
2492	1724	1214	510
2493	1724	1231	493
2494	1751	1222	529
2495	1718	1227	491
2496	1714	1225	489
2497	1736	1230	506
2498	1734	1235	499
2499	1721	1226	495
2500	1713	1230	483
2501	1730	1236	494
2502	1737	1233	504
2503	1776	1229	547
2504	1778	1228	550
2505	1754	1226	528
2506	1773	1224	549
2507	1784	1219	565
2508	1775	1221	554
2509	1731	1221	510
2510	1730	1226	504
2511	1738	1229	509
2512	1758	1227	531
2513	1787	1224	563
2514	1797	1223	574
2515	1783	1222	561
2516	1778	1221	557
2517	1776	1230	546
2518	1822	1222	600
2519	1827	1226	601
2520	1812	1239	573
2521	1825	1230	595
2522	1813	1235	578
2523	1827	1231	596
2524	1861	1216	645
2525	1869	1223	646
2526	1881	1225	656
2527	1836	1228	608
2528	1867	1226	641
2529	1872	1225	647
2530	1841	1224	617
2531	1872	1218	654
2532	1884	1226	658
2533	1883	1238	645
2534	1916	1228	688
2535	1890	1229	661
2536	1897	1230	667
2537	1923	1223	700
2538	1944	1215	729
2539	1932	1228	704
2540	1900	1229	671
2541	1913	1231	682
2542	1947	1241	706
2543	1961	1230	731
2544	1944	1223	721
2545	1915	1229	686
2546	1950	1226	724
2547	1970	1234	736
2548	1965	1226	739
2549	1970	1233	737
2550	1955	1234	721
2551	1970	1227	743
2552	2035	1228	807
2553	2022	1228	794
2554	2012	1228	784
2555	2020	1228	792
2556	2036	1226	810
2557	2045	1222	823
2558	2034	1227	807
2559	2051	1227	824
2560	2041	1218	823
2561	2030	1221	809
2562	2039	1228	811
2563	2066	1232	834
2564	2059	1233	826
2565	2090	1227	863
2566	2113	1219	894
2567	2128	1231	897
2568	2117	1228	889
2569	2114	1223	891
2570	2143	1222	921
2571	2155	1215	940
2572	2149	1217	932
2573	2144	1231	913
2574	2164	1230	934
2575	2196	1231	965
2576	2210	1222	988
2577	2174	1218	956
2578	2177	1220	957
2579	2198	1218	980
2580	2197	1226	971
2581	2238	1228	1010
2582	2245	1229	1016
2583	2227	1234	993
2584	2270	1222	1048
2585	2267	1218	1049
2586	2231	1220	1011
2587	2253	1224	1029
2588	2275	1228	1047
2589	2271	1238	1033
2590	2279	1227	1052
2591	2325	1221	1104
2592	2328	1228	1100
2593	2338	1233	1105
2594	2349	1230	1119
2595	2341	1229	1112
2596	2367	1224	1143
2597	2383	1220	1163
2598	2383	1228	1155
2599	2394	1235	1159
2600	2392	1228	1164
2601	2358	1226	1132
2602	2358	1224	1134
2603	2408	1222	1186
2604	2491	1231	1260
2605	2494	1236	1258
2606	2476	1226	1250
2607	2466	1221	1245
2608	2445	1221	1224
2609	2483	1229	1254
2610	2524	1231	1293
2611	2519	1240	1279
2612	2547	1231	1316
2613	2519	1219	1300
2614	2548	1223	1325
2615	2593	1232	1361
2616	2585	1229	1356
2617	2592	1228	1364
2618	2579	1226	1353
2619	2599	1229	1370
2620	2653	1231	1422
2621	2637	1233	1404
2622	2620	1224	1396
2623	2634	1226	1408
2624	2668	1235	1433
2625	2675	1224	1451
2626	2702	1222	1480
2627	2697	1229	1468
2628	2693	1222	1471
2629	2722	1228	1494
2630	2771	1229	1542
2631	2747	1237	1510
2632	2769	1240	1529
2633	2816	1227	1589
2634	2793	1222	1571
2635	2774	1213	1561
2636	2818	1221	1597
2637	2847	1237	1610
2638	2865	1230	1635
2639	2871	1219	1652
2640	2873	1224	1649
2641	2862	1234	1628
2642	2920	1220	1700
2643	2972	1225	1747
2644	2987	1234	1753
2645	2993	1224	1769
2646	2960	1221	1739
2647	2952	1225	1727
2648	2998	1223	1775
2649	3004	1230	1774
2650	3002	1233	1769
2651	3017	1232	1785
2652	3025	1225	1800
2653	3051	1230	1821
2654	3063	1221	1842
2655	3067	1217	1850
2656	3091	1218	1873
2657	3076	1232	1844
2658	3097	1238	1859
2659	3102	1232	1870
2660	3099	1228	1871
2661	3138	1230	1908
2662	3192	1226	1966
2663	3218	1222	1996
2664	3201	1230	1971
2665	3175	1231	1944
2666	3230	1227	2003
2667	3275	1229	2046
2668	3281	1219	2062
2669	3289	1219	2070
2670	3323	1220	2103
2671	3400	1225	2175
2672	3394	1230	2164
2673	3393	1226	2167
2674	3420	1227	2193
2675	3396	1224	2172
2676	3385	1217	2168
2677	3475	1228	2247
2678	3509	1238	2271
2679	3509	1241	2268
2680	3481	1232	2249
2681	3499	1227	2272
2682	3492	1227	2265
2683	3535	1225	2310
2684	3601	1223	2378
2685	3638	1232	2406
2686	3624	1230	2394
2687	3595	1231	2364
2688	3631	1223	2408
2689	3671	1233	2438
2690	3652	1230	2422
2691	3717	1221	2496
2692	3730	1221	2509
2693	3706	1233	2473
2694	3764	1238	2526
2695	3841	1235	2606
2696	3833	1230	2603
2697	3839	1222	2617
2698	3875	1231	2644
2699	3846	1240	2606
2700	3872	1230	2642
2701	3901	1228	2673
2702	3928	1225	2703
2703	3968	1221	2747
2704	4014	1227	2787
2705	4021	1222	2799
2706	4041	1225	2816
2707	4009	1224	2785
2708	4062	1219	2843
2709	4090	1220	2870
2710	4126	1223	2903
2711	4102	1239	2863
2712	4134	1231	2903
2713	4142	1216	2926
2714	4151	1213	2938
2715	4230	1219	3011
2716	4253	1231	3022
2717	4274	1231	3043
2718	4277	1236	3041
2719	4312	1230	3082
2720	4300	1220	3080
2721	4339	1228	3111
2722	4338	1231	3107
2723	4388	1231	3157
2724	4446	1218	3228
2725	4444	1223	3221
2726	4449	1226	3223
2727	4428	1229	3199
2728	4486	1226	3260
2729	4512	1231	3281
2730	4506	1231	3275
2731	4541	1238	3303
2732	4586	1226	3360
2733	4580	1241	3339
2734	4637	1231	3406
2735	4609	1230	3379
2736	4618	1231	3387
2737	4687	1234	3453
2738	4699	1232	3467
2739	4749	1229	3520
2740	4775	1236	3539
2741	4836	1241	3595
2742	4831	1224	3607
2743	4781	1224	3557
2744	4829	1216	3613
2745	4830	1219	3611
2746	4847	1238	3609
2747	4901	1236	3665
2748	4938	1233	3705
2749	4997	1240	3757
2750	5052	1229	3823
2751	5024	1225	3799
2752	5012	1225	3787
2753	5034	1235	3799
2754	5049	1235	3814
2755	5011	1230	3781
2756	5054	1225	3829
2757	5132	1231	3901
2758	5241	1227	4014
2759	5205	1232	3973
2760	5190	1240	3950
2761	5207	1233	3974
2762	5187	1225	3962
2763	5238	1231	4007
2764	5343	1233	4110
2765	5367	1232	4135
2766	5433	1225	4208
2767	5438	1230	4208
2768	5428	1226	4202
2769	5460	1232	4228
2770	5481	1233	4248
2771	5566	1239	4327
2772	5623	1232	4391
2773	5537	1233	4304
2774	5515	1235	4280
2775	5553	1240	4313
2776	5574	1227	4347
2777	5605	1226	4379
2778	5592	1230	4362
2779	5645	1227	4418
2780	5669	1225	4444
2781	5716	1229	4487
2782	5730	1225	4505
2783	5732	1226	4506
2784	5755	1226	4529
2785	5759	1225	4534
2786	5753	1222	4531
2787	5809	1232	4577
2788	5811	1237	4574
2789	5796	1233	4563
2790	5817	1227	4590
2791	5915	1221	4694
2792	5887	1226	4661
2793	5873	1228	4645
2794	5890	1228	4662
2795	5894	1225	4669
2796	5988	1225	4763
2797	5982	1223	4759
2798	6092	1224	4868
2799	6107	1224	4883
2800	6004	1220	4784
2801	6017	1233	4784
2802	6080	1235	4845
2803	6103	1231	4872
2804	6101	1230	4871
2805	6115	1242	4873
2806	6157	1234	4923
2807	6232	1236	4996
2808	6223	1240	4983
2809	6209	1237	4972
2810	6222	1239	4983
2811	6243	1244	4999
2812	6193	1231	4962
2813	6192	1223	4969
2814	6223	1224	4999
2815	6201	1223	4978
2816	6247	1226	5021
2817	6350	1232	5118
2818	6267	1223	5044
2819	6235	1237	4998
2820	6296	1242	5054
2821	6385	1228	5157
2822	6345	1221	5124
2823	6353	1236	5117
2824	6361	1233	5128
2825	6312	1222	5090
2826	6352	1222	5130
2827	6422	1240	5182
2828	6405	1235	5170
2829	6387	1222	5165
2830	6368	1231	5137
2831	6371	1235	5136
2832	6371	1224	5147
2833	6444	1231	5213
2834	6465	1234	5231
2835	6433	1232	5201
2836	6455	1230	5225
2837	6468	1238	5230
2838	6430	1237	5193
2839	6432	1233	5199
2840	6434	1232	5202
2841	6383	1233	5150
2842	6388	1233	5155
2843	6475	1233	5242
2844	6448	1236	5212
2845	6426	1231	5195
2846	6467	1226	5241
2847	6579	1234	5345
2848	6561	1227	5334
2849	6465	1227	5238
2850	6424	1223	5201
2851	6416	1231	5185
2852	6445	1240	5205
2853	6511	1242	5269
2854	6548	1240	5308
2855	6531	1240	5291
2856	6459	1237	5222
2857	6424	1239	5185
2858	6449	1228	5221
2859	6526	1229	5297
2860	6517	1233	5284
2861	6446	1228	5218
2862	6446	1218	5228
2863	6463	1220	5243
2864	6421	1222	5199
2865	6470	1230	5240
2866	6494	1225	5269
2867	6511	1219	5292
2868	6465	1234	5231
2869	6553	1238	5315
2870	6583	1230	5353
2871	6524	1233	5291
2872	6503	1229	5274
2873	6496	1235	5261
2874	6457	1240	5217
2875	6461	1229	5232
2876	6437	1224	5213
2877	6453	1225	5228
2878	6451	1232	5219
2879	6465	1218	5247
2880	6498	1221	5277
2881	6455	1225	5230
2882	6423	1224	5199
2883	6383	1224	5159
2884	6333	1227	5106
2885	6351	1223	5128
2886	6417	1222	5195
2887	6389	1228	5161
2888	6353	1226	5127
2889	6373	1237	5136
2890	6358	1239	5119
2891	6382	1241	5141
2892	6369	1232	5137
2893	6385	1230	5155
2894	6410	1228	5182
2895	6401	1235	5166
2896	6421	1242	5179
2897	6392	1237	5155
2898	6402	1230	5172
2899	6423	1224	5199
2900	6380	1230	5150
2901	6309	1233	5076
2902	6373	1232	5141
2903	6351	1224	5127
2904	6401	1216	5185
2905	6466	1228	5238
2906	6406	1225	5181
2907	6378	1227	5151
2908	6396	1232	5164
2909	6405	1226	5179
2910	6396	1223	5173
2911	6346	1231	5115
2912	6393	1240	5153
2913	6411	1229	5182
2914	6314	1232	5082
2915	6375	1232	5143
2916	6416	1220	5196
2917	6413	1231	5182
2918	6355	1226	5129
2919	6298	1220	5078
2920	6345	1221	5124
2921	6421	1226	5195
2922	6356	1226	5130
2923	6268	1232	5036
2924	6353	1219	5134
2925	6342	1231	5111
2926	6296	1235	5061
2927	6326	1222	5104
2928	6298	1223	5075
2929	6279	1231	5048
2930	6219	1220	4999
2931	6252	1229	5023
2932	6281	1240	5041
2933	6234	1237	4997
2934	6218	1223	4995
2935	6282	1221	5061
2936	6276	1228	5048
2937	6268	1234	5034
2938	6307	1231	5076
2939	6379	1225	5154
2940	6301	1235	5066
2941	6283	1242	5041
2942	6303	1233	5070
2943	6237	1233	5004
2944	6287	1228	5059
2945	6380	1226	5154
2946	6378	1225	5153
2947	6325	1230	5095
2948	6384	1226	5158
2949	6370	1236	5134
2950	6303	1233	5070
2951	6327	1231	5096
2952	6257	1235	5022
2953	6258	1229	5029
2954	6297	1224	5073
2955	6323	1239	5084
2956	6355	1242	5113
2957	6333	1237	5096
2958	6275	1241	5034
2959	6279	1228	5051
2960	6308	1222	5086
2961	6306	1239	5067
2962	6261	1235	5026
2963	6253	1233	5020
2964	6268	1226	5042
2965	6235	1222	5013
2966	6259	1225	5034
2967	6270	1238	5032
2968	6328	1236	5092
2969	6340	1228	5112
2970	6298	1226	5072
2971	6286	1232	5054
2972	6335	1227	5108
2973	6263	1220	5043
2974	6192	1223	4969
2975	6245	1235	5010
2976	6314	1233	5081
2977	6276	1232	5044
2978	6220	1229	4991
2979	6271	1223	5048
2980	6297	1235	5062
2981	6257	1246	5011
2982	6185	1239	4946
2983	6190	1230	4960
2984	6147	1230	4917
2985	6180	1236	4944
2986	6149	1235	4914
2987	6120	1231	4889
2988	6131	1235	4896
2989	6168	1236	4932
2990	6137	1239	4898
2991	6153	1244	4909
2992	6172	1226	4946
2993	6212	1227	4985
2994	6192	1233	4959
2995	6287	1233	5054
2996	6322	1239	5083
2997	6301	1235	5066
2998	6261	1225	5036
2999	6335	1225	5110
3000	6410	1229	5181
3001	6393	1239	5154
3002	6382	1226	5156
3003	6377	1225	5152
3004	6418	1231	5187
3005	6390	1244	5146
3006	6322	1236	5086
3007	6386	1229	5157
3008	6460	1232	5228
3009	6459	1239	5220
3010	6419	1234	5185
3011	6422	1226	5196
3012	6402	1226	5176
3013	6454	1229	5225
3014	6535	1226	5309
3015	6542	1238	5304
3016	6431	1231	5200
3017	6466	1227	5239
3018	6453	1225	5228
3019	6491	1233	5258
3020	6480	1226	5254
3021	6469	1227	5242
3022	6506	1236	5270
3023	6527	1232	5295
3024	6558	1232	5326
3025	6551	1227	5324
3026	6569	1221	5348
3027	6513	1232	5281
3028	6504	1225	5279
3029	6575	1223	5352
3030	6597	1222	5375
3031	6651	1228	5423
3032	6738	1226	5512
3033	6679	1221	5458
3034	6618	1228	5390
3035	6616	1229	5387
3036	6640	1237	5403
3037	6662	1229	5433
3038	6655	1222	5433
3039	6638	1229	5409
3040	6701	1229	5472
3041	6675	1243	5432
3042	6682	1239	5443
3043	6634	1229	5405
3044	6650	1231	5419
3045	6731	1228	5503
3046	6722	1226	5496
3047	6763	1229	5534
3048	6798	1219	5579
3049	6756	1218	5538
3050	6782	1225	5557
3051	6724	1227	5497
3052	6835	1223	5612
3053	6922	1233	5689
3054	6856	1240	5616
3055	6910	1234	5676
3056	6905	1230	5675
3057	6897	1236	5661
3058	6884	1239	5645
3059	6917	1234	5683
3060	6924	1214	5710
3061	6914	1223	5691
3062	6934	1233	5701
3063	6935	1230	5705
3064	6920	1227	5693
3065	6939	1228	5711
3066	6942	1228	5714
3067	6994	1223	5771
3068	7098	1227	5871
3069	7008	1233	5775
3070	6984	1234	5750
3071	7027	1236	5791
3072	7039	1234	5805
3073	7023	1231	5792
3074	7095	1222	5873
3075	7149	1223	5926
3076	7057	1226	5831
3077	7056	1233	5823
3078	7078	1222	5856
3079	7097	1218	5879
3080	7138	1229	5909
3081	7141	1231	5910
3082	7235	1228	6007
3083	7184	1234	5950
3084	7191	1238	5953
3085	7161	1240	5921
3086	7145	1234	5911
3087	7147	1236	5911
3088	7171	1227	5944
3089	7265	1239	6026
3090	7276	1236	6040
3091	7205	1221	5984
3092	7181	1221	5960
3093	7230	1223	6007
3094	7227	1213	6014
3095	7220	1228	5992
3096	7216	1225	5991
3097	7350	1222	6128
3098	7326	1228	6098
3099	7322	1235	6087
3100	7357	1227	6130
3101	7394	1224	6170
3102	7409	1230	6179
3103	7419	1233	6186
3104	7402	1233	6169
3105	7497	1234	6263
3106	7453	1225	6228
3107	7457	1228	6229
3108	7527	1226	6301
3109	7514	1231	6283
3110	7592	1234	6358
3111	7549	1234	6315
3112	7479	1232	6247
3113	7483	1227	6256
3114	7488	1220	6268
3115	7518	1229	6289
3116	7515	1243	6272
3117	7515	1234	6281
3118	7545	1226	6319
3119	7600	1223	6377
3120	7610	1222	6388
3121	7561	1223	6338
3122	7561	1224	6337
3123	7584	1229	6355
3124	7598	1232	6366
3125	7666	1235	6431
3126	7645	1222	6423
3127	7657	1228	6429
3128	7732	1232	6500
3129	7708	1228	6480
3130	7742	1224	6518
3131	7749	1229	6520
3132	7730	1230	6500
3133	7672	1232	6440
3134	7638	1235	6403
3135	7730	1231	6499
3136	7769	1226	6543
3137	7749	1226	6523
3138	7770	1229	6541
3139	7740	1229	6511
3140	7753	1220	6533
3141	7710	1227	6483
3142	7636	1230	6406
3143	7685	1234	6451
3144	7736	1228	6508
3145	7751	1227	6524
3146	7774	1223	6551
3147	7819	1225	6594
3148	7771	1223	6548
3149	7735	1233	6502
3150	7763	1228	6535
3151	7731	1237	6494
3152	7718	1232	6486
3153	7798	1231	6567
3154	7817	1245	6572
3155	7735	1238	6497
3156	7706	1226	6480
3157	7795	1229	6566
3158	7689	1236	6453
3159	7715	1235	6480
3160	7820	1228	6592
3161	7866	1234	6632
3162	7835	1229	6606
3163	7749	1228	6521
3164	7782	1231	6551
3165	7798	1231	6567
3166	7797	1234	6563
3167	7778	1239	6539
3168	7825	1232	6593
3169	7853	1230	6623
3170	7873	1224	6649
3171	7857	1233	6624
3172	7797	1228	6569
3173	7687	1229	6458
3174	7737	1236	6501
3175	7858	1239	6619
3176	7855	1239	6616
3177	7826	1231	6595
3178	7814	1218	6596
3179	7826	1217	6609
3180	7903	1224	6679
3181	7883	1225	6658
3182	7851	1227	6624
3183	7775	1237	6538
3184	7734	1242	6492
3185	7802	1242	6560
3186	7788	1235	6553
3187	7818	1229	6589
3188	7774	1226	6548
3189	7742	1225	6517
3190	7743	1228	6515
3191	7837	1228	6609
3192	7844	1230	6614
3193	7751	1220	6531
3194	7771	1227	6544
3195	7747	1237	6510
3196	7684	1233	6451
3197	7745	1233	6512
3198	7693	1234	6459
3199	7709	1238	6471
3200	7772	1234	6538
3201	7756	1217	6539
3202	7735	1219	6516
3203	7737	1227	6510
3204	7742	1226	6516
3205	7667	1226	6441
3206	7694	1225	6469
3207	7724	1229	6495
3208	7646	1235	6411
3209	7625	1241	6384
3210	7632	1240	6392
3211	7637	1243	6394
3212	7574	1234	6340
3213	7566	1231	6335
3214	7598	1226	6372
3215	7558	1230	6328
3216	7496	1228	6268
3217	7544	1233	6311
3218	7550	1240	6310
3219	7455	1237	6218
3220	7446	1233	6213
3221	7467	1243	6224
3222	7472	1230	6242
3223	7548	1229	6319
3224	7456	1233	6223
3225	7448	1236	6212
3226	7424	1237	6187
3227	7426	1234	6192
3228	7452	1228	6224
3229	7370	1227	6143
3230	7336	1229	6107
3231	7426	1229	6197
3232	7378	1229	6149
3233	7242	1236	6006
3234	7287	1235	6052
3235	7307	1230	6077
3236	7293	1230	6063
3237	7313	1237	6076
3238	7299	1231	6068
3239	7284	1226	6058
3240	7318	1225	6093
3241	7290	1240	6050
3242	7312	1237	6075
3243	7228	1230	5998
3244	7156	1238	5918
3245	7212	1243	5969
3246	7171	1234	5937
3247	7152	1226	5926
3248	7119	1223	5896
3249	7069	1223	5846
3250	6956	1225	5731
3251	6999	1223	5776
3252	7045	1224	5821
3253	7042	1238	5804
3254	6930	1234	5696
3255	6908	1234	5674
3256	7018	1238	5780
3257	6989	1229	5760
3258	6966	1221	5745
3259	6942	1226	5716
3260	6901	1234	5667
3261	6897	1226	5671
3262	6880	1222	5658
3263	6925	1233	5692
3264	6879	1234	5645
3265	6858	1235	5623
3266	6785	1233	5552
3267	6705	1231	5474
3268	6747	1227	5520
3269	6767	1224	5543
3270	6697	1223	5474
3271	6677	1229	5448
3272	6674	1224	5450
3273	6648	1224	5424
3274	6632	1220	5412
3275	6630	1226	5404
3276	6544	1222	5322
3277	6496	1229	5267
3278	6507	1230	5277
3279	6482	1230	5252
3280	6426	1224	5202
3281	6432	1228	5204
3282	6402	1231	5171
3283	6401	1238	5163
3284	6414	1238	5176
3285	6388	1232	5156
3286	6385	1222	5163
3287	6349	1216	5133
3288	6228	1214	5014
3289	6203	1224	4979
3290	6253	1235	5018
3291	6245	1232	5013
3292	6160	1224	4936
3293	6182	1222	4960
3294	6182	1219	4963
3295	6135	1233	4902
3296	6108	1243	4865
3297	6113	1232	4881
3298	6060	1220	4840
3299	6089	1228	4861
3300	6146	1226	4920
3301	6057	1225	4832
3302	6002	1222	4780
3303	6005	1229	4776
3304	6002	1226	4776
3305	5941	1229	4712
3306	5909	1222	4687
3307	5895	1221	4674
3308	5830	1233	4597
3309	5781	1227	4554
3310	5756	1223	4533
3311	5777	1234	4543
3312	5728	1234	4494
3313	5668	1238	4430
3314	5648	1233	4415
3315	5653	1237	4416
3316	5611	1233	4378
3317	5583	1237	4346
3318	5546	1237	4309
3319	5593	1236	4357
3320	5590	1242	4348
3321	5515	1246	4269
3322	5500	1238	4262
3323	5436	1242	4194
3324	5405	1240	4165
3325	5418	1241	4177
3326	5379	1238	4141
3327	5412	1237	4175
3328	5393	1236	4157
3329	5327	1242	4085
3330	5347	1232	4115
3331	5285	1230	4055
3332	5235	1223	4012
3333	5139	1233	3906
3334	5115	1234	3881
3335	5114	1225	3889
3336	5112	1224	3888
3337	5086	1231	3855
3338	5066	1230	3836
3339	5016	1230	3786
3340	4989	1228	3761
3341	4946	1228	3718
3342	4965	1233	3732
3343	4925	1231	3694
3344	4897	1228	3669
3345	4838	1229	3609
3346	4774	1214	3560
3347	4809	1223	3586
3348	4791	1231	3560
3349	4750	1233	3517
3350	4749	1214	3535
3351	4718	1232	3486
3352	4715	1234	3481
3353	4699	1219	3480
3354	4682	1221	3461
3355	4685	1232	3453
3356	4625	1223	3402
3357	4530	1222	3308
3358	4487	1233	3254
3359	4523	1231	3292
3360	4479	1216	3263
3361	4486	1234	3252
3362	4472	1240	3232
3363	4363	1224	3139
3364	4376	1226	3150
3365	4325	1231	3094
3366	4288	1220	3068
3367	4284	1224	3060
3368	4274	1224	3050
3369	4217	1225	2992
3370	4240	1224	3016
3371	4305	1225	3080
3372	4294	1222	3072
3373	4189	1225	2964
3374	4110	1228	2882
3375	4101	1228	2873
3376	4087	1226	2861
3377	4035	1238	2797
3378	3964	1239	2725
3379	3973	1239	2734
3380	4027	1234	2793
3381	3980	1240	2740
3382	3913	1229	2684
3383	3918	1232	2686
3384	3886	1234	2652
3385	3859	1228	2631
3386	3851	1229	2622
3387	3794	1232	2562
3388	3760	1241	2519
3389	3756	1242	2514
3390	3733	1242	2491
3391	3745	1238	2507
3392	3713	1235	2478
3393	3679	1240	2439
3394	3665	1228	2437
3395	3637	1223	2414
3396	3608	1237	2371
3397	3576	1231	2345
3398	3567	1232	2335
3399	3561	1235	2326
3400	3537	1221	2316
3401	3496	1228	2268
3402	3447	1236	2211
3403	3469	1225	2244
3404	3461	1218	2243
3405	3421	1234	2187
3406	3397	1237	2160
3407	3381	1236	2145
3408	3361	1229	2132
3409	3315	1234	2081
3410	3295	1230	2065
3411	3302	1226	2076
3412	3270	1226	2044
3413	3215	1235	1980
3414	3216	1236	1980
3415	3225	1235	1990
3416	3176	1230	1946
3417	3158	1230	1928
3418	3164	1221	1943
3419	3183	1235	1948
3420	3147	1225	1922
3421	3101	1229	1872
3422	3098	1239	1859
3423	3094	1229	1865
3424	3005	1224	1781
3425	2944	1225	1719
3426	2971	1229	1742
3427	2954	1239	1715
3428	2931	1231	1700
3429	2910	1233	1677
3430	2901	1240	1661
3431	2881	1238	1643
3432	2886	1228	1658
3433	2910	1227	1683
3434	2859	1229	1630
3435	2820	1238	1582
3436	2810	1234	1576
3437	2792	1228	1564
3438	2779	1218	1561
3439	2784	1226	1558
3440	2744	1226	1518
3441	2703	1232	1471
3442	2728	1236	1492
3443	2689	1243	1446
3444	2714	1235	1479
3445	2703	1229	1474
3446	2698	1231	1467
3447	2674	1230	1444
3448	2603	1232	1371
3449	2603	1226	1377
3450	2624	1228	1396
3451	2568	1234	1334
3452	2546	1237	1309
3453	2512	1222	1290
3454	2502	1216	1286
3455	2502	1231	1271
3456	2468	1242	1226
3457	2483	1239	1244
3458	2477	1236	1241
3459	2430	1240	1190
3460	2421	1221	1200
3461	2410	1224	1186
3462	2403	1229	1174
3463	2383	1234	1149
3464	2381	1232	1149
3465	2382	1223	1159
3466	2379	1219	1160
3467	2353	1227	1126
3468	2391	1230	1161
3469	2368	1230	1138
3470	2297	1225	1072
3471	2300	1231	1069
3472	2303	1233	1070
3473	2327	1231	1096
3474	2251	1235	1016
3475	2251	1238	1013
3476	2291	1239	1052
3477	2280	1232	1048
3478	2260	1223	1037
3479	2236	1232	1004
3480	2227	1234	993
3481	2221	1232	989
3482	2211	1227	984
3483	2190	1228	962
3484	2166	1230	936
3485	2132	1239	893
3486	2136	1239	897
3487	2146	1247	899
3488	2158	1241	917
3489	2123	1226	897
3490	2118	1227	891
3491	2103	1236	867
3492	2099	1230	869
3493	2097	1222	875
3494	2134	1231	903
3495	2144	1242	902
3496	2074	1238	836
3497	2039	1238	801
3498	2052	1235	817
3499	2058	1232	826
3500	2018	1224	794
3501	2022	1233	789
3502	2007	1232	775
3503	2003	1234	769
3504	2006	1229	777
3505	1994	1223	771
3506	1977	1224	753
3507	1981	1230	751
3508	1972	1229	743
3509	1977	1228	749
3510	1987	1228	759
3511	1956	1234	722
3512	1940	1225	715
3513	1927	1221	706
3514	1917	1217	700
3515	1912	1229	683
3516	1904	1232	672
3517	1907	1237	670
3518	1888	1232	656
3519	1870	1222	648
3520	1852	1218	634
3521	1867	1228	639
3522	1861	1229	632
3523	1882	1230	652
3524	1876	1227	649
3525	1863	1225	638
3526	1865	1226	639
3527	1807	1233	574
3528	1786	1226	560
3529	1811	1231	580
3530	1816	1240	576
3531	1794	1236	558
3532	1818	1233	585
3533	1793	1235	558
3534	1769	1233	536
3535	1746	1240	506
3536	1766	1226	540
3537	1791	1235	556
3538	1759	1243	516
3539	1754	1240	514
3540	1765	1234	531
3541	1742	1232	510
3542	1753	1234	519
3543	1755	1226	529
3544	1746	1225	521
3545	1745	1234	511
3546	1766	1226	540
3547	1710	1228	482
3548	1714	1238	476
3549	1705	1226	479
3550	1702	1228	474
3551	1720	1235	485
3552	1705	1238	467
3553	1682	1241	441
3554	1678	1227	451
3555	1677	1232	445
3556	1682	1226	456
3557	1708	1219	489
3558	1677	1234	443
3559	1680	1232	448
3560	1688	1233	455
3561	1687	1231	456
3562	1644	1226	418
3563	1648	1232	416
3564	1672	1228	444
3565	1675	1227	448
3566	1649	1223	426
3567	1673	1236	437
3568	1689	1237	452
3569	1650	1234	416
3570	1615	1233	382
3571	1635	1221	414
3572	1657	1225	432
3573	1651	1235	416
3574	1639	1228	411
3575	1640	1232	408
3576	1613	1220	393
3577	1616	1223	393
3578	1644	1220	424
3579	1637	1230	407
3580	1614	1235	379
3581	1602	1236	366
3582	1603	1232	371
3583	1617	1236	381
3584	1607	1232	375
3585	1582	1221	361
3586	1598	1239	359
3587	1600	1233	367
3588	1587	1230	357
3589	1589	1236	353
3590	1583	1227	356
3591	1612	1233	379
3592	1602	1231	371
3593	1578	1230	348
3594	1579	1238	341
3595	1594	1239	355
3596	1557	1233	324
3597	1543	1235	308
3598	1561	1235	326
3599	1571	1229	342
3600	1570	1226	344
3601	1574	1232	342
3602	1560	1231	329
3603	1537	1229	308
3604	1569	1227	342
3605	1564	1230	334
3606	1556	1224	332
3607	1583	1233	350
3608	1571	1229	342
3609	1555	1230	325
3610	1572	1227	345
3611	1554	1224	330
3612	1537	1229	308
3613	1544	1239	305
3614	1522	1232	290
3615	1505	1235	270
3616	1539	1221	318
3617	1552	1214	338
3618	1552	1214	338
3619	1533	1222	311
3620	1512	1227	285
3621	1518	1229	289
3622	1550	1228	322
3623	1540	1231	309
3624	1494	1235	259
3625	1527	1238	289
3626	1558	1230	328
3627	1536	1237	299
3628	1550	1234	316
3629	1558	1228	330
3630	1524	1232	292
3631	1507	1233	274
3632	1508	1223	285
3633	1505	1218	287
3634	1526	1220	306
3635	1547	1228	319
3636	1501	1216	285
3637	1500	1222	278
3638	1506	1243	263
3639	1490	1238	252
3640	1484	1219	265
3641	1498	1221	277
3642	1518	1235	283
3643	1526	1236	290
3644	1504	1228	276
3645	1512	1225	287
3646	1507	1233	274
3647	1512	1234	278
3648	1510	1219	291
