index	original	background	difference
-----------------------------------------------------
1	1187	1158	29
2	1164	1145	19
3	1178	1160	18
4	1169	1170	-1
5	1180	1164	16
6	1183	1165	18
7	1199	1151	48
8	1175	1166	9
9	1186	1175	11
10	1175	1177	-2
11	1178	1169	9
12	1180	1168	12
13	1173	1152	21
14	1182	1168	14
15	1193	1183	10
16	1191	1173	18
17	1183	1182	1
18	1181	1196	-15
19	1180	1193	-13
20	1164	1197	-33
21	1195	1177	18
22	1214	1171	43
23	1193	1185	8
24	1201	1186	15
25	1190	1179	11
26	1178	1171	7
27	1191	1168	23
28	1185	1162	23
29	1195	1178	17
30	1186	1186	0
31	1181	1175	6
32	1181	1185	-4
33	1199	1207	-8
34	1189	1209	-20
35	1195	1190	5
36	1191	1184	7
37	1197	1181	16
38	1204	1198	6
39	1211	1195	16
40	1181	1182	-1
41	1161	1189	-28
42	1198	1196	2
43	1225	1188	37
44	1210	1176	34
45	1198	1191	7
46	1206	1196	10
47	1218	1199	19
48	1204	1189	15
49	1199	1182	17
50	1174	1183	-9
51	1179	1178	1
52	1214	1172	42
53	1217	1194	23
54	1181	1209	-28
55	1202	1196	6
56	1201	1184	17
57	1186	1197	-11
58	1196	1200	-4
59	1222	1198	24
60	1220	1209	11
61	1232	1194	38
62	1220	1185	35
63	1218	1180	38
64	1218	1181	37
65	1229	1178	51
66	1207	1193	14
67	1205	1198	7
68	1212	1190	22
69	1211	1202	9
70	1213	1171	42
71	1210	1173	37
72	1195	1194	1
73	1203	1190	13
74	1196	1192	4
75	1213	1196	17
76	1207	1198	9
77	1215	1210	5
78	1229	1228	1
79	1220	1228	-8
80	1204	1198	6
81	1203	1204	-1
82	1202	1198	4
83	1202	1177	25
84	1187	1177	10
85	1217	1195	22
86	1235	1200	35
87	1249	1212	37
88	1238	1205	33
89	1214	1216	-2
90	1219	1218	1
91	1217	1203	14
92	1214	1185	29
93	1228	1190	38
94	1225	1185	40
95	1201	1189	12
96	1195	1182	13
97	1217	1192	25
98	1220	1186	34
99	1221	1206	15
100	1228	1199	29
101	1202	1209	-7
102	1200	1215	-15
103	1197	1184	13
104	1204	1199	5
105	1223	1198	25
106	1222	1181	41
107	1216	1201	15
108	1186	1199	-13
109	1206	1196	10
110	1204	1213	-9
111	1216	1188	28
112	1237	1200	37
113	1231	1220	11
114	1198	1194	4
115	1223	1202	21
116	1246	1206	40
117	1218	1201	17
118	1209	1198	11
119	1229	1196	33
120	1216	1214	2
121	1207	1225	-18
122	1230	1208	22
123	1221	1202	19
124	1219	1220	-1
125	1222	1229	-7
126	1202	1222	-20
127	1205	1216	-11
128	1205	1215	-10
129	1222	1208	14
130	1221	1209	12
131	1235	1216	19
132	1210	1205	5
133	1215	1187	28
134	1226	1180	46
135	1221	1190	31
136	1230	1210	20
137	1237	1219	18
138	1228	1195	33
139	1216	1177	39
140	1205	1205	0
141	1222	1207	15
142	1238	1193	45
143	1233	1189	44
144	1205	1224	-19
145	1220	1208	12
146	1235	1193	42
147	1226	1212	14
148	1200	1240	-40
149	1220	1231	-11
150	1203	1224	-21
151	1196	1213	-17
152	1199	1202	-3
153	1206	1191	15
154	1208	1220	-12
155	1220	1226	-6
156	1238	1200	38
157	1232	1211	21
158	1205	1208	-3
159	1200	1202	-2
160	1196	1202	-6
161	1221	1199	22
162	1216	1204	12
163	1217	1207	10
164	1200	1195	5
165	1215	1192	23
166	1195	1201	-6
167	1224	1216	8
168	1220	1223	-3
169	1207	1201	6
170	1226	1217	9
171	1255	1218	37
172	1229	1210	19
173	1194	1187	7
174	1215	1201	14
175	1240	1192	48
176	1211	1178	33
177	1195	1196	-1
178	1193	1199	-6
179	1218	1182	36
180	1220	1188	32
181	1232	1187	45
182	1232	1190	42
183	1239	1204	35
184	1201	1202	-1
185	1217	1182	35
186	1230	1183	47
187	1207	1204	3
188	1210	1197	13
189	1237	1184	53
190	1209	1184	25
191	1220	1200	20
192	1207	1217	-10
193	1186	1217	-31
194	1191	1220	-29
195	1186	1217	-31
196	1209	1217	-8
197	1236	1229	7
198	1217	1223	-6
199	1218	1192	26
200	1195	1198	-3
201	1224	1207	17
202	1207	1205	2
203	1218	1222	-4
204	1219	1224	-5
205	1216	1189	27
206	1219	1204	15
207	1224	1214	10
208	1209	1225	-16
209	1227	1209	18
210	1212	1209	3
211	1215	1205	10
212	1216	1215	1
213	1228	1217	11
214	1209	1212	-3
215	1205	1211	-6
216	1211	1198	13
217	1227	1197	30
218	1238	1185	53
219	1226	1220	6
220	1219	1226	-7
221	1205	1200	5
222	1203	1196	7
223	1228	1212	16
224	1225	1215	10
225	1226	1193	33
226	1217	1195	22
227	1210	1214	-4
228	1206	1220	-14
229	1210	1211	-1
230	1204	1207	-3
231	1217	1194	23
232	1222	1195	27
233	1215	1206	9
234	1217	1216	1
235	1224	1220	4
236	1217	1197	20
237	1231	1200	31
238	1225	1188	37
239	1233	1202	31
240	1224	1219	5
241	1229	1223	6
242	1222	1192	30
243	1217	1180	37
244	1223	1202	21
245	1228	1205	23
246	1213	1201	12
247	1231	1218	13
248	1212	1200	12
249	1222	1178	44
250	1241	1189	52
251	1242	1201	41
252	1216	1219	-3
253	1229	1191	38
254	1231	1200	31
255	1229	1211	18
256	1225	1206	19
257	1218	1200	18
258	1222	1213	9
259	1239	1203	36
260	1227	1191	36
261	1213	1201	12
262	1211	1211	0
263	1213	1220	-7
264	1227	1201	26
265	1223	1205	18
266	1226	1188	38
267	1238	1193	45
268	1225	1197	28
269	1219	1207	12
270	1222	1224	-2
271	1221	1217	4
272	1241	1198	43
273	1225	1208	17
274	1215	1212	3
275	1225	1195	30
276	1227	1211	16
277	1218	1201	17
278	1213	1194	19
279	1220	1206	14
280	1210	1206	4
281	1217	1202	15
282	1217	1190	27
283	1229	1191	38
284	1227	1225	2
285	1224	1225	-1
286	1246	1217	29
287	1222	1219	3
288	1210	1218	-8
289	1233	1219	14
290	1223	1216	7
291	1234	1193	41
292	1216	1191	25
293	1216	1194	22
294	1223	1217	6
295	1218	1198	20
296	1205	1184	21
297	1206	1192	14
298	1218	1208	10
299	1223	1215	8
300	1209	1212	-3
301	1219	1211	8
302	1202	1193	9
303	1206	1195	11
304	1215	1213	2
305	1218	1221	-3
306	1223	1238	-15
307	1220	1223	-3
308	1212	1200	12
309	1210	1217	-7
310	1197	1214	-17
311	1219	1219	0
312	1212	1221	-9
313	1204	1218	-14
314	1210	1198	12
315	1220	1216	4
316	1221	1204	17
317	1229	1196	33
318	1236	1217	19
319	1216	1210	6
320	1203	1217	-14
321	1216	1207	9
322	1208	1204	4
323	1200	1201	-1
324	1212	1200	12
325	1225	1214	11
326	1215	1220	-5
327	1217	1213	4
328	1208	1181	27
329	1219	1191	28
330	1202	1195	7
331	1196	1215	-19
332	1196	1219	-23
333	1228	1184	44
334	1257	1192	65
335	1247	1205	42
336	1229	1217	12
337	1223	1220	3
338	1231	1205	26
339	1235	1196	39
340	1209	1201	8
341	1199	1213	-14
342	1220	1213	7
343	1222	1207	15
344	1209	1208	1
345	1217	1201	16
346	1210	1212	-2
347	1218	1212	6
348	1231	1192	39
349	1241	1173	68
350	1254	1206	48
351	1226	1220	6
352	1217	1223	-6
353	1222	1221	1
354	1208	1223	-15
355	1197	1219	-22
356	1210	1218	-8
357	1233	1200	33
358	1203	1197	6
359	1200	1195	5
360	1210	1194	16
361	1220	1195	25
362	1211	1210	1
363	1210	1204	6
364	1223	1200	23
365	1209	1191	18
366	1201	1202	-1
367	1209	1201	8
368	1219	1217	2
369	1209	1206	3
370	1213	1182	31
371	1215	1162	53
372	1203	1186	17
373	1242	1194	48
374	1240	1201	39
375	1223	1227	-4
376	1220	1216	4
377	1230	1191	39
378	1220	1187	33
379	1211	1203	8
380	1218	1177	41
381	1228	1172	56
382	1222	1183	39
383	1228	1210	18
384	1210	1218	-8
385	1223	1209	14
386	1224	1203	21
387	1213	1208	5
388	1210	1236	-26
389	1232	1228	4
390	1214	1208	6
391	1228	1205	23
392	1214	1202	12
393	1217	1189	28
394	1214	1171	43
395	1235	1200	35
396	1219	1211	8
397	1203	1200	3
398	1200	1193	7
399	1212	1224	-12
400	1224	1211	13
401	1232	1204	28
402	1220	1214	6
403	1223	1217	6
404	1220	1215	5
405	1226	1216	10
406	1212	1212	0
407	1216	1215	1
408	1204	1212	-8
409	1199	1225	-26
410	1220	1211	9
411	1230	1216	14
412	1225	1208	17
413	1219	1203	16
414	1198	1212	-14
415	1220	1212	8
416	1225	1181	44
417	1219	1186	33
418	1220	1205	15
419	1214	1203	11
420	1185	1187	-2
421	1223	1188	35
422	1206	1203	3
423	1226	1213	13
424	1238	1206	32
425	1230	1216	14
426	1244	1242	2
427	1225	1223	2
428	1219	1195	24
429	1222	1192	30
430	1222	1207	15
431	1226	1219	7
432	1207	1205	2
433	1214	1191	23
434	1204	1190	14
435	1208	1207	1
436	1221	1194	27
437	1226	1195	31
438	1204	1215	-11
439	1207	1205	2
440	1215	1209	6
441	1233	1183	50
442	1212	1187	25
443	1229	1232	-3
444	1221	1237	-16
445	1214	1213	1
446	1207	1208	-1
447	1209	1205	4
448	1197	1220	-23
449	1205	1221	-16
450	1215	1204	11
451	1246	1197	49
452	1228	1214	14
453	1209	1214	-5
454	1207	1221	-14
455	1217	1218	-1
456	1206	1194	12
457	1214	1203	11
458	1206	1224	-18
459	1229	1217	12
460	1230	1214	16
461	1226	1201	25
462	1225	1211	14
463	1220	1206	14
464	1244	1213	31
465	1236	1208	28
466	1220	1218	2
467	1232	1213	19
468	1204	1217	-13
469	1205	1222	-17
470	1205	1209	-4
471	1212	1204	8
472	1224	1214	10
473	1213	1202	11
474	1207	1223	-16
475	1236	1228	8
476	1226	1205	21
477	1230	1189	41
478	1242	1188	54
479	1225	1178	47
480	1212	1187	25
481	1221	1210	11
482	1215	1194	21
483	1209	1188	21
484	1198	1204	-6
485	1215	1198	17
486	1223	1187	36
487	1211	1203	8
488	1204	1211	-7
489	1209	1216	-7
490	1207	1205	2
491	1198	1197	1
492	1211	1218	-7
493	1225	1201	24
494	1197	1208	-11
495	1215	1199	16
496	1217	1197	20
497	1228	1185	43
498	1229	1205	24
499	1227	1220	7
500	1210	1203	7
501	1242	1186	56
502	1217	1178	39
503	1230	1220	10
504	1229	1224	5
505	1225	1211	14
506	1232	1197	35
507	1239	1198	41
508	1230	1202	28
509	1213	1199	14
510	1206	1216	-10
511	1228	1192	36
512	1221	1187	34
513	1233	1192	41
514	1223	1210	13
515	1211	1211	0
516	1211	1208	3
517	1226	1219	7
518	1228	1200	28
519	1208	1216	-8
520	1220	1203	17
521	1238	1204	34
522	1236	1211	25
523	1241	1198	43
524	1224	1206	18
525	1229	1201	28
526	1212	1176	36
527	1207	1208	-1
528	1220	1215	5
529	1223	1197	26
530	1223	1193	30
531	1236	1194	42
532	1216	1182	34
533	1214	1171	43
534	1217	1211	6
535	1222	1226	-4
536	1245	1208	37
537	1234	1213	21
538	1230	1201	29
539	1220	1221	-1
540	1199	1212	-13
541	1213	1193	20
542	1214	1202	12
543	1214	1210	4
544	1194	1196	-2
545	1211	1202	9
546	1212	1209	3
547	1227	1211	16
548	1236	1216	20
549	1249	1206	43
550	1227	1185	42
551	1200	1211	-11
552	1220	1229	-9
553	1249	1209	40
554	1223	1175	48
555	1228	1179	49
556	1225	1218	7
557	1215	1233	-18
558	1203	1217	-14
559	1221	1211	10
560	1225	1212	13
561	1239	1203	36
562	1224	1214	10
563	1213	1205	8
564	1197	1218	-21
565	1208	1211	-3
566	1213	1203	10
567	1222	1215	7
568	1228	1211	17
569	1235	1209	26
570	1222	1198	24
571	1211	1202	9
572	1221	1232	-11
573	1234	1222	12
574	1225	1186	39
575	1204	1195	9
576	1212	1204	8
577	1236	1228	8
578	1225	1221	4
579	1233	1204	29
580	1219	1207	12
581	1246	1219	27
582	1242	1222	20
583	1249	1194	55
584	1242	1212	30
585	1242	1220	22
586	1231	1230	1
587	1226	1238	-12
588	1204	1208	-4
589	1220	1197	23
590	1215	1193	22
591	1235	1208	27
592	1221	1213	8
593	1218	1214	4
594	1215	1214	1
595	1220	1212	8
596	1230	1210	20
597	1228	1216	12
598	1208	1213	-5
599	1231	1211	20
600	1245	1212	33
601	1240	1208	32
602	1241	1211	30
603	1224	1204	20
604	1218	1188	30
605	1228	1201	27
606	1218	1226	-8
607	1221	1214	7
608	1208	1208	0
609	1238	1190	48
610	1241	1212	29
611	1234	1222	12
612	1220	1213	7
613	1217	1204	13
614	1217	1202	15
615	1219	1199	20
616	1236	1202	34
617	1230	1223	7
618	1245	1213	32
619	1244	1215	29
620	1224	1211	13
621	1245	1207	38
622	1228	1218	10
623	1221	1188	33
624	1229	1201	28
625	1234	1228	6
626	1216	1212	4
627	1223	1214	9
628	1224	1216	8
629	1240	1194	46
630	1216	1193	23
631	1224	1209	15
632	1225	1217	8
633	1229	1208	21
634	1236	1195	41
635	1242	1186	56
636	1239	1191	48
637	1270	1191	79
638	1238	1195	43
639	1223	1197	26
640	1226	1205	21
641	1215	1219	-4
642	1222	1221	1
643	1235	1222	13
644	1212	1200	12
645	1230	1204	26
646	1224	1207	17
647	1221	1219	2
648	1209	1219	-10
649	1244	1228	16
650	1246	1225	21
651	1242	1196	46
652	1265	1182	83
653	1249	1181	68
654	1225	1204	21
655	1252	1202	50
656	1270	1188	82
657	1253	1173	80
658	1225	1174	51
659	1261	1182	79
660	1249	1191	58
661	1221	1205	16
662	1217	1203	14
663	1238	1192	46
664	1234	1198	36
665	1254	1218	36
666	1255	1190	65
667	1243	1181	62
668	1223	1214	9
669	1249	1215	34
670	1237	1206	31
671	1222	1230	-8
672	1225	1222	3
673	1236	1205	31
674	1249	1188	61
675	1256	1199	57
676	1244	1212	32
677	1236	1215	21
678	1221	1221	0
679	1229	1221	8
680	1259	1201	58
681	1263	1181	82
682	1229	1192	37
683	1244	1216	28
684	1255	1189	66
685	1259	1180	79
686	1242	1196	46
687	1234	1188	46
688	1236	1189	47
689	1247	1202	45
690	1249	1175	74
691	1263	1181	82
692	1269	1199	70
693	1274	1205	69
694	1251	1199	52
695	1275	1202	73
696	1307	1213	94
697	1269	1211	58
698	1236	1193	43
699	1269	1194	75
700	1284	1193	91
701	1278	1194	84
702	1252	1185	67
703	1261	1197	64
704	1280	1196	84
705	1279	1198	81
706	1299	1195	104
707	1314	1177	137
708	1278	1203	75
709	1294	1211	83
710	1301	1201	100
711	1297	1195	102
712	1284	1200	84
713	1297	1170	127
714	1300	1196	104
715	1290	1232	58
716	1294	1217	77
717	1332	1211	121
718	1312	1216	96
719	1306	1194	112
720	1296	1218	78
721	1304	1212	92
722	1306	1207	99
723	1306	1230	76
724	1315	1207	108
725	1309	1193	116
726	1315	1209	106
727	1332	1216	116
728	1340	1213	127
729	1325	1207	118
730	1333	1221	112
731	1359	1210	149
732	1355	1225	130
733	1340	1228	112
734	1329	1207	122
735	1351	1204	147
736	1383	1202	181
737	1382	1195	187
738	1363	1189	174
739	1369	1193	176
740	1351	1197	154
741	1374	1202	172
742	1393	1208	185
743	1409	1223	186
744	1413	1223	190
745	1415	1215	200
746	1403	1203	200
747	1414	1197	217
748	1413	1195	218
749	1424	1203	221
750	1414	1211	203
751	1442	1201	241
752	1447	1195	252
753	1423	1212	211
754	1436	1204	232
755	1451	1194	257
756	1435	1201	234
757	1450	1208	242
758	1439	1207	232
759	1482	1209	273
760	1458	1217	241
761	1444	1217	227
762	1480	1208	272
763	1487	1219	268
764	1466	1197	269
765	1495	1204	291
766	1480	1205	275
767	1477	1239	238
768	1509	1235	274
769	1532	1215	317
770	1543	1215	328
771	1532	1200	332
772	1523	1218	305
773	1530	1210	320
774	1518	1205	313
775	1573	1205	368
776	1565	1211	354
777	1588	1206	382
778	1592	1212	380
779	1602	1206	396
780	1612	1221	391
781	1644	1232	412
782	1648	1209	439
783	1648	1180	468
784	1653	1183	470
785	1656	1191	465
786	1699	1192	507
787	1716	1185	531
788	1715	1197	518
789	1712	1204	508
790	1746	1186	560
791	1771	1185	586
792	1798	1182	616
793	1791	1194	597
794	1783	1204	579
795	1800	1211	589
796	1837	1190	647
797	1852	1186	666
798	1848	1201	647
799	1854	1181	673
800	1842	1191	651
801	1873	1186	687
802	1862	1189	673
803	1851	1188	663
804	1861	1215	646
805	1871	1216	655
806	1853	1202	651
807	1888	1188	700
808	1954	1199	755
809	1939	1195	744
810	1902	1177	725
811	1936	1194	742
812	1924	1206	718
813	1894	1187	707
814	1874	1192	682
815	1904	1208	696
816	1918	1180	738
817	1929	1169	760
818	1994	1204	790
819	1950	1202	748
820	1928	1196	732
821	1964	1230	734
822	2001	1230	771
823	2014	1220	794
824	2055	1203	852
825	2101	1206	895
826	2073	1197	876
827	2050	1206	844
828	2090	1215	875
829	2126	1215	911
830	2116	1221	895
831	2139	1201	938
832	2154	1207	947
833	2200	1223	977
834	2225	1217	1008
835	2239	1213	1026
836	2248	1229	1019
837	2289	1191	1098
838	2319	1193	1126
839	2325	1200	1125
840	2363	1184	1179
841	2355	1195	1160
842	2391	1209	1182
843	2460	1183	1277
844	2427	1185	1242
845	2405	1191	1214
846	2446	1212	1234
847	2457	1218	1239
848	2426	1211	1215
849	2420	1201	1219
850	2430	1207	1223
851	2432	1208	1224
852	2452	1198	1254
853	2435	1203	1232
854	2436	1205	1231
855	2448	1205	1243
856	2458	1211	1247
857	2418	1205	1213
858	2372	1205	1167
859	2425	1199	1226
860	2388	1216	1172
861	2351	1212	1139
862	2343	1215	1128
863	2351	1194	1157
864	2337	1200	1137
865	2273	1210	1063
866	2262	1211	1051
867	2279	1205	1074
868	2283	1226	1057
869	2287	1233	1054
870	2283	1216	1067
871	2278	1207	1071
872	2286	1206	1080
873	2287	1181	1106
874	2287	1199	1088
875	2288	1211	1077
876	2305	1217	1088
877	2372	1202	1170
878	2352	1191	1161
879	2368	1202	1166
880	2379	1204	1175
881	2364	1209	1155
882	2399	1215	1184
883	2405	1207	1198
884	2410	1204	1206
885	2457	1193	1264
886	2525	1207	1318
887	2563	1199	1364
888	2569	1187	1382
889	2524	1197	1327
890	2498	1197	1301
891	2570	1183	1387
892	2562	1178	1384
893	2613	1195	1418
894	2658	1215	1443
895	2680	1208	1472
896	2683	1183	1500
897	2643	1175	1468
898	2648	1179	1469
899	2680	1193	1487
900	2663	1206	1457
901	2666	1222	1444
902	2686	1208	1478
903	2724	1197	1527
904	2740	1202	1538
905	2680	1205	1475
906	2679	1204	1475
907	2655	1208	1447
908	2701	1181	1520
909	2660	1187	1473
910	2656	1217	1439
911	2624	1214	1410
912	2589	1186	1403
913	2608	1199	1409
914	2611	1208	1403
915	2583	1204	1379
916	2554	1186	1368
917	2558	1187	1371
918	2587	1194	1393
919	2532	1170	1362
920	2504	1186	1318
921	2527	1192	1335
922	2519	1204	1315
923	2477	1208	1269
924	2462	1209	1253
925	2432	1214	1218
926	2364	1217	1147
927	2331	1191	1140
928	2310	1199	1111
929	2319	1202	1117
930	2343	1189	1154
931	2331	1166	1165
932	2325	1207	1118
933	2358	1211	1147
934	2281	1204	1077
935	2230	1207	1023
936	2234	1237	997
937	2269	1234	1035
938	2247	1196	1051
939	2227	1186	1041
940	2247	1191	1056
941	2276	1206	1070
942	2239	1227	1012
943	2202	1229	973
944	2248	1224	1024
945	2244	1205	1039
946	2220	1211	1009
947	2239	1228	1011
948	2242	1213	1029
949	2214	1213	1001
950	2206	1210	996
951	2257	1209	1048
952	2274	1201	1073
953	2274	1196	1078
954	2239	1202	1037
955	2250	1197	1053
956	2249	1206	1043
957	2270	1195	1075
958	2263	1192	1071
959	2261	1202	1059
960	2243	1212	1031
961	2263	1225	1038
962	2271	1207	1064
963	2253	1210	1043
964	2230	1202	1028
965	2246	1183	1063
966	2239	1192	1047
967	2251	1198	1053
968	2233	1206	1027
969	2225	1212	1013
970	2227	1186	1041
971	2232	1177	1055
972	2227	1191	1036
973	2219	1196	1023
974	2171	1177	994
975	2185	1207	978
976	2200	1227	973
977	2197	1196	1001
978	2189	1188	1001
979	2149	1191	958
980	2099	1213	886
981	2089	1213	876
982	2043	1196	847
983	2084	1213	871
984	2107	1216	891
985	2070	1202	868
986	2031	1187	844
987	1985	1206	779
988	2005	1199	806
989	2008	1192	816
990	2000	1193	807
991	1989	1208	781
992	2011	1207	804
993	1974	1218	756
994	1947	1201	746
995	1922	1206	716
996	1880	1198	682
997	1886	1213	673
998	1863	1214	649
999	1858	1193	665
1000	1839	1166	673
1001	1843	1195	648
1002	1802	1206	596
1003	1805	1209	596
1004	1785	1213	572
1005	1794	1198	596
1006	1811	1186	625
1007	1832	1185	647
1008	1792	1197	595
1009	1789	1186	603
1010	1742	1180	562
1011	1766	1216	550
1012	1795	1227	568
1013	1819	1205	614
1014	1789	1209	580
1015	1754	1197	557
1016	1739	1189	550
1017	1731	1191	540
1018	1726	1195	531
1019	1739	1192	547
1020	1755	1204	551
1021	1770	1220	550
1022	1739	1207	532
1023	1717	1193	524
1024	1708	1211	497
1025	1730	1213	517
1026	1725	1185	540
1027	1728	1196	532
1028	1739	1210	529
1029	1744	1187	557
1030	1714	1210	504
1031	1720	1232	488
1032	1741	1210	531
1033	1769	1211	558
1034	1741	1235	506
1035	1707	1236	471
1036	1705	1218	487
1037	1722	1202	520
1038	1694	1212	482
1039	1668	1208	460
1040	1691	1214	477
1041	1706	1212	494
1042	1697	1212	485
1043	1698	1220	478
1044	1676	1199	477
1045	1686	1202	484
1046	1647	1225	422
1047	1663	1209	454
1048	1686	1208	478
1049	1657	1197	460
1050	1642	1164	478
1051	1659	1170	489
1052	1651	1206	445
1053	1636	1199	437
1054	1613	1198	415
1055	1620	1209	411
1056	1618	1212	406
1057	1635	1197	438
1058	1614	1192	422
1059	1593	1202	391
1060	1583	1193	390
1061	1595	1195	400
1062	1593	1195	398
1063	1569	1182	387
1064	1546	1189	357
1065	1563	1179	384
1066	1551	1183	368
1067	1594	1202	392
1068	1577	1202	375
1069	1527	1197	330
1070	1495	1187	308
1071	1523	1194	329
1072	1500	1202	298
1073	1518	1197	321
1074	1532	1191	341
1075	1542	1203	339
1076	1532	1218	314
1077	1518	1213	305
1078	1512	1207	305
1079	1537	1214	323
1080	1522	1196	326
1081	1513	1212	301
1082	1487	1228	259
1083	1506	1207	299
1084	1515	1219	296
1085	1504	1210	294
1086	1495	1213	282
1087	1497	1208	289
1088	1509	1216	293
1089	1500	1205	295
1090	1486	1181	305
1091	1515	1196	319
1092	1489	1215	274
1093	1497	1209	288
1094	1504	1211	293
1095	1499	1190	309
1096	1517	1193	324
1097	1520	1205	315
1098	1527	1201	326
1099	1536	1198	338
1100	1530	1193	337
1101	1525	1186	339
1102	1522	1177	345
1103	1535	1185	350
1104	1514	1188	326
1105	1530	1197	333
1106	1542	1204	338
1107	1550	1192	358
1108	1546	1183	363
1109	1533	1184	349
1110	1549	1207	342
1111	1541	1221	320
1112	1532	1217	315
1113	1538	1203	335
1114	1526	1192	334
1115	1556	1214	342
1116	1561	1209	352
1117	1572	1203	369
1118	1554	1228	326
1119	1568	1184	384
1120	1572	1182	390
1121	1559	1220	339
1122	1551	1215	336
1123	1545	1193	352
1124	1565	1186	379
1125	1601	1198	403
1126	1570	1200	370
1127	1590	1214	376
1128	1580	1223	357
1129	1596	1212	384
1130	1610	1208	402
1131	1597	1193	404
1132	1588	1185	403
1133	1585	1201	384
1134	1595	1202	393
1135	1597	1204	393
1136	1590	1208	382
1137	1609	1206	403
1138	1606	1205	401
1139	1627	1185	442
1140	1622	1180	442
1141	1619	1183	436
1142	1596	1174	422
1143	1617	1187	430
1144	1628	1186	442
1145	1628	1194	434
1146	1625	1208	417
1147	1606	1216	390
1148	1594	1225	369
1149	1629	1222	407
1150	1612	1220	392
1151	1610	1212	398
1152	1626	1213	413
1153	1641	1218	423
1154	1626	1216	410
1155	1647	1217	430
1156	1619	1219	400
1157	1605	1205	400
1158	1588	1189	399
1159	1605	1210	395
1160	1626	1204	422
1161	1652	1201	451
1162	1656	1224	432
1163	1633	1216	417
1164	1609	1214	395
1165	1622	1197	425
1166	1616	1187	429
1167	1619	1199	420
1168	1637	1196	441
1169	1701	1212	489
1170	1692	1233	459
1171	1688	1225	463
1172	1679	1252	427
1173	1685	1237	448
1174	1714	1207	507
1175	1750	1206	544
1176	1755	1207	548
1177	1753	1208	545
1178	1736	1212	524
1179	1725	1221	504
1180	1758	1209	549
1181	1750	1179	571
1182	1761	1179	582
1183	1817	1188	629
1184	1815	1192	623
1185	1821	1206	615
1186	1833	1204	629
1187	1849	1186	663
1188	1870	1189	681
1189	1882	1207	675
1190	1879	1221	658
1191	1876	1212	664
1192	1880	1196	684
1193	1882	1211	671
1194	1925	1217	708
1195	1962	1220	742
1196	1975	1205	770
1197	1986	1203	783
1198	1979	1199	780
1199	2014	1196	818
1200	2035	1182	853
1201	2062	1209	853
1202	2078	1215	863
1203	2101	1218	883
1204	2068	1214	854
1205	2106	1196	910
1206	2111	1194	917
1207	2144	1201	943
1208	2232	1238	994
1209	2209	1225	984
1210	2254	1203	1051
1211	2311	1203	1108
1212	2290	1187	1103
1213	2277	1177	1100
1214	2314	1169	1145
1215	2340	1178	1162
1216	2324	1195	1129
1217	2370	1205	1165
1218	2361	1206	1155
1219	2432	1196	1236
1220	2462	1178	1284
1221	2444	1187	1257
1222	2439	1212	1227
1223	2508	1205	1303
1224	2514	1201	1313
1225	2517	1201	1316
1226	2529	1209	1320
1227	2555	1205	1350
1228	2598	1215	1383
1229	2644	1200	1444
1230	2637	1174	1463
1231	2675	1193	1482
1232	2693	1200	1493
1233	2690	1216	1474
1234	2746	1205	1541
1235	2780	1197	1583
1236	2793	1219	1574
1237	2828	1232	1596
1238	2847	1216	1631
1239	2873	1206	1667
1240	2935	1212	1723
1241	2901	1209	1692
1242	2937	1190	1747
1243	2997	1200	1797
1244	2997	1192	1805
1245	3020	1199	1821
1246	3065	1215	1850
1247	3084	1211	1873
1248	3127	1216	1911
1249	3211	1217	1994
1250	3183	1200	1983
1251	3210	1195	2015
1252	3231	1186	2045
1253	3290	1193	2097
1254	3348	1211	2137
1255	3418	1214	2204
1256	3427	1209	2218
1257	3435	1217	2218
1258	3474	1218	2256
1259	3522	1206	2316
1260	3542	1214	2328
1261	3559	1228	2331
1262	3605	1212	2393
1263	3721	1202	2519
1264	3707	1187	2520
1265	3737	1199	2538
1266	3814	1215	2599
1267	3842	1215	2627
1268	3862	1223	2639
1269	3916	1210	2706
1270	3902	1202	2700
1271	3929	1207	2722
1272	3994	1208	2786
1273	4067	1223	2844
1274	4073	1198	2875
1275	4140	1215	2925
1276	4134	1219	2915
1277	4102	1222	2880
1278	4099	1208	2891
1279	4206	1202	3004
1280	4247	1193	3054
1281	4217	1190	3027
1282	4274	1217	3057
1283	4289	1218	3071
1284	4342	1200	3142
1285	4406	1178	3228
1286	4352	1179	3173
1287	4371	1205	3166
1288	4407	1211	3196
1289	4448	1197	3251
1290	4390	1217	3173
1291	4332	1219	3113
1292	4306	1196	3110
1293	4345	1217	3128
1294	4358	1213	3145
1295	4407	1196	3211
1296	4381	1208	3173
1297	4351	1172	3179
1298	4334	1189	3145
1299	4365	1187	3178
1300	4301	1192	3109
1301	4268	1200	3068
1302	4221	1203	3018
1303	4262	1199	3063
1304	4288	1209	3079
1305	4263	1207	3056
1306	4208	1199	3009
1307	4203	1222	2981
1308	4177	1217	2960
1309	4202	1198	3004
1310	4160	1205	2955
1311	4125	1220	2905
1312	4077	1192	2885
1313	4044	1168	2876
1314	4059	1182	2877
1315	4057	1213	2844
1316	4018	1199	2819
1317	3963	1185	2778
1318	3968	1186	2782
1319	3873	1194	2679
1320	3832	1207	2625
1321	3848	1195	2653
1322	3887	1190	2697
1323	3838	1186	2652
1324	3811	1200	2611
1325	3787	1205	2582
1326	3780	1190	2590
1327	3772	1196	2576
1328	3729	1189	2540
1329	3749	1178	2571
1330	3662	1174	2488
1331	3653	1198	2455
1332	3638	1218	2420
1333	3671	1203	2468
1334	3669	1224	2445
1335	3639	1192	2447
1336	3666	1217	2449
1337	3687	1245	2442
1338	3623	1220	2403
1339	3637	1217	2420
1340	3653	1202	2451
1341	3619	1197	2422
1342	3563	1194	2369
1343	3568	1196	2372
1344	3542	1224	2318
1345	3516	1223	2293
1346	3533	1215	2318
1347	3615	1215	2400
1348	3594	1210	2384
1349	3583	1189	2394
1350	3571	1189	2382
1351	3575	1194	2381
1352	3556	1191	2365
1353	3555	1188	2367
1354	3535	1184	2351
1355	3595	1189	2406
1356	3611	1193	2418
1357	3554	1186	2368
1358	3621	1201	2420
1359	3632	1205	2427
1360	3631	1209	2422
1361	3676	1213	2463
1362	3687	1214	2473
1363	3712	1211	2501
1364	3711	1202	2509
1365	3704	1191	2513
1366	3755	1185	2570
1367	3791	1212	2579
1368	3822	1197	2625
1369	3840	1182	2658
1370	3827	1188	2639
1371	3825	1177	2648
1372	3823	1173	2650
1373	3853	1187	2666
1374	3925	1188	2737
1375	3949	1191	2758
1376	3952	1196	2756
1377	3951	1201	2750
1378	3943	1198	2745
1379	4035	1190	2845
1380	4019	1210	2809
1381	4032	1200	2832
1382	4053	1205	2848
1383	4089	1209	2880
1384	4100	1196	2904
1385	4119	1190	2929
1386	4095	1200	2895
1387	4129	1215	2914
1388	4135	1203	2932
1389	4210	1198	3012
1390	4156	1207	2949
1391	4150	1220	2930
1392	4192	1209	2983
1393	4257	1186	3071
1394	4263	1196	3067
1395	4279	1187	3092
1396	4241	1218	3023
1397	4227	1228	2999
1398	4239	1206	3033
1399	4241	1173	3068
1400	4202	1201	3001
1401	4192	1213	2979
1402	4186	1220	2966
1403	4145	1221	2924
1404	4184	1204	2980
1405	4208	1184	3024
1406	4204	1190	3014
1407	4179	1223	2956
1408	4215	1220	2995
1409	4173	1205	2968
1410	4127	1206	2921
1411	4089	1205	2884
1412	4100	1204	2896
1413	4116	1192	2924
1414	4115	1202	2913
1415	4050	1223	2827
1416	3985	1228	2757
1417	3963	1190	2773
1418	4002	1192	2810
1419	4026	1202	2824
1420	3956	1198	2758
1421	3927	1198	2729
1422	3909	1194	2715
1423	3850	1231	2619
1424	3780	1223	2557
1425	3806	1180	2626
1426	3811	1204	2607
1427	3804	1224	2580
1428	3803	1211	2592
1429	3780	1175	2605
1430	3735	1159	2576
1431	3731	1161	2570
1432	3668	1161	2507
1433	3609	1178	2431
1434	3603	1198	2405
1435	3607	1204	2403
1436	3609	1200	2409
1437	3565	1220	2345
1438	3521	1205	2316
1439	3515	1208	2307
1440	3499	1192	2307
1441	3465	1200	2265
1442	3462	1200	2262
1443	3464	1177	2287
1444	3437	1190	2247
1445	3435	1205	2230
1446	3424	1204	2220
1447	3389	1204	2185
1448	3370	1192	2178
1449	3372	1194	2178
1450	3384	1174	2210
1451	3396	1176	2220
1452	3392	1205	2187
1453	3362	1222	2140
1454	3361	1210	2151
1455	3397	1215	2182
1456	3361	1196	2165
1457	3380	1197	2183
1458	3342	1202	2140
1459	3312	1202	2110
1460	3357	1201	2156
1461	3333	1210	2123
1462	3306	1201	2105
1463	3315	1178	2137
1464	3332	1209	2123
1465	3375	1192	2183
1466	3357	1192	2165
1467	3379	1177	2202
1468	3413	1162	2251
1469	3416	1195	2221
1470	3356	1218	2138
1471	3365	1229	2136
1472	3430	1194	2236
1473	3435	1210	2225
1474	3424	1233	2191
1475	3398	1198	2200
1476	3439	1199	2240
1477	3471	1205	2266
1478	3527	1207	2320
1479	3524	1195	2329
1480	3501	1190	2311
1481	3538	1192	2346
1482	3560	1201	2359
1483	3558	1207	2351
1484	3559	1198	2361
1485	3564	1185	2379
1486	3625	1198	2427
1487	3664	1191	2473
1488	3653	1201	2452
1489	3700	1191	2509
1490	3665	1187	2478
1491	3681	1190	2491
1492	3764	1181	2583
1493	3810	1183	2627
1494	3789	1189	2600
1495	3786	1178	2608
1496	3777	1183	2594
1497	3784	1204	2580
1498	3802	1208	2594
1499	3797	1199	2598
1500	3827	1201	2626
1501	3877	1208	2669
1502	3916	1195	2721
1503	3878	1201	2677
1504	3894	1225	2669
1505	3942	1221	2721
1506	3958	1203	2755
1507	4037	1198	2839
1508	4028	1212	2816
1509	3976	1189	2787
1510	4022	1170	2852
1511	4023	1194	2829
1512	4053	1213	2840
1513	4103	1223	2880
1514	4109	1232	2877
1515	4085	1217	2868
1516	4092	1213	2879
1517	4153	1193	2960
1518	4153	1201	2952
1519	4133	1194	2939
1520	4112	1191	2921
1521	4061	1209	2852
1522	4102	1201	2901
1523	4104	1201	2903
1524	4098	1201	2897
1525	4183	1192	2991
1526	4172	1198	2974
1527	4114	1198	2916
1528	4122	1202	2920
1529	4148	1195	2953
1530	4130	1201	2929
1531	4127	1211	2916
1532	4133	1221	2912
1533	4151	1194	2957
1534	4127	1203	2924
1535	4076	1220	2856
1536	4029	1203	2826
1537	4004	1202	2802
1538	3995	1197	2798
1539	4013	1199	2814
1540	4005	1217	2788
1541	3961	1223	2738
1542	3979	1227	2752
1543	3981	1233	2748
1544	3907	1209	2698
1545	3881	1185	2696
1546	3893	1183	2710
1547	3874	1214	2660
1548	3818	1213	2605
1549	3824	1193	2631
1550	3812	1197	2615
1551	3837	1187	2650
1552	3796	1186	2610
1553	3793	1183	2610
1554	3726	1189	2537
1555	3655	1207	2448
1556	3688	1198	2490
1557	3758	1177	2581
1558	3734	1183	2551
1559	3674	1176	2498
1560	3618	1188	2430
1561	3578	1186	2392
1562	3584	1174	2410
1563	3613	1179	2434
1564	3563	1193	2370
1565	3549	1202	2347
1566	3518	1205	2313
1567	3505	1201	2304
1568	3476	1206	2270
1569	3520	1210	2310
1570	3526	1199	2327
1571	3465	1191	2274
1572	3448	1171	2277
1573	3477	1174	2303
1574	3487	1187	2300
1575	3472	1195	2277
1576	3443	1187	2256
1577	3406	1184	2222
1578	3427	1187	2240
1579	3391	1189	2202
1580	3376	1179	2197
1581	3358	1185	2173
1582	3357	1204	2153
1583	3408	1216	2192
1584	3385	1196	2189
1585	3397	1198	2199
1586	3356	1211	2145
1587	3365	1204	2161
1588	3337	1200	2137
1589	3316	1190	2126
1590	3287	1188	2099
1591	3342	1173	2169
1592	3354	1188	2166
1593	3313	1199	2114
1594	3283	1183	2100
1595	3319	1197	2122
1596	3358	1192	2166
1597	3385	1181	2204
1598	3384	1209	2175
1599	3425	1210	2215
1600	3426	1183	2243
1601	3417	1182	2235
1602	3365	1195	2170
1603	3365	1198	2167
1604	3362	1191	2171
1605	3410	1188	2222
1606	3436	1179	2257
1607	3402	1198	2204
1608	3434	1226	2208
1609	3481	1201	2280
1610	3494	1175	2319
1611	3558	1175	2383
1612	3588	1175	2413
1613	3586	1195	2391
1614	3595	1214	2381
1615	3630	1215	2415
1616	3628	1187	2441
1617	3635	1185	2450
1618	3673	1232	2441
1619	3680	1216	2464
1620	3685	1185	2500
1621	3679	1193	2486
1622	3672	1174	2498
1623	3736	1199	2537
1624	3756	1200	2556
1625	3769	1195	2574
1626	3800	1219	2581
1627	3809	1227	2582
1628	3837	1185	2652
1629	3911	1157	2754
1630	3923	1175	2748
1631	3960	1185	2775
1632	3967	1202	2765
1633	4003	1207	2796
1634	4021	1234	2787
1635	3986	1219	2767
1636	3983	1203	2780
1637	4090	1216	2874
1638	4101	1201	2900
1639	4089	1201	2888
1640	4099	1214	2885
1641	4106	1211	2895
1642	4069	1212	2857
1643	4088	1193	2895
1644	4112	1195	2917
1645	4204	1190	3014
1646	4172	1192	2980
1647	4190	1195	2995
1648	4219	1169	3050
1649	4208	1197	3011
1650	4195	1202	2993
1651	4190	1189	3001
1652	4235	1202	3033
1653	4277	1200	3077
1654	4261	1199	3062
1655	4268	1215	3053
1656	4264	1217	3047
1657	4287	1219	3068
1658	4264	1202	3062
1659	4313	1194	3119
1660	4376	1180	3196
1661	4361	1190	3171
1662	4297	1185	3112
1663	4299	1175	3124
1664	4293	1184	3109
1665	4325	1209	3116
1666	4345	1209	3136
1667	4256	1193	3063
1668	4287	1202	3085
1669	4323	1211	3112
1670	4286	1214	3072
1671	4252	1177	3075
1672	4222	1184	3038
1673	4238	1202	3036
1674	4187	1214	2973
1675	4286	1217	3069
1676	4220	1198	3022
1677	4212	1211	3001
1678	4216	1207	3009
1679	4147	1181	2966
1680	4177	1201	2976
1681	4123	1208	2915
1682	4112	1199	2913
1683	4128	1194	2934
1684	4052	1203	2849
1685	4007	1220	2787
1686	3964	1221	2743
1687	3968	1221	2747
1688	3989	1216	2773
1689	3974	1194	2780
1690	3970	1171	2799
1691	4010	1188	2822
1692	3957	1213	2744
1693	3993	1196	2797
1694	3938	1199	2739
1695	3887	1205	2682
1696	3868	1201	2667
1697	3823	1205	2618
1698	3846	1180	2666
1699	3819	1184	2635
1700	3828	1218	2610
1701	3833	1206	2627
1702	3744	1171	2573
1703	3755	1176	2579
1704	3737	1197	2540
1705	3674	1191	2483
1706	3699	1212	2487
1707	3696	1205	2491
1708	3689	1197	2492
1709	3666	1177	2489
1710	3603	1179	2424
1711	3613	1195	2418
1712	3586	1210	2376
1713	3584	1207	2377
1714	3587	1188	2399
1715	3586	1203	2383
1716	3605	1204	2401
1717	3566	1194	2372
1718	3492	1186	2306
1719	3476	1208	2268
1720	3493	1207	2286
1721	3492	1224	2268
1722	3450	1217	2233
1723	3447	1185	2262
1724	3456	1171	2285
1725	3413	1189	2224
1726	3411	1198	2213
1727	3435	1199	2236
1728	3479	1206	2273
1729	3432	1197	2235
1730	3417	1191	2226
1731	3461	1194	2267
1732	3440	1207	2233
1733	3430	1198	2232
1734	3407	1199	2208
1735	3426	1201	2225
1736	3424	1199	2225
1737	3387	1199	2188
1738	3425	1203	2222
1739	3409	1176	2233
1740	3458	1183	2275
1741	3482	1212	2270
1742	3495	1203	2292
1743	3504	1195	2309
1744	3447	1204	2243
1745	3455	1216	2239
1746	3468	1214	2254
1747	3471	1203	2268
1748	3469	1193	2276
1749	3536	1210	2326
1750	3572	1226	2346
1751	3554	1203	2351
1752	3592	1213	2379
1753	3665	1214	2451
1754	3621	1196	2425
1755	3599	1204	2395
1756	3601	1229	2372
1757	3638	1229	2409
1758	3686	1201	2485
1759	3733	1185	2548
1760	3679	1198	2481
1761	3676	1215	2461
1762	3698	1201	2497
1763	3734	1206	2528
1764	3802	1203	2599
1765	3813	1217	2596
1766	3822	1209	2613
1767	3843	1209	2634
1768	3860	1230	2630
1769	3903	1214	2689
1770	3925	1200	2725
1771	3959	1188	2771
1772	3992	1194	2798
1773	3991	1196	2795
1774	4039	1175	2864
1775	4026	1179	2847
1776	4089	1214	2875
1777	4185	1219	2966
1778	4139	1196	2943
1779	4108	1174	2934
1780	4153	1172	2981
1781	4206	1185	3021
1782	4202	1203	2999
1783	4231	1202	3029
1784	4317	1201	3116
1785	4305	1190	3115
1786	4236	1194	3042
1787	4326	1193	3133
1788	4333	1208	3125
1789	4277	1202	3075
1790	4268	1195	3073
1791	4312	1185	3127
1792	4311	1187	3124
1793	4373	1216	3157
1794	4402	1204	3198
1795	4432	1191	3241
1796	4488	1182	3306
1797	4505	1205	3300
1798	4502	1193	3309
1799	4525	1185	3340
1800	4493	1207	3286
1801	4534	1223	3311
1802	4616	1226	3390
1803	4585	1227	3358
1804	4553	1223	3330
1805	4625	1216	3409
1806	4598	1226	3372
1807	4591	1220	3371
1808	4631	1205	3426
1809	4649	1211	3438
1810	4611	1194	3417
1811	4643	1190	3453
1812	4677	1203	3474
1813	4630	1196	3434
1814	4609	1202	3407
1815	4583	1205	3378
1816	4592	1200	3392
1817	4691	1191	3500
1818	4670	1208	3462
1819	4634	1187	3447
1820	4685	1192	3493
1821	4709	1195	3514
1822	4708	1184	3524
1823	4693	1186	3507
1824	4729	1214	3515
1825	4747	1210	3537
1826	4705	1186	3519
1827	4661	1196	3465
1828	4687	1184	3503
1829	4733	1212	3521
1830	4681	1213	3468
1831	4700	1194	3506
1832	4673	1198	3475
1833	4689	1218	3471
1834	4722	1214	3508
1835	4682	1203	3479
1836	4650	1205	3445
1837	4682	1209	3473
1838	4635	1199	3436
1839	4643	1194	3449
1840	4641	1186	3455
1841	4553	1207	3346
1842	4541	1200	3341
1843	4563	1208	3355
1844	4552	1203	3349
1845	4466	1206	3260
1846	4377	1202	3175
1847	4374	1203	3171
1848	4364	1208	3156
1849	4353	1201	3152
1850	4329	1205	3124
1851	4310	1203	3107
1852	4314	1197	3117
1853	4307	1199	3108
1854	4256	1217	3039
1855	4235	1219	3016
1856	4248	1216	3032
1857	4243	1241	3002
1858	4231	1227	3004
1859	4263	1188	3075
1860	4227	1202	3025
1861	4225	1207	3018
1862	4245	1181	3064
1863	4277	1196	3081
1864	4268	1209	3059
1865	4227	1195	3032
1866	4254	1191	3063
1867	4254	1194	3060
1868	4177	1193	2984
1869	4170	1200	2970
1870	4197	1201	2996
1871	4178	1200	2978
1872	4169	1201	2968
1873	4109	1201	2908
1874	4065	1193	2872
1875	4081	1189	2892
1876	4060	1200	2860
1877	4008	1199	2809
1878	3976	1192	2784
1879	3979	1180	2799
1880	3937	1177	2760
1881	3895	1187	2708
1882	3888	1201	2687
1883	3917	1228	2689
1884	3862	1233	2629
1885	3833	1204	2629
1886	3824	1209	2615
1887	3815	1194	2621
1888	3768	1194	2574
1889	3760	1214	2546
1890	3799	1220	2579
1891	3791	1193	2598
1892	3743	1185	2558
1893	3730	1227	2503
1894	3781	1225	2556
1895	3815	1206	2609
1896	3776	1227	2549
1897	3806	1224	2582
1898	3821	1208	2613
1899	3784	1221	2563
1900	3808	1214	2594
1901	3863	1212	2651
1902	3862	1209	2653
1903	3883	1202	2681
1904	3889	1199	2690
1905	3884	1200	2684
1906	3916	1171	2745
1907	3945	1188	2757
1908	3855	1197	2658
1909	3892	1201	2691
1910	3918	1199	2719
1911	3888	1204	2684
1912	3892	1203	2689
1913	3830	1209	2621
1914	3813	1189	2624
1915	3790	1195	2595
1916	3755	1207	2548
1917	3832	1193	2639
1918	3803	1204	2599
1919	3766	1209	2557
1920	3749	1191	2558
1921	3753	1174	2579
1922	3771	1195	2576
1923	3756	1201	2555
1924	3801	1193	2608
1925	3795	1195	2600
1926	3768	1201	2567
1927	3781	1203	2578
1928	3772	1206	2566
1929	3772	1203	2569
1930	3844	1201	2643
1931	3800	1195	2605
1932	3779	1190	2589
1933	3803	1209	2594
1934	3818	1217	2601
1935	3866	1223	2643
1936	3836	1199	2637
1937	3844	1180	2664
1938	3887	1189	2698
1939	3891	1195	2696
1940	3965	1204	2761
1941	4000	1204	2796
1942	3934	1201	2733
1943	3914	1193	2721
1944	3953	1205	2748
1945	4025	1220	2805
1946	4067	1216	2851
1947	4093	1230	2863
1948	4104	1221	2883
1949	4084	1201	2883
1950	4130	1204	2926
1951	4205	1217	2988
1952	4205	1219	2986
1953	4235	1191	3044
1954	4178	1216	2962
1955	4188	1208	2980
1956	4229	1204	3025
1957	4227	1213	3014
1958	4212	1233	2979
1959	4178	1209	2969
1960	4218	1204	3014
1961	4233	1206	3027
1962	4207	1213	2994
1963	4140	1212	2928
1964	4184	1208	2976
1965	4210	1195	3015
1966	4220	1203	3017
1967	4216	1205	3011
1968	4193	1190	3003
1969	4264	1220	3044
1970	4217	1213	3004
1971	4272	1217	3055
1972	4309	1232	3077
1973	4380	1229	3151
1974	4426	1217	3209
1975	4406	1208	3198
1976	4481	1220	3261
1977	4495	1216	3279
1978	4485	1206	3279
1979	4503	1199	3304
1980	4530	1205	3325
1981	4500	1225	3275
1982	4547	1216	3331
1983	4550	1208	3342
1984	4594	1216	3378
1985	4548	1208	3340
1986	4536	1212	3324
1987	4562	1194	3368
1988	4547	1187	3360
1989	4558	1211	3347
1990	4520	1235	3285
1991	4520	1226	3294
1992	4628	1209	3419
1993	4635	1190	3445
1994	4626	1209	3417
1995	4587	1188	3399
1996	4604	1199	3405
1997	4725	1195	3530
1998	4697	1192	3505
1999	4708	1205	3503
2000	4814	1211	3603
2001	4896	1195	3701
2002	4843	1199	3644
2003	4782	1196	3586
2004	4882	1176	3706
2005	4898	1205	3693
2006	4836	1218	3618
2007	4856	1217	3639
2008	4841	1233	3608
2009	4795	1218	3577
2010	4813	1228	3585
2011	4832	1230	3602
2012	4800	1202	3598
2013	4775	1194	3581
2014	4752	1195	3557
2015	4728	1199	3529
2016	4688	1215	3473
2017	4697	1236	3461
2018	4689	1215	3474
2019	4691	1201	3490
2020	4670	1209	3461
2021	4671	1218	3453
2022	4650	1214	3436
2023	4582	1219	3363
2024	4572	1222	3350
2025	4588	1199	3389
2026	4572	1195	3377
2027	4567	1202	3365
2028	4507	1222	3285
2029	4499	1210	3289
2030	4531	1217	3314
2031	4498	1222	3276
2032	4477	1209	3268
2033	4500	1208	3292
2034	4433	1217	3216
2035	4368	1240	3128
2036	4474	1222	3252
2037	4464	1218	3246
2038	4442	1203	3239
2039	4443	1216	3227
2040	4393	1206	3187
2041	4367	1203	3164
2042	4319	1192	3127
2043	4307	1194	3113
2044	4302	1202	3100
2045	4366	1221	3145
2046	4313	1222	3091
2047	4247	1225	3022
2048	4256	1216	3040
2049	4254	1205	3049
2050	4286	1212	3074
2051	4282	1219	3063
2052	4291	1224	3067
2053	4289	1223	3066
2054	4249	1230	3019
2055	4311	1210	3101
2056	4372	1218	3154
2057	4377	1203	3174
2058	4373	1192	3181
2059	4415	1180	3235
2060	4493	1189	3304
2061	4435	1212	3223
2062	4451	1216	3235
2063	4495	1201	3294
2064	4493	1208	3285
2065	4466	1215	3251
2066	4504	1216	3288
2067	4477	1207	3270
2068	4459	1193	3266
2069	4460	1202	3258
2070	4404	1201	3203
2071	4398	1207	3191
2072	4391	1216	3175
2073	4389	1200	3189
2074	4368	1213	3155
2075	4339	1211	3128
2076	4344	1227	3117
2077	4429	1241	3188
2078	4295	1232	3063
2079	4249	1201	3048
2080	4261	1179	3082
2081	4189	1213	2976
2082	4150	1214	2936
2083	4159	1201	2958
2084	4117	1188	2929
2085	4104	1193	2911
2086	4039	1217	2822
2087	4044	1190	2854
2088	4102	1192	2910
2089	4096	1212	2884
2090	4016	1213	2803
2091	3977	1200	2777
2092	3982	1191	2791
2093	4022	1201	2821
2094	3959	1197	2762
2095	3938	1186	2752
2096	3955	1202	2753
2097	3945	1206	2739
2098	3970	1210	2760
2099	3988	1217	2771
2100	3993	1197	2796
2101	4020	1211	2809
2102	4101	1179	2922
2103	4067	1168	2899
2104	3993	1219	2774
2105	4023	1239	2784
2106	4088	1209	2879
2107	4103	1168	2935
2108	4048	1178	2870
2109	3984	1204	2780
2110	3979	1187	2792
2111	3967	1195	2772
2112	4035	1200	2835
2113	4043	1206	2837
2114	4133	1218	2915
2115	4152	1207	2945
2116	4192	1189	3003
2117	4244	1187	3057
2118	4210	1181	3029
2119	4271	1157	3114
2120	4318	1188	3130
2121	4353	1207	3146
2122	4400	1186	3214
2123	4370	1217	3153
2124	4327	1221	3106
2125	4311	1214	3097
2126	4321	1227	3094
2127	4316	1215	3101
2128	4254	1224	3030
2129	4257	1227	3030
2130	4169	1221	2948
2131	4080	1196	2884
2132	4074	1176	2898
2133	4125	1183	2942
2134	4091	1206	2885
2135	4051	1228	2823
2136	4112	1215	2897
2137	4121	1195	2926
2138	4071	1189	2882
2139	4071	1209	2862
2140	4125	1214	2911
2141	4164	1191	2973
2142	4185	1199	2986
2143	4221	1187	3034
2144	4250	1174	3076
2145	4290	1184	3106
2146	4309	1189	3120
2147	4297	1204	3093
2148	4406	1215	3191
2149	4420	1211	3209
2150	4361	1216	3145
2151	4389	1233	3156
2152	4328	1205	3123
2153	4342	1181	3161
2154	4337	1205	3132
2155	4334	1218	3116
2156	4298	1209	3089
2157	4265	1211	3054
2158	4346	1198	3148
2159	4387	1207	3180
2160	4402	1214	3188
2161	4434	1223	3211
2162	4417	1214	3203
2163	4444	1189	3255
2164	4453	1190	3263
2165	4511	1173	3338
2166	4489	1186	3303
2167	4511	1200	3311
2168	4557	1221	3336
2169	4615	1214	3401
2170	4586	1193	3393
2171	4521	1212	3309
2172	4572	1203	3369
2173	4649	1188	3461
2174	4675	1218	3457
2175	4719	1218	3501
2176	4721	1206	3515
2177	4786	1204	3582
2178	4824	1187	3637
2179	4803	1195	3608
2180	4807	1191	3616
2181	4796	1219	3577
2182	4826	1193	3633
2183	4895	1177	3718
2184	4905	1189	3716
2185	4922	1223	3699
2186	4932	1213	3719
2187	4905	1192	3713
2188	4843	1195	3648
2189	4891	1185	3706
2190	4965	1201	3764
2191	4996	1224	3772
2192	5056	1230	3826
2193	5115	1212	3903
2194	5169	1203	3966
2195	5278	1197	4081
2196	5380	1214	4166
2197	5449	1199	4250
2198	5452	1199	4253
2199	5554	1207	4347
2200	5534	1214	4320
2201	5521	1201	4320
2202	5523	1216	4307
2203	5500	1220	4280
2204	5474	1221	4253
2205	5434	1214	4220
2206	5355	1210	4145
2207	5347	1200	4147
2208	5292	1192	4100
2209	5295	1203	4092
2210	5266	1207	4059
2211	5306	1209	4097
2212	5314	1210	4104
2213	5212	1215	3997
2214	5174	1210	3964
2215	5212	1210	4002
2216	5158	1216	3942
2217	5161	1196	3965
2218	5176	1187	3989
2219	5127	1226	3901
2220	5108	1222	3886
2221	5059	1208	3851
2222	4958	1204	3754
2223	4930	1202	3728
2224	4913	1212	3701
2225	4951	1220	3731
2226	4966	1196	3770
2227	4928	1196	3732
2228	4893	1195	3698
2229	4887	1196	3691
2230	4870	1195	3675
2231	4854	1194	3660
2232	4823	1201	3622
2233	4897	1223	3674
2234	4890	1222	3668
2235	4885	1208	3677
2236	4888	1203	3685
2237	4924	1213	3711
2238	4898	1218	3680
2239	4893	1209	3684
2240	4844	1195	3649
2241	4830	1192	3638
2242	4865	1204	3661
2243	4862	1202	3660
2244	4859	1201	3658
2245	4827	1230	3597
2246	4889	1227	3662
2247	4974	1205	3769
2248	4937	1219	3718
2249	4950	1227	3723
2250	4950	1210	3740
2251	5012	1217	3795
2252	5004	1228	3776
2253	5017	1208	3809
2254	5108	1198	3910
2255	5153	1208	3945
2256	5091	1221	3870
2257	5089	1219	3870
2258	5053	1209	3844
2259	5097	1193	3904
2260	5073	1191	3882
2261	5064	1190	3874
2262	4999	1207	3792
2263	5012	1214	3798
2264	5021	1197	3824
2265	5011	1208	3803
2266	5000	1193	3807
2267	4986	1214	3772
2268	4957	1219	3738
2269	4973	1206	3767
2270	4929	1193	3736
2271	4881	1186	3695
2272	4943	1199	3744
2273	4958	1208	3750
2274	4912	1211	3701
2275	4888	1206	3682
2276	4804	1219	3585
2277	4761	1219	3542
2278	4802	1213	3589
2279	4795	1197	3598
2280	4753	1214	3539
2281	4758	1198	3560
2282	4782	1172	3610
2283	4753	1206	3547
2284	4697	1224	3473
2285	4703	1216	3487
2286	4685	1208	3477
2287	4680	1207	3473
2288	4695	1210	3485
2289	4705	1204	3501
2290	4736	1204	3532
2291	4720	1220	3500
2292	4729	1229	3500
2293	4753	1202	3551
2294	4721	1195	3526
2295	4740	1190	3550
2296	4681	1177	3504
2297	4665	1206	3459
2298	4677	1198	3479
2299	4668	1215	3453
2300	4619	1209	3410
2301	4671	1194	3477
2302	4626	1212	3414
2303	4560	1202	3358
2304	4620	1197	3423
2305	4645	1214	3431
2306	4640	1213	3427
2307	4688	1184	3504
2308	4694	1180	3514
2309	4735	1206	3529
2310	4780	1238	3542
2311	4790	1213	3577
2312	4754	1217	3537
2313	4751	1218	3533
2314	4808	1210	3598
2315	4820	1196	3624
2316	4749	1211	3538
2317	4736	1205	3531
2318	4699	1199	3500
2319	4719	1205	3514
2320	4727	1205	3522
2321	4743	1182	3561
2322	4621	1202	3419
2323	4567	1213	3354
2324	4638	1199	3439
2325	4600	1228	3372
2326	4551	1213	3338
2327	4581	1188	3393
2328	4546	1205	3341
2329	4498	1219	3279
2330	4511	1207	3304
2331	4480	1187	3293
2332	4391	1209	3182
2333	4426	1204	3222
2334	4415	1189	3226
2335	4372	1199	3173
2336	4330	1194	3136
2337	4342	1198	3144
2338	4343	1189	3154
2339	4349	1185	3164
2340	4352	1198	3154
2341	4284	1211	3073
2342	4267	1212	3055
2343	4268	1203	3065
2344	4271	1212	3059
2345	4323	1213	3110
2346	4305	1216	3089
2347	4344	1197	3147
2348	4423	1198	3225
2349	4490	1197	3293
2350	4449	1200	3249
2351	4467	1201	3266
2352	4545	1172	3373
2353	4589	1189	3400
2354	4622	1201	3421
2355	4683	1207	3476
2356	4658	1200	3458
2357	4690	1198	3492
2358	4716	1214	3502
2359	4665	1218	3447
2360	4717	1210	3507
2361	4766	1219	3547
2362	4776	1233	3543
2363	4835	1229	3606
2364	4811	1202	3609
2365	4853	1188	3665
2366	4833	1179	3654
2367	4747	1198	3549
2368	4715	1213	3502
2369	4744	1201	3543
2370	4706	1184	3522
2371	4722	1200	3522
2372	4639	1194	3445
2373	4624	1185	3439
2374	4578	1205	3373
2375	4590	1210	3380
2376	4615	1199	3416
2377	4601	1209	3392
2378	4623	1197	3426
2379	4593	1186	3407
2380	4635	1197	3438
2381	4615	1209	3406
2382	4602	1212	3390
2383	4597	1205	3392
2384	4542	1201	3341
2385	4565	1214	3351
2386	4614	1210	3404
2387	4661	1200	3461
2388	4523	1194	3329
2389	4500	1201	3299
2390	4456	1201	3255
2391	4455	1205	3250
2392	4457	1222	3235
2393	4456	1217	3239
2394	4469	1222	3247
2395	4485	1204	3281
2396	4506	1211	3295
2397	4534	1199	3335
2398	4500	1222	3278
2399	4466	1236	3230
2400	4490	1225	3265
2401	4573	1218	3355
2402	4498	1214	3284
2403	4493	1205	3288
2404	4576	1206	3370
2405	4615	1191	3424
2406	4633	1196	3437
2407	4662	1194	3468
2408	4640	1209	3431
2409	4611	1204	3407
2410	4663	1186	3477
2411	4695	1197	3498
2412	4743	1190	3553
2413	4917	1202	3715
2414	4984	1222	3762
2415	4975	1205	3770
2416	4912	1209	3703
2417	4901	1205	3696
2418	4900	1200	3700
2419	4944	1196	3748
2420	5041	1230	3811
2421	5014	1206	3808
2422	4973	1191	3782
2423	4985	1206	3779
2424	5041	1212	3829
2425	5039	1211	3828
2426	4982	1211	3771
2427	5046	1224	3822
2428	5095	1209	3886
2429	5081	1186	3895
2430	5108	1174	3934
2431	5123	1189	3934
2432	5075	1191	3884
2433	5114	1200	3914
2434	5151	1208	3943
2435	5176	1218	3958
2436	5133	1220	3913
2437	5097	1205	3892
2438	5079	1201	3878
2439	5050	1200	3850
2440	5105	1201	3904
2441	5114	1189	3925
2442	5075	1210	3865
2443	5052	1206	3846
2444	5065	1188	3877
2445	5084	1212	3872
2446	5060	1209	3851
2447	5062	1199	3863
2448	5114	1205	3909
2449	5119	1193	3926
2450	5137	1214	3923
2451	5141	1225	3916
2452	5130	1229	3901
2453	5142	1225	3917
2454	5165	1218	3947
2455	5221	1225	3996
2456	5176	1225	3951
2457	5160	1199	3961
2458	5228	1207	4021
2459	5201	1237	3964
2460	5234	1239	3995
2461	5253	1206	4047
2462	5309	1209	4100
2463	5309	1235	4074
2464	5249	1222	4027
2465	5221	1212	4009
2466	5252	1203	4049
2467	5350	1196	4154
2468	5418	1190	4228
2469	5386	1209	4177
2470	5388	1217	4171
2471	5408	1193	4215
2472	5362	1205	4157
2473	5379	1208	4171
2474	5388	1196	4192
2475	5401	1209	4192
2476	5401	1208	4193
2477	5366	1201	4165
2478	5383	1195	4188
2479	5380	1186	4194
2480	5320	1194	4126
2481	5421	1188	4233
2482	5449	1184	4265
2483	5449	1202	4247
2484	5377	1211	4166
2485	5355	1199	4156
2486	5441	1221	4220
2487	5396	1224	4172
2488	5379	1189	4190
2489	5428	1178	4250
2490	5545	1198	4347
2491	5661	1212	4449
2492	5726	1225	4501
2493	5747	1214	4533
2494	5784	1207	4577
2495	5862	1211	4651
2496	5945	1196	4749
2497	5957	1192	4765
2498	6174	1187	4987
2499	6770	1205	5565
2500	7420	1193	6227
2501	8176	1193	6983
2502	8900	1201	7699
2503	9439	1186	8253
2504	9666	1204	8462
2505	9779	1211	8568
2506	9847	1201	8646
2507	9885	1205	8680
2508	9808	1207	8601
2509	9529	1183	8346
2510	9274	1195	8079
2511	8808	1220	7588
2512	8034	1200	6834
2513	7267	1208	6059
2514	6769	1219	5550
2515	6514	1217	5297
2516	6312	1209	5103
2517	6183	1191	4992
2518	6034	1194	4840
2519	5914	1186	4728
2520	5779	1185	4594
2521	5741	1201	4540
2522	5690	1204	4486
2523	5586	1200	4386
2524	5517	1199	4318
2525	5535	1208	4327
2526	5529	1230	4299
2527	5449	1215	4234
2528	5511	1196	4315
2529	5484	1209	4275
2530	5438	1211	4227
2531	5464	1206	4258
2532	5487	1213	4274
2533	5443	1213	4230
2534	5345	1223	4122
2535	5438	1218	4220
2536	5484	1199	4285
2537	5419	1208	4211
2538	5371	1216	4155
2539	5335	1225	4110
2540	5301	1217	4084
2541	5260	1207	4053
2542	5226	1222	4004
2543	5189	1207	3982
2544	5188	1207	3981
2545	5150	1226	3924
2546	5157	1212	3945
2547	5092	1198	3894
2548	5032	1212	3820
2549	5007	1203	3804
2550	4992	1187	3805
2551	4991	1194	3797
2552	4992	1205	3787
2553	5011	1188	3823
2554	5019	1175	3844
2555	5055	1203	3852
2556	4985	1227	3758
2557	4965	1215	3750
2558	4943	1211	3732
2559	4898	1229	3669
2560	4831	1235	3596
2561	4870	1234	3636
2562	4884	1206	3678
2563	4824	1183	3641
2564	4775	1204	3571
2565	4756	1198	3558
2566	4659	1192	3467
2567	4646	1186	3460
2568	4635	1186	3449
2569	4556	1217	3339
2570	4584	1230	3354
2571	4599	1217	3382
2572	4521	1207	3314
2573	4554	1191	3363
2574	4599	1214	3385
2575	4588	1196	3392
2576	4613	1195	3418
2577	4619	1220	3399
2578	4612	1201	3411
2579	4620	1203	3417
2580	4650	1214	3436
2581	4605	1219	3386
2582	4553	1210	3343
2583	4513	1181	3332
2584	4515	1188	3327
2585	4469	1195	3274
2586	4342	1188	3154
2587	4335	1198	3137
2588	4256	1209	3047
2589	4308	1204	3104
2590	4325	1192	3133
2591	4308	1196	3112
2592	4333	1189	3144
2593	4334	1190	3144
2594	4350	1194	3156
2595	4381	1211	3170
2596	4402	1188	3214
2597	4415	1194	3221
2598	4408	1187	3221
2599	4419	1195	3224
2600	4399	1212	3187
2601	4382	1192	3190
2602	4373	1179	3194
2603	4351	1193	3158
2604	4343	1216	3127
2605	4284	1212	3072
2606	4255	1214	3041
2607	4276	1194	3082
2608	4299	1194	3105
2609	4286	1209	3077
2610	4290	1203	3087
2611	4246	1193	3053
2612	4272	1179	3093
2613	4266	1177	3089
2614	4347	1195	3152
2615	4369	1190	3179
2616	4364	1197	3167
2617	4294	1179	3115
2618	4353	1179	3174
2619	4323	1210	3113
2620	4274	1215	3059
2621	4298	1202	3096
2622	4318	1173	3145
2623	4366	1165	3201
2624	4364	1190	3174
2625	4333	1205	3128
2626	4270	1214	3056
2627	4333	1208	3125
2628	4290	1199	3091
2629	4222	1202	3020
2630	4265	1193	3072
2631	4238	1190	3048
2632	4209	1199	3010
2633	4229	1200	3029
2634	4182	1230	2952
2635	4145	1212	2933
2636	4105	1188	2917
2637	4129	1185	2944
2638	4147	1216	2931
2639	4158	1209	2949
2640	4173	1221	2952
2641	4192	1210	2982
2642	4217	1202	3015
2643	4267	1216	3051
2644	4230	1218	3012
2645	4277	1211	3066
2646	4289	1186	3103
2647	4262	1208	3054
2648	4212	1208	3004
2649	4221	1203	3018
2650	4199	1202	2997
2651	4144	1182	2962
2652	4138	1200	2938
2653	4149	1206	2943
2654	4123	1209	2914
2655	4141	1211	2930
2656	4151	1207	2944
2657	4148	1212	2936
2658	4116	1208	2908
2659	4070	1227	2843
2660	4107	1203	2904
2661	4185	1209	2976
2662	4174	1205	2969
2663	4180	1197	2983
2664	4201	1196	3005
2665	4186	1204	2982
2666	4133	1195	2938
2667	4122	1189	2933
2668	4140	1189	2951
2669	4133	1188	2945
2670	4125	1208	2917
2671	4124	1237	2887
2672	4107	1214	2893
2673	4101	1220	2881
2674	4106	1210	2896
2675	4140	1201	2939
2676	4174	1209	2965
2677	4140	1204	2936
2678	4088	1217	2871
2679	4133	1215	2918
2680	4110	1202	2908
2681	4155	1202	2953
2682	4151	1191	2960
2683	4201	1217	2984
2684	4131	1211	2920
2685	4091	1187	2904
2686	4128	1196	2932
2687	4064	1207	2857
2688	4036	1212	2824
2689	4072	1214	2858
2690	4073	1201	2872
2691	4069	1197	2872
2692	4050	1211	2839
2693	4099	1202	2897
2694	4111	1202	2909
2695	4070	1209	2861
2696	4057	1222	2835
2697	4051	1216	2835
2698	4037	1194	2843
2699	4024	1214	2810
2700	4028	1225	2803
2701	4019	1196	2823
2702	3996	1193	2803
2703	4002	1181	2821
2704	4003	1195	2808
2705	3983	1201	2782
2706	3944	1215	2729
2707	3942	1226	2716
2708	3986	1211	2775
2709	4018	1212	2806
2710	3970	1223	2747
2711	3935	1202	2733
2712	3902	1194	2708
2713	3899	1225	2674
2714	3898	1218	2680
2715	3864	1214	2650
2716	3915	1195	2720
2717	3935	1187	2748
2718	3902	1182	2720
2719	3916	1210	2706
2720	3904	1202	2702
2721	3886	1204	2682
2722	3894	1214	2680
2723	3873	1195	2678
2724	3858	1179	2679
2725	3812	1188	2624
2726	3810	1199	2611
2727	3846	1182	2664
2728	3816	1192	2624
2729	3821	1220	2601
2730	3798	1202	2596
2731	3805	1184	2621
2732	3806	1185	2621
2733	3805	1197	2608
2734	3838	1191	2647
2735	3903	1203	2700
2736	3916	1211	2705
2737	3897	1215	2682
2738	3918	1223	2695
2739	3901	1212	2689
2740	3860	1217	2643
2741	3893	1218	2675
2742	3893	1198	2695
2743	3867	1205	2662
2744	3775	1192	2583
2745	3764	1191	2573
2746	3774	1213	2561
2747	3782	1211	2571
2748	3770	1205	2565
2749	3757	1202	2555
2750	3766	1214	2552
2751	3786	1195	2591
2752	3700	1192	2508
2753	3714	1202	2512
2754	3696	1191	2505
2755	3659	1193	2466
2756	3698	1210	2488
2757	3698	1224	2474
2758	3688	1206	2482
2759	3701	1193	2508
2760	3712	1207	2505
2761	3676	1211	2465
2762	3659	1199	2460
2763	3665	1188	2477
2764	3624	1219	2405
2765	3673	1242	2431
2766	3664	1201	2463
2767	3723	1194	2529
2768	3762	1195	2567
2769	3754	1181	2573
2770	3767	1190	2577
2771	3728	1194	2534
2772	3677	1195	2482
2773	3701	1189	2512
2774	3748	1189	2559
2775	3755	1216	2539
2776	3766	1209	2557
2777	3732	1208	2524
2778	3718	1196	2522
2779	3752	1211	2541
2780	3722	1213	2509
2781	3706	1204	2502
2782	3734	1203	2531
2783	3748	1192	2556
2784	3753	1192	2561
2785	3719	1210	2509
2786	3694	1207	2487
2787	3763	1197	2566
2788	3812	1208	2604
2789	3766	1224	2542
2790	3789	1198	2591
2791	3823	1182	2641
2792	3775	1198	2577
2793	3777	1231	2546
2794	3817	1210	2607
2795	3771	1186	2585
2796	3735	1187	2548
2797	3748	1191	2557
2798	3731	1196	2535
2799	3741	1193	2548
2800	3712	1205	2507
2801	3690	1210	2480
2802	3700	1228	2472
2803	3743	1218	2525
2804	3795	1194	2601
2805	3791	1198	2593
2806	3744	1207	2537
2807	3809	1214	2595
2808	3810	1202	2608
2809	3849	1207	2642
2810	3882	1209	2673
2811	3850	1196	2654
2812	3786	1217	2569
2813	3749	1209	2540
2814	3734	1199	2535
2815	3745	1198	2547
2816	3730	1191	2539
2817	3743	1205	2538
2818	3679	1217	2462
2819	3689	1225	2464
2820	3670	1217	2453
2821	3682	1194	2488
2822	3677	1199	2478
2823	3694	1193	2501
2824	3673	1184	2489
2825	3702	1182	2520
2826	3691	1181	2510
2827	3671	1196	2475
2828	3641	1186	2455
2829	3652	1184	2468
2830	3653	1190	2463
2831	3709	1211	2498
2832	3741	1225	2516
2833	3725	1204	2521
2834	3705	1218	2487
2835	3796	1230	2566
2836	3806	1208	2598
2837	3828	1189	2639
2838	3865	1187	2678
2839	3859	1199	2660
2840	3879	1227	2652
2841	3921	1212	2709
2842	3962	1209	2753
2843	3884	1209	2675
2844	3829	1205	2624
2845	3847	1202	2645
2846	3888	1198	2690
2847	3903	1163	2740
2848	3929	1186	2743
2849	3880	1226	2654
2850	3905	1207	2698
2851	3928	1184	2744
2852	3848	1187	2661
2853	3830	1207	2623
2854	3852	1211	2641
2855	3817	1211	2606
2856	3796	1193	2603
2857	3770	1203	2567
2858	3671	1220	2451
2859	3583	1211	2372
2860	3581	1214	2367
2861	3531	1201	2330
2862	3543	1193	2350
2863	3563	1187	2376
2864	3579	1205	2374
2865	3590	1195	2395
2866	3564	1189	2375
2867	3559	1188	2371
2868	3564	1199	2365
2869	3588	1205	2383
2870	3614	1187	2427
2871	3684	1201	2483
2872	3729	1209	2520
2873	3723	1212	2511
2874	3733	1218	2515
2875	3760	1208	2552
2876	3736	1198	2538
2877	3721	1197	2524
2878	3741	1224	2517
2879	3714	1222	2492
2880	3615	1200	2415
2881	3638	1186	2452
2882	3638	1198	2440
2883	3602	1206	2396
2884	3553	1209	2344
2885	3566	1204	2362
2886	3604	1195	2409
2887	3623	1183	2440
2888	3520	1199	2321
2889	3486	1193	2293
2890	3486	1185	2301
2891	3518	1179	2339
2892	3544	1173	2371
2893	3500	1185	2315
2894	3499	1202	2297
2895	3602	1200	2402
2896	3595	1194	2401
2897	3594	1200	2394
2898	3580	1214	2366
2899	3582	1212	2370
2900	3606	1223	2383
2901	3597	1218	2379
2902	3564	1223	2341
2903	3549	1210	2339
2904	3498	1186	2312
2905	3502	1190	2312
2906	3551	1179	2372
2907	3614	1175	2439
2908	3604	1191	2413
2909	3577	1190	2387
2910	3576	1190	2386
2911	3511	1185	2326
2912	3499	1203	2296
2913	3535	1222	2313
2914	3552	1213	2339
2915	3499	1205	2294
2916	3525	1205	2320
2917	3601	1207	2394
2918	3552	1211	2341
2919	3545	1200	2345
2920	3555	1208	2347
2921	3520	1221	2299
2922	3499	1208	2291
2923	3448	1201	2247
2924	3424	1199	2225
2925	3409	1195	2214
2926	3343	1208	2135
2927	3322	1214	2108
2928	3298	1198	2100
2929	3301	1192	2109
2930	3267	1209	2058
2931	3241	1210	2031
2932	3267	1206	2061
2933	3330	1210	2120
2934	3311	1256	2055
2935	3357	1229	2128
2936	3419	1203	2216
2937	3417	1201	2216
2938	3385	1189	2196
2939	3439	1201	2238
2940	3485	1202	2283
2941	3564	1204	2360
2942	3541	1194	2347
2943	3529	1202	2327
2944	3546	1221	2325
2945	3544	1207	2337
2946	3509	1192	2317
2947	3476	1198	2278
2948	3436	1196	2240
2949	3392	1205	2187
2950	3382	1214	2168
2951	3333	1212	2121
2952	3251	1207	2044
2953	3234	1207	2027
2954	3188	1206	1982
2955	3153	1215	1938
2956	3135	1210	1925
2957	3133	1206	1927
2958	3129	1196	1933
2959	3167	1201	1966
2960	3133	1214	1919
2961	3100	1214	1886
2962	3087	1194	1893
2963	3066	1181	1885
2964	3057	1193	1864
2965	3086	1211	1875
2966	3100	1228	1872
2967	3097	1220	1877
2968	3134	1183	1951
2969	3171	1238	1933
2970	3156	1204	1952
2971	3194	1197	1997
2972	3175	1208	1967
2973	3236	1200	2036
2974	3241	1211	2030
2975	3250	1213	2037
2976	3260	1215	2045
2977	3253	1220	2033
2978	3207	1205	2002
2979	3199	1198	2001
2980	3160	1212	1948
2981	3134	1198	1936
2982	3182	1190	1992
2983	3172	1212	1960
2984	3145	1203	1942
2985	3118	1206	1912
2986	3117	1201	1916
2987	3110	1215	1895
2988	3124	1233	1891
2989	3124	1213	1911
2990	3127	1201	1926
2991	3128	1221	1907
2992	3113	1232	1881
2993	3146	1238	1908
2994	3152	1203	1949
2995	3122	1173	1949
2996	3137	1205	1932
2997	3170	1216	1954
2998	3159	1190	1969
2999	3217	1203	2014
3000	3207	1193	2014
3001	3154	1191	1963
3002	3160	1206	1954
3003	3187	1180	2007
3004	3173	1175	1998
3005	3168	1203	1965
3006	3168	1225	1943
3007	3087	1198	1889
3008	3051	1183	1868
3009	3066	1204	1862
3010	3065	1224	1841
3011	3070	1212	1858
3012	3111	1187	1924
3013	3115	1183	1932
3014	3118	1190	1928
3015	3144	1204	1940
3016	3112	1213	1899
3017	3104	1213	1891
3018	3140	1201	1939
3019	3099	1186	1913
3020	3071	1192	1879
3021	3093	1189	1904
3022	3065	1187	1878
3023	3044	1193	1851
3024	3104	1188	1916
3025	3173	1200	1973
3026	3182	1187	1995
3027	3191	1191	2000
3028	3284	1196	2088
3029	3298	1200	2098
3030	3337	1205	2132
3031	3379	1197	2182
3032	3475	1184	2291
3033	3454	1189	2265
3034	3385	1205	2180
3035	3407	1207	2200
3036	3405	1190	2215
3037	3399	1173	2226
3038	3442	1188	2254
3039	3469	1197	2272
3040	3425	1187	2238
3041	3419	1191	2228
3042	3405	1202	2203
3043	3397	1222	2175
3044	3354	1208	2146
3045	3351	1201	2150
3046	3338	1196	2142
3047	3375	1201	2174
3048	3389	1196	2193
3049	3360	1191	2169
3050	3343	1211	2132
3051	3346	1214	2132
3052	3411	1200	2211
3053	3483	1194	2289
3054	3456	1203	2253
3055	3461	1204	2257
3056	3464	1214	2250
3057	3500	1217	2283
3058	3522	1206	2316
3059	3570	1206	2364
3060	3589	1210	2379
3061	3594	1200	2394
3062	3581	1190	2391
3063	3555	1201	2354
3064	3559	1214	2345
3065	3609	1207	2402
3066	3603	1211	2392
3067	3578	1231	2347
3068	3602	1240	2362
3069	3609	1219	2390
3070	3604	1187	2417
3071	3617	1184	2433
3072	3650	1196	2454
3073	3708	1219	2489
3074	3704	1211	2493
3075	3759	1228	2531
3076	3865	1208	2657
3077	3904	1211	2693
3078	3983	1209	2774
3079	3979	1195	2784
3080	4088	1212	2876
3081	4228	1214	3014
3082	4288	1197	3091
3083	4299	1212	3087
3084	4375	1201	3174
3085	4456	1189	3267
3086	4462	1183	3279
3087	4599	1196	3403
3088	4721	1220	3501
3089	4736	1204	3532
3090	4829	1207	3622
3091	5033	1220	3813
3092	5206	1213	3993
3093	5324	1213	4111
3094	5477	1243	4234
3095	5708	1234	4474
3096	5823	1208	4615
3097	5980	1219	4761
3098	6098	1210	4888
3099	6261	1206	5055
3100	6328	1213	5115
3101	6451	1211	5240
3102	6599	1212	5387
3103	6694	1210	5484
3104	6726	1179	5547
3105	6807	1191	5616
3106	6858	1207	5651
3107	7019	1206	5813
3108	7085	1212	5873
3109	7273	1214	6059
3110	7408	1211	6197
3111	7557	1198	6359
3112	7659	1216	6443
3113	7585	1199	6386
3114	7457	1189	6268
3115	7431	1193	6238
3116	7330	1186	6144
3117	7396	1184	6212
3118	7456	1196	6260
3119	7546	1183	6363
3120	7571	1211	6360
3121	7706	1227	6479
3122	7837	1215	6622
3123	7926	1207	6719
3124	8002	1205	6797
3125	8213	1193	7020
3126	8509	1183	7326
3127	8855	1185	7670
3128	9071	1194	7877
3129	9222	1204	8018
3130	9297	1197	8100
3131	9300	1190	8110
3132	9385	1198	8187
3133	9474	1200	8274
3134	9508	1211	8297
3135	9470	1211	8259
3136	9252	1210	8042
3137	9247	1208	8039
3138	9162	1192	7970
3139	9137	1210	7927
3140	9113	1213	7900
3141	9138	1216	7922
3142	9101	1197	7904
3143	9109	1189	7920
3144	9240	1194	8046
3145	9306	1219	8087
3146	9386	1218	8168
3147	9468	1221	8247
3148	9566	1192	8374
3149	9672	1213	8459
3150	10042	1220	8822
3151	10353	1215	9138
3152	10726	1200	9526
3153	11031	1197	9834
3154	11338	1207	10131
3155	11546	1189	10357
3156	11496	1189	10307
3157	11611	1203	10408
3158	11838	1228	10610
3159	11886	1206	10680
3160	11805	1217	10588
3161	11486	1212	10274
3162	11290	1206	10084
3163	11029	1207	9822
3164	10695	1211	9484
3165	10545	1209	9336
3166	10466	1222	9244
3167	10427	1212	9215
3168	10477	1205	9272
3169	10533	1213	9320
3170	10474	1190	9284
3171	10590	1189	9401
3172	10768	1202	9566
3173	10837	1207	9630
3174	10834	1200	9634
3175	10821	1195	9626
3176	10850	1186	9664
3177	11182	1196	9986
3178	11743	1197	10546
3179	12347	1209	11138
3180	12869	1205	11664
3181	13261	1190	12071
3182	13577	1199	12378
3183	14021	1214	12807
3184	14410	1226	13184
3185	14761	1217	13544
3186	14998	1196	13802
3187	15048	1202	13846
3188	14776	1220	13556
3189	14113	1213	12900
3190	13469	1205	12264
3191	12827	1211	11616
3192	12287	1218	11069
3193	11826	1181	10645
3194	11202	1194	10008
3195	10575	1221	9354
3196	10055	1205	8850
3197	9727	1187	8540
3198	9673	1207	8466
3199	9587	1203	8384
3200	9426	1214	8212
3201	9340	1194	8146
3202	9412	1188	8224
3203	9621	1205	8416
3204	10013	1195	8818
3205	10260	1196	9064
3206	10424	1209	9215
3207	10804	1235	9569
3208	11079	1209	9870
3209	11141	1201	9940
3210	11195	1208	9987
3211	11256	1211	10045
3212	11271	1204	10067
3213	11186	1209	9977
3214	10989	1185	9804
3215	10727	1191	9536
3216	10378	1181	9197
3217	10224	1199	9025
3218	10057	1220	8837
3219	9880	1212	8668
3220	9760	1196	8564
3221	9711	1201	8510
3222	9614	1198	8416
3223	9664	1197	8467
3224	9783	1201	8582
3225	9845	1207	8638
3226	9875	1187	8688
3227	10063	1176	8887
3228	10072	1205	8867
3229	10138	1197	8941
3230	10128	1193	8935
3231	10022	1180	8842
3232	9910	1195	8715
3233	9730	1201	8529
3234	9485	1208	8277
3235	9278	1193	8085
3236	8924	1192	7732
3237	8674	1213	7461
3238	8544	1217	7327
3239	8476	1214	7262
3240	8273	1228	7045
3241	8010	1232	6778
3242	7731	1217	6514
3243	7629	1211	6418
3244	7507	1223	6284
3245	7446	1207	6239
3246	7411	1201	6210
3247	7283	1213	6070
3248	7137	1224	5913
3249	7061	1219	5842
3250	6942	1211	5731
3251	6878	1204	5674
3252	6825	1203	5622
3253	6742	1221	5521
3254	6662	1207	5455
3255	6587	1199	5388
3256	6597	1209	5388
3257	6521	1212	5309
3258	6411	1206	5205
3259	6665	1204	5461
3260	6894	1202	5692
3261	7038	1201	5837
3262	7246	1221	6025
3263	7525	1214	6311
3264	7667	1207	6460
3265	7770	1187	6583
3266	7969	1193	6776
3267	8133	1204	6929
3268	8429	1197	7232
3269	8606	1198	7408
3270	8588	1196	7392
3271	8465	1215	7250
3272	8243	1198	7045
3273	8069	1204	6865
3274	8039	1229	6810
3275	7954	1199	6755
3276	7804	1189	6615
3277	7746	1210	6536
3278	7819	1212	6607
3279	7833	1217	6616
3280	7747	1194	6553
3281	7756	1191	6565
3282	7775	1188	6587
3283	7866	1193	6673
3284	7876	1212	6664
3285	7830	1191	6639
3286	7763	1190	6573
3287	7603	1232	6371
3288	7486	1227	6259
3289	7273	1212	6061
3290	7124	1186	5938
3291	6962	1190	5772
3292	6798	1209	5589
3293	6707	1205	5502
3294	6667	1213	5454
3295	6530	1212	5318
3296	6563	1192	5371
3297	6598	1201	5397
3298	6526	1220	5306
3299	6500	1212	5288
3300	6456	1204	5252
3301	6481	1205	5276
3302	6453	1206	5247
3303	6435	1195	5240
3304	6472	1197	5275
3305	6508	1203	5305
3306	6584	1205	5379
3307	6720	1197	5523
3308	6763	1202	5561
3309	6779	1188	5591
3310	6860	1190	5670
3311	6890	1187	5703
3312	6907	1207	5700
3313	7038	1221	5817
3314	7075	1196	5879
3315	7074	1196	5878
3316	7118	1202	5916
3317	7069	1207	5862
3318	6959	1214	5745
3319	6923	1199	5724
3320	6894	1210	5684
3321	6909	1214	5695
3322	6939	1218	5721
3323	7051	1221	5830
3324	6994	1195	5799
3325	6935	1188	5747
3326	6902	1208	5694
3327	6913	1199	5714
3328	6920	1191	5729
3329	6910	1196	5714
3330	6825	1194	5631
3331	6799	1218	5581
3332	6793	1226	5567
3333	6697	1202	5495
3334	6597	1197	5400
3335	6621	1207	5414
3336	6570	1218	5352
3337	6615	1211	5404
3338	6678	1188	5490
3339	6780	1186	5594
3340	6823	1209	5614
3341	6871	1210	5661
3342	6964	1207	5757
3343	6953	1206	5747
3344	7009	1201	5808
3345	7037	1203	5834
3346	6991	1217	5774
3347	7006	1210	5796
3348	6942	1217	5725
3349	6837	1199	5638
3350	6680	1194	5486
3351	6542	1214	5328
3352	6510	1186	5324
3353	6425	1183	5242
3354	6365	1208	5157
3355	6329	1219	5110
3356	6278	1212	5066
3357	6231	1211	5020
3358	6258	1213	5045
3359	6278	1210	5068
3360	6278	1216	5062
3361	6257	1188	5069
3362	6253	1192	5061
3363	6204	1214	4990
3364	6158	1205	4953
3365	6154	1203	4951
3366	6155	1211	4944
3367	6167	1195	4972
3368	6120	1187	4933
3369	6071	1196	4875
3370	6010	1207	4803
3371	5993	1238	4755
3372	6010	1220	4790
3373	5974	1207	4767
3374	5877	1200	4677
3375	5876	1202	4674
3376	5939	1197	4742
3377	5911	1197	4714
3378	5865	1195	4670
3379	5794	1197	4597
3380	5779	1196	4583
3381	5762	1183	4579
3382	5712	1190	4522
3383	5727	1206	4521
3384	5596	1211	4385
3385	5569	1200	4369
3386	5573	1209	4364
3387	5500	1210	4290
3388	5450	1203	4247
3389	5539	1206	4333
3390	5588	1212	4376
3391	5564	1211	4353
3392	5569	1201	4368
3393	5599	1193	4406
3394	5602	1211	4391
3395	5579	1201	4378
3396	5619	1196	4423
3397	5623	1188	4435
3398	5616	1186	4430
3399	5522	1188	4334
3400	5547	1187	4360
3401	5523	1218	4305
3402	5502	1208	4294
3403	5480	1182	4298
3404	5452	1191	4261
3405	5408	1183	4225
3406	5335	1181	4154
3407	5222	1211	4011
3408	5178	1211	3967
3409	5154	1194	3960
3410	5235	1183	4052
3411	5230	1204	4026
3412	5183	1198	3985
3413	5102	1216	3886
3414	5060	1222	3838
3415	5074	1198	3876
3416	5094	1208	3886
3417	5109	1214	3895
3418	5055	1210	3845
3419	4954	1207	3747
3420	4950	1206	3744
3421	4950	1202	3748
3422	4971	1205	3766
3423	4944	1197	3747
3424	4871	1192	3679
3425	4841	1210	3631
3426	4817	1212	3605
3427	4829	1202	3627
3428	4789	1204	3585
3429	4774	1207	3567
3430	4793	1196	3597
3431	4809	1218	3591
3432	4732	1231	3501
3433	4656	1207	3449
3434	4629	1180	3449
3435	4657	1197	3460
3436	4609	1190	3419
3437	4572	1170	3402
3438	4524	1175	3349
3439	4469	1213	3256
3440	4443	1207	3236
3441	4372	1193	3179
3442	4306	1212	3094
3443	4290	1204	3086
3444	4238	1220	3018
3445	4148	1230	2918
3446	4141	1215	2926
3447	4130	1192	2938
3448	4105	1184	2921
3449	4143	1199	2944
3450	4089	1211	2878
3451	4070	1199	2871
3452	4026	1212	2814
3453	3990	1231	2759
3454	3962	1206	2756
3455	3881	1186	2695
3456	3823	1215	2608
3457	3862	1194	2668
3458	3871	1211	2660
3459	3728	1229	2499
3460	3707	1206	2501
3461	3718	1194	2524
3462	3734	1202	2532
3463	3675	1208	2467
3464	3566	1211	2355
3465	3577	1195	2382
3466	3576	1183	2393
3467	3579	1187	2392
3468	3581	1186	2395
3469	3563	1183	2380
3470	3589	1177	2412
3471	3618	1187	2431
3472	3537	1195	2342
3473	3468	1195	2273
3474	3417	1199	2218
3475	3430	1218	2212
3476	3400	1226	2174
3477	3361	1214	2147
3478	3305	1193	2112
3479	3293	1198	2095
3480	3233	1206	2027
3481	3257	1215	2042
3482	3245	1207	2038
3483	3190	1201	1989
3484	3154	1213	1941
3485	3204	1209	1995
3486	3228	1207	2021
3487	3205	1206	1999
3488	3205	1202	2003
3489	3280	1200	2080
3490	3265	1205	2060
3491	3244	1202	2042
3492	3203	1219	1984
3493	3195	1224	1971
3494	3199	1188	2011
3495	3201	1192	2009
3496	3208	1209	1999
3497	3190	1224	1966
3498	3169	1213	1956
3499	3145	1198	1947
3500	3119	1192	1927
3501	3123	1198	1925
3502	3097	1200	1897
3503	3130	1177	1953
3504	3117	1179	1938
3505	3035	1206	1829
3506	3013	1210	1803
3507	2981	1203	1778
3508	2957	1187	1770
3509	2947	1205	1742
3510	2919	1221	1698
3511	2915	1216	1699
3512	2940	1216	1724
3513	2882	1200	1682
3514	2849	1186	1663
3515	2792	1211	1581
3516	2750	1215	1535
3517	2763	1212	1551
3518	2760	1203	1557
3519	2794	1209	1585
3520	2758	1215	1543
3521	2773	1201	1572
3522	2706	1209	1497
3523	2658	1223	1435
3524	2699	1209	1490
3525	2700	1194	1506
3526	2654	1187	1467
3527	2665	1200	1465
3528	2657	1199	1458
3529	2597	1213	1384
3530	2600	1202	1398
3531	2614	1185	1429
3532	2628	1193	1435
3533	2630	1195	1435
3534	2599	1185	1414
3535	2578	1183	1395
3536	2579	1199	1380
3537	2550	1211	1339
3538	2514	1199	1315
3539	2528	1196	1332
3540	2535	1212	1323
3541	2540	1219	1321
3542	2552	1210	1342
3543	2546	1201	1345
3544	2542	1196	1346
3545	2542	1202	1340
3546	2566	1203	1363
3547	2545	1236	1309
3548	2481	1223	1258
3549	2514	1209	1305
3550	2512	1203	1309
3551	2460	1205	1255
3552	2449	1203	1246
3553	2461	1197	1264
3554	2389	1196	1193
3555	2392	1190	1202
3556	2365	1201	1164
3557	2376	1202	1174
3558	2413	1200	1213
3559	2384	1214	1170
3560	2397	1189	1208
3561	2394	1174	1220
3562	2365	1196	1169
3563	2347	1204	1143
3564	2315	1190	1125
3565	2328	1187	1141
3566	2347	1189	1158
3567	2346	1197	1149
3568	2324	1197	1127
3569	2305	1193	1112
3570	2280	1211	1069
3571	2321	1206	1115
3572	2278	1189	1089
3573	2295	1193	1102
3574	2294	1201	1093
3575	2266	1214	1052
3576	2297	1214	1083
3577	2308	1207	1101
3578	2276	1206	1070
3579	2250	1196	1054
3580	2207	1185	1022
3581	2208	1212	996
3582	2215	1203	1012
3583	2253	1183	1070
3584	2232	1205	1027
3585	2231	1206	1025
3586	2217	1195	1022
3587	2220	1184	1036
3588	2215	1210	1005
3589	2190	1227	963
3590	2183	1208	975
3591	2199	1199	1000
3592	2204	1198	1006
3593	2189	1199	990
3594	2195	1171	1024
3595	2219	1187	1032
3596	2234	1193	1041
3597	2215	1183	1032
3598	2216	1179	1037
3599	2203	1216	987
3600	2174	1219	955
3601	2199	1203	996
3602	2188	1195	993
3603	2181	1201	980
3604	2148	1216	932
3605	2165	1194	971
3606	2177	1172	1005
3607	2170	1203	967
3608	2122	1228	894
3609	2156	1199	957
3610	2147	1183	964
3611	2146	1202	944
3612	2126	1203	923
3613	2113	1175	938
3614	2101	1182	919
3615	2132	1184	948
3616	2148	1192	956
3617	2115	1192	923
3618	2082	1161	921
3619	2092	1187	905
3620	2080	1179	901
3621	2046	1201	845
3622	2023	1208	815
3623	2068	1197	871
3624	2071	1200	871
3625	2080	1207	873
3626	2068	1184	884
3627	2016	1192	824
3628	1994	1192	802
3629	2003	1186	817
3630	2016	1185	831
3631	2023	1174	849
3632	1998	1163	835
3633	1999	1170	829
3634	1975	1187	788
3635	1992	1171	821
3636	2008	1169	839
3637	2004	1183	821
3638	1969	1195	774
3639	1960	1193	767
3640	1962	1207	755
3641	1946	1208	738
3642	1912	1197	715
3643	1928	1188	740
3644	1914	1181	733
3645	1914	1180	734
3646	1894	1185	709
3647	1876	1204	672
3648	1858	1188	670
