index	original	background	difference
-----------------------------------------------------
1	1172	1063	109
2	1154	1069	85
3	1153	1062	91
4	1154	1073	81
5	1142	1073	69
6	1140	1071	69
7	1162	1074	88
8	1151	1070	81
9	1157	1069	88
10	1159	1072	87
11	1156	1077	79
12	1149	1074	75
13	1138	1072	66
14	1158	1084	74
15	1184	1089	95
16	1159	1079	80
17	1157	1075	82
18	1151	1087	64
19	1156	1092	64
20	1151	1081	70
21	1152	1081	71
22	1154	1085	69
23	1169	1080	89
24	1159	1079	80
25	1166	1085	81
26	1168	1094	74
27	1176	1096	80
28	1189	1095	94
29	1177	1086	91
30	1159	1090	69
31	1172	1087	85
32	1164	1090	74
33	1192	1090	102
34	1211	1084	127
35	1197	1086	111
36	1152	1095	57
37	1163	1092	71
38	1169	1099	70
39	1182	1098	84
40	1178	1091	87
41	1185	1089	96
42	1183	1088	95
43	1191	1095	96
44	1178	1089	89
45	1184	1097	87
46	1203	1099	104
47	1203	1096	107
48	1193	1092	101
49	1210	1084	126
50	1205	1096	109
51	1207	1094	113
52	1198	1094	104
53	1193	1103	90
54	1185	1093	92
55	1200	1098	102
56	1202	1098	104
57	1188	1094	94
58	1176	1099	77
59	1198	1103	95
60	1210	1095	115
61	1200	1096	104
62	1219	1101	118
63	1238	1100	138
64	1227	1095	132
65	1238	1098	140
66	1218	1098	120
67	1221	1098	123
68	1218	1106	112
69	1226	1108	118
70	1220	1104	116
71	1239	1101	138
72	1243	1100	143
73	1241	1097	144
74	1260	1088	172
75	1281	1102	179
76	1265	1106	159
77	1266	1104	162
78	1283	1105	178
79	1257	1107	150
80	1238	1098	140
81	1267	1096	171
82	1265	1104	161
83	1275	1105	170
84	1284	1096	188
85	1284	1100	184
86	1265	1098	167
87	1283	1101	182
88	1272	1113	159
89	1287	1109	178
90	1289	1091	198
91	1284	1103	181
92	1273	1112	161
93	1293	1110	183
94	1286	1097	189
95	1307	1093	214
96	1306	1098	208
97	1298	1097	201
98	1322	1095	227
99	1335	1099	236
100	1307	1104	203
101	1329	1104	225
102	1340	1107	233
103	1339	1113	226
104	1306	1105	201
105	1339	1095	244
106	1335	1100	235
107	1327	1102	225
108	1347	1098	249
109	1345	1100	245
110	1333	1109	224
111	1355	1106	249
112	1365	1100	265
113	1351	1100	251
114	1341	1107	234
115	1365	1107	258
116	1369	1104	265
117	1386	1097	289
118	1405	1105	300
119	1389	1102	287
120	1384	1100	284
121	1393	1112	281
122	1398	1107	291
123	1405	1102	303
124	1402	1096	306
125	1422	1103	319
126	1423	1105	318
127	1410	1106	304
128	1416	1110	306
129	1395	1113	282
130	1402	1102	300
131	1448	1103	345
132	1447	1100	347
133	1477	1100	377
134	1464	1103	361
135	1464	1113	351
136	1467	1104	363
137	1470	1092	378
138	1457	1095	362
139	1479	1106	373
140	1478	1102	376
141	1489	1103	386
142	1488	1105	383
143	1492	1108	384
144	1483	1110	373
145	1489	1097	392
146	1502	1105	397
147	1523	1120	403
148	1561	1110	451
149	1553	1110	443
150	1529	1112	417
151	1519	1105	414
152	1516	1099	417
153	1511	1109	402
154	1526	1108	418
155	1549	1111	438
156	1552	1114	438
157	1536	1102	434
158	1545	1107	438
159	1563	1114	449
160	1551	1112	439
161	1562	1116	446
162	1566	1110	456
163	1569	1102	467
164	1548	1106	442
165	1579	1114	465
166	1604	1114	490
167	1605	1102	503
168	1560	1101	459
169	1584	1103	481
170	1583	1104	479
171	1571	1099	472
172	1548	1099	449
173	1583	1104	479
174	1580	1104	476
175	1611	1106	505
176	1622	1102	520
177	1640	1106	534
178	1648	1100	548
179	1648	1094	554
180	1654	1101	553
181	1660	1106	554
182	1698	1105	593
183	1730	1106	624
184	1706	1104	602
185	1693	1111	582
186	1725	1117	608
187	1725	1107	618
188	1703	1111	592
189	1728	1123	605
190	1725	1113	612
191	1736	1113	623
192	1730	1112	618
193	1736	1109	627
194	1748	1110	638
195	1760	1102	658
196	1786	1096	690
197	1780	1102	678
198	1751	1109	642
199	1772	1104	668
200	1755	1099	656
201	1785	1100	685
202	1815	1110	705
203	1788	1111	677
204	1818	1115	703
205	1794	1117	677
206	1801	1100	701
207	1862	1116	746
208	1874	1115	759
209	1868	1111	757
210	1849	1113	736
211	1801	1107	694
212	1824	1106	718
213	1853	1116	737
214	1860	1110	750
215	1879	1099	780
216	1860	1109	751
217	1856	1110	746
218	1854	1112	742
219	1841	1104	737
220	1842	1108	734
221	1893	1114	779
222	1883	1107	776
223	1893	1111	782
224	1833	1099	734
225	1856	1111	745
226	1849	1112	737
227	1913	1107	806
228	1953	1107	846
229	1953	1105	848
230	1959	1108	851
231	1975	1115	860
232	1992	1103	889
233	1983	1106	877
234	1976	1106	870
235	2021	1101	920
236	1993	1106	887
237	2012	1102	910
238	2048	1101	947
239	2056	1103	953
240	2090	1110	980
241	2112	1112	1000
242	2116	1114	1002
243	2147	1102	1045
244	2134	1103	1031
245	2134	1112	1022
246	2131	1104	1027
247	2169	1101	1068
248	2168	1104	1064
249	2181	1107	1074
250	2175	1099	1076
251	2202	1104	1098
252	2203	1115	1088
253	2235	1121	1114
254	2265	1116	1149
255	2306	1112	1194
256	2275	1110	1165
257	2271	1106	1165
258	2312	1107	1205
259	2318	1116	1202
260	2290	1113	1177
261	2292	1104	1188
262	2303	1108	1195
263	2312	1106	1206
264	2286	1109	1177
265	2271	1111	1160
266	2291	1106	1185
267	2295	1102	1193
268	2297	1104	1193
269	2319	1106	1213
270	2345	1105	1240
271	2357	1116	1241
272	2360	1103	1257
273	2364	1108	1256
274	2354	1109	1245
275	2399	1109	1290
276	2416	1108	1308
277	2461	1113	1348
278	2494	1113	1381
279	2488	1102	1386
280	2473	1105	1368
281	2490	1102	1388
282	2475	1097	1378
283	2549	1093	1456
284	2556	1101	1455
285	2569	1109	1460
286	2591	1108	1483
287	2568	1108	1460
288	2587	1109	1478
289	2629	1111	1518
290	2646	1108	1538
291	2639	1104	1535
292	2644	1105	1539
293	2715	1114	1601
294	2692	1108	1584
295	2703	1109	1594
296	2785	1106	1679
297	2806	1104	1702
298	2807	1102	1705
299	2798	1103	1695
300	2753	1102	1651
301	2762	1103	1659
302	2771	1103	1668
303	2847	1106	1741
304	2875	1101	1774
305	2912	1105	1807
306	2949	1113	1836
307	2972	1107	1865
308	2989	1100	1889
309	2988	1108	1880
310	2923	1103	1820
311	2970	1105	1865
312	3029	1114	1915
313	3060	1114	1946
314	3102	1105	1997
315	3184	1110	2074
316	3171	1108	2063
317	3190	1104	2086
318	3191	1107	2084
319	3239	1107	2132
320	3278	1108	2170
321	3268	1101	2167
322	3311	1103	2208
323	3361	1105	2256
324	3335	1104	2231
325	3312	1103	2209
326	3370	1110	2260
327	3393	1100	2293
328	3396	1103	2293
329	3487	1110	2377
330	3496	1113	2383
331	3458	1089	2369
332	3491	1100	2391
333	3621	1113	2508
334	3611	1103	2508
335	3662	1110	2552
336	3691	1104	2587
337	3743	1094	2649
338	3793	1107	2686
339	3804	1107	2697
340	3828	1107	2721
341	3870	1095	2775
342	3868	1091	2777
343	3926	1099	2827
344	3933	1103	2830
345	3948	1106	2842
346	3992	1109	2883
347	4003	1099	2904
348	3977	1107	2870
349	3972	1104	2868
350	4005	1105	2900
351	3998	1098	2900
352	4036	1099	2937
353	4072	1106	2966
354	4118	1115	3003
355	4145	1109	3036
356	4107	1101	3006
357	4166	1105	3061
358	4180	1101	3079
359	4197	1107	3090
360	4221	1103	3118
361	4175	1103	3072
362	4182	1104	3078
363	4233	1100	3133
364	4193	1108	3085
365	4259	1111	3148
366	4311	1097	3214
367	4341	1094	3247
368	4288	1102	3186
369	4264	1110	3154
370	4232	1111	3121
371	4242	1097	3145
372	4268	1103	3165
373	4303	1107	3196
374	4320	1099	3221
375	4357	1102	3255
376	4336	1116	3220
377	4339	1119	3220
378	4338	1106	3232
379	4370	1112	3258
380	4364	1108	3256
381	4408	1101	3307
382	4419	1109	3310
383	4417	1114	3303
384	4369	1108	3261
385	4383	1103	3280
386	4307	1105	3202
387	4350	1107	3243
388	4315	1105	3210
389	4332	1107	3225
390	4420	1108	3312
391	4388	1107	3281
392	4371	1113	3258
393	4418	1108	3310
394	4424	1119	3305
395	4414	1112	3302
396	4417	1104	3313
397	4464	1100	3364
398	4438	1103	3335
399	4502	1108	3394
400	4554	1108	3446
401	4474	1112	3362
402	4488	1113	3375
403	4496	1119	3377
404	4516	1117	3399
405	4572	1114	3458
406	4590	1111	3479
407	4561	1109	3452
408	4553	1110	3443
409	4533	1111	3422
410	4543	1102	3441
411	4568	1102	3466
412	4492	1103	3389
413	4460	1107	3353
414	4468	1106	3362
415	4538	1106	3432
416	4532	1113	3419
417	4577	1103	3474
418	4617	1108	3509
419	4616	1112	3504
420	4525	1109	3416
421	4591	1098	3493
422	4620	1106	3514
423	4609	1104	3505
424	4558	1119	3439
425	4547	1118	3429
426	4522	1111	3411
427	4531	1114	3417
428	4471	1107	3364
429	4436	1107	3329
430	4445	1114	3331
431	4484	1109	3375
432	4484	1103	3381
433	4497	1110	3387
434	4528	1112	3416
435	4560	1094	3466
436	4525	1100	3425
437	4543	1111	3432
438	4576	1115	3461
439	4562	1110	3452
440	4595	1104	3491
441	4611	1107	3504
442	4624	1112	3512
443	4631	1112	3519
444	4587	1108	3479
445	4579	1099	3480
446	4660	1109	3551
447	4691	1108	3583
448	4678	1102	3576
449	4719	1101	3618
450	4698	1102	3596
451	4677	1109	3568
452	4706	1106	3600
453	4675	1116	3559
454	4687	1112	3575
455	4712	1098	3614
456	4673	1108	3565
457	4718	1112	3606
458	4766	1115	3651
459	4838	1123	3715
460	4839	1124	3715
461	4946	1107	3839
462	4953	1095	3858
463	4961	1109	3852
464	5029	1115	3914
465	4998	1115	3883
466	5018	1119	3899
467	5077	1110	3967
468	5008	1098	3910
469	4971	1106	3865
470	5051	1116	3935
471	5065	1120	3945
472	5055	1105	3950
473	5029	1104	3925
474	5044	1109	3935
475	5053	1103	3950
476	5026	1104	3922
477	5062	1123	3939
478	4985	1115	3870
479	5044	1108	3936
480	5078	1107	3971
481	5058	1113	3945
482	4980	1112	3868
483	4942	1111	3831
484	4948	1102	3846
485	4955	1105	3850
486	4969	1114	3855
487	5016	1111	3905
488	4998	1114	3884
489	4903	1109	3794
490	4883	1104	3779
491	4921	1105	3816
492	4897	1111	3786
493	4899	1117	3782
494	4873	1108	3765
495	4923	1114	3809
496	4927	1114	3813
497	4871	1114	3757
498	4948	1122	3826
499	4970	1114	3856
500	4948	1109	3839
501	5008	1111	3897
502	5012	1106	3906
503	4999	1093	3906
504	5070	1104	3966
505	5151	1110	4041
506	5152	1105	4047
507	5216	1107	4109
508	5237	1111	4126
509	5244	1112	4132
510	5378	1115	4263
511	5377	1110	4267
512	5477	1106	4371
513	5569	1098	4471
514	5544	1104	4440
515	5583	1109	4474
516	5610	1108	4502
517	5639	1110	4529
518	5632	1113	4519
519	5717	1109	4608
520	5761	1102	4659
521	5747	1101	4646
522	5774	1114	4660
523	5771	1110	4661
524	5774	1117	4657
525	5797	1116	4681
526	5802	1103	4699
527	5779	1115	4664
528	5681	1112	4569
529	5684	1110	4574
530	5700	1113	4587
531	5727	1114	4613
532	5649	1103	4546
533	5595	1112	4483
534	5609	1106	4503
535	5556	1109	4447
536	5493	1115	4378
537	5569	1117	4452
538	5585	1105	4480
539	5621	1103	4518
540	5628	1109	4519
541	5631	1102	4529
542	5632	1101	4531
543	5669	1115	4554
544	5685	1114	4571
545	5710	1103	4607
546	5619	1105	4514
547	5664	1101	4563
548	5662	1091	4571
549	5595	1095	4500
550	5538	1099	4439
551	5512	1102	4410
552	5563	1101	4462
553	5617	1104	4513
554	5547	1101	4446
555	5497	1096	4401
556	5515	1102	4413
557	5504	1111	4393
558	5554	1113	4441
559	5571	1114	4457
560	5595	1110	4485
561	5618	1105	4513
562	5589	1108	4481
563	5592	1117	4475
564	5638	1109	4529
565	5671	1107	4564
566	5697	1107	4590
567	5690	1113	4577
568	5695	1109	4586
569	5680	1110	4570
570	5736	1114	4622
571	5757	1106	4651
572	5762	1108	4654
573	5813	1110	4703
574	5795	1106	4689
575	5877	1109	4768
576	5950	1108	4842
577	6004	1117	4887
578	6044	1114	4930
579	6045	1110	4935
580	6074	1112	4962
581	6097	1112	4985
582	6046	1107	4939
583	6070	1108	4962
584	6111	1112	4999
585	6153	1110	5043
586	6110	1115	4995
587	6097	1119	4978
588	6132	1118	5014
589	6206	1114	5092
590	6189	1110	5079
591	6109	1107	5002
592	6106	1106	5000
593	6080	1109	4971
594	6097	1105	4992
595	6133	1104	5029
596	6138	1108	5030
597	6240	1104	5136
598	6202	1101	5101
599	6111	1103	5008
600	6184	1108	5076
601	6318	1119	5199
602	6245	1115	5130
603	6207	1109	5098
604	6176	1103	5073
605	6135	1096	5039
606	6126	1107	5019
607	6145	1110	5035
608	6160	1109	5051
609	6179	1120	5059
610	6157	1122	5035
611	6159	1115	5044
612	6165	1099	5066
613	6178	1103	5075
614	6160	1104	5056
615	6162	1104	5058
616	6203	1109	5094
617	6205	1103	5102
618	6212	1106	5106
619	6219	1119	5100
620	6169	1120	5049
621	6213	1105	5108
622	6252	1106	5146
623	6214	1105	5109
624	6197	1107	5090
625	6211	1104	5107
626	6196	1107	5089
627	6181	1096	5085
628	6244	1094	5150
629	6322	1108	5214
630	6317	1106	5211
631	6278	1108	5170
632	6311	1104	5207
633	6352	1103	5249
634	6342	1109	5233
635	6385	1111	5274
636	6375	1102	5273
637	6389	1107	5282
638	6371	1110	5261
639	6411	1113	5298
640	6413	1104	5309
641	6422	1101	5321
642	6419	1110	5309
643	6433	1111	5322
644	6451	1108	5343
645	6375	1116	5259
646	6298	1115	5183
647	6359	1115	5244
648	6395	1102	5293
649	6419	1105	5314
650	6487	1106	5381
651	6482	1109	5373
652	6507	1103	5404
653	6610	1109	5501
654	6550	1119	5431
655	6583	1121	5462
656	6604	1114	5490
657	6596	1112	5484
658	6635	1110	5525
659	6660	1102	5558
660	6670	1099	5571
661	6729	1105	5624
662	6730	1107	5623
663	6740	1107	5633
664	6937	1106	5831
665	7056	1106	5950
666	7040	1107	5933
667	7098	1107	5991
668	7192	1110	6082
669	7296	1109	6187
670	7358	1100	6258
671	7695	1103	6592
672	8326	1110	7216
673	9033	1105	7928
674	9472	1118	8354
675	9811	1117	8694
676	10132	1098	9034
677	10246	1104	9142
678	10327	1117	9210
679	10368	1109	9259
680	10453	1104	9349
681	10536	1110	9426
682	10697	1103	9594
683	10824	1111	9713
684	10774	1115	9659
685	10379	1114	9265
686	9715	1104	8611
687	9078	1108	7970
688	8515	1105	7410
689	8144	1097	7047
690	7859	1104	6755
691	7636	1097	6539
692	7543	1099	6444
693	7558	1110	6448
694	7395	1105	6290
695	7297	1104	6193
696	7179	1109	6070
697	7056	1111	5945
698	7003	1105	5898
699	6881	1109	5772
700	6770	1104	5666
701	6771	1103	5668
702	6673	1111	5562
703	6632	1106	5526
704	6677	1100	5577
705	6624	1102	5522
706	6582	1106	5476
707	6590	1111	5479
708	6557	1114	5443
709	6523	1109	5414
710	6417	1106	5311
711	6402	1108	5294
712	6413	1106	5307
713	6403	1114	5289
714	6408	1110	5298
715	6435	1109	5326
716	6346	1113	5233
717	6230	1107	5123
718	6225	1104	5121
719	6228	1117	5111
720	6168	1108	5060
721	6143	1106	5037
722	6117	1109	5008
723	6073	1106	4967
724	6083	1108	4975
725	6113	1109	5004
726	6063	1107	4956
727	5973	1110	4863
728	5956	1111	4845
729	5924	1108	4816
730	5876	1113	4763
731	5927	1107	4820
732	5920	1100	4820
733	5871	1107	4764
734	5875	1123	4752
735	5885	1118	4767
736	5798	1112	4686
737	5769	1106	4663
738	5790	1105	4685
739	5724	1114	4610
740	5665	1105	4560
741	5695	1114	4581
742	5627	1116	4511
743	5644	1119	4525
744	5579	1112	4467
745	5518	1111	4407
746	5576	1119	4457
747	5511	1123	4388
748	5424	1112	4312
749	5365	1114	4251
750	5384	1110	4274
751	5444	1114	4330
752	5363	1116	4247
753	5325	1106	4219
754	5331	1105	4226
755	5352	1100	4252
756	5382	1105	4277
757	5343	1117	4226
758	5331	1119	4212
759	5341	1112	4229
760	5355	1114	4241
761	5364	1119	4245
762	5336	1113	4223
763	5400	1103	4297
764	5427	1098	4329
765	5354	1099	4255
766	5320	1099	4221
767	5295	1109	4186
768	5249	1112	4137
769	5135	1117	4018
770	5174	1113	4061
771	5148	1100	4048
772	5160	1107	4053
773	5175	1110	4065
774	5209	1110	4099
775	5201	1110	4091
776	5212	1106	4106
777	5252	1101	4151
778	5296	1096	4200
779	5317	1097	4220
780	5340	1108	4232
781	5316	1117	4199
782	5297	1114	4183
783	5326	1108	4218
784	5272	1103	4169
785	5256	1111	4145
786	5229	1117	4112
787	5192	1109	4083
788	5215	1104	4111
789	5243	1110	4133
790	5219	1110	4109
791	5228	1093	4135
792	5207	1095	4112
793	5230	1112	4118
794	5242	1124	4118
795	5246	1114	4132
796	5243	1096	4147
797	5235	1108	4127
798	5199	1112	4087
799	5199	1112	4087
800	5297	1109	4188
801	5348	1109	4239
802	5315	1111	4204
803	5344	1112	4232
804	5376	1113	4263
805	5444	1117	4327
806	5421	1110	4311
807	5420	1109	4311
808	5432	1113	4319
809	5417	1113	4304
810	5390	1106	4284
811	5474	1107	4367
812	5516	1099	4417
813	5550	1109	4441
814	5522	1113	4409
815	5489	1109	4380
816	5496	1110	4386
817	5524	1106	4418
818	5532	1110	4422
819	5399	1109	4290
820	5243	1109	4134
821	5409	1113	4296
822	5582	1108	4474
823	5507	1110	4397
824	5449	1105	4344
825	5494	1100	4394
826	5511	1102	4409
827	5499	1112	4387
828	5559	1119	4440
829	5613	1116	4497
830	5582	1117	4465
831	5572	1107	4465
832	5576	1094	4482
833	5579	1109	4470
834	5564	1121	4443
835	5629	1121	4508
836	5666	1116	4550
837	5659	1114	4545
838	5678	1119	4559
839	5597	1120	4477
840	5623	1102	4521
841	5651	1109	4542
842	5619	1113	4506
843	5555	1113	4442
844	5565	1107	4458
845	5526	1103	4423
846	5541	1102	4439
847	5606	1110	4496
848	5513	1115	4398
849	5516	1111	4405
850	5620	1103	4517
851	5576	1105	4471
852	5591	1113	4478
853	5546	1102	4444
854	5479	1102	4377
855	5549	1118	4431
856	5625	1119	4506
857	5653	1111	4542
858	5650	1106	4544
859	5652	1111	4541
860	5710	1112	4598
861	5730	1109	4621
862	5645	1104	4541
863	5594	1110	4484
864	5571	1113	4458
865	5625	1110	4515
866	5627	1114	4513
867	5685	1110	4575
868	5656	1108	4548
869	5694	1095	4599
870	5582	1096	4486
871	5555	1109	4446
872	5663	1106	4557
873	5613	1112	4501
874	5649	1113	4536
875	5671	1113	4558
876	5682	1108	4574
877	5638	1106	4532
878	5584	1106	4478
879	5602	1102	4500
880	5533	1094	4439
881	5615	1101	4514
882	5616	1108	4508
883	5618	1109	4509
884	5542	1120	4422
885	5521	1119	4402
886	5528	1112	4416
887	5554	1117	4437
888	5507	1122	4385
889	5386	1109	4277
890	5328	1110	4218
891	5375	1112	4263
892	5371	1100	4271
893	5276	1117	4159
894	5290	1120	4170
895	5296	1104	4192
896	5291	1104	4187
897	5203	1105	4098
898	5103	1106	3997
899	5050	1101	3949
900	4975	1096	3879
901	4948	1100	3848
902	4971	1098	3873
903	4957	1096	3861
904	4920	1103	3817
905	4840	1115	3725
906	4800	1113	3687
907	4821	1114	3707
908	4873	1116	3757
909	4822	1119	3703
910	4810	1105	3705
911	4890	1104	3786
912	4910	1116	3794
913	4868	1110	3758
914	4932	1111	3821
915	5057	1110	3947
916	5092	1108	3984
917	5177	1107	4070
918	5102	1103	3999
919	5033	1098	3935
920	5046	1101	3945
921	5103	1103	4000
922	5191	1110	4081
923	5179	1110	4069
924	5124	1099	4025
925	5124	1101	4023
926	5121	1105	4016
927	5112	1103	4009
928	5097	1100	3997
929	5065	1107	3958
930	5080	1107	3973
931	5111	1096	4015
932	5153	1102	4051
933	5139	1111	4028
934	5064	1107	3957
935	5051	1107	3944
936	5124	1097	4027
937	5190	1098	4092
938	5171	1106	4065
939	5148	1107	4041
940	5177	1107	4070
941	5166	1105	4061
942	5102	1112	3990
943	5094	1114	3980
944	5113	1108	4005
945	4993	1103	3890
946	4931	1109	3822
947	4990	1105	3885
948	5061	1106	3955
949	5076	1101	3975
950	5063	1091	3972
951	5064	1099	3965
952	4977	1108	3869
953	4990	1113	3877
954	5001	1111	3890
955	4930	1110	3820
956	4944	1109	3835
957	4993	1101	3892
958	5033	1102	3931
959	4988	1107	3881
960	4966	1102	3864
961	4994	1104	3890
962	5006	1103	3903
963	5014	1098	3916
964	4932	1103	3829
965	4954	1099	3855
966	4908	1101	3807
967	4985	1107	3878
968	4998	1108	3890
969	5029	1113	3916
970	5058	1103	3955
971	4995	1100	3895
972	4984	1102	3882
973	5084	1094	3990
974	5078	1101	3977
975	5113	1105	4008
976	5183	1106	4077
977	5104	1108	3996
978	5078	1104	3974
979	5220	1102	4118
980	5211	1107	4104
981	5156	1112	4044
982	5118	1113	4005
983	5133	1103	4030
984	5140	1093	4047
985	5145	1105	4040
986	5157	1112	4045
987	5165	1112	4053
988	5190	1101	4089
989	5216	1107	4109
990	5212	1113	4099
991	5242	1113	4129
992	5283	1108	4175
993	5331	1098	4233
994	5318	1102	4216
995	5297	1119	4178
996	5331	1115	4216
997	5258	1108	4150
998	5267	1107	4160
999	5389	1114	4275
1000	5337	1106	4231
1001	5306	1104	4202
1002	5298	1117	4181
1003	5284	1110	4174
1004	5341	1101	4240
1005	5381	1106	4275
1006	5390	1103	4287
1007	5383	1106	4277
1008	5407	1112	4295
1009	5415	1110	4305
1010	5452	1109	4343
1011	5416	1113	4303
1012	5450	1109	4341
1013	5490	1105	4385
1014	5488	1100	4388
1015	5492	1107	4385
1016	5498	1112	4386
1017	5463	1121	4342
1018	5448	1108	4340
1019	5505	1103	4402
1020	5472	1106	4366
1021	5376	1096	4280
1022	5427	1101	4326
1023	5379	1105	4274
1024	5333	1099	4234
1025	5345	1110	4235
1026	5352	1109	4243
1027	5373	1105	4268
1028	5358	1104	4254
1029	5316	1101	4215
1030	5327	1101	4226
1031	5301	1110	4191
1032	5265	1111	4154
1033	5261	1120	4141
1034	5228	1122	4106
1035	5207	1117	4090
1036	5255	1110	4145
1037	5252	1120	4132
1038	5221	1115	4106
1039	5238	1110	4128
1040	5258	1112	4146
1041	5341	1109	4232
1042	5375	1112	4263
1043	5342	1110	4232
1044	5336	1109	4227
1045	5333	1117	4216
1046	5384	1117	4267
1047	5345	1104	4241
1048	5354	1112	4242
1049	5338	1101	4237
1050	5318	1107	4211
1051	5339	1105	4234
1052	5297	1105	4192
1053	5249	1101	4148
1054	5248	1103	4145
1055	5265	1119	4146
1056	5199	1119	4080
1057	5301	1107	4194
1058	5329	1107	4222
1059	5238	1108	4130
1060	5213	1108	4105
1061	5163	1118	4045
1062	5067	1117	3950
1063	5124	1116	4008
1064	5124	1112	4012
1065	5157	1108	4049
1066	5118	1115	4003
1067	5027	1116	3911
1068	5038	1104	3934
1069	4985	1093	3892
1070	4895	1102	3793
1071	4864	1110	3754
1072	4796	1117	3679
1073	4865	1119	3746
1074	4825	1118	3707
1075	4795	1116	3679
1076	4739	1110	3629
1077	4726	1115	3611
1078	4725	1117	3608
1079	4746	1112	3634
1080	4782	1104	3678
1081	4735	1103	3632
1082	4622	1107	3515
1083	4655	1114	3541
1084	4657	1107	3550
1085	4654	1105	3549
1086	4651	1111	3540
1087	4702	1106	3596
1088	4649	1092	3557
1089	4609	1097	3512
1090	4609	1107	3502
1091	4649	1104	3545
1092	4644	1104	3540
1093	4639	1113	3526
1094	4740	1113	3627
1095	4736	1114	3622
1096	4749	1109	3640
1097	4782	1106	3676
1098	4679	1112	3567
1099	4678	1105	3573
1100	4695	1099	3596
1101	4613	1109	3504
1102	4568	1115	3453
1103	4633	1123	3510
1104	4674	1122	3552
1105	4594	1115	3479
1106	4557	1110	3447
1107	4626	1106	3520
1108	4617	1104	3513
1109	4621	1105	3516
1110	4662	1106	3556
1111	4638	1105	3533
1112	4625	1107	3518
1113	4653	1120	3533
1114	4645	1127	3518
1115	4682	1114	3568
1116	4674	1105	3569
1117	4684	1106	3578
1118	4670	1107	3563
1119	4652	1113	3539
1120	4647	1110	3537
1121	4689	1106	3583
1122	4687	1110	3577
1123	4686	1110	3576
1124	4670	1111	3559
1125	4616	1111	3505
1126	4633	1117	3516
1127	4698	1117	3581
1128	4694	1109	3585
1129	4711	1110	3601
1130	4643	1112	3531
1131	4647	1110	3537
1132	4716	1101	3615
1133	4815	1110	3705
1134	4763	1116	3647
1135	4756	1112	3644
1136	4719	1097	3622
1137	4706	1099	3607
1138	4702	1108	3594
1139	4694	1116	3578
1140	4659	1114	3545
1141	4673	1110	3563
1142	4666	1109	3557
1143	4664	1113	3551
1144	4597	1117	3480
1145	4610	1120	3490
1146	4586	1115	3471
1147	4568	1115	3453
1148	4595	1114	3481
1149	4618	1120	3498
1150	4585	1106	3479
1151	4657	1116	3541
1152	4706	1119	3587
1153	4700	1108	3592
1154	4703	1115	3588
1155	4707	1118	3589
1156	4766	1109	3657
1157	4878	1102	3776
1158	4894	1110	3784
1159	4835	1113	3722
1160	4887	1110	3777
1161	4926	1109	3817
1162	4951	1105	3846
1163	5020	1111	3909
1164	5074	1119	3955
1165	5072	1111	3961
1166	5041	1109	3932
1167	5018	1116	3902
1168	5001	1123	3878
1169	4956	1113	3843
1170	4996	1110	3886
1171	4921	1110	3811
1172	4925	1115	3810
1173	4948	1111	3837
1174	4854	1103	3751
1175	4793	1106	3687
1176	4832	1107	3725
1177	4865	1111	3754
1178	4847	1114	3733
1179	4903	1119	3784
1180	4939	1113	3826
1181	4932	1105	3827
1182	4875	1107	3768
1183	4913	1096	3817
1184	4943	1095	3848
1185	4932	1108	3824
1186	4834	1109	3725
1187	4853	1108	3745
1188	4942	1118	3824
1189	5037	1112	3925
1190	5011	1119	3892
1191	4981	1117	3864
1192	5081	1110	3971
1193	5130	1110	4020
1194	5096	1111	3985
1195	5130	1101	4029
1196	5140	1107	4033
1197	5142	1116	4026
1198	5158	1106	4052
1199	5193	1100	4093
1200	5228	1112	4116
1201	5236	1107	4129
1202	5163	1107	4056
1203	5090	1114	3976
1204	5109	1110	3999
1205	5152	1117	4035
1206	5085	1121	3964
1207	5081	1112	3969
1208	5148	1101	4047
1209	5141	1099	4042
1210	5084	1110	3974
1211	5085	1114	3971
1212	5074	1113	3961
1213	5098	1115	3983
1214	5101	1108	3993
1215	5121	1113	4008
1216	5050	1125	3925
1217	5048	1116	3932
1218	5057	1099	3958
1219	5197	1124	4073
1220	5144	1103	4041
1221	5124	1099	4025
1222	5191	1111	4080
1223	5185	1107	4078
1224	5177	1108	4069
1225	5152	1107	4045
1226	5121	1110	4011
1227	5128	1102	4026
1228	5071	1093	3978
1229	5069	1103	3966
1230	5009	1104	3905
1231	4956	1116	3840
1232	4960	1119	3841
1233	4963	1113	3850
1234	4943	1107	3836
1235	4979	1110	3869
1236	4954	1115	3839
1237	4917	1112	3805
1238	4953	1113	3840
1239	4948	1111	3837
1240	4904	1108	3796
1241	4856	1106	3750
1242	4900	1108	3792
1243	4878	1109	3769
1244	4788	1105	3683
1245	4819	1108	3711
1246	4794	1109	3685
1247	4715	1105	3610
1248	4721	1107	3614
1249	4757	1112	3645
1250	4810	1110	3700
1251	4800	1110	3690
1252	4760	1111	3649
1253	4810	1102	3708
1254	4831	1106	3725
1255	4852	1108	3744
1256	4897	1105	3792
1257	4907	1103	3804
1258	4942	1105	3837
1259	5010	1106	3904
1260	5025	1106	3919
1261	5032	1106	3926
1262	5073	1104	3969
1263	5069	1100	3969
1264	5122	1094	4028
1265	5076	1109	3967
1266	5067	1115	3952
1267	5069	1106	3963
1268	5062	1096	3966
1269	5039	1102	3937
1270	5082	1101	3981
1271	5010	1110	3900
1272	4915	1111	3804
1273	4901	1107	3794
1274	4986	1105	3881
1275	4995	1102	3893
1276	4972	1102	3870
1277	4984	1112	3872
1278	4934	1109	3825
1279	4895	1114	3781
1280	4972	1107	3865
1281	5007	1105	3902
1282	5012	1109	3903
1283	5039	1118	3921
1284	5031	1110	3921
1285	5102	1113	3989
1286	5102	1120	3982
1287	5151	1112	4039
1288	5141	1112	4029
1289	5054	1115	3939
1290	5084	1106	3978
1291	5152	1106	4046
1292	5228	1108	4120
1293	5263	1114	4149
1294	5215	1113	4102
1295	5226	1108	4118
1296	5220	1111	4109
1297	5192	1109	4083
1298	5231	1102	4129
1299	5264	1113	4151
1300	5223	1116	4107
1301	5204	1103	4101
1302	5205	1106	4099
1303	5304	1117	4187
1304	5343	1103	4240
1305	5316	1105	4211
1306	5360	1112	4248
1307	5453	1097	4356
1308	5469	1103	4366
1309	5582	1106	4476
1310	5664	1098	4566
1311	5777	1103	4674
1312	5892	1105	4787
1313	5907	1095	4812
1314	5983	1105	4878
1315	6122	1108	5014
1316	6213	1109	5104
1317	6373	1112	5261
1318	6478	1103	5375
1319	6566	1101	5465
1320	6617	1103	5514
1321	6657	1105	5552
1322	6734	1113	5621
1323	6915	1116	5799
1324	7052	1110	5942
1325	7157	1111	6046
1326	7286	1105	6181
1327	7437	1107	6330
1328	7729	1108	6621
1329	7951	1106	6845
1330	8164	1105	7059
1331	8260	1110	7150
1332	8363	1108	7255
1333	8443	1104	7339
1334	8534	1105	7429
1335	8764	1110	7654
1336	8944	1112	7832
1337	9104	1108	7996
1338	9228	1102	8126
1339	9389	1106	8283
1340	9460	1107	8353
1341	9447	1114	8333
1342	9643	1110	8533
1343	9817	1107	8710
1344	9994	1104	8890
1345	10183	1100	9083
1346	10331	1099	9232
1347	10419	1111	9308
1348	10562	1114	9448
1349	10545	1108	9437
1350	10556	1096	9460
1351	10587	1091	9496
1352	10489	1099	9390
1353	10459	1105	9354
1354	10541	1107	9434
1355	10611	1108	9503
1356	10822	1106	9716
1357	11006	1102	9904
1358	10952	1095	9857
1359	11128	1089	10039
1360	11167	1106	10061
1361	11291	1109	10182
1362	11548	1105	10443
1363	11832	1108	10724
1364	12125	1103	11022
1365	12356	1100	11256
1366	12552	1102	11450
1367	12797	1101	11696
1368	12804	1097	11707
1369	12828	1099	11729
1370	12887	1103	11784
1371	12977	1099	11878
1372	13083	1097	11986
1373	13165	1101	12064
1374	13141	1100	12041
1375	13109	1102	12007
1376	13082	1105	11977
1377	12997	1106	11891
1378	12966	1104	11862
1379	13002	1101	11901
1380	13076	1101	11975
1381	13190	1100	12090
1382	13285	1103	12182
1383	13251	1102	12149
1384	13314	1108	12206
1385	13307	1110	12197
1386	13432	1109	12323
1387	13517	1115	12402
1388	13663	1115	12548
1389	14036	1099	12937
1390	14436	1098	13338
1391	14849	1108	13741
1392	15169	1111	14058
1393	15301	1109	14192
1394	15461	1099	14362
1395	15662	1101	14561
1396	15796	1102	14694
1397	15985	1105	14880
1398	16115	1112	15003
1399	16024	1108	14916
1400	16015	1113	14902
1401	15965	1114	14851
1402	15798	1098	14700
1403	15551	1100	14451
1404	15351	1113	14238
1405	15221	1108	14113
1406	15038	1102	13936
1407	14967	1109	13858
1408	14905	1104	13801
1409	14770	1105	13665
1410	14817	1123	13694
1411	15059	1120	13939
1412	15204	1114	14090
1413	15124	1114	14010
1414	15119	1109	14010
1415	15215	1123	14092
1416	15184	1113	14071
1417	15452	1116	14336
1418	15705	1104	14601
1419	15971	1106	14865
1420	16414	1108	15306
1421	16904	1103	15801
1422	17307	1105	16202
1423	17642	1106	16536
1424	17824	1107	16717
1425	18278	1105	17173
1426	18583	1110	17473
1427	18830	1115	17715
1428	19014	1118	17896
1429	19122	1117	18005
1430	19189	1107	18082
1431	19124	1107	18017
1432	18684	1110	17574
1433	18185	1098	17087
1434	17666	1101	16565
1435	17043	1109	15934
1436	16371	1118	15253
1437	15939	1113	14826
1438	15379	1112	14267
1439	14834	1113	13721
1440	14432	1108	13324
1441	14074	1105	12969
1442	13832	1105	12727
1443	13598	1103	12495
1444	13456	1109	12347
1445	13473	1121	12352
1446	13548	1121	12427
1447	13535	1102	12433
1448	13633	1098	12535
1449	13897	1105	12792
1450	14205	1110	13095
1451	14430	1113	13317
1452	14665	1104	13561
1453	14933	1111	13822
1454	14995	1115	13880
1455	14926	1105	13821
1456	14889	1105	13784
1457	14826	1107	13719
1458	14770	1103	13667
1459	14818	1103	13715
1460	14657	1104	13553
1461	14368	1099	13269
1462	14171	1101	13070
1463	13898	1112	12786
1464	13560	1113	12447
1465	13400	1111	12289
1466	13278	1105	12173
1467	13181	1108	12073
1468	13014	1109	11905
1469	12954	1105	11849
1470	12893	1105	11788
1471	12948	1123	11825
1472	13114	1127	11987
1473	13151	1113	12038
1474	13059	1107	11952
1475	12933	1109	11824
1476	12948	1112	11836
1477	13018	1098	11920
1478	12884	1095	11789
1479	12741	1104	11637
1480	12527	1101	11426
1481	12279	1100	11179
1482	12109	1106	11003
1483	11937	1111	10826
1484	11775	1100	10675
1485	11465	1101	10364
1486	11238	1105	10133
1487	11224	1107	10117
1488	11078	1102	9976
1489	10906	1108	9798
1490	10736	1111	9625
1491	10570	1113	9457
1492	10252	1106	9146
1493	10142	1106	9036
1494	10003	1108	8895
1495	9833	1115	8718
1496	9776	1114	8662
1497	9658	1108	8550
1498	9558	1105	8453
1499	9516	1101	8415
1500	9470	1103	8367
1501	9372	1112	8260
1502	9388	1114	8274
1503	9301	1109	8192
1504	9173	1116	8057
1505	9086	1110	7976
1506	8988	1112	7876
1507	8914	1117	7797
1508	8972	1111	7861
1509	9188	1110	8078
1510	9493	1115	8378
1511	9665	1115	8550
1512	9794	1100	8694
1513	9980	1106	8874
1514	10133	1105	9028
1515	10309	1102	9207
1516	10502	1102	9400
1517	10623	1110	9513
1518	10767	1106	9661
1519	10993	1107	9886
1520	10986	1112	9874
1521	10936	1112	9824
1522	10881	1104	9777
1523	10848	1112	9736
1524	10644	1117	9527
1525	10448	1119	9329
1526	10418	1101	9317
1527	10409	1098	9311
1528	10346	1108	9238
1529	10294	1116	9178
1530	10298	1114	9184
1531	10360	1106	9254
1532	10323	1105	9218
1533	10273	1112	9161
1534	10250	1106	9144
1535	10289	1111	9178
1536	10325	1116	9209
1537	10327	1101	9226
1538	10244	1105	9139
1539	10123	1120	9003
1540	9952	1106	8846
1541	9693	1099	8594
1542	9536	1102	8434
1543	9420	1114	8306
1544	9176	1117	8059
1545	9125	1110	8015
1546	9135	1109	8026
1547	9044	1119	7925
1548	8987	1121	7866
1549	8877	1112	7765
1550	8923	1105	7818
1551	8849	1101	7748
1552	8775	1099	7676
1553	8765	1102	7663
1554	8694	1101	7593
1555	8698	1102	7596
1556	8668	1098	7570
1557	8757	1115	7642
1558	8804	1114	7690
1559	8969	1112	7857
1560	9084	1114	7970
1561	9190	1110	8080
1562	9233	1113	8120
1563	9190	1116	8074
1564	9208	1115	8093
1565	9301	1116	8185
1566	9350	1112	8238
1567	9439	1110	8329
1568	9581	1106	8475
1569	9684	1099	8585
1570	9595	1104	8491
1571	9624	1114	8510
1572	9700	1110	8590
1573	9622	1111	8511
1574	9542	1111	8431
1575	9402	1110	8292
1576	9432	1112	8320
1577	9579	1106	8473
1578	9627	1115	8512
1579	9626	1112	8514
1580	9585	1110	8475
1581	9530	1109	8421
1582	9592	1108	8484
1583	9537	1112	8425
1584	9485	1114	8371
1585	9502	1103	8399
1586	9468	1104	8364
1587	9449	1110	8339
1588	9412	1108	8304
1589	9452	1110	8342
1590	9362	1115	8247
1591	9296	1110	8186
1592	9303	1102	8201
1593	9329	1100	8229
1594	9382	1102	8280
1595	9534	1111	8423
1596	9640	1118	8522
1597	9625	1107	8518
1598	9630	1105	8525
1599	9719	1111	8608
1600	9887	1110	8777
1601	9880	1114	8766
1602	9791	1116	8675
1603	9741	1114	8627
1604	9803	1109	8694
1605	9747	1113	8634
1606	9700	1113	8587
1607	9567	1115	8452
1608	9391	1106	8285
1609	9262	1108	8154
1610	9183	1115	8068
1611	9076	1107	7969
1612	9032	1116	7916
1613	9002	1122	7880
1614	8958	1111	7847
1615	8971	1106	7865
1616	9041	1105	7936
1617	9065	1103	7962
1618	8968	1107	7861
1619	8913	1105	7808
1620	8853	1107	7746
1621	8890	1108	7782
1622	8991	1106	7885
1623	8963	1117	7846
1624	8935	1115	7820
1625	8939	1109	7830
1626	8931	1103	7828
1627	8806	1103	7703
1628	8759	1104	7655
1629	8741	1109	7632
1630	8703	1108	7595
1631	8760	1106	7654
1632	8749	1106	7643
1633	8616	1118	7498
1634	8577	1110	7467
1635	8621	1105	7516
1636	8567	1100	7467
1637	8523	1098	7425
1638	8514	1116	7398
1639	8475	1113	7362
1640	8418	1114	7304
1641	8365	1108	7257
1642	8287	1105	7182
1643	8261	1111	7150
1644	8271	1102	7169
1645	8194	1104	7090
1646	8060	1108	6952
1647	8185	1111	7074
1648	8247	1105	7142
1649	8319	1106	7213
1650	8288	1103	7185
1651	8345	1105	7240
1652	8404	1111	7293
1653	8400	1116	7284
1654	8393	1108	7285
1655	8446	1100	7346
1656	8413	1114	7299
1657	8361	1113	7248
1658	8421	1108	7313
1659	8445	1104	7341
1660	8289	1107	7182
1661	8277	1104	7173
1662	8372	1100	7272
1663	8349	1102	7247
1664	8238	1104	7134
1665	8193	1103	7090
1666	8241	1103	7138
1667	8214	1107	7107
1668	8057	1110	6947
1669	8063	1106	6957
1670	8026	1102	6924
1671	8017	1094	6923
1672	8034	1088	6946
1673	8038	1107	6931
1674	8001	1110	6891
1675	7908	1110	6798
1676	7796	1105	6691
1677	7741	1102	6639
1678	7770	1104	6666
1679	7712	1105	6607
1680	7682	1112	6570
1681	7814	1117	6697
1682	7759	1115	6644
1683	7798	1115	6683
1684	7821	1108	6713
1685	7756	1112	6644
1686	7703	1119	6584
1687	7644	1117	6527
1688	7634	1112	6522
1689	7659	1102	6557
1690	7657	1104	6553
1691	7724	1110	6614
1692	7652	1118	6534
1693	7589	1114	6475
1694	7602	1111	6491
1695	7651	1105	6546
1696	7636	1102	6534
1697	7600	1103	6497
1698	7521	1101	6420
1699	7446	1106	6340
1700	7414	1108	6306
1701	7370	1110	6260
1702	7275	1114	6161
1703	7172	1111	6061
1704	7190	1100	6090
1705	7127	1107	6020
1706	7039	1121	5918
1707	6958	1111	5847
1708	6871	1105	5766
1709	6861	1106	5755
1710	6817	1106	5711
1711	6733	1108	5625
1712	6725	1113	5612
1713	6745	1108	5637
1714	6769	1102	5667
1715	6703	1100	5603
1716	6752	1106	5646
1717	6718	1111	5607
1718	6687	1111	5576
1719	6630	1109	5521
1720	6454	1101	5353
1721	6532	1116	5416
1722	6491	1121	5370
1723	6444	1121	5323
1724	6374	1113	5261
1725	6288	1103	5185
1726	6246	1104	5142
1727	6224	1108	5116
1728	6209	1107	5102
1729	6214	1106	5108
1730	6284	1101	5183
1731	6408	1112	5296
1732	6382	1106	5276
1733	6393	1104	5289
1734	6311	1107	5204
1735	6335	1098	5237
1736	6314	1103	5211
1737	6282	1110	5172
1738	6192	1112	5080
1739	6080	1119	4961
1740	6049	1110	4939
1741	5991	1103	4888
1742	5919	1103	4816
1743	5893	1112	4781
1744	5882	1104	4778
1745	5863	1100	4763
1746	5831	1107	4724
1747	5751	1114	4637
1748	5776	1114	4662
1749	5843	1105	4738
1750	5844	1100	4744
1751	5868	1103	4765
1752	5972	1113	4859
1753	6009	1115	4894
1754	6031	1109	4922
1755	6067	1109	4958
1756	6151	1102	5049
1757	6161	1102	5059
1758	6106	1110	4996
1759	6165	1110	5055
1760	6199	1109	5090
1761	6218	1100	5118
1762	6179	1091	5088
1763	6198	1110	5088
1764	6165	1110	5055
1765	6142	1105	5037
1766	6161	1103	5058
1767	6173	1111	5062
1768	6132	1112	5020
1769	6052	1107	4945
1770	6030	1106	4924
1771	6002	1108	4894
1772	5985	1111	4874
1773	5917	1108	4809
1774	5897	1102	4795
1775	5874	1092	4782
1776	5838	1094	4744
1777	5789	1102	4687
1778	5747	1104	4643
1779	5713	1109	4604
1780	5609	1108	4501
1781	5600	1104	4496
1782	5584	1105	4479
1783	5548	1107	4441
1784	5569	1102	4467
1785	5584	1105	4479
1786	5588	1103	4485
1787	5533	1112	4421
1788	5467	1112	4355
1789	5454	1104	4350
1790	5475	1113	4362
1791	5416	1118	4298
1792	5417	1109	4308
1793	5416	1109	4307
1794	5423	1099	4324
1795	5398	1098	4300
1796	5355	1102	4253
1797	5360	1101	4259
1798	5258	1103	4155
1799	5271	1111	4160
1800	5245	1105	4140
1801	5169	1105	4064
1802	5163	1114	4049
1803	5226	1115	4111
1804	5242	1106	4136
1805	5277	1105	4172
1806	5263	1101	4162
1807	5212	1104	4108
1808	5270	1100	4170
1809	5245	1106	4139
1810	5196	1108	4088
1811	5154	1116	4038
1812	5185	1101	4084
1813	5222	1101	4121
1814	5210	1109	4101
1815	5145	1106	4039
1816	5099	1111	3988
1817	5171	1104	4067
1818	5209	1095	4114
1819	5121	1113	4008
1820	5069	1116	3953
1821	5013	1102	3911
1822	4972	1099	3873
1823	4972	1100	3872
1824	5002	1110	3892
1825	5033	1117	3916
1826	5032	1112	3920
1827	4956	1112	3844
1828	4909	1112	3797
1829	4898	1106	3792
1830	4891	1097	3794
1831	4900	1100	3800
1832	4873	1107	3766
1833	4898	1107	3791
1834	4969	1106	3863
1835	4949	1104	3845
1836	4886	1106	3780
1837	4932	1112	3820
1838	4885	1109	3776
1839	4851	1102	3749
1840	4809	1104	3705
1841	4814	1110	3704
1842	4836	1104	3732
1843	4763	1105	3658
1844	4793	1109	3684
1845	4858	1103	3755
1846	4806	1098	3708
1847	4827	1108	3719
1848	4782	1102	3680
1849	4754	1105	3649
1850	4770	1103	3667
1851	4758	1099	3659
1852	4710	1106	3604
1853	4749	1111	3638
1854	4826	1109	3717
1855	4816	1107	3709
1856	4817	1106	3711
1857	4810	1100	3710
1858	4800	1113	3687
1859	4801	1108	3693
1860	4799	1105	3694
1861	4758	1110	3648
1862	4815	1113	3702
1863	4911	1111	3800
1864	4944	1107	3837
1865	4924	1108	3816
1866	4915	1114	3801
1867	4939	1109	3830
1868	4982	1096	3886
1869	5008	1098	3910
1870	4983	1101	3882
1871	5002	1105	3897
1872	5006	1112	3894
1873	4964	1111	3853
1874	4965	1108	3857
1875	5043	1102	3941
1876	4954	1109	3845
1877	4957	1111	3846
1878	4986	1105	3881
1879	4980	1100	3880
1880	4929	1098	3831
1881	4918	1106	3812
1882	4939	1109	3830
1883	4979	1113	3866
1884	4966	1114	3852
1885	4943	1107	3836
1886	4945	1097	3848
1887	4957	1105	3852
1888	4955	1109	3846
1889	4973	1107	3866
1890	5015	1110	3905
1891	4982	1114	3868
1892	4950	1117	3833
1893	4948	1119	3829
1894	4919	1111	3808
1895	4874	1114	3760
1896	4835	1106	3729
1897	4948	1100	3848
1898	4891	1106	3785
1899	4843	1104	3739
1900	4881	1106	3775
1901	4854	1100	3754
1902	4739	1100	3639
1903	4740	1106	3634
1904	4761	1110	3651
1905	4780	1105	3675
1906	4741	1105	3636
1907	4670	1100	3570
1908	4700	1103	3597
1909	4709	1106	3603
1910	4681	1110	3571
1911	4681	1109	3572
1912	4656	1103	3553
1913	4620	1097	3523
1914	4643	1095	3548
1915	4621	1109	3512
1916	4549	1109	3440
1917	4596	1098	3498
1918	4680	1097	3583
1919	4677	1122	3555
1920	4568	1126	3442
1921	4662	1117	3545
1922	4658	1108	3550
1923	4699	1115	3584
1924	4666	1106	3560
1925	4625	1106	3519
1926	4636	1108	3528
1927	4631	1111	3520
1928	4641	1105	3536
1929	4604	1095	3509
1930	4591	1099	3492
1931	4628	1094	3534
1932	4618	1100	3518
1933	4577	1114	3463
1934	4521	1111	3410
1935	4547	1115	3432
1936	4528	1112	3416
1937	4437	1110	3327
1938	4498	1112	3386
1939	4560	1109	3451
1940	4503	1113	3390
1941	4465	1106	3359
1942	4473	1111	3362
1943	4452	1116	3336
1944	4429	1108	3321
1945	4433	1102	3331
1946	4459	1107	3352
1947	4429	1107	3322
1948	4392	1106	3286
1949	4375	1105	3270
1950	4387	1106	3281
1951	4436	1111	3325
1952	4412	1103	3309
1953	4343	1102	3241
1954	4402	1107	3295
1955	4436	1113	3323
1956	4421	1107	3314
1957	4424	1111	3313
1958	4414	1106	3308
1959	4439	1103	3336
1960	4409	1103	3306
1961	4503	1103	3400
1962	4519	1107	3412
1963	4507	1107	3400
1964	4557	1107	3450
1965	4515	1110	3405
1966	4560	1107	3453
1967	4618	1101	3517
1968	4621	1098	3523
1969	4613	1110	3503
1970	4601	1102	3499
1971	4618	1099	3519
1972	4571	1114	3457
1973	4508	1111	3397
1974	4493	1105	3388
1975	4458	1107	3351
1976	4502	1105	3397
1977	4529	1104	3425
1978	4418	1096	3322
1979	4420	1110	3310
1980	4429	1106	3323
1981	4429	1094	3335
1982	4451	1101	3350
1983	4397	1107	3290
1984	4432	1103	3329
1985	4488	1106	3382
1986	4456	1094	3362
1987	4487	1104	3383
1988	4480	1110	3370
1989	4543	1121	3422
1990	4586	1114	3472
1991	4651	1108	3543
1992	4658	1106	3552
1993	4603	1112	3491
1994	4625	1110	3515
1995	4694	1095	3599
1996	4750	1098	3652
1997	4901	1102	3799
1998	5047	1104	3943
1999	5172	1105	4067
2000	5300	1107	4193
2001	5342	1108	4234
2002	5380	1106	4274
2003	5308	1101	4207
2004	5330	1095	4235
2005	5480	1099	4381
2006	5523	1109	4414
2007	5560	1110	4450
2008	5683	1109	4574
2009	5837	1113	4724
2010	6016	1106	4910
2011	6107	1104	5003
2012	5998	1102	4896
2013	6091	1101	4990
2014	6453	1106	5347
2015	6797	1115	5682
2016	7148	1105	6043
2017	7767	1110	6657
2018	9031	1108	7923
2019	11067	1109	9958
2020	14312	1115	13197
2021	18834	1106	17728
2022	24043	1099	22944
2023	28879	1104	27775
2024	33037	1111	31926
2025	36189	1109	35080
2026	38210	1108	37102
2027	39423	1115	38308
2028	40136	1111	39025
2029	40679	1102	39577
2030	41095	1100	39995
2031	41392	1117	40275
2032	41635	1118	40517
2033	41864	1121	40743
2034	42035	1120	40915
2035	41817	1113	40704
2036	39032	1112	37920
2037	32781	1117	31664
2038	26829	1117	25712
2039	23134	1117	22017
2040	20832	1112	19720
2041	18892	1109	17783
2042	17131	1110	16021
2043	15520	1114	14406
2044	14001	1114	12887
2045	12503	1111	11392
2046	11202	1113	10089
2047	10400	1111	9289
2048	9825	1111	8714
2049	9367	1114	8253
2050	8995	1118	7877
2051	8655	1115	7540
2052	8291	1106	7185
2053	7943	1110	6833
2054	7592	1110	6482
2055	7261	1106	6155
2056	6958	1108	5850
2057	6657	1111	5546
2058	6458	1111	5347
2059	6318	1113	5205
2060	6157	1104	5053
2061	5945	1107	4838
2062	5796	1114	4682
2063	5636	1103	4533
2064	5372	1108	4264
2065	5232	1105	4127
2066	5087	1105	3982
2067	4873	1110	3763
2068	4818	1116	3702
2069	4737	1106	3631
2070	4530	1111	3419
2071	4484	1111	3373
2072	4396	1105	3291
2073	4282	1105	3177
2074	4181	1113	3068
2075	4105	1117	2988
2076	4077	1105	2972
2077	4007	1104	2903
2078	3921	1110	2811
2079	3867	1104	2763
2080	3840	1099	2741
2081	3817	1104	2713
2082	3764	1114	2650
2083	3774	1117	2657
2084	3799	1104	2695
2085	3813	1100	2713
2086	3801	1098	2703
2087	3803	1103	2700
2088	3804	1109	2695
2089	3820	1108	2712
2090	3737	1095	2642
2091	3744	1098	2646
2092	3821	1100	2721
2093	3811	1100	2711
2094	3815	1104	2711
2095	3845	1106	2739
2096	3841	1108	2733
2097	3845	1111	2734
2098	3871	1110	2761
2099	3886	1099	2787
2100	3915	1092	2823
2101	3938	1108	2830
2102	3963	1111	2852
2103	3959	1107	2852
2104	3936	1106	2830
2105	3927	1115	2812
2106	3919	1111	2808
2107	3899	1107	2792
2108	3897	1109	2788
2109	3869	1108	2761
2110	3852	1120	2732
2111	3836	1117	2719
2112	3820	1112	2708
2113	3792	1112	2680
2114	3766	1103	2663
2115	3718	1107	2611
2116	3694	1114	2580
2117	3705	1102	2603
2118	3705	1109	2596
2119	3645	1120	2525
2120	3654	1109	2545
2121	3750	1101	2649
2122	3693	1104	2589
2123	3633	1108	2525
2124	3672	1104	2568
2125	3678	1108	2570
2126	3671	1110	2561
2127	3695	1111	2584
2128	3657	1103	2554
2129	3693	1097	2596
2130	3706	1102	2604
2131	3693	1101	2592
2132	3642	1096	2546
2133	3682	1101	2581
2134	3750	1108	2642
2135	3685	1099	2586
2136	3640	1107	2533
2137	3688	1117	2571
2138	3663	1110	2553
2139	3690	1101	2589
2140	3726	1101	2625
2141	3757	1105	2652
2142	3741	1113	2628
2143	3749	1107	2642
2144	3801	1111	2690
2145	3769	1108	2661
2146	3720	1104	2616
2147	3749	1100	2649
2148	3815	1109	2706
2149	3809	1109	2700
2150	3858	1099	2759
2151	3874	1106	2768
2152	3904	1102	2802
2153	3898	1104	2794
2154	3911	1109	2802
2155	3948	1106	2842
2156	4022	1112	2910
2157	4050	1118	2932
2158	4041	1103	2938
2159	4116	1107	3009
2160	4103	1102	3001
2161	4103	1108	2995
2162	4087	1111	2976
2163	4033	1114	2919
2164	4053	1119	2934
2165	4070	1105	2965
2166	4072	1097	2975
2167	4092	1100	2992
2168	4029	1111	2918
2169	4005	1112	2893
2170	3990	1112	2878
2171	3946	1113	2833
2172	3960	1111	2849
2173	3974	1105	2869
2174	3899	1105	2794
2175	3900	1106	2794
2176	3921	1108	2813
2177	3877	1109	2768
2178	3856	1108	2748
2179	3832	1111	2721
2180	3844	1116	2728
2181	3785	1106	2679
2182	3794	1102	2692
2183	3799	1104	2695
2184	3810	1104	2706
2185	3792	1114	2678
2186	3830	1118	2712
2187	3901	1109	2792
2188	3926	1109	2817
2189	3901	1105	2796
2190	3904	1107	2797
2191	3930	1100	2830
2192	3940	1094	2846
2193	3939	1112	2827
2194	3892	1105	2787
2195	3915	1098	2817
2196	3898	1097	2801
2197	3906	1105	2801
2198	3882	1105	2777
2199	3874	1112	2762
2200	3854	1114	2740
2201	3901	1103	2798
2202	3924	1109	2815
2203	3975	1110	2865
2204	4004	1111	2893
2205	3971	1107	2864
2206	3923	1098	2825
2207	3913	1101	2812
2208	3939	1102	2837
2209	3922	1109	2813
2210	3974	1110	2864
2211	4014	1100	2914
2212	4025	1105	2920
2213	4064	1102	2962
2214	4082	1104	2978
2215	4114	1124	2990
2216	4104	1123	2981
2217	4104	1109	2995
2218	4110	1100	3010
2219	4110	1105	3005
2220	4099	1104	2995
2221	4075	1108	2967
2222	4009	1107	2902
2223	3970	1117	2853
2224	3944	1109	2835
2225	3923	1103	2820
2226	3874	1099	2775
2227	3825	1100	2725
2228	3788	1099	2689
2229	3764	1100	2664
2230	3734	1100	2634
2231	3657	1105	2552
2232	3641	1103	2538
2233	3686	1104	2582
2234	3596	1102	2494
2235	3624	1093	2531
2236	3612	1099	2513
2237	3547	1109	2438
2238	3549	1109	2440
2239	3534	1102	2432
2240	3535	1105	2430
2241	3526	1104	2422
2242	3499	1095	2404
2243	3434	1094	2340
2244	3394	1110	2284
2245	3420	1119	2301
2246	3430	1102	2328
2247	3465	1102	2363
2248	3445	1100	2345
2249	3467	1093	2374
2250	3473	1094	2379
2251	3459	1112	2347
2252	3470	1105	2365
2253	3557	1097	2460
2254	3651	1103	2548
2255	3713	1105	2608
2256	3709	1096	2613
2257	3802	1098	2704
2258	3836	1102	2734
2259	3826	1103	2723
2260	3877	1110	2767
2261	4002	1111	2891
2262	4012	1113	2899
2263	4042	1112	2930
2264	4119	1108	3011
2265	4180	1105	3075
2266	4194	1104	3090
2267	4257	1110	3147
2268	4252	1114	3138
2269	4241	1107	3134
2270	4234	1105	3129
2271	4267	1103	3164
2272	4229	1103	3126
2273	4235	1108	3127
2274	4239	1109	3130
2275	4212	1110	3102
2276	4239	1106	3133
2277	4211	1110	3101
2278	4164	1099	3065
2279	4202	1098	3104
2280	4221	1111	3110
2281	4196	1112	3084
2282	4141	1107	3034
2283	4086	1112	2974
2284	4062	1112	2950
2285	4030	1104	2926
2286	4026	1097	2929
2287	4031	1105	2926
2288	3969	1110	2859
2289	3961	1109	2852
2290	3936	1114	2822
2291	3898	1111	2787
2292	3843	1110	2733
2293	3855	1113	2742
2294	3888	1093	2795
2295	3921	1093	2828
2296	3821	1102	2719
2297	3852	1110	2742
2298	3839	1105	2734
2299	3865	1098	2767
2300	3827	1102	2725
2301	3707	1109	2598
2302	3681	1108	2573
2303	3741	1111	2630
2304	3715	1114	2601
2305	3711	1111	2600
2306	3755	1101	2654
2307	3713	1099	2614
2308	3721	1106	2615
2309	3740	1108	2632
2310	3709	1110	2599
2311	3694	1093	2601
2312	3717	1106	2611
2313	3689	1119	2570
2314	3674	1114	2560
2315	3693	1099	2594
2316	3723	1101	2622
2317	3805	1113	2692
2318	3832	1109	2723
2319	3794	1106	2688
2320	3777	1102	2675
2321	3773	1104	2669
2322	3707	1104	2603
2323	3685	1095	2590
2324	3736	1097	2639
2325	3760	1096	2664
2326	3794	1106	2688
2327	3790	1111	2679
2328	3788	1107	2681
2329	3738	1105	2633
2330	3696	1113	2583
2331	3655	1116	2539
2332	3698	1106	2592
2333	3700	1107	2593
2334	3675	1107	2568
2335	3664	1105	2559
2336	3650	1095	2555
2337	3684	1096	2588
2338	3682	1102	2580
2339	3645	1105	2540
2340	3577	1119	2458
2341	3581	1111	2470
2342	3566	1109	2457
2343	3521	1106	2415
2344	3528	1105	2423
2345	3517	1104	2413
2346	3468	1106	2362
2347	3461	1107	2354
2348	3434	1105	2329
2349	3439	1100	2339
2350	3454	1101	2353
2351	3502	1099	2403
2352	3498	1106	2392
2353	3412	1112	2300
2354	3402	1112	2290
2355	3395	1105	2290
2356	3400	1111	2289
2357	3408	1110	2298
2358	3385	1110	2275
2359	3410	1109	2301
2360	3477	1113	2364
2361	3485	1117	2368
2362	3462	1118	2344
2363	3496	1112	2384
2364	3505	1104	2401
2365	3524	1105	2419
2366	3609	1105	2504
2367	3642	1115	2527
2368	3638	1114	2524
2369	3656	1105	2551
2370	3684	1100	2584
2371	3643	1103	2540
2372	3626	1099	2527
2373	3658	1104	2554
2374	3673	1112	2561
2375	3704	1119	2585
2376	3651	1109	2542
2377	3643	1105	2538
2378	3620	1118	2502
2379	3561	1108	2453
2380	3582	1103	2479
2381	3619	1101	2518
2382	3556	1098	2458
2383	3591	1115	2476
2384	3557	1114	2443
2385	3537	1115	2422
2386	3561	1102	2459
2387	3570	1096	2474
2388	3499	1098	2401
2389	3459	1112	2347
2390	3439	1114	2325
2391	3496	1111	2385
2392	3461	1107	2354
2393	3437	1104	2333
2394	3403	1110	2293
2395	3459	1115	2344
2396	3488	1111	2377
2397	3490	1110	2380
2398	3408	1111	2297
2399	3358	1109	2249
2400	3366	1099	2267
2401	3392	1112	2280
2402	3364	1108	2256
2403	3364	1111	2253
2404	3380	1112	2268
2405	3421	1108	2313
2406	3421	1112	2309
2407	3420	1108	2312
2408	3458	1105	2353
2409	3431	1111	2320
2410	3473	1122	2351
2411	3483	1104	2379
2412	3483	1112	2371
2413	3501	1107	2394
2414	3501	1109	2392
2415	3493	1102	2391
2416	3481	1099	2382
2417	3481	1115	2366
2418	3521	1112	2409
2419	3513	1096	2417
2420	3454	1105	2349
2421	3449	1112	2337
2422	3399	1109	2290
2423	3399	1103	2296
2424	3496	1111	2385
2425	3487	1105	2382
2426	3459	1110	2349
2427	3458	1110	2348
2428	3451	1107	2344
2429	3419	1104	2315
2430	3445	1099	2346
2431	3429	1098	2331
2432	3426	1101	2325
2433	3451	1108	2343
2434	3448	1115	2333
2435	3421	1101	2320
2436	3413	1105	2308
2437	3409	1106	2303
2438	3366	1098	2268
2439	3317	1112	2205
2440	3373	1112	2261
2441	3423	1105	2318
2442	3453	1106	2347
2443	3451	1117	2334
2444	3524	1111	2413
2445	3592	1113	2479
2446	3637	1112	2525
2447	3673	1110	2563
2448	3745	1103	2642
2449	3814	1107	2707
2450	3800	1105	2695
2451	3812	1097	2715
2452	3850	1098	2752
2453	3847	1109	2738
2454	3887	1104	2783
2455	3940	1099	2841
2456	3884	1106	2778
2457	3969	1109	2860
2458	3968	1105	2863
2459	3943	1106	2837
2460	3948	1109	2839
2461	3935	1110	2825
2462	3871	1106	2765
2463	3852	1103	2749
2464	3799	1102	2697
2465	3781	1108	2673
2466	3829	1115	2714
2467	3842	1115	2727
2468	3836	1102	2734
2469	3862	1125	2737
2470	3835	1117	2718
2471	3878	1109	2769
2472	3799	1107	2692
2473	3745	1100	2645
2474	3728	1095	2633
2475	3741	1101	2640
2476	3783	1100	2683
2477	3785	1101	2684
2478	3818	1112	2706
2479	3808	1119	2689
2480	3813	1112	2701
2481	3792	1108	2684
2482	3817	1097	2720
2483	3824	1106	2718
2484	3793	1117	2676
2485	3792	1117	2675
2486	3773	1104	2669
2487	3775	1100	2675
2488	3785	1110	2675
2489	3814	1109	2705
2490	3804	1105	2699
2491	3740	1117	2623
2492	3757	1110	2647
2493	3786	1114	2672
2494	3727	1123	2604
2495	3763	1101	2662
2496	3795	1100	2695
2497	3789	1101	2688
2498	3801	1111	2690
2499	3782	1113	2669
2500	3786	1110	2676
2501	3833	1111	2722
2502	3874	1117	2757
2503	3904	1120	2784
2504	3871	1117	2754
2505	3867	1112	2755
2506	3910	1103	2807
2507	3919	1106	2813
2508	3911	1115	2796
2509	3946	1111	2835
2510	3989	1109	2880
2511	3965	1105	2860
2512	3955	1109	2846
2513	3971	1116	2855
2514	4001	1107	2894
2515	4013	1100	2913
2516	4032	1104	2928
2517	4049	1103	2946
2518	3968	1101	2867
2519	3981	1110	2871
2520	3985	1103	2882
2521	4002	1099	2903
2522	3982	1112	2870
2523	3951	1112	2839
2524	3923	1107	2816
2525	3909	1113	2796
2526	3865	1110	2755
2527	3828	1112	2716
2528	3828	1118	2710
2529	3842	1114	2728
2530	3770	1106	2664
2531	3781	1104	2677
2532	3756	1098	2658
2533	3745	1101	2644
2534	3726	1110	2616
2535	3788	1101	2687
2536	3742	1103	2639
2537	3753	1110	2643
2538	3751	1099	2652
2539	3762	1101	2661
2540	3769	1105	2664
2541	3789	1112	2677
2542	3803	1114	2689
2543	3782	1116	2666
2544	3822	1112	2710
2545	3802	1114	2688
2546	3840	1109	2731
2547	3836	1111	2725
2548	3856	1115	2741
2549	3891	1114	2777
2550	3871	1114	2757
2551	3877	1107	2770
2552	3880	1110	2770
2553	3875	1103	2772
2554	3969	1107	2862
2555	3931	1105	2826
2556	3863	1102	2761
2557	3855	1106	2749
2558	3866	1110	2756
2559	3864	1119	2745
2560	3874	1115	2759
2561	3836	1112	2724
2562	3842	1113	2729
2563	3887	1105	2782
2564	3830	1112	2718
2565	3857	1114	2743
2566	3907	1120	2787
2567	3879	1119	2760
2568	3841	1116	2725
2569	3847	1120	2727
2570	3892	1113	2779
2571	3879	1112	2767
2572	3844	1104	2740
2573	3837	1098	2739
2574	3829	1094	2735
2575	3795	1103	2692
2576	3809	1112	2697
2577	3809	1106	2703
2578	3791	1098	2693
2579	3864	1105	2759
2580	3830	1114	2716
2581	3770	1115	2655
2582	3786	1116	2670
2583	3849	1113	2736
2584	3763	1110	2653
2585	3777	1112	2665
2586	3837	1115	2722
2587	3809	1116	2693
2588	3751	1115	2636
2589	3755	1108	2647
2590	3735	1108	2627
2591	3801	1115	2686
2592	3811	1112	2699
2593	3779	1109	2670
2594	3758	1112	2646
2595	3809	1108	2701
2596	3790	1111	2679
2597	3825	1103	2722
2598	3821	1109	2712
2599	3841	1110	2731
2600	3902	1109	2793
2601	3815	1093	2722
2602	3831	1104	2727
2603	3891	1114	2777
2604	3907	1107	2800
2605	3980	1113	2867
2606	3986	1117	2869
2607	4012	1110	2902
2608	3995	1108	2887
2609	4052	1102	2950
2610	4086	1121	2965
2611	4093	1125	2968
2612	4061	1112	2949
2613	3999	1108	2891
2614	4072	1108	2964
2615	4060	1110	2950
2616	4013	1107	2906
2617	3996	1103	2893
2618	3968	1112	2856
2619	3935	1111	2824
2620	3953	1106	2847
2621	3979	1106	2873
2622	3972	1095	2877
2623	3914	1096	2818
2624	3908	1110	2798
2625	3939	1109	2830
2626	3934	1110	2824
2627	3905	1118	2787
2628	3894	1116	2778
2629	3873	1108	2765
2630	3869	1105	2764
2631	3882	1090	2792
2632	3864	1092	2772
2633	3860	1105	2755
2634	3960	1109	2851
2635	3973	1117	2856
2636	3942	1109	2833
2637	3949	1101	2848
2638	3930	1109	2821
2639	3941	1107	2834
2640	3967	1114	2853
2641	3946	1103	2843
2642	3962	1098	2864
2643	3981	1098	2883
2644	3963	1111	2852
2645	3972	1112	2860
2646	4009	1113	2896
2647	4052	1121	2931
2648	4081	1114	2967
2649	4024	1105	2919
2650	4057	1107	2950
2651	4097	1114	2983
2652	4134	1118	3016
2653	4124	1118	3006
2654	4204	1103	3101
2655	4219	1099	3120
2656	4146	1105	3041
2657	4221	1107	3114
2658	4196	1111	3085
2659	4047	1110	2937
2660	4058	1108	2950
2661	4109	1104	3005
2662	4096	1115	2981
2663	4073	1117	2956
2664	4070	1112	2958
2665	4043	1102	2941
2666	4042	1110	2932
2667	4034	1110	2924
2668	4023	1114	2909
2669	4006	1116	2890
2670	4022	1107	2915
2671	4007	1109	2898
2672	4024	1112	2912
2673	4025	1110	2915
2674	4039	1114	2925
2675	4083	1112	2971
2676	4049	1110	2939
2677	4076	1111	2965
2678	4120	1119	3001
2679	4133	1119	3014
2680	4169	1115	3054
2681	4249	1115	3134
2682	4262	1111	3151
2683	4184	1110	3074
2684	4141	1112	3029
2685	4168	1114	3054
2686	4119	1115	3004
2687	4081	1112	2969
2688	4099	1119	2980
2689	4141	1114	3027
2690	4154	1112	3042
2691	4108	1116	2992
2692	4087	1112	2975
2693	4068	1107	2961
2694	4030	1110	2920
2695	4032	1109	2923
2696	4012	1105	2907
2697	4022	1116	2906
2698	4012	1123	2889
2699	4085	1116	2969
2700	4019	1110	2909
2701	3956	1112	2844
2702	4025	1116	2909
2703	4009	1114	2895
2704	3945	1112	2833
2705	3886	1114	2772
2706	3905	1113	2792
2707	3891	1119	2772
2708	3877	1117	2760
2709	3822	1114	2708
2710	3778	1117	2661
2711	3755	1116	2639
2712	3706	1105	2601
2713	3723	1111	2612
2714	3698	1106	2592
2715	3689	1115	2574
2716	3639	1108	2531
2717	3624	1099	2525
2718	3660	1113	2547
2719	3690	1119	2571
2720	3647	1116	2531
2721	3661	1115	2546
2722	3668	1115	2553
2723	3712	1110	2602
2724	3734	1114	2620
2725	3818	1103	2715
2726	3795	1104	2691
2727	3787	1113	2674
2728	3759	1113	2646
2729	3678	1117	2561
2730	3677	1110	2567
2731	3724	1113	2611
2732	3680	1102	2578
2733	3620	1108	2512
2734	3560	1114	2446
2735	3511	1110	2401
2736	3523	1118	2405
2737	3505	1108	2397
2738	3465	1111	2354
2739	3486	1114	2372
2740	3451	1111	2340
2741	3406	1113	2293
2742	3385	1104	2281
2743	3361	1096	2265
2744	3331	1104	2227
2745	3350	1110	2240
2746	3307	1107	2200
2747	3279	1101	2178
2748	3282	1111	2171
2749	3301	1106	2195
2750	3298	1104	2194
2751	3252	1112	2140
2752	3204	1109	2095
2753	3220	1108	2112
2754	3288	1117	2171
2755	3256	1108	2148
2756	3162	1102	2060
2757	3167	1109	2058
2758	3190	1101	2089
2759	3207	1104	2103
2760	3160	1109	2051
2761	3132	1115	2017
2762	3115	1100	2015
2763	3090	1099	1991
2764	3029	1112	1917
2765	3014	1107	1907
2766	3027	1107	1920
2767	3068	1110	1958
2768	3062	1108	1954
2769	3135	1098	2037
2770	3122	1100	2022
2771	3130	1105	2025
2772	3119	1096	2023
2773	3113	1093	2020
2774	3098	1105	1993
2775	3111	1106	2005
2776	3109	1112	1997
2777	3129	1107	2022
2778	3110	1106	2004
2779	3109	1103	2006
2780	3068	1101	1967
2781	3047	1106	1941
2782	3072	1110	1962
2783	3013	1116	1897
2784	3013	1124	1889
2785	3045	1120	1925
2786	3091	1112	1979
2787	3128	1116	2012
2788	3098	1108	1990
2789	3104	1111	1993
2790	3125	1118	2007
2791	3122	1112	2010
2792	3108	1108	2000
2793	3118	1106	2012
2794	3116	1096	2020
2795	3106	1103	2003
2796	3093	1101	1992
2797	3110	1104	2006
2798	3139	1106	2033
2799	3101	1095	2006
2800	3085	1092	1993
2801	3078	1103	1975
2802	3056	1105	1951
2803	3149	1103	2046
2804	3177	1102	2075
2805	3138	1109	2029
2806	3142	1109	2033
2807	3177	1115	2062
2808	3167	1114	2053
2809	3225	1116	2109
2810	3259	1107	2152
2811	3299	1093	2206
2812	3321	1112	2209
2813	3295	1117	2178
2814	3301	1106	2195
2815	3292	1110	2182
2816	3361	1104	2257
2817	3394	1110	2284
2818	3370	1109	2261
2819	3370	1105	2265
2820	3408	1104	2304
2821	3457	1100	2357
2822	3451	1102	2349
2823	3417	1099	2318
2824	3414	1099	2315
2825	3437	1100	2337
2826	3429	1114	2315
2827	3402	1108	2294
2828	3356	1101	2255
2829	3366	1105	2261
2830	3316	1104	2212
2831	3295	1108	2187
2832	3257	1109	2148
2833	3265	1110	2155
2834	3277	1105	2172
2835	3297	1112	2185
2836	3271	1112	2159
2837	3269	1107	2162
2838	3261	1106	2155
2839	3267	1108	2159
2840	3259	1099	2160
2841	3301	1104	2197
2842	3325	1110	2215
2843	3316	1114	2202
2844	3341	1111	2230
2845	3353	1108	2245
2846	3359	1102	2257
2847	3386	1104	2282
2848	3365	1108	2257
2849	3364	1111	2253
2850	3389	1110	2279
2851	3459	1113	2346
2852	3425	1117	2308
2853	3407	1105	2302
2854	3459	1104	2355
2855	3465	1105	2360
2856	3426	1113	2313
2857	3425	1111	2314
2858	3413	1110	2303
2859	3415	1109	2306
2860	3450	1110	2340
2861	3485	1114	2371
2862	3476	1098	2378
2863	3526	1095	2431
2864	3543	1102	2441
2865	3555	1103	2452
2866	3548	1104	2444
2867	3572	1106	2466
2868	3625	1110	2515
2869	3671	1102	2569
2870	3653	1105	2548
2871	3655	1110	2545
2872	3730	1107	2623
2873	3801	1105	2696
2874	3848	1116	2732
2875	3874	1110	2764
2876	3898	1106	2792
2877	3918	1112	2806
2878	3952	1116	2836
2879	3957	1104	2853
2880	3956	1100	2856
2881	3966	1105	2861
2882	3978	1107	2871
2883	3999	1106	2893
2884	3968	1100	2868
2885	4014	1094	2920
2886	4021	1101	2920
2887	3973	1104	2869
2888	3957	1110	2847
2889	3984	1116	2868
2890	3991	1112	2879
2891	4000	1110	2890
2892	3964	1102	2862
2893	3987	1108	2879
2894	3952	1107	2845
2895	3889	1111	2778
2896	3836	1109	2727
2897	3855	1102	2753
2898	3897	1104	2793
2899	3893	1107	2786
2900	3907	1112	2795
2901	3926	1113	2813
2902	3941	1107	2834
2903	3956	1100	2856
2904	3973	1101	2872
2905	3948	1109	2839
2906	3925	1104	2821
2907	3957	1103	2854
2908	4020	1104	2916
2909	4025	1109	2916
2910	3966	1115	2851
2911	3966	1115	2851
2912	3913	1104	2809
2913	3852	1107	2745
2914	3841	1108	2733
2915	3837	1107	2730
2916	3753	1105	2648
2917	3714	1103	2611
2918	3694	1102	2592
2919	3696	1104	2592
2920	3712	1104	2608
2921	3671	1106	2565
2922	3639	1115	2524
2923	3613	1108	2505
2924	3650	1097	2553
2925	3641	1098	2543
2926	3630	1106	2524
2927	3672	1106	2566
2928	3630	1107	2523
2929	3653	1107	2546
2930	3664	1107	2557
2931	3693	1110	2583
2932	3683	1106	2577
2933	3727	1102	2625
2934	3743	1102	2641
2935	3779	1109	2670
2936	3789	1108	2681
2937	3806	1104	2702
2938	3808	1105	2703
2939	3785	1096	2689
2940	3863	1102	2761
2941	3840	1105	2735
2942	3843	1104	2739
2943	3853	1102	2751
2944	3815	1095	2720
2945	3821	1099	2722
2946	3849	1109	2740
2947	3856	1109	2747
2948	3815	1105	2710
2949	3791	1105	2686
2950	3803	1107	2696
2951	3773	1108	2665
2952	3751	1109	2642
2953	3711	1109	2602
2954	3707	1114	2593
2955	3611	1114	2497
2956	3580	1113	2467
2957	3571	1115	2456
2958	3508	1110	2398
2959	3470	1114	2356
2960	3427	1109	2318
2961	3419	1113	2306
2962	3429	1111	2318
2963	3416	1115	2301
2964	3344	1113	2231
2965	3337	1119	2218
2966	3325	1113	2212
2967	3324	1108	2216
2968	3318	1112	2206
2969	3335	1110	2225
2970	3391	1111	2280
2971	3390	1115	2275
2972	3350	1111	2239
2973	3431	1114	2317
2974	3526	1104	2422
2975	3549	1102	2447
2976	3564	1098	2466
2977	3599	1098	2501
2978	3588	1109	2479
2979	3594	1108	2486
2980	3595	1107	2488
2981	3623	1100	2523
2982	3599	1099	2500
2983	3658	1107	2551
2984	3660	1107	2553
2985	3609	1099	2510
2986	3540	1109	2431
2987	3560	1110	2450
2988	3553	1112	2441
2989	3553	1109	2444
2990	3539	1107	2432
2991	3507	1109	2398
2992	3480	1112	2368
2993	3497	1112	2385
2994	3504	1105	2399
2995	3481	1116	2365
2996	3481	1126	2355
2997	3398	1117	2281
2998	3362	1101	2261
2999	3314	1111	2203
3000	3251	1118	2133
3001	3234	1120	2114
3002	3229	1113	2116
3003	3225	1106	2119
3004	3207	1101	2106
3005	3217	1112	2105
3006	3205	1108	2097
3007	3167	1099	2068
3008	3116	1115	2001
3009	3087	1119	1968
3010	3104	1114	1990
3011	3179	1109	2070
3012	3192	1097	2095
3013	3140	1104	2036
3014	3107	1126	1981
3015	3084	1121	1963
3016	3085	1111	1974
3017	3085	1112	1973
3018	3061	1110	1951
3019	3043	1104	1939
3020	3042	1106	1936
3021	3007	1112	1895
3022	2954	1118	1836
3023	3005	1121	1884
3024	2972	1114	1858
3025	2940	1102	1838
3026	2933	1108	1825
3027	2922	1098	1824
3028	2890	1098	1792
3029	2893	1107	1786
3030	2904	1107	1797
3031	2857	1110	1747
3032	2827	1112	1715
3033	2842	1102	1740
3034	2823	1098	1725
3035	2763	1101	1662
3036	2714	1116	1598
3037	2749	1116	1633
3038	2733	1113	1620
3039	2701	1107	1594
3040	2690	1101	1589
3041	2714	1103	1611
3042	2706	1104	1602
3043	2691	1108	1583
3044	2629	1112	1517
3045	2643	1111	1532
3046	2620	1108	1512
3047	2639	1109	1530
3048	2627	1114	1513
3049	2605	1118	1487
3050	2614	1119	1495
3051	2605	1109	1496
3052	2600	1108	1492
3053	2552	1110	1442
3054	2545	1103	1442
3055	2539	1094	1445
3056	2568	1101	1467
3057	2556	1116	1440
3058	2567	1115	1452
3059	2551	1116	1435
3060	2527	1113	1414
3061	2537	1111	1426
3062	2541	1104	1437
3063	2532	1096	1436
3064	2514	1093	1421
3065	2552	1098	1454
3066	2507	1111	1396
3067	2528	1119	1409
3068	2499	1105	1394
3069	2553	1095	1458
3070	2549	1099	1450
3071	2524	1102	1422
3072	2494	1114	1380
3073	2484	1109	1375
3074	2453	1101	1352
3075	2466	1116	1350
3076	2486	1110	1376
3077	2495	1106	1389
3078	2445	1101	1344
3079	2412	1105	1307
3080	2417	1108	1309
3081	2426	1114	1312
3082	2412	1115	1297
3083	2381	1115	1266
3084	2362	1114	1248
3085	2398	1115	1283
3086	2403	1106	1297
3087	2402	1104	1298
3088	2335	1111	1224
3089	2356	1116	1240
3090	2376	1114	1262
3091	2386	1116	1270
3092	2349	1105	1244
3093	2355	1115	1240
3094	2359	1107	1252
3095	2343	1107	1236
3096	2314	1109	1205
3097	2334	1110	1224
3098	2313	1108	1205
3099	2323	1113	1210
3100	2277	1105	1172
3101	2248	1099	1149
3102	2251	1108	1143
3103	2225	1108	1117
3104	2233	1108	1125
3105	2216	1098	1118
3106	2185	1092	1093
3107	2165	1095	1070
3108	2131	1107	1024
3109	2152	1103	1049
3110	2164	1111	1053
3111	2169	1112	1057
3112	2164	1118	1046
3113	2111	1109	1002
3114	2117	1105	1012
3115	2133	1102	1031
3116	2122	1107	1015
3117	2079	1102	977
3118	2076	1099	977
3119	2051	1107	944
3120	2072	1107	965
3121	2095	1112	983
3122	2042	1109	933
3123	2016	1103	913
3124	2009	1111	898
3125	1987	1108	879
3126	1950	1110	840
3127	1980	1107	873
3128	1981	1109	872
3129	1976	1117	859
3130	1968	1111	857
3131	1930	1109	821
3132	1903	1104	799
3133	1909	1099	810
3134	1890	1094	796
3135	1868	1098	770
3136	1875	1103	772
3137	1853	1107	746
3138	1833	1104	729
3139	1809	1112	697
3140	1801	1114	687
3141	1793	1119	674
3142	1772	1114	658
3143	1792	1114	678
3144	1807	1113	694
3145	1814	1106	708
3146	1795	1104	691
3147	1749	1100	649
3148	1727	1096	631
3149	1738	1100	638
3150	1724	1102	622
3151	1708	1093	615
3152	1720	1100	620
3153	1716	1099	617
3154	1698	1108	590
3155	1681	1113	568
3156	1660	1115	545
3157	1678	1110	568
3158	1674	1103	571
3159	1668	1101	567
3160	1643	1101	542
3161	1623	1101	522
3162	1615	1099	516
3163	1588	1107	481
3164	1597	1109	488
3165	1629	1110	519
3166	1601	1109	492
3167	1565	1101	464
3168	1539	1108	431
3169	1558	1106	452
3170	1567	1098	469
3171	1539	1107	432
3172	1526	1110	416
3173	1492	1116	376
3174	1491	1113	378
3175	1517	1113	404
3176	1501	1106	395
3177	1485	1104	381
3178	1470	1100	370
3179	1446	1105	341
3180	1437	1107	330
3181	1458	1107	351
3182	1433	1113	320
3183	1396	1107	289
3184	1423	1099	324
3185	1447	1114	333
3186	1417	1113	304
3187	1372	1108	264
3188	1353	1112	241
3189	1374	1101	273
3190	1356	1098	258
3191	1358	1107	251
3192	1351	1110	241
3193	1349	1107	242
3194	1347	1106	241
3195	1324	1112	212
3196	1317	1113	204
3197	1291	1113	178
3198	1275	1112	163
3199	1290	1109	181
3200	1286	1104	182
3201	1319	1107	212
3202	1304	1115	189
3203	1291	1114	177
3204	1259	1099	160
3205	1264	1098	166
3206	1271	1100	171
3207	1262	1109	153
3208	1258	1102	156
3209	1241	1114	127
3210	1235	1114	121
3211	1239	1119	120
3212	1246	1106	140
3213	1258	1097	161
3214	1239	1103	136
3215	1231	1099	132
3216	1233	1104	129
3217	1241	1116	125
3218	1219	1115	104
3219	1228	1121	107
3220	1223	1121	102
3221	1222	1108	114
3222	1221	1107	114
3223	1227	1112	115
3224	1214	1104	110
3225	1210	1109	101
3226	1195	1110	85
3227	1212	1105	107
3228	1206	1112	94
3229	1212	1110	102
3230	1220	1100	120
3231	1220	1106	114
3232	1230	1112	118
3233	1223	1102	121
3234	1191	1094	97
3235	1174	1098	76
3236	1189	1104	85
3237	1203	1115	88
3238	1204	1110	94
3239	1210	1107	103
3240	1187	1108	79
3241	1180	1113	67
3242	1185	1110	75
3243	1186	1115	71
3244	1210	1112	98
3245	1196	1117	79
3246	1168	1118	50
3247	1215	1113	102
3248	1209	1118	91
3249	1205	1124	81
3250	1195	1110	85
3251	1209	1107	102
3252	1186	1114	72
3253	1193	1107	86
3254	1209	1111	98
3255	1233	1103	130
3256	1215	1099	116
3257	1180	1111	69
3258	1184	1102	82
3259	1209	1096	113
3260	1192	1104	88
3261	1182	1110	72
3262	1170	1119	51
3263	1184	1123	61
3264	1166	1114	52
3265	1203	1102	101
3266	1227	1111	116
3267	1216	1109	107
3268	1194	1105	89
3269	1211	1114	97
3270	1207	1122	85
3271	1189	1112	77
3272	1182	1105	77
3273	1185	1107	78
3274	1174	1104	70
3275	1195	1109	86
3276	1189	1102	87
3277	1171	1099	72
3278	1171	1101	70
3279	1174	1100	74
3280	1158	1103	55
3281	1174	1100	74
3282	1183	1113	70
3283	1196	1113	83
3284	1188	1108	80
3285	1190	1102	88
3286	1184	1108	76
3287	1204	1108	96
3288	1199	1110	89
3289	1201	1110	91
3290	1206	1109	97
3291	1215	1113	102
3292	1171	1116	55
3293	1164	1112	52
3294	1189	1110	79
3295	1197	1119	78
3296	1162	1121	41
3297	1164	1115	49
3298	1158	1105	53
3299	1196	1104	92
3300	1178	1100	78
3301	1169	1095	74
3302	1186	1101	85
3303	1196	1113	83
3304	1143	1102	41
3305	1133	1098	35
3306	1173	1095	78
3307	1189	1103	86
3308	1184	1109	75
3309	1173	1108	65
3310	1162	1107	55
3311	1179	1106	73
3312	1189	1111	78
3313	1193	1108	85
3314	1175	1115	60
3315	1158	1115	43
3316	1142	1111	31
3317	1185	1110	75
3318	1205	1118	87
3319	1192	1113	79
3320	1170	1112	58
3321	1186	1114	72
3322	1193	1116	77
3323	1197	1108	89
3324	1171	1108	63
3325	1179	1117	62
3326	1178	1115	63
3327	1171	1114	57
3328	1184	1113	71
3329	1196	1116	80
3330	1204	1106	98
3331	1175	1101	74
3332	1186	1110	76
3333	1198	1111	87
3334	1167	1107	60
3335	1145	1101	44
3336	1166	1105	61
3337	1179	1111	68
3338	1192	1101	91
3339	1172	1110	62
3340	1161	1112	49
3341	1192	1111	81
3342	1197	1106	91
3343	1187	1103	84
3344	1173	1108	65
3345	1197	1116	81
3346	1192	1111	81
3347	1177	1115	62
3348	1177	1109	68
3349	1184	1109	75
3350	1173	1118	55
3351	1199	1120	79
3352	1194	1114	80
3353	1181	1104	77
3354	1167	1108	59
3355	1183	1113	70
3356	1182	1107	75
3357	1192	1095	97
3358	1195	1097	98
3359	1196	1110	86
3360	1188	1115	73
3361	1162	1114	48
3362	1153	1117	36
3363	1171	1114	57
3364	1163	1119	44
3365	1163	1121	42
3366	1171	1117	54
3367	1167	1103	64
3368	1145	1098	47
3369	1163	1106	57
3370	1172	1098	74
3371	1181	1101	80
3372	1160	1094	66
3373	1176	1103	73
3374	1142	1110	32
3375	1162	1104	58
3376	1177	1107	70
3377	1153	1116	37
3378	1147	1112	35
3379	1171	1107	64
3380	1182	1109	73
3381	1170	1112	58
3382	1170	1112	58
3383	1162	1112	50
3384	1155	1107	48
3385	1183	1105	78
3386	1167	1100	67
3387	1153	1095	58
3388	1152	1102	50
3389	1157	1115	42
3390	1161	1112	49
3391	1173	1102	71
3392	1187	1104	83
3393	1170	1107	63
3394	1177	1108	69
3395	1176	1111	65
3396	1165	1108	57
3397	1155	1098	57
3398	1139	1093	46
3399	1157	1102	55
3400	1163	1112	51
3401	1169	1111	58
3402	1146	1101	45
3403	1153	1105	48
3404	1152	1104	48
3405	1176	1107	69
3406	1169	1106	63
3407	1177	1107	70
3408	1165	1109	56
3409	1175	1109	66
3410	1173	1108	65
3411	1168	1103	65
3412	1176	1105	71
3413	1166	1099	67
3414	1162	1102	60
3415	1155	1107	48
3416	1133	1105	28
3417	1153	1100	53
3418	1165	1105	60
3419	1175	1102	73
3420	1161	1107	54
3421	1151	1104	47
3422	1161	1102	59
3423	1178	1103	75
3424	1170	1097	73
3425	1148	1103	45
3426	1146	1101	45
3427	1175	1103	72
3428	1156	1110	46
3429	1151	1105	46
3430	1169	1106	63
3431	1151	1117	34
3432	1149	1110	39
3433	1145	1103	42
3434	1142	1103	39
3435	1173	1107	66
3436	1179	1109	70
3437	1171	1113	58
3438	1164	1101	63
3439	1161	1099	62
3440	1142	1102	40
3441	1168	1102	66
3442	1169	1101	68
3443	1169	1107	62
3444	1161	1103	58
3445	1152	1114	38
3446	1165	1105	60
3447	1157	1100	57
3448	1140	1102	38
3449	1166	1108	58
3450	1170	1111	59
3451	1151	1107	44
3452	1121	1100	21
3453	1143	1109	34
3454	1159	1108	51
3455	1140	1110	30
3456	1122	1113	9
3457	1155	1103	52
3458	1154	1103	51
3459	1155	1096	59
3460	1175	1101	74
3461	1172	1097	75
3462	1154	1100	54
3463	1139	1113	26
3464	1158	1111	47
3465	1161	1108	53
3466	1155	1107	48
3467	1142	1107	35
3468	1146	1108	38
3469	1174	1102	72
3470	1187	1103	84
3471	1160	1116	44
3472	1137	1113	24
3473	1137	1108	29
3474	1142	1107	35
3475	1163	1111	52
3476	1153	1100	53
3477	1140	1098	42
3478	1148	1105	43
3479	1172	1110	62
3480	1144	1111	33
3481	1161	1109	52
3482	1156	1113	43
3483	1129	1107	22
3484	1140	1096	44
3485	1166	1113	53
3486	1151	1123	28
3487	1154	1116	38
3488	1156	1103	53
3489	1163	1106	57
3490	1149	1106	43
3491	1154	1110	44
3492	1164	1111	53
3493	1157	1108	49
3494	1136	1104	32
3495	1155	1103	52
3496	1139	1102	37
3497	1137	1095	42
3498	1134	1100	34
3499	1139	1100	39
3500	1125	1098	27
3501	1161	1110	51
3502	1150	1102	48
3503	1137	1104	33
3504	1148	1100	48
3505	1159	1098	61
3506	1148	1109	39
3507	1140	1106	34
3508	1127	1110	17
3509	1153	1109	44
3510	1155	1112	43
3511	1156	1116	40
3512	1143	1109	34
3513	1129	1107	22
3514	1125	1101	24
3515	1142	1103	39
3516	1143	1106	37
3517	1138	1110	28
3518	1126	1110	16
3519	1140	1110	30
3520	1139	1105	34
3521	1150	1101	49
3522	1139	1113	26
3523	1126	1115	11
3524	1139	1105	34
3525	1164	1101	63
3526	1165	1103	62
3527	1158	1113	45
3528	1139	1109	30
3529	1129	1119	10
3530	1132	1114	18
3531	1146	1105	41
3532	1143	1101	42
3533	1142	1112	30
3534	1118	1110	8
3535	1122	1104	18
3536	1125	1107	18
3537	1119	1106	13
3538	1118	1095	23
3539	1123	1100	23
3540	1130	1112	18
3541	1113	1109	4
3542	1120	1112	8
3543	1135	1117	18
3544	1127	1110	17
3545	1153	1110	43
3546	1142	1114	28
3547	1148	1105	43
3548	1116	1108	8
3549	1149	1108	41
3550	1161	1104	57
3551	1157	1111	46
3552	1122	1114	8
3553	1108	1108	0
3554	1123	1107	16
3555	1129	1104	25
3556	1103	1107	-4
3557	1141	1104	37
3558	1143	1102	41
3559	1137	1101	36
3560	1144	1102	42
3561	1143	1109	34
3562	1127	1108	19
3563	1118	1110	8
3564	1129	1108	21
3565	1164	1115	49
3566	1134	1113	21
3567	1118	1112	6
3568	1110	1116	-6
3569	1109	1111	-2
3570	1122	1110	12
3571	1140	1113	27
3572	1143	1113	30
3573	1133	1110	23
3574	1141	1111	30
3575	1141	1110	31
3576	1115	1105	10
3577	1137	1106	31
3578	1125	1106	19
3579	1140	1108	32
3580	1145	1119	26
3581	1137	1117	20
3582	1118	1112	6
3583	1129	1101	28
3584	1131	1099	32
3585	1130	1105	25
3586	1123	1105	18
3587	1133	1098	35
3588	1160	1103	57
3589	1148	1113	35
3590	1127	1108	19
3591	1149	1110	39
3592	1112	1113	-1
3593	1113	1117	-4
3594	1118	1106	12
3595	1121	1108	13
3596	1110	1102	8
3597	1108	1101	7
3598	1120	1108	12
3599	1146	1101	45
3600	1134	1102	32
3601	1136	1108	28
3602	1119	1118	1
3603	1105	1118	-13
3604	1117	1105	12
3605	1124	1100	24
3606	1150	1108	42
3607	1133	1103	30
3608	1112	1102	10
3609	1127	1107	20
3610	1124	1110	14
3611	1125	1107	18
3612	1128	1114	14
3613	1129	1117	12
3614	1121	1113	8
3615	1126	1109	17
3616	1141	1094	47
3617	1141	1093	48
3618	1134	1106	28
3619	1121	1109	12
3620	1125	1105	20
3621	1146	1111	35
3622	1124	1105	19
3623	1137	1099	38
3624	1133	1101	32
3625	1129	1107	22
3626	1133	1101	32
3627	1113	1098	15
3628	1118	1105	13
3629	1120	1115	5
3630	1124	1114	10
3631	1157	1108	49
3632	1146	1112	34
3633	1137	1105	32
3634	1133	1100	33
3635	1113	1104	9
3636	1141	1106	35
3637	1162	1109	53
3638	1152	1112	40
3639	1153	1112	41
3640	1135	1113	22
3641	1123	1115	8
3642	1113	1121	-8
3643	1121	1112	9
3644	1130	1101	29
3645	1130	1107	23
3646	1104	1111	-7
3647	1110	1118	-8
3648	1126	1108	18
