index	original	background	difference
-----------------------------------------------------
1	1205	1158	47
2	1188	1145	43
3	1187	1160	27
4	1187	1170	17
5	1183	1164	19
6	1169	1165	4
7	1173	1151	22
8	1176	1166	10
9	1160	1175	-15
10	1176	1177	-1
11	1187	1169	18
12	1166	1168	-2
13	1182	1152	30
14	1183	1168	15
15	1185	1183	2
16	1181	1173	8
17	1172	1182	-10
18	1193	1196	-3
19	1207	1193	14
20	1184	1197	-13
21	1196	1177	19
22	1200	1171	29
23	1199	1185	14
24	1203	1186	17
25	1208	1179	29
26	1200	1171	29
27	1211	1168	43
28	1187	1162	25
29	1194	1178	16
30	1181	1186	-5
31	1182	1175	7
32	1185	1185	0
33	1184	1207	-23
34	1178	1209	-31
35	1183	1190	-7
36	1203	1184	19
37	1214	1181	33
38	1200	1198	2
39	1233	1195	38
40	1233	1182	51
41	1206	1189	17
42	1202	1196	6
43	1178	1188	-10
44	1172	1176	-4
45	1185	1191	-6
46	1200	1196	4
47	1210	1199	11
48	1201	1189	12
49	1205	1182	23
50	1213	1183	30
51	1214	1178	36
52	1205	1172	33
53	1203	1194	9
54	1216	1209	7
55	1224	1196	28
56	1220	1184	36
57	1215	1197	18
58	1190	1200	-10
59	1189	1198	-9
60	1204	1209	-5
61	1223	1194	29
62	1215	1185	30
63	1205	1180	25
64	1194	1181	13
65	1226	1178	48
66	1238	1193	45
67	1223	1198	25
68	1207	1190	17
69	1213	1202	11
70	1212	1171	41
71	1208	1173	35
72	1205	1194	11
73	1217	1190	27
74	1203	1192	11
75	1225	1196	29
76	1212	1198	14
77	1214	1210	4
78	1199	1228	-29
79	1210	1228	-18
80	1207	1198	9
81	1210	1204	6
82	1207	1198	9
83	1214	1177	37
84	1213	1177	36
85	1220	1195	25
86	1215	1200	15
87	1212	1212	0
88	1217	1205	12
89	1202	1216	-14
90	1208	1218	-10
91	1218	1203	15
92	1222	1185	37
93	1209	1190	19
94	1214	1185	29
95	1214	1189	25
96	1209	1182	27
97	1226	1192	34
98	1208	1186	22
99	1201	1206	-5
100	1217	1199	18
101	1218	1209	9
102	1209	1215	-6
103	1202	1184	18
104	1213	1199	14
105	1214	1198	16
106	1218	1181	37
107	1257	1201	56
108	1238	1199	39
109	1219	1196	23
110	1210	1213	-3
111	1226	1188	38
112	1239	1200	39
113	1225	1220	5
114	1206	1194	12
115	1220	1202	18
116	1208	1206	2
117	1220	1201	19
118	1234	1198	36
119	1231	1196	35
120	1226	1214	12
121	1231	1225	6
122	1216	1208	8
123	1228	1202	26
124	1227	1220	7
125	1212	1229	-17
126	1216	1222	-6
127	1228	1216	12
128	1202	1215	-13
129	1220	1208	12
130	1220	1209	11
131	1229	1216	13
132	1227	1205	22
133	1239	1187	52
134	1232	1180	52
135	1221	1190	31
136	1221	1210	11
137	1219	1219	0
138	1224	1195	29
139	1239	1177	62
140	1210	1205	5
141	1211	1207	4
142	1226	1193	33
143	1210	1189	21
144	1194	1224	-30
145	1223	1208	15
146	1223	1193	30
147	1236	1212	24
148	1238	1240	-2
149	1230	1231	-1
150	1224	1224	0
151	1207	1213	-6
152	1216	1202	14
153	1221	1191	30
154	1213	1220	-7
155	1228	1226	2
156	1235	1200	35
157	1230	1211	19
158	1215	1208	7
159	1217	1202	15
160	1216	1202	14
161	1218	1199	19
162	1210	1204	6
163	1207	1207	0
164	1208	1195	13
165	1218	1192	26
166	1209	1201	8
167	1222	1216	6
168	1210	1223	-13
169	1208	1201	7
170	1193	1217	-24
171	1224	1218	6
172	1218	1210	8
173	1199	1187	12
174	1201	1201	0
175	1210	1192	18
176	1234	1178	56
177	1224	1196	28
178	1209	1199	10
179	1213	1182	31
180	1185	1188	-3
181	1217	1187	30
182	1228	1190	38
183	1205	1204	1
184	1198	1202	-4
185	1224	1182	42
186	1224	1183	41
187	1224	1204	20
188	1209	1197	12
189	1223	1184	39
190	1206	1184	22
191	1215	1200	15
192	1215	1217	-2
193	1210	1217	-7
194	1201	1220	-19
195	1207	1217	-10
196	1216	1217	-1
197	1224	1229	-5
198	1228	1223	5
199	1236	1192	44
200	1221	1198	23
201	1221	1207	14
202	1212	1205	7
203	1194	1222	-28
204	1227	1224	3
205	1234	1189	45
206	1233	1204	29
207	1249	1214	35
208	1238	1225	13
209	1241	1209	32
210	1251	1209	42
211	1243	1205	38
212	1235	1215	20
213	1231	1217	14
214	1228	1212	16
215	1215	1211	4
216	1206	1198	8
217	1225	1197	28
218	1207	1185	22
219	1226	1220	6
220	1230	1226	4
221	1248	1200	48
222	1230	1196	34
223	1214	1212	2
224	1203	1215	-12
225	1209	1193	16
226	1229	1195	34
227	1224	1214	10
228	1226	1220	6
229	1231	1211	20
230	1219	1207	12
231	1216	1194	22
232	1212	1195	17
233	1208	1206	2
234	1214	1216	-2
235	1210	1220	-10
236	1202	1197	5
237	1199	1200	-1
238	1208	1188	20
239	1217	1202	15
240	1224	1219	5
241	1240	1223	17
242	1222	1192	30
243	1218	1180	38
244	1226	1202	24
245	1217	1205	12
246	1205	1201	4
247	1212	1218	-6
248	1210	1200	10
249	1203	1178	25
250	1216	1189	27
251	1229	1201	28
252	1210	1219	-9
253	1222	1191	31
254	1231	1200	31
255	1237	1211	26
256	1226	1206	20
257	1220	1200	20
258	1226	1213	13
259	1230	1203	27
260	1222	1191	31
261	1225	1201	24
262	1201	1211	-10
263	1192	1220	-28
264	1203	1201	2
265	1229	1205	24
266	1225	1188	37
267	1215	1193	22
268	1212	1197	15
269	1235	1207	28
270	1237	1224	13
271	1245	1217	28
272	1224	1198	26
273	1208	1208	0
274	1214	1212	2
275	1204	1195	9
276	1200	1211	-11
277	1220	1201	19
278	1212	1194	18
279	1219	1206	13
280	1216	1206	10
281	1223	1202	21
282	1196	1190	6
283	1208	1191	17
284	1214	1225	-11
285	1240	1225	15
286	1230	1217	13
287	1228	1219	9
288	1225	1218	7
289	1237	1219	18
290	1222	1216	6
291	1186	1193	-7
292	1190	1191	-1
293	1209	1194	15
294	1200	1217	-17
295	1206	1198	8
296	1202	1184	18
297	1226	1192	34
298	1248	1208	40
299	1237	1215	22
300	1226	1212	14
301	1226	1211	15
302	1220	1193	27
303	1222	1195	27
304	1214	1213	1
305	1206	1221	-15
306	1181	1238	-57
307	1205	1223	-18
308	1218	1200	18
309	1215	1217	-2
310	1223	1214	9
311	1218	1219	-1
312	1218	1221	-3
313	1202	1218	-16
314	1222	1198	24
315	1215	1216	-1
316	1225	1204	21
317	1215	1196	19
318	1228	1217	11
319	1238	1210	28
320	1208	1217	-9
321	1190	1207	-17
322	1199	1204	-5
323	1222	1201	21
324	1226	1200	26
325	1234	1214	20
326	1230	1220	10
327	1237	1213	24
328	1233	1181	52
329	1239	1191	48
330	1214	1195	19
331	1216	1215	1
332	1219	1219	0
333	1224	1184	40
334	1227	1192	35
335	1239	1205	34
336	1254	1217	37
337	1254	1220	34
338	1213	1205	8
339	1215	1196	19
340	1235	1201	34
341	1226	1213	13
342	1223	1213	10
343	1216	1207	9
344	1210	1208	2
345	1220	1201	19
346	1210	1212	-2
347	1217	1212	5
348	1222	1192	30
349	1252	1173	79
350	1235	1206	29
351	1214	1220	-6
352	1232	1223	9
353	1242	1221	21
354	1222	1223	-1
355	1236	1219	17
356	1221	1218	3
357	1232	1200	32
358	1249	1197	52
359	1259	1195	64
360	1246	1194	52
361	1235	1195	40
362	1222	1210	12
363	1224	1204	20
364	1208	1200	8
365	1228	1191	37
366	1232	1202	30
367	1245	1201	44
368	1265	1217	48
369	1245	1206	39
370	1218	1182	36
371	1231	1162	69
372	1210	1186	24
373	1212	1194	18
374	1226	1201	25
375	1218	1227	-9
376	1227	1216	11
377	1228	1191	37
378	1204	1187	17
379	1200	1203	-3
380	1208	1177	31
381	1224	1172	52
382	1213	1183	30
383	1241	1210	31
384	1235	1218	17
385	1227	1209	18
386	1231	1203	28
387	1229	1208	21
388	1216	1236	-20
389	1204	1228	-24
390	1207	1208	-1
391	1214	1205	9
392	1229	1202	27
393	1238	1189	49
394	1223	1171	52
395	1216	1200	16
396	1227	1211	16
397	1245	1200	45
398	1242	1193	49
399	1233	1224	9
400	1239	1211	28
401	1218	1204	14
402	1221	1214	7
403	1241	1217	24
404	1223	1215	8
405	1214	1216	-2
406	1195	1212	-17
407	1234	1215	19
408	1222	1212	10
409	1226	1225	1
410	1240	1211	29
411	1221	1216	5
412	1194	1208	-14
413	1214	1203	11
414	1220	1212	8
415	1202	1212	-10
416	1204	1181	23
417	1218	1186	32
418	1244	1205	39
419	1248	1203	45
420	1225	1187	38
421	1206	1188	18
422	1237	1203	34
423	1246	1213	33
424	1228	1206	22
425	1224	1216	8
426	1219	1242	-23
427	1234	1223	11
428	1206	1195	11
429	1216	1192	24
430	1229	1207	22
431	1207	1219	-12
432	1197	1205	-8
433	1214	1191	23
434	1212	1190	22
435	1217	1207	10
436	1214	1194	20
437	1217	1195	22
438	1228	1215	13
439	1244	1205	39
440	1226	1209	17
441	1227	1183	44
442	1218	1187	31
443	1248	1232	16
444	1252	1237	15
445	1232	1213	19
446	1219	1208	11
447	1210	1205	5
448	1207	1220	-13
449	1232	1221	11
450	1246	1204	42
451	1213	1197	16
452	1215	1214	1
453	1233	1214	19
454	1219	1221	-2
455	1217	1218	-1
456	1210	1194	16
457	1208	1203	5
458	1230	1224	6
459	1226	1217	9
460	1230	1214	16
461	1220	1201	19
462	1237	1211	26
463	1233	1206	27
464	1208	1213	-5
465	1210	1208	2
466	1187	1218	-31
467	1195	1213	-18
468	1207	1217	-10
469	1222	1222	0
470	1210	1209	1
471	1210	1204	6
472	1216	1214	2
473	1228	1202	26
474	1233	1223	10
475	1230	1228	2
476	1210	1205	5
477	1205	1189	16
478	1205	1188	17
479	1217	1178	39
480	1236	1187	49
481	1214	1210	4
482	1198	1194	4
483	1235	1188	47
484	1241	1204	37
485	1231	1198	33
486	1200	1187	13
487	1210	1203	7
488	1234	1211	23
489	1227	1216	11
490	1199	1205	-6
491	1202	1197	5
492	1203	1218	-15
493	1232	1201	31
494	1211	1208	3
495	1223	1199	24
496	1225	1197	28
497	1221	1185	36
498	1232	1205	27
499	1225	1220	5
500	1209	1203	6
501	1218	1186	32
502	1208	1178	30
503	1225	1220	5
504	1242	1224	18
505	1257	1211	46
506	1251	1197	54
507	1232	1198	34
508	1218	1202	16
509	1251	1199	52
510	1267	1216	51
511	1250	1192	58
512	1231	1187	44
513	1217	1192	25
514	1225	1210	15
515	1238	1211	27
516	1248	1208	40
517	1229	1219	10
518	1231	1200	31
519	1237	1216	21
520	1236	1203	33
521	1232	1204	28
522	1214	1211	3
523	1240	1198	42
524	1237	1206	31
525	1243	1201	42
526	1237	1176	61
527	1241	1208	33
528	1238	1215	23
529	1235	1197	38
530	1224	1193	31
531	1228	1194	34
532	1238	1182	56
533	1233	1171	62
534	1231	1211	20
535	1253	1226	27
536	1240	1208	32
537	1236	1213	23
538	1227	1201	26
539	1232	1221	11
540	1228	1212	16
541	1228	1193	35
542	1207	1202	5
543	1225	1210	15
544	1242	1196	46
545	1223	1202	21
546	1214	1209	5
547	1244	1211	33
548	1234	1216	18
549	1234	1206	28
550	1235	1185	50
551	1239	1211	28
552	1231	1229	2
553	1234	1209	25
554	1215	1175	40
555	1212	1179	33
556	1227	1218	9
557	1216	1233	-17
558	1235	1217	18
559	1256	1211	45
560	1230	1212	18
561	1230	1203	27
562	1232	1214	18
563	1225	1205	20
564	1216	1218	-2
565	1234	1211	23
566	1253	1203	50
567	1242	1215	27
568	1221	1211	10
569	1212	1209	3
570	1219	1198	21
571	1256	1202	54
572	1247	1232	15
573	1232	1222	10
574	1226	1186	40
575	1238	1195	43
576	1228	1204	24
577	1215	1228	-13
578	1228	1221	7
579	1229	1204	25
580	1237	1207	30
581	1237	1219	18
582	1214	1222	-8
583	1215	1194	21
584	1248	1212	36
585	1258	1220	38
586	1238	1230	8
587	1236	1238	-2
588	1236	1208	28
589	1249	1197	52
590	1244	1193	51
591	1243	1208	35
592	1221	1213	8
593	1220	1214	6
594	1249	1214	35
595	1256	1212	44
596	1253	1210	43
597	1269	1216	53
598	1246	1213	33
599	1249	1211	38
600	1256	1212	44
601	1249	1208	41
602	1251	1211	40
603	1236	1204	32
604	1226	1188	38
605	1237	1201	36
606	1241	1226	15
607	1256	1214	42
608	1255	1208	47
609	1253	1190	63
610	1248	1212	36
611	1241	1222	19
612	1228	1213	15
613	1229	1204	25
614	1244	1202	42
615	1268	1199	69
616	1249	1202	47
617	1250	1223	27
618	1250	1213	37
619	1239	1215	24
620	1244	1211	33
621	1268	1207	61
622	1270	1218	52
623	1277	1188	89
624	1269	1201	68
625	1268	1228	40
626	1261	1212	49
627	1263	1214	49
628	1269	1216	53
629	1276	1194	82
630	1270	1193	77
631	1260	1209	51
632	1256	1217	39
633	1252	1208	44
634	1259	1195	64
635	1272	1186	86
636	1271	1191	80
637	1282	1191	91
638	1295	1195	100
639	1299	1197	102
640	1288	1205	83
641	1289	1219	70
642	1296	1221	75
643	1283	1222	61
644	1282	1200	82
645	1304	1204	100
646	1308	1207	101
647	1313	1219	94
648	1306	1219	87
649	1294	1228	66
650	1298	1225	73
651	1287	1196	91
652	1282	1182	100
653	1306	1181	125
654	1315	1204	111
655	1301	1202	99
656	1299	1188	111
657	1312	1173	139
658	1294	1174	120
659	1319	1182	137
660	1304	1191	113
661	1319	1205	114
662	1364	1203	161
663	1346	1192	154
664	1337	1198	139
665	1340	1218	122
666	1332	1190	142
667	1360	1181	179
668	1365	1214	151
669	1341	1215	126
670	1358	1206	152
671	1355	1230	125
672	1366	1222	144
673	1375	1205	170
674	1328	1188	140
675	1317	1199	118
676	1348	1212	136
677	1374	1215	159
678	1358	1221	137
679	1358	1221	137
680	1361	1201	160
681	1376	1181	195
682	1359	1192	167
683	1394	1216	178
684	1408	1189	219
685	1395	1180	215
686	1405	1196	209
687	1399	1188	211
688	1392	1189	203
689	1415	1202	213
690	1436	1175	261
691	1450	1181	269
692	1438	1199	239
693	1442	1205	237
694	1461	1199	262
695	1453	1202	251
696	1469	1213	256
697	1481	1211	270
698	1482	1193	289
699	1486	1194	292
700	1480	1193	287
701	1502	1194	308
702	1496	1185	311
703	1506	1197	309
704	1506	1196	310
705	1516	1198	318
706	1515	1195	320
707	1529	1177	352
708	1522	1203	319
709	1520	1211	309
710	1505	1201	304
711	1508	1195	313
712	1511	1200	311
713	1541	1170	371
714	1549	1196	353
715	1559	1232	327
716	1558	1217	341
717	1558	1211	347
718	1552	1216	336
719	1596	1194	402
720	1602	1218	384
721	1607	1212	395
722	1593	1207	386
723	1619	1230	389
724	1619	1207	412
725	1617	1193	424
726	1635	1209	426
727	1666	1216	450
728	1661	1213	448
729	1686	1207	479
730	1702	1221	481
731	1732	1210	522
732	1717	1225	492
733	1748	1228	520
734	1756	1207	549
735	1773	1204	569
736	1784	1202	582
737	1793	1195	598
738	1789	1189	600
739	1833	1193	640
740	1862	1197	665
741	1877	1202	675
742	1850	1208	642
743	1848	1223	625
744	1844	1223	621
745	1913	1215	698
746	1913	1203	710
747	1897	1197	700
748	1905	1195	710
749	1927	1203	724
750	1920	1211	709
751	1956	1201	755
752	1979	1195	784
753	1960	1212	748
754	1966	1204	762
755	2019	1194	825
756	2034	1201	833
757	1981	1208	773
758	1975	1207	768
759	1996	1209	787
760	2051	1217	834
761	2085	1217	868
762	2067	1208	859
763	2101	1219	882
764	2072	1197	875
765	2086	1204	882
766	2092	1205	887
767	2100	1239	861
768	2141	1235	906
769	2143	1215	928
770	2181	1215	966
771	2230	1200	1030
772	2235	1218	1017
773	2245	1210	1035
774	2275	1205	1070
775	2325	1205	1120
776	2349	1211	1138
777	2381	1206	1175
778	2385	1212	1173
779	2442	1206	1236
780	2525	1221	1304
781	2518	1232	1286
782	2522	1209	1313
783	2602	1180	1422
784	2565	1183	1382
785	2602	1191	1411
786	2656	1192	1464
787	2672	1185	1487
788	2742	1197	1545
789	2804	1204	1600
790	2796	1186	1610
791	2812	1185	1627
792	2831	1182	1649
793	2883	1194	1689
794	2878	1204	1674
795	2906	1211	1695
796	2996	1190	1806
797	2994	1186	1808
798	2943	1201	1742
799	2967	1181	1786
800	2975	1191	1784
801	2997	1186	1811
802	2992	1189	1803
803	2948	1188	1760
804	2998	1215	1783
805	3065	1216	1849
806	3073	1202	1871
807	3069	1188	1881
808	3085	1199	1886
809	3108	1195	1913
810	3114	1177	1937
811	3150	1194	1956
812	3178	1206	1972
813	3128	1187	1941
814	3159	1192	1967
815	3209	1208	2001
816	3217	1180	2037
817	3245	1169	2076
818	3264	1204	2060
819	3285	1202	2083
820	3240	1196	2044
821	3342	1230	2112
822	3483	1230	2253
823	3493	1220	2273
824	3458	1203	2255
825	3537	1206	2331
826	3603	1197	2406
827	3675	1206	2469
828	3739	1215	2524
829	3806	1215	2591
830	3813	1221	2592
831	3870	1201	2669
832	3960	1207	2753
833	3969	1223	2746
834	4065	1217	2848
835	4140	1213	2927
836	4177	1229	2948
837	4230	1191	3039
838	4246	1193	3053
839	4320	1200	3120
840	4327	1184	3143
841	4379	1195	3184
842	4428	1209	3219
843	4352	1183	3169
844	4336	1185	3151
845	4399	1191	3208
846	4446	1212	3234
847	4487	1218	3269
848	4505	1211	3294
849	4491	1201	3290
850	4421	1207	3214
851	4440	1208	3232
852	4498	1198	3300
853	4455	1203	3252
854	4342	1205	3137
855	4372	1205	3167
856	4333	1211	3122
857	4299	1205	3094
858	4251	1205	3046
859	4200	1199	3001
860	4195	1216	2979
861	4135	1212	2923
862	4114	1215	2899
863	4111	1194	2917
864	4058	1200	2858
865	4027	1210	2817
866	4022	1211	2811
867	4017	1205	2812
868	4057	1226	2831
869	4070	1233	2837
870	4060	1216	2844
871	4035	1207	2828
872	4070	1206	2864
873	4132	1181	2951
874	4119	1199	2920
875	4097	1211	2886
876	4080	1217	2863
877	4193	1202	2991
878	4287	1191	3096
879	4336	1202	3134
880	4362	1204	3158
881	4495	1209	3286
882	4605	1215	3390
883	4674	1207	3467
884	4714	1204	3510
885	4792	1193	3599
886	4877	1207	3670
887	5002	1199	3803
888	5083	1187	3896
889	5247	1197	4050
890	5291	1197	4094
891	5284	1183	4101
892	5327	1178	4149
893	5381	1195	4186
894	5431	1215	4216
895	5429	1208	4221
896	5461	1183	4278
897	5471	1175	4296
898	5554	1179	4375
899	5589	1193	4396
900	5608	1206	4402
901	5641	1222	4419
902	5567	1208	4359
903	5562	1197	4365
904	5592	1202	4390
905	5531	1205	4326
906	5517	1204	4313
907	5468	1208	4260
908	5457	1181	4276
909	5514	1187	4327
910	5405	1217	4188
911	5361	1214	4147
912	5378	1186	4192
913	5293	1199	4094
914	5292	1208	4084
915	5246	1204	4042
916	5180	1186	3994
917	5187	1187	4000
918	5153	1194	3959
919	5095	1170	3925
920	5132	1186	3946
921	5099	1192	3907
922	5042	1204	3838
923	5007	1208	3799
924	5031	1209	3822
925	5032	1214	3818
926	5027	1217	3810
927	4945	1191	3754
928	4864	1199	3665
929	4896	1202	3694
930	4971	1189	3782
931	4986	1166	3820
932	4925	1207	3718
933	4956	1211	3745
934	4933	1204	3729
935	4980	1207	3773
936	5004	1237	3767
937	5023	1234	3789
938	5046	1196	3850
939	5089	1186	3903
940	5245	1191	4054
941	5193	1206	3987
942	5175	1227	3948
943	5255	1229	4026
944	5279	1224	4055
945	5274	1205	4069
946	5361	1211	4150
947	5489	1228	4261
948	5521	1213	4308
949	5519	1213	4306
950	5607	1210	4397
951	5552	1209	4343
952	5583	1201	4382
953	5710	1196	4514
954	5652	1202	4450
955	5711	1197	4514
956	5821	1206	4615
957	5848	1195	4653
958	5871	1192	4679
959	5950	1202	4748
960	5947	1212	4735
961	5900	1225	4675
962	5900	1207	4693
963	5916	1210	4706
964	5915	1202	4713
965	5859	1183	4676
966	5906	1192	4714
967	5912	1198	4714
968	5910	1206	4704
969	5919	1212	4707
970	5912	1186	4726
971	5913	1177	4736
972	5813	1191	4622
973	5756	1196	4560
974	5805	1177	4628
975	5690	1207	4483
976	5710	1227	4483
977	5670	1196	4474
978	5560	1188	4372
979	5555	1191	4364
980	5574	1213	4361
981	5495	1213	4282
982	5419	1196	4223
983	5450	1213	4237
984	5448	1216	4232
985	5368	1202	4166
986	5306	1187	4119
987	5278	1206	4072
988	5292	1199	4093
989	5325	1192	4133
990	5312	1193	4119
991	5246	1208	4038
992	5168	1207	3961
993	5182	1218	3964
994	5226	1201	4025
995	5203	1206	3997
996	5136	1198	3938
997	5103	1213	3890
998	5113	1214	3899
999	5157	1193	3964
1000	5188	1166	4022
1001	5102	1195	3907
1002	5129	1206	3923
1003	5182	1209	3973
1004	5141	1213	3928
1005	5231	1198	4033
1006	5227	1186	4041
1007	5289	1185	4104
1008	5336	1197	4139
1009	5324	1186	4138
1010	5352	1180	4172
1011	5394	1216	4178
1012	5424	1227	4197
1013	5528	1205	4323
1014	5558	1209	4349
1015	5564	1197	4367
1016	5598	1189	4409
1017	5651	1191	4460
1018	5621	1195	4426
1019	5754	1192	4562
1020	5751	1204	4547
1021	5806	1220	4586
1022	5805	1207	4598
1023	5827	1193	4634
1024	5801	1211	4590
1025	5779	1213	4566
1026	5812	1185	4627
1027	5895	1196	4699
1028	5927	1210	4717
1029	5891	1187	4704
1030	5871	1210	4661
1031	5919	1232	4687
1032	5902	1210	4692
1033	6000	1211	4789
1034	5914	1235	4679
1035	5883	1236	4647
1036	5869	1218	4651
1037	5848	1202	4646
1038	5830	1212	4618
1039	5737	1208	4529
1040	5725	1214	4511
1041	5682	1212	4470
1042	5654	1212	4442
1043	5579	1220	4359
1044	5556	1199	4357
1045	5492	1202	4290
1046	5468	1225	4243
1047	5457	1209	4248
1048	5390	1208	4182
1049	5283	1197	4086
1050	5213	1164	4049
1051	5181	1170	4011
1052	5146	1206	3940
1053	5028	1199	3829
1054	5010	1198	3812
1055	5102	1209	3893
1056	5080	1212	3868
1057	4968	1197	3771
1058	4945	1192	3753
1059	4957	1202	3755
1060	4882	1193	3689
1061	4836	1195	3641
1062	4753	1195	3558
1063	4802	1182	3620
1064	4791	1189	3602
1065	4791	1179	3612
1066	4795	1183	3612
1067	4799	1202	3597
1068	4725	1202	3523
1069	4646	1197	3449
1070	4685	1187	3498
1071	4728	1194	3534
1072	4688	1202	3486
1073	4717	1197	3520
1074	4756	1191	3565
1075	4790	1203	3587
1076	4791	1218	3573
1077	4750	1213	3537
1078	4795	1207	3588
1079	4756	1214	3542
1080	4816	1196	3620
1081	4886	1212	3674
1082	4911	1228	3683
1083	4960	1207	3753
1084	4918	1219	3699
1085	4982	1210	3772
1086	4947	1213	3734
1087	4998	1208	3790
1088	5154	1216	3938
1089	5193	1205	3988
1090	5209	1181	4028
1091	5238	1196	4042
1092	5295	1215	4080
1093	5343	1209	4134
1094	5368	1211	4157
1095	5353	1190	4163
1096	5338	1193	4145
1097	5347	1205	4142
1098	5465	1201	4264
1099	5504	1198	4306
1100	5521	1193	4328
1101	5539	1186	4353
1102	5538	1177	4361
1103	5563	1185	4378
1104	5545	1188	4357
1105	5563	1197	4366
1106	5551	1204	4347
1107	5512	1192	4320
1108	5541	1183	4358
1109	5576	1184	4392
1110	5565	1207	4358
1111	5545	1221	4324
1112	5555	1217	4338
1113	5504	1203	4301
1114	5452	1192	4260
1115	5567	1214	4353
1116	5548	1209	4339
1117	5453	1203	4250
1118	5402	1228	4174
1119	5431	1184	4247
1120	5378	1182	4196
1121	5349	1220	4129
1122	5313	1215	4098
1123	5301	1193	4108
1124	5293	1186	4107
1125	5235	1198	4037
1126	5200	1200	4000
1127	5191	1214	3977
1128	5121	1223	3898
1129	5057	1212	3845
1130	5020	1208	3812
1131	4964	1193	3771
1132	4929	1185	3744
1133	4954	1201	3753
1134	4891	1202	3689
1135	4867	1204	3663
1136	4878	1208	3670
1137	4849	1206	3643
1138	4815	1205	3610
1139	4775	1185	3590
1140	4727	1180	3547
1141	4721	1183	3538
1142	4681	1174	3507
1143	4667	1187	3480
1144	4683	1186	3497
1145	4724	1194	3530
1146	4685	1208	3477
1147	4674	1216	3458
1148	4691	1225	3466
1149	4683	1222	3461
1150	4680	1220	3460
1151	4650	1212	3438
1152	4692	1213	3479
1153	4689	1218	3471
1154	4649	1216	3433
1155	4737	1217	3520
1156	4743	1219	3524
1157	4704	1205	3499
1158	4730	1189	3541
1159	4777	1210	3567
1160	4785	1204	3581
1161	4836	1201	3635
1162	4900	1224	3676
1163	4913	1216	3697
1164	4985	1214	3771
1165	5064	1197	3867
1166	5046	1187	3859
1167	5093	1199	3894
1168	5100	1196	3904
1169	5168	1212	3956
1170	5225	1233	3992
1171	5277	1225	4052
1172	5250	1252	3998
1173	5279	1237	4042
1174	5338	1207	4131
1175	5345	1206	4139
1176	5430	1207	4223
1177	5514	1208	4306
1178	5541	1212	4329
1179	5514	1221	4293
1180	5527	1209	4318
1181	5588	1179	4409
1182	5578	1179	4399
1183	5596	1188	4408
1184	5703	1192	4511
1185	5771	1206	4565
1186	5760	1204	4556
1187	5715	1186	4529
1188	5692	1189	4503
1189	5736	1207	4529
1190	5751	1221	4530
1191	5757	1212	4545
1192	5728	1196	4532
1193	5769	1211	4558
1194	5827	1217	4610
1195	5825	1220	4605
1196	5763	1205	4558
1197	5736	1203	4533
1198	5725	1199	4526
1199	5767	1196	4571
1200	5730	1182	4548
1201	5623	1209	4414
1202	5653	1215	4438
1203	5665	1218	4447
1204	5627	1214	4413
1205	5593	1196	4397
1206	5551	1194	4357
1207	5523	1201	4322
1208	5527	1238	4289
1209	5481	1225	4256
1210	5447	1203	4244
1211	5454	1203	4251
1212	5410	1187	4223
1213	5385	1177	4208
1214	5269	1169	4100
1215	5245	1178	4067
1216	5181	1195	3986
1217	5198	1205	3993
1218	5195	1206	3989
1219	5131	1196	3935
1220	5086	1178	3908
1221	5081	1187	3894
1222	4970	1212	3758
1223	4972	1205	3767
1224	5036	1201	3835
1225	4970	1201	3769
1226	4929	1209	3720
1227	4815	1205	3610
1228	4787	1215	3572
1229	4832	1200	3632
1230	4805	1174	3631
1231	4811	1193	3618
1232	4788	1200	3588
1233	4786	1216	3570
1234	4762	1205	3557
1235	4688	1197	3491
1236	4756	1219	3537
1237	4811	1232	3579
1238	4763	1216	3547
1239	4778	1206	3572
1240	4827	1212	3615
1241	4832	1209	3623
1242	4769	1190	3579
1243	4792	1200	3592
1244	4832	1192	3640
1245	4858	1199	3659
1246	4798	1215	3583
1247	4872	1211	3661
1248	4906	1216	3690
1249	4968	1217	3751
1250	5047	1200	3847
1251	5033	1195	3838
1252	5015	1186	3829
1253	5107	1193	3914
1254	5100	1211	3889
1255	5062	1214	3848
1256	5146	1209	3937
1257	5117	1217	3900
1258	5104	1218	3886
1259	5212	1206	4006
1260	5309	1214	4095
1261	5338	1228	4110
1262	5319	1212	4107
1263	5308	1202	4106
1264	5362	1187	4175
1265	5405	1199	4206
1266	5369	1215	4154
1267	5432	1215	4217
1268	5495	1223	4272
1269	5510	1210	4300
1270	5534	1202	4332
1271	5619	1207	4412
1272	5621	1208	4413
1273	5642	1223	4419
1274	5728	1198	4530
1275	5752	1215	4537
1276	5759	1219	4540
1277	5750	1222	4528
1278	5730	1208	4522
1279	5776	1202	4574
1280	5752	1193	4559
1281	5732	1190	4542
1282	5754	1217	4537
1283	5807	1218	4589
1284	5739	1200	4539
1285	5682	1178	4504
1286	5726	1179	4547
1287	5763	1205	4558
1288	5753	1211	4542
1289	5774	1197	4577
1290	5749	1217	4532
1291	5658	1219	4439
1292	5681	1196	4485
1293	5687	1217	4470
1294	5739	1213	4526
1295	5706	1196	4510
1296	5643	1208	4435
1297	5623	1172	4451
1298	5579	1189	4390
1299	5598	1187	4411
1300	5521	1192	4329
1301	5383	1200	4183
1302	5393	1203	4190
1303	5409	1199	4210
1304	5335	1209	4126
1305	5328	1207	4121
1306	5351	1199	4152
1307	5315	1222	4093
1308	5281	1217	4064
1309	5209	1198	4011
1310	5236	1205	4031
1311	5114	1220	3894
1312	5031	1192	3839
1313	5109	1168	3941
1314	5098	1182	3916
1315	5026	1213	3813
1316	4975	1199	3776
1317	4949	1185	3764
1318	4917	1186	3731
1319	4902	1194	3708
1320	4795	1207	3588
1321	4777	1195	3582
1322	4826	1190	3636
1323	4807	1186	3621
1324	4723	1200	3523
1325	4718	1205	3513
1326	4696	1190	3506
1327	4665	1196	3469
1328	4676	1189	3487
1329	4606	1178	3428
1330	4572	1174	3398
1331	4671	1198	3473
1332	4621	1218	3403
1333	4565	1203	3362
1334	4528	1224	3304
1335	4513	1192	3321
1336	4481	1217	3264
1337	4537	1245	3292
1338	4580	1220	3360
1339	4603	1217	3386
1340	4535	1202	3333
1341	4478	1197	3281
1342	4458	1194	3264
1343	4489	1196	3293
1344	4493	1224	3269
1345	4482	1223	3259
1346	4497	1215	3282
1347	4523	1215	3308
1348	4491	1210	3281
1349	4515	1189	3326
1350	4477	1189	3288
1351	4515	1194	3321
1352	4571	1191	3380
1353	4512	1188	3324
1354	4582	1184	3398
1355	4610	1189	3421
1356	4533	1193	3340
1357	4579	1186	3393
1358	4629	1201	3428
1359	4631	1205	3426
1360	4645	1209	3436
1361	4730	1213	3517
1362	4730	1214	3516
1363	4732	1211	3521
1364	4749	1202	3547
1365	4765	1191	3574
1366	4786	1185	3601
1367	4887	1212	3675
1368	4915	1197	3718
1369	4881	1182	3699
1370	4863	1188	3675
1371	4938	1177	3761
1372	4921	1173	3748
1373	4975	1187	3788
1374	5018	1188	3830
1375	4991	1191	3800
1376	5021	1196	3825
1377	5048	1201	3847
1378	5054	1198	3856
1379	5066	1190	3876
1380	5096	1210	3886
1381	5142	1200	3942
1382	5215	1205	4010
1383	5235	1209	4026
1384	5230	1196	4034
1385	5283	1190	4093
1386	5255	1200	4055
1387	5290	1215	4075
1388	5327	1203	4124
1389	5261	1198	4063
1390	5246	1207	4039
1391	5258	1220	4038
1392	5301	1209	4092
1393	5338	1186	4152
1394	5271	1196	4075
1395	5263	1187	4076
1396	5278	1218	4060
1397	5368	1228	4140
1398	5316	1206	4110
1399	5225	1173	4052
1400	5240	1201	4039
1401	5235	1213	4022
1402	5158	1220	3938
1403	5130	1221	3909
1404	5177	1204	3973
1405	5168	1184	3984
1406	5121	1190	3931
1407	5106	1223	3883
1408	5094	1220	3874
1409	5124	1205	3919
1410	5109	1206	3903
1411	5061	1205	3856
1412	4974	1204	3770
1413	4980	1192	3788
1414	4981	1202	3779
1415	4989	1223	3766
1416	4917	1228	3689
1417	4860	1190	3670
1418	4865	1192	3673
1419	4811	1202	3609
1420	4744	1198	3546
1421	4763	1198	3565
1422	4725	1194	3531
1423	4661	1231	3430
1424	4644	1223	3421
1425	4696	1180	3516
1426	4640	1204	3436
1427	4557	1224	3333
1428	4558	1211	3347
1429	4529	1175	3354
1430	4477	1159	3318
1431	4449	1161	3288
1432	4428	1161	3267
1433	4385	1178	3207
1434	4397	1198	3199
1435	4424	1204	3220
1436	4323	1200	3123
1437	4242	1220	3022
1438	4231	1205	3026
1439	4306	1208	3098
1440	4238	1192	3046
1441	4257	1200	3057
1442	4242	1200	3042
1443	4188	1177	3011
1444	4207	1190	3017
1445	4193	1205	2988
1446	4156	1204	2952
1447	4168	1204	2964
1448	4122	1192	2930
1449	4142	1194	2948
1450	4184	1174	3010
1451	4204	1176	3028
1452	4147	1205	2942
1453	4141	1222	2919
1454	4146	1210	2936
1455	4170	1215	2955
1456	4125	1196	2929
1457	4113	1197	2916
1458	4182	1202	2980
1459	4184	1202	2982
1460	4167	1201	2966
1461	4202	1210	2992
1462	4133	1201	2932
1463	4148	1178	2970
1464	4165	1209	2956
1465	4226	1192	3034
1466	4210	1192	3018
1467	4191	1177	3014
1468	4250	1162	3088
1469	4294	1195	3099
1470	4270	1218	3052
1471	4290	1229	3061
1472	4337	1194	3143
1473	4322	1210	3112
1474	4323	1233	3090
1475	4350	1198	3152
1476	4333	1199	3134
1477	4336	1205	3131
1478	4379	1207	3172
1479	4459	1195	3264
1480	4512	1190	3322
1481	4560	1192	3368
1482	4556	1201	3355
1483	4528	1207	3321
1484	4612	1198	3414
1485	4668	1185	3483
1486	4642	1198	3444
1487	4659	1191	3468
1488	4674	1201	3473
1489	4665	1191	3474
1490	4739	1187	3552
1491	4836	1190	3646
1492	4823	1181	3642
1493	4800	1183	3617
1494	4878	1189	3689
1495	4887	1178	3709
1496	4917	1183	3734
1497	4938	1204	3734
1498	4924	1208	3716
1499	4964	1199	3765
1500	4973	1201	3772
1501	5019	1208	3811
1502	5046	1195	3851
1503	5049	1201	3848
1504	5007	1225	3782
1505	5019	1221	3798
1506	5022	1203	3819
1507	5063	1198	3865
1508	5079	1212	3867
1509	5145	1189	3956
1510	5205	1170	4035
1511	5227	1194	4033
1512	5178	1213	3965
1513	5161	1223	3938
1514	5204	1232	3972
1515	5221	1217	4004
1516	5254	1213	4041
1517	5256	1193	4063
1518	5234	1201	4033
1519	5229	1194	4035
1520	5216	1191	4025
1521	5227	1209	4018
1522	5245	1201	4044
1523	5232	1201	4031
1524	5259	1201	4058
1525	5260	1192	4068
1526	5170	1198	3972
1527	5196	1198	3998
1528	5149	1202	3947
1529	5137	1195	3942
1530	5159	1201	3958
1531	5180	1211	3969
1532	5082	1221	3861
1533	5025	1194	3831
1534	5048	1203	3845
1535	5025	1220	3805
1536	5035	1203	3832
1537	5039	1202	3837
1538	5024	1197	3827
1539	4971	1199	3772
1540	4896	1217	3679
1541	4885	1223	3662
1542	4887	1227	3660
1543	4790	1233	3557
1544	4776	1209	3567
1545	4748	1185	3563
1546	4767	1183	3584
1547	4767	1214	3553
1548	4706	1213	3493
1549	4712	1193	3519
1550	4728	1197	3531
1551	4647	1187	3460
1552	4623	1186	3437
1553	4609	1183	3426
1554	4543	1189	3354
1555	4544	1207	3337
1556	4513	1198	3315
1557	4548	1177	3371
1558	4568	1183	3385
1559	4468	1176	3292
1560	4409	1188	3221
1561	4414	1186	3228
1562	4328	1174	3154
1563	4362	1179	3183
1564	4351	1193	3158
1565	4316	1202	3114
1566	4256	1205	3051
1567	4297	1201	3096
1568	4301	1206	3095
1569	4278	1210	3068
1570	4243	1199	3044
1571	4236	1191	3045
1572	4234	1171	3063
1573	4257	1174	3083
1574	4214	1187	3027
1575	4234	1195	3039
1576	4291	1187	3104
1577	4251	1184	3067
1578	4182	1187	2995
1579	4154	1189	2965
1580	4167	1179	2988
1581	4157	1185	2972
1582	4142	1204	2938
1583	4219	1216	3003
1584	4171	1196	2975
1585	4194	1198	2996
1586	4276	1211	3065
1587	4190	1204	2986
1588	4178	1200	2978
1589	4230	1190	3040
1590	4209	1188	3021
1591	4169	1173	2996
1592	4175	1188	2987
1593	4228	1199	3029
1594	4252	1183	3069
1595	4265	1197	3068
1596	4270	1192	3078
1597	4230	1181	3049
1598	4248	1209	3039
1599	4296	1210	3086
1600	4298	1183	3115
1601	4362	1182	3180
1602	4421	1195	3226
1603	4394	1198	3196
1604	4393	1191	3202
1605	4377	1188	3189
1606	4383	1179	3204
1607	4489	1198	3291
1608	4541	1226	3315
1609	4570	1201	3369
1610	4594	1175	3419
1611	4570	1175	3395
1612	4611	1175	3436
1613	4668	1195	3473
1614	4654	1214	3440
1615	4659	1215	3444
1616	4706	1187	3519
1617	4729	1185	3544
1618	4785	1232	3553
1619	4822	1216	3606
1620	4832	1185	3647
1621	4874	1193	3681
1622	4851	1174	3677
1623	4908	1199	3709
1624	5000	1200	3800
1625	5007	1195	3812
1626	4983	1219	3764
1627	5043	1227	3816
1628	5116	1185	3931
1629	5141	1157	3984
1630	5103	1175	3928
1631	5111	1185	3926
1632	5190	1202	3988
1633	5215	1207	4008
1634	5191	1234	3957
1635	5205	1219	3986
1636	5259	1203	4056
1637	5269	1216	4053
1638	5287	1201	4086
1639	5353	1201	4152
1640	5418	1214	4204
1641	5434	1211	4223
1642	5388	1212	4176
1643	5354	1193	4161
1644	5325	1195	4130
1645	5381	1190	4191
1646	5474	1192	4282
1647	5474	1195	4279
1648	5447	1169	4278
1649	5479	1197	4282
1650	5494	1202	4292
1651	5552	1189	4363
1652	5588	1202	4386
1653	5519	1200	4319
1654	5531	1199	4332
1655	5582	1215	4367
1656	5622	1217	4405
1657	5623	1219	4404
1658	5573	1202	4371
1659	5562	1194	4368
1660	5564	1180	4384
1661	5557	1190	4367
1662	5557	1185	4372
1663	5494	1175	4319
1664	5547	1184	4363
1665	5597	1209	4388
1666	5495	1209	4286
1667	5429	1193	4236
1668	5434	1202	4232
1669	5481	1211	4270
1670	5535	1214	4321
1671	5527	1177	4350
1672	5412	1184	4228
1673	5422	1202	4220
1674	5361	1214	4147
1675	5329	1217	4112
1676	5388	1198	4190
1677	5335	1211	4124
1678	5266	1207	4059
1679	5259	1181	4078
1680	5238	1201	4037
1681	5214	1208	4006
1682	5171	1199	3972
1683	5146	1194	3952
1684	5140	1203	3937
1685	5145	1220	3925
1686	5093	1221	3872
1687	5010	1221	3789
1688	5009	1216	3793
1689	5042	1194	3848
1690	5017	1171	3846
1691	5015	1188	3827
1692	4991	1213	3778
1693	4954	1196	3758
1694	4895	1199	3696
1695	4870	1205	3665
1696	4879	1201	3678
1697	4877	1205	3672
1698	4862	1180	3682
1699	4851	1184	3667
1700	4796	1218	3578
1701	4769	1206	3563
1702	4759	1171	3588
1703	4744	1176	3568
1704	4739	1197	3542
1705	4656	1191	3465
1706	4586	1212	3374
1707	4608	1205	3403
1708	4564	1197	3367
1709	4621	1177	3444
1710	4582	1179	3403
1711	4525	1195	3330
1712	4550	1210	3340
1713	4516	1207	3309
1714	4510	1188	3322
1715	4540	1203	3337
1716	4522	1204	3318
1717	4534	1194	3340
1718	4489	1186	3303
1719	4441	1208	3233
1720	4419	1207	3212
1721	4458	1224	3234
1722	4470	1217	3253
1723	4445	1185	3260
1724	4441	1171	3270
1725	4478	1189	3289
1726	4480	1198	3282
1727	4468	1199	3269
1728	4435	1206	3229
1729	4434	1197	3237
1730	4398	1191	3207
1731	4491	1194	3297
1732	4528	1207	3321
1733	4452	1198	3254
1734	4431	1199	3232
1735	4505	1201	3304
1736	4497	1199	3298
1737	4457	1199	3258
1738	4531	1203	3328
1739	4575	1176	3399
1740	4603	1183	3420
1741	4640	1212	3428
1742	4657	1203	3454
1743	4687	1195	3492
1744	4700	1204	3496
1745	4719	1216	3503
1746	4722	1214	3508
1747	4723	1203	3520
1748	4723	1193	3530
1749	4731	1210	3521
1750	4760	1226	3534
1751	4790	1203	3587
1752	4749	1213	3536
1753	4866	1214	3652
1754	4896	1196	3700
1755	4901	1204	3697
1756	4978	1229	3749
1757	5026	1229	3797
1758	5030	1201	3829
1759	5040	1185	3855
1760	5075	1198	3877
1761	5223	1215	4008
1762	5227	1201	4026
1763	5252	1206	4046
1764	5271	1203	4068
1765	5304	1217	4087
1766	5367	1209	4158
1767	5430	1209	4221
1768	5486	1230	4256
1769	5481	1214	4267
1770	5559	1200	4359
1771	5594	1188	4406
1772	5665	1194	4471
1773	5712	1196	4516
1774	5743	1175	4568
1775	5810	1179	4631
1776	5812	1214	4598
1777	5774	1219	4555
1778	5807	1196	4611
1779	5844	1174	4670
1780	5857	1172	4685
1781	5988	1185	4803
1782	6036	1203	4833
1783	6026	1202	4824
1784	6050	1201	4849
1785	6059	1190	4869
1786	6010	1194	4816
1787	6000	1193	4807
1788	6043	1208	4835
1789	6089	1202	4887
1790	6178	1195	4983
1791	6202	1185	5017
1792	6230	1187	5043
1793	6263	1216	5047
1794	6287	1204	5083
1795	6356	1191	5165
1796	6364	1182	5182
1797	6359	1205	5154
1798	6380	1193	5187
1799	6357	1185	5172
1800	6421	1207	5214
1801	6464	1223	5241
1802	6421	1226	5195
1803	6417	1227	5190
1804	6473	1223	5250
1805	6547	1216	5331
1806	6549	1226	5323
1807	6524	1220	5304
1808	6532	1205	5327
1809	6497	1211	5286
1810	6474	1194	5280
1811	6568	1190	5378
1812	6543	1203	5340
1813	6519	1196	5323
1814	6508	1202	5306
1815	6581	1205	5376
1816	6553	1200	5353
1817	6512	1191	5321
1818	6483	1208	5275
1819	6524	1187	5337
1820	6593	1192	5401
1821	6626	1195	5431
1822	6568	1184	5384
1823	6665	1186	5479
1824	6649	1214	5435
1825	6608	1210	5398
1826	6623	1186	5437
1827	6669	1196	5473
1828	6736	1184	5552
1829	6706	1212	5494
1830	6638	1213	5425
1831	6658	1194	5464
1832	6583	1198	5385
1833	6605	1218	5387
1834	6519	1214	5305
1835	6515	1203	5312
1836	6581	1205	5376
1837	6541	1209	5332
1838	6506	1199	5307
1839	6392	1194	5198
1840	6323	1186	5137
1841	6404	1207	5197
1842	6316	1200	5116
1843	6246	1208	5038
1844	6193	1203	4990
1845	6113	1206	4907
1846	6127	1202	4925
1847	6121	1203	4918
1848	6137	1208	4929
1849	6107	1201	4906
1850	6056	1205	4851
1851	6026	1203	4823
1852	6035	1197	4838
1853	5974	1199	4775
1854	6008	1217	4791
1855	6020	1219	4801
1856	5971	1216	4755
1857	5979	1241	4738
1858	6022	1227	4795
1859	6001	1188	4813
1860	6052	1202	4850
1861	6073	1207	4866
1862	6091	1181	4910
1863	6116	1196	4920
1864	5975	1209	4766
1865	5957	1195	4762
1866	5933	1191	4742
1867	5849	1194	4655
1868	5873	1193	4680
1869	5870	1200	4670
1870	5840	1201	4639
1871	5783	1200	4583
1872	5655	1201	4454
1873	5698	1201	4497
1874	5683	1193	4490
1875	5677	1189	4488
1876	5641	1200	4441
1877	5616	1199	4417
1878	5581	1192	4389
1879	5473	1180	4293
1880	5440	1177	4263
1881	5471	1187	4284
1882	5441	1201	4240
1883	5412	1228	4184
1884	5441	1233	4208
1885	5402	1204	4198
1886	5396	1209	4187
1887	5376	1194	4182
1888	5344	1194	4150
1889	5343	1214	4129
1890	5349	1220	4129
1891	5406	1193	4213
1892	5381	1185	4196
1893	5415	1227	4188
1894	5468	1225	4243
1895	5496	1206	4290
1896	5491	1227	4264
1897	5479	1224	4255
1898	5557	1208	4349
1899	5561	1221	4340
1900	5601	1214	4387
1901	5605	1212	4393
1902	5602	1209	4393
1903	5660	1202	4458
1904	5585	1199	4386
1905	5597	1200	4397
1906	5613	1171	4442
1907	5575	1188	4387
1908	5530	1197	4333
1909	5593	1201	4392
1910	5586	1199	4387
1911	5561	1204	4357
1912	5595	1203	4392
1913	5567	1209	4358
1914	5557	1189	4368
1915	5569	1195	4374
1916	5561	1207	4354
1917	5591	1193	4398
1918	5539	1204	4335
1919	5581	1209	4372
1920	5611	1191	4420
1921	5609	1174	4435
1922	5553	1195	4358
1923	5602	1201	4401
1924	5619	1193	4426
1925	5612	1195	4417
1926	5622	1201	4421
1927	5612	1203	4409
1928	5636	1206	4430
1929	5653	1203	4450
1930	5693	1201	4492
1931	5727	1195	4532
1932	5673	1190	4483
1933	5705	1209	4496
1934	5729	1217	4512
1935	5778	1223	4555
1936	5768	1199	4569
1937	5812	1180	4632
1938	5867	1189	4678
1939	5879	1195	4684
1940	5837	1204	4633
1941	5959	1204	4755
1942	5981	1201	4780
1943	5983	1193	4790
1944	6018	1205	4813
1945	6058	1220	4838
1946	6125	1216	4909
1947	6187	1230	4957
1948	6243	1221	5022
1949	6162	1201	4961
1950	6141	1204	4937
1951	6264	1217	5047
1952	6203	1219	4984
1953	6210	1191	5019
1954	6234	1216	5018
1955	6223	1208	5015
1956	6155	1204	4951
1957	6110	1213	4897
1958	6087	1233	4854
1959	6121	1209	4912
1960	6140	1204	4936
1961	6172	1206	4966
1962	6151	1213	4938
1963	6182	1212	4970
1964	6202	1208	4994
1965	6220	1195	5025
1966	6245	1203	5042
1967	6286	1205	5081
1968	6346	1190	5156
1969	6383	1220	5163
1970	6485	1213	5272
1971	6535	1217	5318
1972	6518	1232	5286
1973	6566	1229	5337
1974	6615	1217	5398
1975	6621	1208	5413
1976	6568	1220	5348
1977	6618	1216	5402
1978	6677	1206	5471
1979	6804	1199	5605
1980	6754	1205	5549
1981	6785	1225	5560
1982	6792	1216	5576
1983	6761	1208	5553
1984	6759	1216	5543
1985	6932	1208	5724
1986	6906	1212	5694
1987	6823	1194	5629
1988	6831	1187	5644
1989	6865	1211	5654
1990	6927	1235	5692
1991	7010	1226	5784
1992	7068	1209	5859
1993	7075	1190	5885
1994	7110	1209	5901
1995	7100	1188	5912
1996	7087	1199	5888
1997	7146	1195	5951
1998	7247	1192	6055
1999	7293	1205	6088
2000	7290	1211	6079
2001	7306	1195	6111
2002	7336	1199	6137
2003	7310	1196	6114
2004	7254	1176	6078
2005	7259	1205	6054
2006	7262	1218	6044
2007	7262	1217	6045
2008	7297	1233	6064
2009	7255	1218	6037
2010	7169	1228	5941
2011	7056	1230	5826
2012	7068	1202	5866
2013	7046	1194	5852
2014	7076	1195	5881
2015	7048	1199	5849
2016	6945	1215	5730
2017	6967	1236	5731
2018	6983	1215	5768
2019	6990	1201	5789
2020	6958	1209	5749
2021	6961	1218	5743
2022	6863	1214	5649
2023	6798	1219	5579
2024	6786	1222	5564
2025	6754	1199	5555
2026	6730	1195	5535
2027	6706	1202	5504
2028	6667	1222	5445
2029	6724	1210	5514
2030	6698	1217	5481
2031	6589	1222	5367
2032	6556	1209	5347
2033	6538	1208	5330
2034	6445	1217	5228
2035	6416	1240	5176
2036	6410	1222	5188
2037	6359	1218	5141
2038	6471	1203	5268
2039	6441	1216	5225
2040	6301	1206	5095
2041	6349	1203	5146
2042	6351	1192	5159
2043	6308	1194	5114
2044	6378	1202	5176
2045	6433	1221	5212
2046	6421	1222	5199
2047	6328	1225	5103
2048	6272	1216	5056
2049	6328	1205	5123
2050	6358	1212	5146
2051	6355	1219	5136
2052	6458	1224	5234
2053	6491	1223	5268
2054	6489	1230	5259
2055	6593	1210	5383
2056	6579	1218	5361
2057	6599	1203	5396
2058	6622	1192	5430
2059	6709	1180	5529
2060	6732	1189	5543
2061	6733	1212	5521
2062	6707	1216	5491
2063	6677	1201	5476
2064	6676	1208	5468
2065	6640	1215	5425
2066	6605	1216	5389
2067	6582	1207	5375
2068	6616	1193	5423
2069	6676	1202	5474
2070	6567	1201	5366
2071	6462	1207	5255
2072	6416	1216	5200
2073	6450	1200	5250
2074	6425	1213	5212
2075	6388	1211	5177
2076	6378	1227	5151
2077	6362	1241	5121
2078	6321	1232	5089
2079	6300	1201	5099
2080	6267	1179	5088
2081	6268	1213	5055
2082	6256	1214	5042
2083	6255	1201	5054
2084	6199	1188	5011
2085	6181	1193	4988
2086	6150	1217	4933
2087	6130	1190	4940
2088	6026	1192	4834
2089	5998	1212	4786
2090	6016	1213	4803
2091	5958	1200	4758
2092	5930	1191	4739
2093	6036	1201	4835
2094	6082	1197	4885
2095	6156	1186	4970
2096	6111	1202	4909
2097	6166	1206	4960
2098	6177	1210	4967
2099	6172	1217	4955
2100	6197	1197	5000
2101	6240	1211	5029
2102	6278	1179	5099
2103	6233	1168	5065
2104	6196	1219	4977
2105	6161	1239	4922
2106	6184	1209	4975
2107	6160	1168	4992
2108	6126	1178	4948
2109	6189	1204	4985
2110	6277	1187	5090
2111	6287	1195	5092
2112	6355	1200	5155
2113	6435	1206	5229
2114	6507	1218	5289
2115	6462	1207	5255
2116	6492	1189	5303
2117	6598	1187	5411
2118	6565	1181	5384
2119	6602	1157	5445
2120	6582	1188	5394
2121	6518	1207	5311
2122	6511	1186	5325
2123	6502	1217	5285
2124	6391	1221	5170
2125	6322	1214	5108
2126	6301	1227	5074
2127	6292	1215	5077
2128	6262	1224	5038
2129	6179	1227	4952
2130	6151	1221	4930
2131	6106	1196	4910
2132	6105	1176	4929
2133	6171	1183	4988
2134	6107	1206	4901
2135	6083	1228	4855
2136	6215	1215	5000
2137	6273	1195	5078
2138	6290	1189	5101
2139	6408	1209	5199
2140	6497	1214	5283
2141	6487	1191	5296
2142	6515	1199	5316
2143	6598	1187	5411
2144	6608	1174	5434
2145	6660	1184	5476
2146	6687	1189	5498
2147	6620	1204	5416
2148	6589	1215	5374
2149	6564	1211	5353
2150	6606	1216	5390
2151	6659	1233	5426
2152	6607	1205	5402
2153	6617	1181	5436
2154	6689	1205	5484
2155	6725	1218	5507
2156	6753	1209	5544
2157	6751	1211	5540
2158	6745	1198	5547
2159	6792	1207	5585
2160	6882	1214	5668
2161	6980	1223	5757
2162	6907	1214	5693
2163	6961	1189	5772
2164	6988	1190	5798
2165	7021	1173	5848
2166	7077	1186	5891
2167	7136	1200	5936
2168	7267	1221	6046
2169	7226	1214	6012
2170	7205	1193	6012
2171	7277	1212	6065
2172	7178	1203	5975
2173	7269	1188	6081
2174	7315	1218	6097
2175	7410	1218	6192
2176	7461	1206	6255
2177	7509	1204	6305
2178	7611	1187	6424
2179	7638	1195	6443
2180	7596	1191	6405
2181	7569	1219	6350
2182	7587	1193	6394
2183	7593	1177	6416
2184	7615	1189	6426
2185	7698	1223	6475
2186	7806	1213	6593
2187	7891	1192	6699
2188	7974	1195	6779
2189	8105	1185	6920
2190	8178	1201	6977
2191	8277	1224	7053
2192	8446	1230	7216
2193	8521	1212	7309
2194	8575	1203	7372
2195	8639	1197	7442
2196	8692	1214	7478
2197	8711	1199	7512
2198	8697	1199	7498
2199	8645	1207	7438
2200	8493	1214	7279
2201	8526	1201	7325
2202	8468	1216	7252
2203	8461	1220	7241
2204	8316	1221	7095
2205	8358	1214	7144
2206	8370	1210	7160
2207	8347	1200	7147
2208	8365	1192	7173
2209	8368	1203	7165
2210	8364	1207	7157
2211	8356	1209	7147
2212	8110	1210	6900
2213	8069	1215	6854
2214	8073	1210	6863
2215	7963	1210	6753
2216	7893	1216	6677
2217	7876	1196	6680
2218	7890	1187	6703
2219	7791	1226	6565
2220	7658	1222	6436
2221	7594	1208	6386
2222	7600	1204	6396
2223	7569	1202	6367
2224	7510	1212	6298
2225	7457	1220	6237
2226	7447	1196	6251
2227	7405	1196	6209
2228	7355	1195	6160
2229	7315	1196	6119
2230	7329	1195	6134
2231	7313	1194	6119
2232	7206	1201	6005
2233	7247	1223	6024
2234	7289	1222	6067
2235	7222	1208	6014
2236	7211	1203	6008
2237	7121	1213	5908
2238	7105	1218	5887
2239	7207	1209	5998
2240	7146	1195	5951
2241	7171	1192	5979
2242	7222	1204	6018
2243	7170	1202	5968
2244	7197	1201	5996
2245	7347	1230	6117
2246	7361	1227	6134
2247	7373	1205	6168
2248	7421	1219	6202
2249	7474	1227	6247
2250	7421	1210	6211
2251	7387	1217	6170
2252	7489	1228	6261
2253	7573	1208	6365
2254	7493	1198	6295
2255	7536	1208	6328
2256	7583	1221	6362
2257	7473	1219	6254
2258	7464	1209	6255
2259	7510	1193	6317
2260	7435	1191	6244
2261	7484	1190	6294
2262	7429	1207	6222
2263	7386	1214	6172
2264	7412	1197	6215
2265	7437	1208	6229
2266	7514	1193	6321
2267	7480	1214	6266
2268	7509	1219	6290
2269	7445	1206	6239
2270	7483	1193	6290
2271	7545	1186	6359
2272	7477	1199	6278
2273	7472	1208	6264
2274	7428	1211	6217
2275	7408	1206	6202
2276	7567	1219	6348
2277	7498	1219	6279
2278	7355	1213	6142
2279	7365	1197	6168
2280	7361	1214	6147
2281	7351	1198	6153
2282	7364	1172	6192
2283	7364	1206	6158
2284	7360	1224	6136
2285	7500	1216	6284
2286	7531	1208	6323
2287	7488	1207	6281
2288	7456	1210	6246
2289	7392	1204	6188
2290	7350	1204	6146
2291	7417	1220	6197
2292	7389	1229	6160
2293	7366	1202	6164
2294	7360	1195	6165
2295	7283	1190	6093
2296	7263	1177	6086
2297	7268	1206	6062
2298	7278	1198	6080
2299	7284	1215	6069
2300	7247	1209	6038
2301	7280	1194	6086
2302	7251	1212	6039
2303	7305	1202	6103
2304	7344	1197	6147
2305	7264	1214	6050
2306	7324	1213	6111
2307	7332	1184	6148
2308	7266	1180	6086
2309	7302	1206	6096
2310	7371	1238	6133
2311	7394	1213	6181
2312	7365	1217	6148
2313	7384	1218	6166
2314	7403	1210	6193
2315	7371	1196	6175
2316	7348	1211	6137
2317	7294	1205	6089
2318	7247	1199	6048
2319	7193	1205	5988
2320	7109	1205	5904
2321	7073	1182	5891
2322	7056	1202	5854
2323	6969	1213	5756
2324	6918	1199	5719
2325	6929	1228	5701
2326	6961	1213	5748
2327	6980	1188	5792
2328	6966	1205	5761
2329	6945	1219	5726
2330	6810	1207	5603
2331	6738	1187	5551
2332	6702	1209	5493
2333	6719	1204	5515
2334	6708	1189	5519
2335	6610	1199	5411
2336	6585	1194	5391
2337	6548	1198	5350
2338	6589	1189	5400
2339	6632	1185	5447
2340	6672	1198	5474
2341	6687	1211	5476
2342	6687	1212	5475
2343	6775	1203	5572
2344	6899	1212	5687
2345	6912	1213	5699
2346	6886	1216	5670
2347	6920	1197	5723
2348	7038	1198	5840
2349	7099	1197	5902
2350	7138	1200	5938
2351	7215	1201	6014
2352	7242	1172	6070
2353	7281	1189	6092
2354	7300	1201	6099
2355	7338	1207	6131
2356	7424	1200	6224
2357	7459	1198	6261
2358	7496	1214	6282
2359	7497	1218	6279
2360	7540	1210	6330
2361	7505	1219	6286
2362	7420	1233	6187
2363	7433	1229	6204
2364	7446	1202	6244
2365	7376	1188	6188
2366	7311	1179	6132
2367	7277	1198	6079
2368	7246	1213	6033
2369	7176	1201	5975
2370	7152	1184	5968
2371	7189	1200	5989
2372	7242	1194	6048
2373	7323	1185	6138
2374	7330	1205	6125
2375	7348	1210	6138
2376	7399	1199	6200
2377	7358	1209	6149
2378	7301	1197	6104
2379	7329	1186	6143
2380	7375	1197	6178
2381	7386	1209	6177
2382	7345	1212	6133
2383	7271	1205	6066
2384	7322	1201	6121
2385	7304	1214	6090
2386	7273	1210	6063
2387	7214	1200	6014
2388	7171	1194	5977
2389	7220	1201	6019
2390	7193	1201	5992
2391	7180	1205	5975
2392	7182	1222	5960
2393	7260	1217	6043
2394	7401	1222	6179
2395	7436	1204	6232
2396	7462	1211	6251
2397	7518	1199	6319
2398	7403	1222	6181
2399	7464	1236	6228
2400	7521	1225	6296
2401	7535	1218	6317
2402	7531	1214	6317
2403	7563	1205	6358
2404	7545	1206	6339
2405	7663	1191	6472
2406	7760	1196	6564
2407	7777	1194	6583
2408	7803	1209	6594
2409	7898	1204	6694
2410	7918	1186	6732
2411	8048	1197	6851
2412	8024	1190	6834
2413	7982	1202	6780
2414	8036	1222	6814
2415	8044	1205	6839
2416	8101	1209	6892
2417	8049	1205	6844
2418	8021	1200	6821
2419	8042	1196	6846
2420	8077	1230	6847
2421	8078	1206	6872
2422	8167	1191	6976
2423	8146	1206	6940
2424	8184	1212	6972
2425	8244	1211	7033
2426	8265	1211	7054
2427	8194	1224	6970
2428	8224	1209	7015
2429	8215	1186	7029
2430	8214	1174	7040
2431	8243	1189	7054
2432	8159	1191	6968
2433	8174	1200	6974
2434	8170	1208	6962
2435	8027	1218	6809
2436	7903	1220	6683
2437	8011	1205	6806
2438	8067	1201	6866
2439	8062	1200	6862
2440	8025	1201	6824
2441	8044	1189	6855
2442	8064	1210	6854
2443	8038	1206	6832
2444	8046	1188	6858
2445	8056	1212	6844
2446	8022	1209	6813
2447	8045	1199	6846
2448	8069	1205	6864
2449	8119	1193	6926
2450	8119	1214	6905
2451	8069	1225	6844
2452	8156	1229	6927
2453	8126	1225	6901
2454	8108	1218	6890
2455	8132	1225	6907
2456	8159	1225	6934
2457	8172	1199	6973
2458	8284	1207	7077
2459	8224	1237	6987
2460	8187	1239	6948
2461	8262	1206	7056
2462	8291	1209	7082
2463	8404	1235	7169
2464	8475	1222	7253
2465	8411	1212	7199
2466	8424	1203	7221
2467	8460	1196	7264
2468	8414	1190	7224
2469	8384	1209	7175
2470	8474	1217	7257
2471	8521	1193	7328
2472	8539	1205	7334
2473	8533	1208	7325
2474	8533	1196	7337
2475	8538	1209	7329
2476	8472	1208	7264
2477	8469	1201	7268
2478	8415	1195	7220
2479	8536	1186	7350
2480	8514	1194	7320
2481	8537	1188	7349
2482	8588	1184	7404
2483	8606	1202	7404
2484	8646	1211	7435
2485	8769	1199	7570
2486	8798	1221	7577
2487	8855	1224	7631
2488	8953	1189	7764
2489	9035	1178	7857
2490	9065	1198	7867
2491	9184	1212	7972
2492	9303	1225	8078
2493	9486	1214	8272
2494	9968	1207	8761
2495	10960	1211	9749
2496	12020	1196	10824
2497	13140	1192	11948
2498	14091	1187	12904
2499	14616	1205	13411
2500	14907	1193	13714
2501	15111	1193	13918
2502	14996	1201	13795
2503	14997	1186	13811
2504	14939	1204	13735
2505	14674	1211	13463
2506	14043	1201	12842
2507	13119	1205	11914
2508	12117	1207	10910
2509	11291	1183	10108
2510	10749	1195	9554
2511	10472	1220	9252
2512	10256	1200	9056
2513	10175	1208	8967
2514	10062	1219	8843
2515	9961	1217	8744
2516	9813	1209	8604
2517	9590	1191	8399
2518	9528	1194	8334
2519	9454	1186	8268
2520	9401	1185	8216
2521	9353	1201	8152
2522	9267	1204	8063
2523	9145	1200	7945
2524	9053	1199	7854
2525	9014	1208	7806
2526	9132	1230	7902
2527	9107	1215	7892
2528	9123	1196	7927
2529	9078	1209	7869
2530	9020	1211	7809
2531	8944	1206	7738
2532	8829	1213	7616
2533	8907	1213	7694
2534	9045	1223	7822
2535	9110	1218	7892
2536	8965	1199	7766
2537	8873	1208	7665
2538	8891	1216	7675
2539	8712	1225	7487
2540	8565	1217	7348
2541	8496	1207	7289
2542	8501	1222	7279
2543	8583	1207	7376
2544	8505	1207	7298
2545	8515	1226	7289
2546	8464	1212	7252
2547	8392	1198	7194
2548	8383	1212	7171
2549	8378	1203	7175
2550	8347	1187	7160
2551	8309	1194	7115
2552	8201	1205	6996
2553	8164	1188	6976
2554	8199	1175	7024
2555	8182	1203	6979
2556	8190	1227	6963
2557	8119	1215	6904
2558	8049	1211	6838
2559	7968	1229	6739
2560	7849	1235	6614
2561	7790	1234	6556
2562	7713	1206	6507
2563	7695	1183	6512
2564	7707	1204	6503
2565	7595	1198	6397
2566	7552	1192	6360
2567	7510	1186	6324
2568	7474	1186	6288
2569	7493	1217	6276
2570	7536	1230	6306
2571	7498	1217	6281
2572	7499	1207	6292
2573	7604	1191	6413
2574	7632	1214	6418
2575	7593	1196	6397
2576	7470	1195	6275
2577	7492	1220	6272
2578	7364	1201	6163
2579	7331	1203	6128
2580	7289	1214	6075
2581	7229	1219	6010
2582	7127	1210	5917
2583	7158	1181	5977
2584	7139	1188	5951
2585	7040	1195	5845
2586	6992	1188	5804
2587	7125	1198	5927
2588	7226	1209	6017
2589	7159	1204	5955
2590	7169	1192	5977
2591	7138	1196	5942
2592	7167	1189	5978
2593	7221	1190	6031
2594	7142	1194	5948
2595	7111	1211	5900
2596	7130	1188	5942
2597	7181	1194	5987
2598	7101	1187	5914
2599	7023	1195	5828
2600	6969	1212	5757
2601	6925	1192	5733
2602	6980	1179	5801
2603	6920	1193	5727
2604	6960	1216	5744
2605	7110	1212	5898
2606	7096	1214	5882
2607	7052	1194	5858
2608	7085	1194	5891
2609	7094	1209	5885
2610	7118	1203	5915
2611	7148	1193	5955
2612	7156	1179	5977
2613	7232	1177	6055
2614	7175	1195	5980
2615	7139	1190	5949
2616	7183	1197	5986
2617	7220	1179	6041
2618	7159	1179	5980
2619	7144	1210	5934
2620	7246	1215	6031
2621	7285	1202	6083
2622	7208	1173	6035
2623	7220	1165	6055
2624	7209	1190	6019
2625	7229	1205	6024
2626	7264	1214	6050
2627	7243	1208	6035
2628	7287	1199	6088
2629	7271	1202	6069
2630	7201	1193	6008
2631	7216	1190	6026
2632	7176	1199	5977
2633	7165	1200	5965
2634	7170	1230	5940
2635	7251	1212	6039
2636	7284	1188	6096
2637	7377	1185	6192
2638	7333	1216	6117
2639	7376	1209	6167
2640	7376	1221	6155
2641	7433	1210	6223
2642	7504	1202	6302
2643	7511	1216	6295
2644	7477	1218	6259
2645	7510	1211	6299
2646	7467	1186	6281
2647	7531	1208	6323
2648	7443	1208	6235
2649	7476	1203	6273
2650	7462	1202	6260
2651	7466	1182	6284
2652	7438	1200	6238
2653	7489	1206	6283
2654	7662	1209	6453
2655	7685	1211	6474
2656	7612	1207	6405
2657	7593	1212	6381
2658	7640	1208	6432
2659	7600	1227	6373
2660	7617	1203	6414
2661	7591	1209	6382
2662	7559	1205	6354
2663	7595	1197	6398
2664	7671	1196	6475
2665	7600	1204	6396
2666	7534	1195	6339
2667	7643	1189	6454
2668	7686	1189	6497
2669	7671	1188	6483
2670	7715	1208	6507
2671	7757	1237	6520
2672	7740	1214	6526
2673	7739	1220	6519
2674	7740	1210	6530
2675	7750	1201	6549
2676	7683	1209	6474
2677	7706	1204	6502
2678	7752	1217	6535
2679	7749	1215	6534
2680	7735	1202	6533
2681	7721	1202	6519
2682	7689	1191	6498
2683	7619	1217	6402
2684	7573	1211	6362
2685	7585	1187	6398
2686	7591	1196	6395
2687	7566	1207	6359
2688	7528	1212	6316
2689	7566	1214	6352
2690	7600	1201	6399
2691	7532	1197	6335
2692	7501	1211	6290
2693	7476	1202	6274
2694	7474	1202	6272
2695	7451	1209	6242
2696	7369	1222	6147
2697	7345	1216	6129
2698	7371	1194	6177
2699	7393	1214	6179
2700	7268	1225	6043
2701	7204	1196	6008
2702	7146	1193	5953
2703	7133	1181	5952
2704	7127	1195	5932
2705	7081	1201	5880
2706	7069	1215	5854
2707	7147	1226	5921
2708	7078	1211	5867
2709	6994	1212	5782
2710	7009	1223	5786
2711	7065	1202	5863
2712	7012	1194	5818
2713	6983	1225	5758
2714	6960	1218	5742
2715	6974	1214	5760
2716	6885	1195	5690
2717	6880	1187	5693
2718	6866	1182	5684
2719	6804	1210	5594
2720	6843	1202	5641
2721	6897	1204	5693
2722	6878	1214	5664
2723	6852	1195	5657
2724	6721	1179	5542
2725	6599	1188	5411
2726	6629	1199	5430
2727	6688	1182	5506
2728	6698	1192	5506
2729	6763	1220	5543
2730	6818	1202	5616
2731	6812	1184	5628
2732	6829	1185	5644
2733	6870	1197	5673
2734	6809	1191	5618
2735	6732	1203	5529
2736	6776	1211	5565
2737	6805	1215	5590
2738	6651	1223	5428
2739	6696	1212	5484
2740	6640	1217	5423
2741	6509	1218	5291
2742	6587	1198	5389
2743	6598	1205	5393
2744	6520	1192	5328
2745	6547	1191	5356
2746	6567	1213	5354
2747	6574	1211	5363
2748	6604	1205	5399
2749	6642	1202	5440
2750	6626	1214	5412
2751	6516	1195	5321
2752	6550	1192	5358
2753	6497	1202	5295
2754	6461	1191	5270
2755	6499	1193	5306
2756	6483	1210	5273
2757	6488	1224	5264
2758	6465	1206	5259
2759	6492	1193	5299
2760	6577	1207	5370
2761	6587	1211	5376
2762	6569	1199	5370
2763	6636	1188	5448
2764	6692	1219	5473
2765	6673	1242	5431
2766	6689	1201	5488
2767	6664	1194	5470
2768	6745	1195	5550
2769	6763	1181	5582
2770	6707	1190	5517
2771	6756	1194	5562
2772	6810	1195	5615
2773	6877	1189	5688
2774	6880	1189	5691
2775	6850	1216	5634
2776	6844	1209	5635
2777	6805	1208	5597
2778	6824	1196	5628
2779	6767	1211	5556
2780	6843	1213	5630
2781	6882	1204	5678
2782	6817	1203	5614
2783	6861	1192	5669
2784	6897	1192	5705
2785	6949	1210	5739
2786	6969	1207	5762
2787	7000	1197	5803
2788	7053	1208	5845
2789	7050	1224	5826
2790	7038	1198	5840
2791	7103	1182	5921
2792	7126	1198	5928
2793	6972	1231	5741
2794	6998	1210	5788
2795	7017	1186	5831
2796	7053	1187	5866
2797	7028	1191	5837
2798	7120	1196	5924
2799	7249	1193	6056
2800	7276	1205	6071
2801	7315	1210	6105
2802	7224	1228	5996
2803	7248	1218	6030
2804	7327	1194	6133
2805	7267	1198	6069
2806	7331	1207	6124
2807	7360	1214	6146
2808	7251	1202	6049
2809	7278	1207	6071
2810	7286	1209	6077
2811	7285	1196	6089
2812	7179	1217	5962
2813	7152	1209	5943
2814	7208	1199	6009
2815	7266	1198	6068
2816	7332	1191	6141
2817	7291	1205	6086
2818	7192	1217	5975
2819	7243	1225	6018
2820	7325	1217	6108
2821	7291	1194	6097
2822	7288	1199	6089
2823	7213	1193	6020
2824	7264	1184	6080
2825	7158	1182	5976
2826	7103	1181	5922
2827	7296	1196	6100
2828	7330	1186	6144
2829	7281	1184	6097
2830	7264	1190	6074
2831	7318	1211	6107
2832	7360	1225	6135
2833	7436	1204	6232
2834	7523	1218	6305
2835	7514	1230	6284
2836	7486	1208	6278
2837	7429	1189	6240
2838	7491	1187	6304
2839	7463	1199	6264
2840	7348	1227	6121
2841	7344	1212	6132
2842	7426	1209	6217
2843	7450	1209	6241
2844	7359	1205	6154
2845	7322	1202	6120
2846	7268	1198	6070
2847	7251	1163	6088
2848	7213	1186	6027
2849	7183	1226	5957
2850	7189	1207	5982
2851	7085	1184	5901
2852	7052	1187	5865
2853	6969	1207	5762
2854	6909	1211	5698
2855	6833	1211	5622
2856	6789	1193	5596
2857	6702	1203	5499
2858	6614	1220	5394
2859	6595	1211	5384
2860	6547	1214	5333
2861	6572	1201	5371
2862	6592	1193	5399
2863	6602	1187	5415
2864	6536	1205	5331
2865	6581	1195	5386
2866	6671	1189	5482
2867	6703	1188	5515
2868	6657	1199	5458
2869	6693	1205	5488
2870	6708	1187	5521
2871	6692	1201	5491
2872	6672	1209	5463
2873	6643	1212	5431
2874	6571	1218	5353
2875	6564	1208	5356
2876	6568	1198	5370
2877	6475	1197	5278
2878	6415	1224	5191
2879	6354	1222	5132
2880	6354	1200	5154
2881	6302	1186	5116
2882	6202	1198	5004
2883	6217	1206	5011
2884	6226	1209	5017
2885	6204	1204	5000
2886	6147	1195	4952
2887	6106	1183	4923
2888	6161	1199	4962
2889	6168	1193	4975
2890	6147	1185	4962
2891	6144	1179	4965
2892	6104	1173	4931
2893	6084	1185	4899
2894	6094	1202	4892
2895	6109	1200	4909
2896	6140	1194	4946
2897	6189	1200	4989
2898	6174	1214	4960
2899	6141	1212	4929
2900	6111	1223	4888
2901	6085	1218	4867
2902	6146	1223	4923
2903	6099	1210	4889
2904	6075	1186	4889
2905	6129	1190	4939
2906	6065	1179	4886
2907	6127	1175	4952
2908	6103	1191	4912
2909	6171	1190	4981
2910	6059	1190	4869
2911	6058	1185	4873
2912	6112	1203	4909
2913	6093	1222	4871
2914	6085	1213	4872
2915	6071	1205	4866
2916	6017	1205	4812
2917	5991	1207	4784
2918	5990	1211	4779
2919	6012	1200	4812
2920	6031	1208	4823
2921	5932	1221	4711
2922	5894	1208	4686
2923	5888	1201	4687
2924	5905	1199	4706
2925	5826	1195	4631
2926	5819	1208	4611
2927	5830	1214	4616
2928	5870	1198	4672
2929	5979	1192	4787
2930	5880	1209	4671
2931	5942	1210	4732
2932	6070	1206	4864
2933	6123	1210	4913
2934	6116	1256	4860
2935	6188	1229	4959
2936	6261	1203	5058
2937	6295	1201	5094
2938	6302	1189	5113
2939	6289	1201	5088
2940	6312	1202	5110
2941	6337	1204	5133
2942	6231	1194	5037
2943	6186	1202	4984
2944	6163	1221	4942
2945	6081	1207	4874
2946	6060	1192	4868
2947	6072	1198	4874
2948	6107	1196	4911
2949	6037	1205	4832
2950	5922	1214	4708
2951	5869	1212	4657
2952	5940	1207	4733
2953	5949	1207	4742
2954	5966	1206	4760
2955	6026	1215	4811
2956	5950	1210	4740
2957	5901	1206	4695
2958	5917	1196	4721
2959	5888	1201	4687
2960	5891	1214	4677
2961	5969	1214	4755
2962	6090	1194	4896
2963	6107	1181	4926
2964	6052	1193	4859
2965	6129	1211	4918
2966	6181	1228	4953
2967	6237	1220	5017
2968	6197	1183	5014
2969	6259	1238	5021
2970	6244	1204	5040
2971	6260	1197	5063
2972	6315	1208	5107
2973	6343	1200	5143
2974	6316	1211	5105
2975	6318	1213	5105
2976	6373	1215	5158
2977	6409	1220	5189
2978	6381	1205	5176
2979	6372	1198	5174
2980	6319	1212	5107
2981	6324	1198	5126
2982	6361	1190	5171
2983	6332	1212	5120
2984	6393	1203	5190
2985	6370	1206	5164
2986	6293	1201	5092
2987	6383	1215	5168
2988	6435	1233	5202
2989	6360	1213	5147
2990	6324	1201	5123
2991	6386	1221	5165
2992	6425	1232	5193
2993	6521	1238	5283
2994	6470	1203	5267
2995	6391	1173	5218
2996	6409	1205	5204
2997	6407	1216	5191
2998	6392	1190	5202
2999	6353	1203	5150
3000	6312	1193	5119
3001	6331	1191	5140
3002	6360	1206	5154
3003	6337	1180	5157
3004	6360	1175	5185
3005	6396	1203	5193
3006	6312	1225	5087
3007	6283	1198	5085
3008	6289	1183	5106
3009	6331	1204	5127
3010	6360	1224	5136
3011	6280	1212	5068
3012	6230	1187	5043
3013	6224	1183	5041
3014	6223	1190	5033
3015	6149	1204	4945
3016	6122	1213	4909
3017	6144	1213	4931
3018	6190	1201	4989
3019	6203	1186	5017
3020	6246	1192	5054
3021	6238	1189	5049
3022	6238	1187	5051
3023	6301	1193	5108
3024	6363	1188	5175
3025	6385	1200	5185
3026	6457	1187	5270
3027	6462	1191	5271
3028	6484	1196	5288
3029	6533	1200	5333
3030	6498	1205	5293
3031	6405	1197	5208
3032	6390	1184	5206
3033	6468	1189	5279
3034	6396	1205	5191
3035	6354	1207	5147
3036	6272	1190	5082
3037	6280	1173	5107
3038	6300	1188	5112
3039	6208	1197	5011
3040	6265	1187	5078
3041	6225	1191	5034
3042	6202	1202	5000
3043	6244	1222	5022
3044	6242	1208	5034
3045	6253	1201	5052
3046	6235	1196	5039
3047	6226	1201	5025
3048	6223	1196	5027
3049	6247	1191	5056
3050	6254	1211	5043
3051	6320	1214	5106
3052	6291	1200	5091
3053	6316	1194	5122
3054	6292	1203	5089
3055	6297	1204	5093
3056	6220	1214	5006
3057	6359	1217	5142
3058	6372	1206	5166
3059	6337	1206	5131
3060	6313	1210	5103
3061	6392	1200	5192
3062	6295	1190	5105
3063	6218	1201	5017
3064	6263	1214	5049
3065	6248	1207	5041
3066	6231	1211	5020
3067	6144	1231	4913
3068	6217	1240	4977
3069	6335	1219	5116
3070	6419	1187	5232
3071	6472	1184	5288
3072	6546	1196	5350
3073	6712	1219	5493
3074	6825	1211	5614
3075	6876	1228	5648
3076	6985	1208	5777
3077	7089	1211	5878
3078	7123	1209	5914
3079	7262	1195	6067
3080	7303	1212	6091
3081	7427	1214	6213
3082	7560	1197	6363
3083	7672	1212	6460
3084	7714	1201	6513
3085	7808	1189	6619
3086	7966	1183	6783
3087	8189	1196	6993
3088	8407	1220	7187
3089	8660	1204	7456
3090	8905	1207	7698
3091	9097	1220	7877
3092	9293	1213	8080
3093	9499	1213	8286
3094	9748	1243	8505
3095	9826	1234	8592
3096	9938	1208	8730
3097	10064	1219	8845
3098	10307	1210	9097
3099	10509	1206	9303
3100	10614	1213	9401
3101	10762	1211	9551
3102	10793	1212	9581
3103	10938	1210	9728
3104	11184	1179	10005
3105	11517	1191	10326
3106	11592	1207	10385
3107	11710	1206	10504
3108	11873	1212	10661
3109	11941	1214	10727
3110	11800	1211	10589
3111	11664	1198	10466
3112	11597	1216	10381
3113	11549	1199	10350
3114	11568	1189	10379
3115	11671	1193	10478
3116	11821	1186	10635
3117	12051	1184	10867
3118	12260	1196	11064
3119	12418	1183	11235
3120	12747	1211	11536
3121	13033	1227	11806
3122	13442	1215	12227
3123	13830	1207	12623
3124	14118	1205	12913
3125	14297	1193	13104
3126	14383	1183	13200
3127	14603	1185	13418
3128	14685	1194	13491
3129	14735	1204	13531
3130	14812	1197	13615
3131	14747	1190	13557
3132	14681	1198	13483
3133	14468	1200	13268
3134	14302	1211	13091
3135	14284	1211	13073
3136	14273	1210	13063
3137	14349	1208	13141
3138	14435	1192	13243
3139	14403	1210	13193
3140	14503	1213	13290
3141	14742	1216	13526
3142	14931	1197	13734
3143	14972	1189	13783
3144	15162	1194	13968
3145	15492	1219	14273
3146	15901	1218	14683
3147	16493	1221	15272
3148	16977	1192	15785
3149	17413	1213	16200
3150	17794	1220	16574
3151	17961	1215	16746
3152	18033	1200	16833
3153	18131	1197	16934
3154	18160	1207	16953
3155	18167	1189	16978
3156	18049	1189	16860
3157	17601	1203	16398
3158	17164	1228	15936
3159	16968	1206	15762
3160	16727	1217	15510
3161	16629	1212	15417
3162	16502	1206	15296
3163	16434	1207	15227
3164	16490	1211	15279
3165	16672	1209	15463
3166	16817	1222	15595
3167	16925	1212	15713
3168	17050	1205	15845
3169	17199	1213	15986
3170	17250	1190	16060
3171	17192	1189	16003
3172	17415	1202	16213
3173	17947	1207	16740
3174	18759	1200	17559
3175	19441	1195	18246
3176	20138	1186	18952
3177	20641	1196	19445
3178	21076	1197	19879
3179	21497	1209	20288
3180	21918	1205	20713
3181	22362	1190	21172
3182	22658	1199	21459
3183	22449	1214	21235
3184	22016	1226	20790
3185	21416	1217	20199
3186	20606	1196	19410
3187	19713	1202	18511
3188	18809	1220	17589
3189	18040	1213	16827
3190	17205	1205	16000
3191	16459	1211	15248
3192	15938	1218	14720
3193	15516	1181	14335
3194	15396	1194	14202
3195	15437	1221	14216
3196	15318	1205	14113
3197	15379	1187	14192
3198	15398	1207	14191
3199	15767	1203	14564
3200	16176	1214	14962
3201	16616	1194	15422
3202	16975	1188	15787
3203	17234	1205	16029
3204	17452	1195	16257
3205	17439	1196	16243
3206	17540	1209	16331
3207	17564	1235	16329
3208	17498	1209	16289
3209	17227	1201	16026
3210	16831	1208	15623
3211	16604	1211	15393
3212	16193	1204	14989
3213	15812	1209	14603
3214	15455	1185	14270
3215	15276	1191	14085
3216	15155	1181	13974
3217	14953	1199	13754
3218	14923	1220	13703
3219	14991	1212	13779
3220	15149	1196	13953
3221	15320	1201	14119
3222	15410	1198	14212
3223	15369	1197	14172
3224	15360	1201	14159
3225	15367	1207	14160
3226	15422	1187	14235
3227	15463	1176	14287
3228	15289	1205	14084
3229	14999	1197	13802
3230	14574	1193	13381
3231	14226	1180	13046
3232	13778	1195	12583
3233	13408	1201	12207
3234	13099	1208	11891
3235	12969	1193	11776
3236	12742	1192	11550
3237	12337	1213	11124
3238	12043	1217	10826
3239	11867	1214	10653
3240	11707	1228	10479
3241	11513	1232	10281
3242	11511	1217	10294
3243	11388	1211	10177
3244	11120	1223	9897
3245	11043	1207	9836
3246	10866	1201	9665
3247	10673	1213	9460
3248	10522	1224	9298
3249	10437	1219	9218
3250	10328	1211	9117
3251	10310	1204	9106
3252	10194	1203	8991
3253	9952	1221	8731
3254	9926	1207	8719
3255	10179	1199	8980
3256	10501	1209	9292
3257	10797	1212	9585
3258	11011	1206	9805
3259	11301	1204	10097
3260	11617	1202	10415
3261	11828	1201	10627
3262	11961	1221	10740
3263	12254	1214	11040
3264	12416	1207	11209
3265	12485	1187	11298
3266	12430	1193	11237
3267	12343	1204	11139
3268	12076	1197	10879
3269	11796	1198	10598
3270	11692	1196	10496
3271	11623	1215	10408
3272	11395	1198	10197
3273	11303	1204	10099
3274	11250	1229	10021
3275	11268	1199	10069
3276	11293	1189	10104
3277	11255	1210	10045
3278	11295	1212	10083
3279	11340	1217	10123
3280	11338	1194	10144
3281	11379	1191	10188
3282	11189	1188	10001
3283	11003	1193	9810
3284	10796	1212	9584
3285	10533	1191	9342
3286	10339	1190	9149
3287	10130	1232	8898
3288	9969	1227	8742
3289	9706	1212	8494
3290	9494	1186	8308
3291	9493	1190	8303
3292	9440	1209	8231
3293	9392	1205	8187
3294	9311	1213	8098
3295	9282	1212	8070
3296	9288	1192	8096
3297	9252	1201	8051
3298	9209	1220	7989
3299	9256	1212	8044
3300	9303	1204	8099
3301	9442	1205	8237
3302	9485	1206	8279
3303	9602	1195	8407
3304	9716	1197	8519
3305	9890	1203	8687
3306	9899	1205	8694
3307	9923	1197	8726
3308	9869	1202	8667
3309	9839	1188	8651
3310	9993	1190	8803
3311	10056	1187	8869
3312	9986	1207	8779
3313	10018	1221	8797
3314	9912	1196	8716
3315	9812	1196	8616
3316	9773	1202	8571
3317	9847	1207	8640
3318	9895	1214	8681
3319	9814	1199	8615
3320	9758	1210	8548
3321	9792	1214	8578
3322	9684	1218	8466
3323	9612	1221	8391
3324	9701	1195	8506
3325	9681	1188	8493
3326	9599	1208	8391
3327	9548	1199	8349
3328	9530	1191	8339
3329	9421	1196	8225
3330	9349	1194	8155
3331	9461	1218	8243
3332	9418	1226	8192
3333	9365	1202	8163
3334	9458	1197	8261
3335	9621	1207	8414
3336	9632	1218	8414
3337	9733	1211	8522
3338	9831	1188	8643
3339	9950	1186	8764
3340	9966	1209	8757
3341	9923	1210	8713
3342	9799	1207	8592
3343	9747	1206	8541
3344	9547	1201	8346
3345	9424	1203	8221
3346	9272	1217	8055
3347	9128	1210	7918
3348	8985	1217	7768
3349	8881	1199	7682
3350	8810	1194	7616
3351	8856	1214	7642
3352	8893	1186	7707
3353	8817	1183	7634
3354	8796	1208	7588
3355	8801	1219	7582
3356	8821	1212	7609
3357	8842	1211	7631
3358	8756	1213	7543
3359	8769	1210	7559
3360	8802	1216	7586
3361	8819	1188	7631
3362	8803	1192	7611
3363	8641	1214	7427
3364	8531	1205	7326
3365	8470	1203	7267
3366	8406	1211	7195
3367	8396	1195	7201
3368	8355	1187	7168
3369	8350	1196	7154
3370	8298	1207	7091
3371	8260	1238	7022
3372	8235	1220	7015
3373	8131	1207	6924
3374	8066	1200	6866
3375	8076	1202	6874
3376	7965	1197	6768
3377	7993	1197	6796
3378	7935	1195	6740
3379	7788	1197	6591
3380	7690	1196	6494
3381	7642	1183	6459
3382	7696	1190	6506
3383	7723	1206	6517
3384	7752	1211	6541
3385	7777	1200	6577
3386	7824	1209	6615
3387	7799	1210	6589
3388	7799	1203	6596
3389	7767	1206	6561
3390	7764	1212	6552
3391	7784	1211	6573
3392	7761	1201	6560
3393	7745	1193	6552
3394	7703	1211	6492
3395	7740	1201	6539
3396	7725	1196	6529
3397	7632	1188	6444
3398	7647	1186	6461
3399	7606	1188	6418
3400	7529	1187	6342
3401	7402	1218	6184
3402	7348	1208	6140
3403	7379	1182	6197
3404	7291	1191	6100
3405	7232	1183	6049
3406	7208	1181	6027
3407	7158	1211	5947
3408	7124	1211	5913
3409	7093	1194	5899
3410	7023	1183	5840
3411	6951	1204	5747
3412	6917	1198	5719
3413	6881	1216	5665
3414	6941	1222	5719
3415	6902	1198	5704
3416	6879	1208	5671
3417	6897	1214	5683
3418	6838	1210	5628
3419	6801	1207	5594
3420	6738	1206	5532
3421	6687	1202	5485
3422	6633	1205	5428
3423	6604	1197	5407
3424	6489	1192	5297
3425	6509	1210	5299
3426	6545	1212	5333
3427	6500	1202	5298
3428	6514	1204	5310
3429	6521	1207	5314
3430	6380	1196	5184
3431	6332	1218	5114
3432	6299	1231	5068
3433	6202	1207	4995
3434	6182	1180	5002
3435	6117	1197	4920
3436	6031	1190	4841
3437	6018	1170	4848
3438	5901	1175	4726
3439	5752	1213	4539
3440	5715	1207	4508
3441	5700	1193	4507
3442	5611	1212	4399
3443	5573	1204	4369
3444	5618	1220	4398
3445	5622	1230	4392
3446	5566	1215	4351
3447	5541	1192	4349
3448	5522	1184	4338
3449	5427	1199	4228
3450	5424	1211	4213
3451	5399	1199	4200
3452	5249	1212	4037
3453	5192	1231	3961
3454	5096	1206	3890
3455	5027	1186	3841
3456	4973	1215	3758
3457	4883	1194	3689
3458	4819	1211	3608
3459	4830	1229	3601
3460	4777	1206	3571
3461	4862	1194	3668
3462	4848	1202	3646
3463	4807	1208	3599
3464	4825	1211	3614
3465	4804	1195	3609
3466	4818	1183	3635
3467	4765	1187	3578
3468	4690	1186	3504
3469	4679	1183	3496
3470	4670	1177	3493
3471	4618	1187	3431
3472	4510	1195	3315
3473	4502	1195	3307
3474	4444	1199	3245
3475	4376	1218	3158
3476	4325	1226	3099
3477	4343	1214	3129
3478	4306	1193	3113
3479	4272	1198	3074
3480	4290	1206	3084
3481	4311	1215	3096
3482	4290	1207	3083
3483	4320	1201	3119
3484	4242	1213	3029
3485	4332	1209	3123
3486	4377	1207	3170
3487	4356	1206	3150
3488	4320	1202	3118
3489	4291	1200	3091
3490	4244	1205	3039
3491	4200	1202	2998
3492	4219	1219	3000
3493	4238	1224	3014
3494	4230	1188	3042
3495	4222	1192	3030
3496	4200	1209	2991
3497	4125	1224	2901
3498	4113	1213	2900
3499	4133	1198	2935
3500	4092	1192	2900
3501	4018	1198	2820
3502	3933	1200	2733
3503	3896	1177	2719
3504	3905	1179	2726
3505	3913	1206	2707
3506	3879	1210	2669
3507	3890	1203	2687
3508	3838	1187	2651
3509	3737	1205	2532
3510	3665	1221	2444
3511	3630	1216	2414
3512	3589	1216	2373
3513	3620	1200	2420
3514	3581	1186	2395
3515	3593	1211	2382
3516	3587	1215	2372
3517	3539	1212	2327
3518	3502	1203	2299
3519	3479	1209	2270
3520	3512	1215	2297
3521	3484	1201	2283
3522	3454	1209	2245
3523	3401	1223	2178
3524	3392	1209	2183
3525	3381	1194	2187
3526	3342	1187	2155
3527	3347	1200	2147
3528	3306	1199	2107
3529	3329	1213	2116
3530	3329	1202	2127
3531	3313	1185	2128
3532	3283	1193	2090
3533	3239	1195	2044
3534	3255	1185	2070
3535	3269	1183	2086
3536	3250	1199	2051
3537	3272	1211	2061
3538	3267	1199	2068
3539	3257	1196	2061
3540	3255	1212	2043
3541	3264	1219	2045
3542	3225	1210	2015
3543	3204	1201	2003
3544	3240	1196	2044
3545	3202	1202	2000
3546	3187	1203	1984
3547	3132	1236	1896
3548	3092	1223	1869
3549	3084	1209	1875
3550	3048	1203	1845
3551	3064	1205	1859
3552	3087	1203	1884
3553	3094	1197	1897
3554	3033	1196	1837
3555	3011	1190	1821
3556	3027	1201	1826
3557	3038	1202	1836
3558	3014	1200	1814
3559	2993	1214	1779
3560	2975	1189	1786
3561	3015	1174	1841
3562	2967	1196	1771
3563	2942	1204	1738
3564	2961	1190	1771
3565	2965	1187	1778
3566	2920	1189	1731
3567	2854	1197	1657
3568	2865	1197	1668
3569	2923	1193	1730
3570	2882	1211	1671
3571	2892	1206	1686
3572	2878	1189	1689
3573	2864	1193	1671
3574	2873	1201	1672
3575	2893	1214	1679
3576	2882	1214	1668
3577	2843	1207	1636
3578	2829	1206	1623
3579	2856	1196	1660
3580	2845	1185	1660
3581	2817	1212	1605
3582	2772	1203	1569
3583	2784	1183	1601
3584	2771	1205	1566
3585	2822	1206	1616
3586	2849	1195	1654
3587	2802	1184	1618
3588	2777	1210	1567
3589	2791	1227	1564
3590	2810	1208	1602
3591	2824	1199	1625
3592	2798	1198	1600
3593	2814	1199	1615
3594	2819	1171	1648
3595	2791	1187	1604
3596	2788	1193	1595
3597	2780	1183	1597
3598	2778	1179	1599
3599	2747	1216	1531
3600	2729	1219	1510
3601	2714	1203	1511
3602	2747	1195	1552
3603	2767	1201	1566
3604	2725	1216	1509
3605	2691	1194	1497
3606	2700	1172	1528
3607	2722	1203	1519
3608	2710	1228	1482
3609	2684	1199	1485
3610	2646	1183	1463
3611	2658	1202	1456
3612	2630	1203	1427
3613	2655	1175	1480
3614	2650	1182	1468
3615	2675	1184	1491
3616	2654	1192	1462
3617	2622	1192	1430
3618	2606	1161	1445
3619	2578	1187	1391
3620	2605	1179	1426
3621	2634	1201	1433
3622	2592	1208	1384
3623	2530	1197	1333
3624	2533	1200	1333
3625	2561	1207	1354
3626	2513	1184	1329
3627	2519	1192	1327
3628	2500	1192	1308
3629	2502	1186	1316
3630	2510	1185	1325
3631	2505	1174	1331
3632	2441	1163	1278
3633	2404	1170	1234
3634	2428	1187	1241
3635	2426	1171	1255
3636	2403	1169	1234
3637	2419	1183	1236
3638	2405	1195	1210
3639	2386	1193	1193
3640	2322	1207	1115
3641	2361	1208	1153
3642	2367	1197	1170
3643	2359	1188	1171
3644	2369	1181	1188
3645	2368	1180	1188
3646	2360	1185	1175
3647	2306	1204	1102
3648	2264	1188	1076
