index	original	background	difference
-----------------------------------------------------
1	1187	1160	27
2	1169	1166	3
3	1179	1164	15
4	1189	1164	25
5	1192	1162	30
6	1183	1160	23
7	1172	1155	17
8	1166	1150	16
9	1177	1155	22
10	1161	1162	-1
11	1188	1169	19
12	1205	1163	42
13	1202	1171	31
14	1213	1170	43
15	1208	1167	41
16	1178	1168	10
17	1192	1172	20
18	1199	1172	27
19	1184	1169	15
20	1170	1175	-5
21	1186	1174	12
22	1190	1173	17
23	1179	1175	4
24	1179	1171	8
25	1200	1167	33
26	1216	1162	54
27	1213	1164	49
28	1188	1169	19
29	1191	1175	16
30	1187	1180	7
31	1188	1184	4
32	1177	1181	-4
33	1182	1181	1
34	1188	1182	6
35	1207	1185	22
36	1207	1183	24
37	1195	1182	13
38	1203	1183	20
39	1210	1186	24
40	1200	1180	20
41	1219	1179	40
42	1207	1181	26
43	1187	1185	2
44	1198	1173	25
45	1208	1176	32
46	1182	1183	-1
47	1196	1183	13
48	1205	1180	25
49	1193	1178	15
50	1181	1185	-4
51	1179	1193	-14
52	1198	1183	15
53	1209	1185	24
54	1211	1183	28
55	1209	1181	28
56	1195	1188	7
57	1209	1190	19
58	1226	1185	41
59	1220	1195	25
60	1192	1194	-2
61	1202	1183	19
62	1190	1184	6
63	1193	1185	8
64	1200	1192	8
65	1197	1194	3
66	1194	1183	11
67	1181	1186	-5
68	1174	1183	-9
69	1203	1186	17
70	1210	1185	25
71	1209	1185	24
72	1204	1188	16
73	1211	1194	17
74	1206	1193	13
75	1203	1186	17
76	1197	1189	8
77	1205	1194	11
78	1186	1193	-7
79	1197	1193	4
80	1213	1185	28
81	1221	1193	28
82	1219	1202	17
83	1236	1189	47
84	1212	1178	34
85	1207	1183	24
86	1194	1184	10
87	1179	1189	-10
88	1186	1190	-4
89	1216	1185	31
90	1202	1190	12
91	1189	1183	6
92	1197	1189	8
93	1213	1201	12
94	1198	1193	5
95	1218	1188	30
96	1225	1185	40
97	1220	1195	25
98	1206	1201	5
99	1190	1211	-21
100	1202	1201	1
101	1215	1192	23
102	1213	1188	25
103	1224	1191	33
104	1235	1188	47
105	1235	1191	44
106	1233	1201	32
107	1221	1201	20
108	1219	1200	19
109	1228	1196	32
110	1217	1192	25
111	1213	1193	20
112	1204	1197	7
113	1205	1193	12
114	1195	1196	-1
115	1198	1192	6
116	1186	1195	-9
117	1209	1194	15
118	1213	1202	11
119	1203	1200	3
120	1203	1194	9
121	1206	1195	11
122	1191	1194	-3
123	1223	1192	31
124	1227	1201	26
125	1199	1204	-5
126	1211	1196	15
127	1219	1194	25
128	1218	1197	21
129	1217	1193	24
130	1198	1190	8
131	1206	1191	15
132	1217	1197	20
133	1214	1197	17
134	1222	1190	32
135	1210	1189	21
136	1192	1186	6
137	1206	1185	21
138	1215	1184	31
139	1209	1197	12
140	1205	1203	2
141	1190	1194	-4
142	1185	1199	-14
143	1210	1204	6
144	1216	1189	27
145	1218	1189	29
146	1214	1199	15
147	1238	1198	40
148	1228	1199	29
149	1222	1202	20
150	1205	1190	15
151	1210	1190	20
152	1218	1195	23
153	1225	1198	27
154	1207	1204	3
155	1237	1210	27
156	1229	1206	23
157	1205	1202	3
158	1218	1201	17
159	1219	1202	17
160	1226	1187	39
161	1247	1189	58
162	1258	1186	72
163	1226	1193	33
164	1197	1201	-4
165	1238	1198	40
166	1249	1199	50
167	1226	1200	26
168	1219	1191	28
169	1223	1193	30
170	1206	1188	18
171	1216	1187	29
172	1201	1193	8
173	1224	1193	31
174	1214	1195	19
175	1216	1199	17
176	1217	1194	23
177	1219	1192	27
178	1217	1187	30
179	1227	1184	43
180	1223	1196	27
181	1204	1194	10
182	1206	1194	12
183	1204	1199	5
184	1193	1196	-3
185	1196	1199	-3
186	1190	1193	-3
187	1200	1195	5
188	1226	1194	32
189	1232	1199	33
190	1220	1188	32
191	1206	1193	13
192	1199	1196	3
193	1227	1192	35
194	1203	1189	14
195	1208	1202	6
196	1209	1206	3
197	1219	1200	19
198	1214	1194	20
199	1210	1199	11
200	1211	1192	19
201	1222	1194	28
202	1198	1201	-3
203	1217	1197	20
204	1210	1198	12
205	1207	1200	7
206	1225	1201	24
207	1228	1201	27
208	1226	1196	30
209	1237	1204	33
210	1233	1200	33
211	1214	1195	19
212	1198	1195	3
213	1224	1205	19
214	1219	1211	8
215	1221	1198	23
216	1204	1201	3
217	1223	1204	19
218	1231	1204	27
219	1232	1207	25
220	1223	1192	31
221	1218	1186	32
222	1212	1181	31
223	1215	1189	26
224	1214	1187	27
225	1217	1191	26
226	1225	1188	37
227	1207	1191	16
228	1224	1194	30
229	1231	1194	37
230	1212	1195	17
231	1213	1194	19
232	1209	1194	15
233	1221	1194	27
234	1216	1195	21
235	1221	1199	22
236	1196	1193	3
237	1189	1195	-6
238	1193	1198	-5
239	1216	1197	19
240	1213	1197	16
241	1210	1198	12
242	1210	1197	13
243	1217	1198	19
244	1215	1198	17
245	1221	1192	29
246	1236	1184	52
247	1224	1187	37
248	1207	1191	16
249	1227	1198	29
250	1199	1194	5
251	1199	1193	6
252	1206	1194	12
253	1207	1200	7
254	1210	1184	26
255	1228	1189	39
256	1222	1195	27
257	1212	1204	8
258	1214	1202	12
259	1233	1198	35
260	1233	1204	29
261	1243	1203	40
262	1227	1193	34
263	1210	1197	13
264	1220	1197	23
265	1248	1189	59
266	1207	1192	15
267	1195	1202	-7
268	1213	1192	21
269	1205	1196	9
270	1216	1201	15
271	1244	1196	48
272	1217	1195	22
273	1214	1201	13
274	1211	1197	14
275	1212	1203	9
276	1230	1204	26
277	1233	1196	37
278	1220	1191	29
279	1240	1199	41
280	1226	1199	27
281	1219	1189	30
282	1207	1195	12
283	1225	1198	27
284	1214	1205	9
285	1235	1201	34
286	1232	1185	47
287	1215	1191	24
288	1225	1190	35
289	1225	1188	37
290	1227	1190	37
291	1216	1188	28
292	1222	1187	35
293	1262	1192	70
294	1244	1192	52
295	1208	1198	10
296	1215	1195	20
297	1205	1199	6
298	1204	1201	3
299	1225	1201	24
300	1210	1193	17
301	1226	1192	34
302	1218	1203	15
303	1201	1203	-2
304	1186	1191	-5
305	1208	1187	21
306	1218	1192	26
307	1201	1197	4
308	1195	1195	0
309	1223	1197	26
310	1215	1194	21
311	1197	1193	4
312	1201	1201	0
313	1219	1195	24
314	1222	1189	33
315	1204	1198	6
316	1204	1203	1
317	1228	1204	24
318	1211	1203	8
319	1220	1200	20
320	1211	1196	15
321	1210	1195	15
322	1200	1198	2
323	1206	1198	8
324	1186	1188	-2
325	1210	1194	16
326	1212	1199	13
327	1197	1200	-3
328	1188	1201	-13
329	1216	1197	19
330	1219	1192	27
331	1220	1195	25
332	1234	1195	39
333	1213	1197	16
334	1226	1195	31
335	1216	1191	25
336	1210	1198	12
337	1225	1203	22
338	1233	1199	34
339	1223	1197	26
340	1229	1202	27
341	1226	1200	26
342	1216	1197	19
343	1221	1200	21
344	1232	1200	32
345	1229	1199	30
346	1213	1198	15
347	1228	1198	30
348	1215	1199	16
349	1221	1199	22
350	1212	1193	19
351	1202	1197	5
352	1208	1198	10
353	1220	1201	19
354	1219	1190	29
355	1212	1190	22
356	1202	1193	9
357	1207	1206	1
358	1224	1205	19
359	1226	1201	25
360	1200	1199	1
361	1217	1190	27
362	1211	1193	18
363	1216	1198	18
364	1203	1207	-4
365	1195	1205	-10
366	1194	1196	-2
367	1204	1199	5
368	1215	1198	17
369	1227	1192	35
370	1214	1199	15
371	1217	1204	13
372	1219	1201	18
373	1194	1196	-2
374	1187	1195	-8
375	1214	1198	16
376	1222	1201	21
377	1230	1209	21
378	1231	1204	27
379	1220	1205	15
380	1219	1199	20
381	1209	1203	6
382	1196	1205	-9
383	1213	1202	11
384	1202	1201	1
385	1189	1197	-8
386	1199	1200	-1
387	1207	1205	2
388	1206	1200	6
389	1228	1206	22
390	1223	1198	25
391	1215	1193	22
392	1193	1190	3
393	1193	1192	1
394	1226	1200	26
395	1229	1199	30
396	1230	1190	40
397	1232	1202	30
398	1210	1204	6
399	1197	1195	2
400	1214	1197	17
401	1228	1200	28
402	1212	1202	10
403	1220	1190	30
404	1220	1185	35
405	1216	1194	22
406	1208	1194	14
407	1219	1195	24
408	1206	1197	9
409	1218	1200	18
410	1213	1208	5
411	1225	1197	28
412	1218	1192	26
413	1233	1200	33
414	1225	1204	21
415	1220	1200	20
416	1240	1208	32
417	1231	1206	25
418	1203	1195	8
419	1205	1189	16
420	1207	1193	14
421	1183	1199	-16
422	1178	1193	-15
423	1207	1205	2
424	1215	1198	17
425	1229	1201	28
426	1218	1207	11
427	1210	1210	0
428	1210	1201	9
429	1241	1199	42
430	1237	1201	36
431	1233	1203	30
432	1210	1205	5
433	1211	1203	8
434	1210	1201	9
435	1230	1209	21
436	1224	1202	22
437	1245	1195	50
438	1223	1207	16
439	1200	1207	-7
440	1208	1204	4
441	1208	1199	9
442	1187	1193	-6
443	1202	1200	2
444	1228	1205	23
445	1212	1203	9
446	1207	1199	8
447	1224	1199	25
448	1232	1201	31
449	1206	1196	10
450	1197	1204	-7
451	1214	1199	15
452	1219	1199	20
453	1227	1201	26
454	1218	1201	17
455	1222	1199	23
456	1215	1210	5
457	1240	1205	35
458	1236	1200	36
459	1203	1211	-8
460	1211	1208	3
461	1218	1201	17
462	1209	1205	4
463	1214	1210	4
464	1213	1205	8
465	1206	1204	2
466	1210	1208	2
467	1223	1211	12
468	1214	1197	17
469	1219	1197	22
470	1212	1205	7
471	1212	1206	6
472	1218	1197	21
473	1219	1198	21
474	1225	1197	28
475	1207	1202	5
476	1219	1206	13
477	1230	1209	21
478	1195	1206	-11
479	1205	1201	4
480	1221	1202	19
481	1219	1210	9
482	1204	1201	3
483	1199	1198	1
484	1219	1203	16
485	1213	1206	7
486	1206	1204	2
487	1226	1196	30
488	1225	1195	30
489	1213	1198	15
490	1213	1200	13
491	1216	1202	14
492	1214	1210	4
493	1203	1204	-1
494	1234	1202	32
495	1238	1204	34
496	1224	1205	19
497	1224	1199	25
498	1221	1192	29
499	1237	1193	44
500	1218	1184	34
501	1211	1204	7
502	1219	1215	4
503	1247	1206	41
504	1235	1188	47
505	1215	1187	28
506	1200	1198	2
507	1212	1212	0
508	1225	1203	22
509	1233	1202	31
510	1213	1200	13
511	1214	1200	14
512	1226	1203	23
513	1231	1203	28
514	1221	1193	28
515	1241	1192	49
516	1217	1202	15
517	1222	1208	14
518	1246	1205	41
519	1244	1207	37
520	1220	1208	12
521	1222	1203	19
522	1215	1202	13
523	1215	1200	15
524	1201	1191	10
525	1217	1198	19
526	1233	1198	35
527	1238	1201	37
528	1211	1198	13
529	1201	1198	3
530	1206	1193	13
531	1234	1193	41
532	1212	1196	16
533	1204	1196	8
534	1224	1201	23
535	1227	1201	26
536	1238	1194	44
537	1239	1202	37
538	1219	1210	9
539	1225	1203	22
540	1224	1198	26
541	1225	1204	21
542	1222	1198	24
543	1217	1199	18
544	1233	1197	36
545	1246	1196	50
546	1205	1194	11
547	1212	1195	17
548	1219	1196	23
549	1215	1199	16
550	1210	1191	19
551	1211	1194	17
552	1211	1196	15
553	1230	1187	43
554	1222	1193	29
555	1216	1205	11
556	1205	1208	-3
557	1237	1195	42
558	1226	1198	28
559	1222	1195	27
560	1190	1196	-6
561	1204	1189	15
562	1216	1180	36
563	1214	1198	16
564	1227	1202	25
565	1210	1206	4
566	1218	1203	15
567	1241	1202	39
568	1207	1188	19
569	1208	1192	16
570	1205	1200	5
571	1214	1200	14
572	1212	1198	14
573	1201	1197	4
574	1205	1197	8
575	1235	1204	31
576	1235	1198	37
577	1250	1189	61
578	1238	1197	41
579	1239	1210	29
580	1209	1208	1
581	1201	1208	-7
582	1217	1199	18
583	1237	1194	43
584	1251	1201	50
585	1247	1201	46
586	1237	1204	33
587	1235	1211	24
588	1231	1209	22
589	1253	1205	48
590	1230	1196	34
591	1231	1195	36
592	1229	1200	29
593	1232	1195	37
594	1222	1196	26
595	1219	1201	18
596	1225	1195	30
597	1214	1203	11
598	1226	1199	27
599	1253	1198	55
600	1237	1188	49
601	1233	1202	31
602	1223	1209	14
603	1224	1207	17
604	1219	1201	18
605	1247	1201	46
606	1252	1196	56
607	1262	1193	69
608	1243	1208	35
609	1246	1208	38
610	1248	1194	54
611	1243	1198	45
612	1241	1193	48
613	1259	1192	67
614	1226	1200	26
615	1219	1198	21
616	1216	1190	26
617	1220	1195	25
618	1229	1200	29
619	1252	1194	58
620	1219	1193	26
621	1225	1203	22
622	1261	1199	62
623	1280	1198	82
624	1249	1199	50
625	1235	1190	45
626	1237	1191	46
627	1244	1203	41
628	1269	1191	78
629	1275	1195	80
630	1260	1197	63
631	1263	1208	55
632	1281	1206	75
633	1278	1198	80
634	1253	1197	56
635	1237	1193	44
636	1249	1192	57
637	1265	1205	60
638	1260	1202	58
639	1260	1196	64
640	1257	1194	63
641	1281	1198	83
642	1272	1200	72
643	1264	1202	62
644	1266	1203	63
645	1269	1201	68
646	1265	1203	62
647	1283	1193	90
648	1283	1199	84
649	1249	1198	51
650	1252	1193	59
651	1276	1202	74
652	1257	1200	57
653	1270	1193	77
654	1277	1198	79
655	1282	1197	85
656	1269	1198	71
657	1283	1201	82
658	1292	1206	86
659	1285	1208	77
660	1282	1197	85
661	1301	1199	102
662	1289	1196	93
663	1314	1196	118
664	1311	1198	113
665	1302	1194	108
666	1301	1183	118
667	1308	1185	123
668	1316	1189	127
669	1326	1196	130
670	1311	1202	109
671	1308	1208	100
672	1311	1209	102
673	1290	1196	94
674	1303	1197	106
675	1343	1196	147
676	1328	1204	124
677	1312	1206	106
678	1312	1202	110
679	1342	1199	143
680	1351	1193	158
681	1357	1198	159
682	1352	1199	153
683	1360	1201	159
684	1354	1190	164
685	1343	1186	157
686	1334	1200	134
687	1357	1208	149
688	1357	1200	157
689	1344	1203	141
690	1339	1198	141
691	1357	1201	156
692	1353	1197	156
693	1368	1206	162
694	1398	1208	190
695	1400	1205	195
696	1386	1198	188
697	1392	1199	193
698	1394	1205	189
699	1412	1207	205
700	1415	1209	206
701	1408	1203	205
702	1418	1203	215
703	1420	1206	214
704	1417	1210	207
705	1456	1213	243
706	1447	1204	243
707	1447	1203	244
708	1459	1204	255
709	1445	1206	239
710	1431	1203	228
711	1465	1202	263
712	1470	1196	274
713	1467	1189	278
714	1444	1194	250
715	1447	1207	240
716	1441	1199	242
717	1467	1194	273
718	1482	1198	284
719	1477	1202	275
720	1493	1198	295
721	1466	1201	265
722	1474	1195	279
723	1502	1203	299
724	1513	1200	313
725	1526	1202	324
726	1496	1209	287
727	1473	1210	263
728	1490	1200	290
729	1509	1199	310
730	1518	1203	315
731	1541	1201	340
732	1566	1196	370
733	1572	1202	370
734	1559	1197	362
735	1595	1193	402
736	1574	1198	376
737	1583	1198	385
738	1591	1201	390
739	1614	1198	416
740	1615	1202	413
741	1607	1197	410
742	1613	1198	415
743	1642	1204	438
744	1672	1198	474
745	1674	1198	476
746	1669	1196	473
747	1673	1198	475
748	1652	1199	453
749	1695	1199	496
750	1708	1200	508
751	1690	1204	486
752	1683	1202	481
753	1732	1203	529
754	1726	1202	524
755	1738	1201	537
756	1748	1194	554
757	1743	1195	548
758	1740	1200	540
759	1742	1213	529
760	1733	1212	521
761	1771	1204	567
762	1779	1198	581
763	1778	1192	586
764	1764	1198	566
765	1767	1199	568
766	1764	1201	563
767	1739	1211	528
768	1738	1206	532
769	1810	1205	605
770	1818	1197	621
771	1813	1193	620
772	1801	1195	606
773	1820	1206	614
774	1849	1204	645
775	1852	1194	658
776	1853	1199	654
777	1881	1201	680
778	1893	1195	698
779	1921	1197	724
780	1919	1203	716
781	1954	1205	749
782	1967	1196	771
783	1967	1192	775
784	1980	1203	777
785	1999	1205	794
786	2027	1194	833
787	2037	1199	838
788	2072	1202	870
789	2106	1201	905
790	2131	1202	929
791	2163	1209	954
792	2167	1201	966
793	2209	1202	1007
794	2230	1205	1025
795	2243	1200	1043
796	2237	1205	1032
797	2246	1207	1039
798	2244	1202	1042
799	2267	1205	1062
800	2309	1195	1114
801	2328	1186	1142
802	2340	1191	1149
803	2351	1187	1164
804	2355	1195	1160
805	2373	1205	1168
806	2321	1205	1116
807	2329	1199	1130
808	2389	1196	1193
809	2412	1194	1218
810	2393	1193	1200
811	2383	1196	1187
812	2384	1196	1188
813	2401	1198	1203
814	2377	1195	1182
815	2366	1187	1179
816	2359	1188	1171
817	2435	1198	1237
818	2401	1200	1201
819	2370	1188	1182
820	2362	1190	1172
821	2392	1199	1193
822	2453	1201	1252
823	2506	1209	1297
824	2451	1203	1248
825	2427	1194	1233
826	2506	1190	1316
827	2528	1208	1320
828	2503	1211	1292
829	2554	1207	1347
830	2578	1194	1384
831	2590	1200	1390
832	2632	1196	1436
833	2693	1197	1496
834	2734	1208	1526
835	2730	1199	1531
836	2717	1197	1520
837	2742	1200	1542
838	2817	1201	1616
839	2847	1205	1642
840	2884	1201	1683
841	2956	1190	1766
842	2976	1192	1784
843	3000	1198	1802
844	3048	1199	1849
845	3047	1198	1849
846	3027	1201	1826
847	3061	1206	1855
848	3104	1206	1898
849	3125	1216	1909
850	3105	1204	1901
851	3098	1198	1900
852	3178	1196	1982
853	3119	1193	1926
854	3120	1190	1930
855	3119	1207	1912
856	3092	1213	1879
857	3092	1204	1888
858	3127	1201	1926
859	3085	1207	1878
860	2985	1204	1781
861	2929	1198	1731
862	2894	1199	1695
863	2894	1192	1702
864	2869	1195	1674
865	2814	1201	1613
866	2854	1203	1651
867	2923	1203	1720
868	2880	1207	1673
869	2840	1198	1642
870	2819	1194	1625
871	2849	1194	1655
872	2909	1195	1714
873	2915	1208	1707
874	2891	1209	1682
875	2927	1204	1723
876	2950	1195	1755
877	2960	1202	1758
878	2985	1202	1783
879	3014	1197	1817
880	3034	1195	1839
881	3070	1191	1879
882	3079	1200	1879
883	3092	1202	1890
884	3107	1204	1903
885	3093	1198	1895
886	3105	1200	1905
887	3187	1199	1988
888	3207	1195	2012
889	3245	1203	2042
890	3301	1196	2105
891	3350	1197	2153
892	3306	1197	2109
893	3299	1194	2105
894	3348	1198	2150
895	3417	1195	2222
896	3385	1205	2180
897	3376	1208	2168
898	3460	1203	2257
899	3464	1197	2267
900	3432	1203	2229
901	3489	1209	2280
902	3615	1202	2413
903	3615	1207	2408
904	3633	1200	2433
905	3649	1197	2452
906	3638	1195	2443
907	3577	1205	2372
908	3622	1203	2419
909	3639	1204	2435
910	3639	1201	2438
911	3659	1204	2455
912	3700	1202	2498
913	3673	1208	2465
914	3661	1196	2465
915	3666	1198	2468
916	3643	1206	2437
917	3622	1206	2416
918	3609	1205	2404
919	3565	1198	2367
920	3583	1202	2381
921	3570	1198	2372
922	3548	1194	2354
923	3509	1189	2320
924	3530	1192	2338
925	3522	1206	2316
926	3423	1208	2215
927	3421	1203	2218
928	3365	1197	2168
929	3380	1201	2179
930	3286	1204	2082
931	3261	1199	2062
932	3295	1196	2099
933	3298	1197	2101
934	3194	1200	1994
935	3238	1195	2043
936	3183	1195	1988
937	3176	1196	1980
938	3206	1201	2005
939	3195	1192	2003
940	3196	1192	2004
941	3197	1200	1997
942	3207	1185	2022
943	3236	1196	2040
944	3201	1201	2000
945	3193	1203	1990
946	3172	1197	1975
947	3145	1197	1948
948	3157	1194	1963
949	3243	1192	2051
950	3285	1196	2089
951	3213	1206	2007
952	3256	1198	2058
953	3288	1198	2090
954	3269	1200	2069
955	3345	1199	2146
956	3355	1198	2157
957	3365	1206	2159
958	3457	1210	2247
959	3490	1199	2291
960	3493	1197	2296
961	3493	1204	2289
962	3495	1198	2297
963	3556	1190	2366
964	3547	1196	2351
965	3600	1201	2399
966	3609	1201	2408
967	3615	1203	2412
968	3663	1184	2479
969	3722	1211	2511
970	3721	1199	2522
971	3824	1200	2624
972	3772	1200	2572
973	3759	1200	2559
974	3744	1193	2551
975	3752	1192	2560
976	3775	1194	2581
977	3756	1196	2560
978	3746	1201	2545
979	3711	1199	2512
980	3737	1192	2545
981	3739	1196	2543
982	3709	1196	2513
983	3658	1198	2460
984	3625	1197	2428
985	3590	1193	2397
986	3545	1193	2352
987	3568	1203	2365
988	3548	1203	2345
989	3563	1203	2360
990	3511	1206	2305
991	3441	1200	2241
992	3389	1196	2193
993	3398	1202	2196
994	3395	1196	2199
995	3387	1196	2191
996	3335	1202	2133
997	3275	1198	2077
998	3268	1203	2065
999	3264	1198	2066
1000	3230	1192	2038
1001	3253	1197	2056
1002	3222	1204	2018
1003	3186	1199	1987
1004	3190	1189	2001
1005	3135	1193	1942
1006	3084	1183	1901
1007	3112	1195	1917
1008	3100	1198	1902
1009	3086	1203	1883
1010	3100	1194	1906
1011	3104	1198	1906
1012	3128	1203	1925
1013	3137	1200	1937
1014	3132	1195	1937
1015	3142	1202	1940
1016	3081	1207	1874
1017	3130	1210	1920
1018	3141	1206	1935
1019	3158	1201	1957
1020	3189	1206	1983
1021	3201	1199	2002
1022	3220	1191	2029
1023	3224	1196	2028
1024	3223	1200	2023
1025	3253	1212	2041
1026	3262	1206	2056
1027	3305	1205	2100
1028	3352	1195	2157
1029	3375	1195	2180
1030	3436	1193	2243
1031	3432	1202	2230
1032	3445	1206	2239
1033	3498	1199	2299
1034	3518	1206	2312
1035	3458	1204	2254
1036	3448	1194	2254
1037	3481	1195	2286
1038	3489	1205	2284
1039	3464	1195	2269
1040	3485	1183	2302
1041	3493	1195	2298
1042	3503	1193	2310
1043	3525	1198	2327
1044	3483	1199	2284
1045	3468	1194	2274
1046	3471	1194	2277
1047	3486	1203	2283
1048	3511	1210	2301
1049	3520	1203	2317
1050	3494	1191	2303
1051	3455	1190	2265
1052	3392	1188	2204
1053	3429	1194	2235
1054	3365	1192	2173
1055	3321	1194	2127
1056	3304	1197	2107
1057	3264	1201	2063
1058	3265	1212	2053
1059	3257	1214	2043
1060	3282	1209	2073
1061	3261	1204	2057
1062	3200	1205	1995
1063	3239	1204	2035
1064	3230	1190	2040
1065	3134	1198	1936
1066	3111	1194	1917
1067	3135	1198	1937
1068	3082	1202	1880
1069	3090	1203	1887
1070	3029	1198	1831
1071	2996	1202	1794
1072	2980	1212	1768
1073	2958	1216	1742
1074	2970	1198	1772
1075	2950	1200	1750
1076	2911	1193	1718
1077	2882	1190	1692
1078	2909	1199	1710
1079	2859	1198	1661
1080	2811	1191	1620
1081	2824	1199	1625
1082	2827	1198	1629
1083	2834	1195	1639
1084	2765	1200	1565
1085	2750	1196	1554
1086	2769	1196	1573
1087	2800	1199	1601
1088	2799	1210	1589
1089	2772	1205	1567
1090	2802	1193	1609
1091	2848	1203	1645
1092	2881	1202	1679
1093	2901	1203	1698
1094	2903	1200	1703
1095	2916	1199	1717
1096	2913	1201	1712
1097	2930	1208	1722
1098	2912	1202	1710
1099	2948	1200	1748
1100	2934	1194	1740
1101	2992	1197	1795
1102	3008	1198	1810
1103	3044	1208	1836
1104	3037	1190	1847
1105	3067	1190	1877
1106	3118	1187	1931
1107	3099	1192	1907
1108	3131	1197	1934
1109	3146	1198	1948
1110	3219	1198	2021
1111	3311	1198	2113
1112	3231	1192	2039
1113	3242	1202	2040
1114	3260	1208	2052
1115	3225	1205	2020
1116	3196	1203	1993
1117	3211	1201	2010
1118	3235	1193	2042
1119	3262	1193	2069
1120	3285	1203	2082
1121	3291	1203	2088
1122	3263	1193	2070
1123	3282	1194	2088
1124	3259	1197	2062
1125	3267	1197	2070
1126	3287	1198	2089
1127	3301	1202	2099
1128	3261	1201	2060
1129	3205	1198	2007
1130	3188	1197	1991
1131	3194	1203	1991
1132	3128	1194	1934
1133	3096	1197	1899
1134	3126	1209	1917
1135	3135	1205	1930
1136	3114	1201	1913
1137	3113	1204	1909
1138	3094	1195	1899
1139	3105	1200	1905
1140	3059	1199	1860
1141	3021	1204	1817
1142	3008	1208	1800
1143	2992	1200	1792
1144	2958	1196	1762
1145	2942	1206	1736
1146	2937	1203	1734
1147	2951	1195	1756
1148	2947	1196	1751
1149	2905	1194	1711
1150	2899	1191	1708
1151	2892	1197	1695
1152	2825	1201	1624
1153	2814	1198	1616
1154	2778	1192	1586
1155	2776	1193	1583
1156	2779	1188	1591
1157	2715	1200	1515
1158	2706	1201	1505
1159	2762	1201	1561
1160	2754	1195	1559
1161	2770	1197	1573
1162	2783	1185	1598
1163	2774	1195	1579
1164	2764	1202	1562
1165	2745	1190	1555
1166	2762	1190	1572
1167	2748	1196	1552
1168	2717	1188	1529
1169	2728	1194	1534
1170	2729	1191	1538
1171	2750	1193	1557
1172	2779	1188	1591
1173	2825	1184	1641
1174	2866	1193	1673
1175	2852	1197	1655
1176	2849	1201	1648
1177	2852	1198	1654
1178	2865	1199	1666
1179	2891	1195	1696
1180	2865	1197	1668
1181	2902	1201	1701
1182	2973	1191	1782
1183	2983	1199	1784
1184	2989	1204	1785
1185	3059	1198	1861
1186	3057	1196	1861
1187	3077	1197	1880
1188	3131	1192	1939
1189	3118	1192	1926
1190	3123	1197	1926
1191	3117	1201	1916
1192	3130	1204	1926
1193	3153	1202	1951
1194	3192	1205	1987
1195	3160	1204	1956
1196	3169	1189	1980
1197	3251	1190	2061
1198	3294	1195	2099
1199	3243	1194	2049
1200	3229	1186	2043
1201	3229	1185	2044
1202	3293	1194	2099
1203	3355	1197	2158
1204	3314	1195	2119
1205	3344	1200	2144
1206	3309	1201	2108
1207	3296	1199	2097
1208	3308	1202	2106
1209	3270	1213	2057
1210	3305	1212	2093
1211	3270	1198	2072
1212	3262	1198	2064
1213	3226	1207	2019
1214	3216	1196	2020
1215	3253	1190	2063
1216	3206	1193	2013
1217	3200	1199	2001
1218	3199	1200	1999
1219	3180	1201	1979
1220	3119	1200	1919
1221	3093	1197	1896
1222	3062	1197	1865
1223	3057	1192	1865
1224	3056	1181	1875
1225	3045	1189	1856
1226	3037	1201	1836
1227	3023	1213	1810
1228	3001	1208	1793
1229	3023	1204	1819
1230	3001	1196	1805
1231	2967	1192	1775
1232	2933	1194	1739
1233	2885	1200	1685
1234	2863	1203	1660
1235	2858	1198	1660
1236	2865	1200	1665
1237	2824	1203	1621
1238	2792	1182	1610
1239	2819	1191	1628
1240	2823	1198	1625
1241	2833	1200	1633
1242	2830	1202	1628
1243	2794	1196	1598
1244	2804	1183	1621
1245	2815	1190	1625
1246	2766	1199	1567
1247	2799	1205	1594
1248	2794	1197	1597
1249	2729	1194	1535
1250	2730	1189	1541
1251	2765	1193	1572
1252	2756	1192	1564
1253	2768	1192	1576
1254	2767	1185	1582
1255	2767	1198	1569
1256	2758	1202	1556
1257	2763	1200	1563
1258	2724	1199	1525
1259	2717	1194	1523
1260	2736	1199	1537
1261	2772	1208	1564
1262	2788	1200	1588
1263	2778	1196	1582
1264	2805	1182	1623
1265	2810	1197	1613
1266	2817	1203	1614
1267	2808	1210	1598
1268	2844	1206	1638
1269	2878	1203	1675
1270	2842	1199	1643
1271	2835	1194	1641
1272	2876	1193	1683
1273	2903	1202	1701
1274	2926	1197	1729
1275	2900	1191	1709
1276	2957	1198	1759
1277	2963	1192	1771
1278	2954	1193	1761
1279	2965	1196	1769
1280	2977	1193	1784
1281	3017	1202	1815
1282	3047	1199	1848
1283	3036	1200	1836
1284	3017	1200	1817
1285	3061	1190	1871
1286	3095	1194	1901
1287	3126	1208	1918
1288	3116	1206	1910
1289	3131	1214	1917
1290	3160	1207	1953
1291	3216	1204	2012
1292	3144	1196	1948
1293	3164	1191	1973
1294	3183	1192	1991
1295	3178	1196	1982
1296	3189	1203	1986
1297	3190	1210	1980
1298	3175	1203	1972
1299	3169	1195	1974
1300	3163	1195	1968
1301	3226	1202	2024
1302	3229	1203	2026
1303	3223	1202	2021
1304	3212	1200	2012
1305	3227	1200	2027
1306	3238	1203	2035
1307	3217	1200	2017
1308	3190	1201	1989
1309	3184	1186	1998
1310	3189	1189	2000
1311	3133	1197	1936
1312	3061	1192	1869
1313	3070	1193	1877
1314	3126	1195	1931
1315	3094	1194	1900
1316	3121	1193	1928
1317	3102	1197	1905
1318	3001	1203	1798
1319	3009	1197	1812
1320	3003	1193	1810
1321	2965	1189	1776
1322	2961	1197	1764
1323	2960	1208	1752
1324	2906	1205	1701
1325	2912	1191	1721
1326	2922	1197	1725
1327	2893	1205	1688
1328	2823	1194	1629
1329	2826	1193	1633
1330	2839	1207	1632
1331	2801	1197	1604
1332	2789	1200	1589
1333	2780	1203	1577
1334	2780	1193	1587
1335	2739	1199	1540
1336	2709	1206	1503
1337	2686	1201	1485
1338	2705	1208	1497
1339	2719	1207	1512
1340	2709	1197	1512
1341	2661	1203	1458
1342	2623	1198	1425
1343	2628	1198	1430
1344	2619	1204	1415
1345	2612	1201	1411
1346	2590	1198	1392
1347	2590	1200	1390
1348	2574	1202	1372
1349	2607	1201	1406
1350	2592	1195	1397
1351	2567	1195	1372
1352	2595	1206	1389
1353	2586	1205	1381
1354	2561	1194	1367
1355	2590	1193	1397
1356	2581	1198	1383
1357	2593	1193	1400
1358	2557	1192	1365
1359	2529	1201	1328
1360	2535	1194	1341
1361	2549	1186	1363
1362	2539	1200	1339
1363	2581	1197	1384
1364	2624	1196	1428
1365	2576	1205	1371
1366	2574	1206	1368
1367	2610	1198	1412
1368	2605	1208	1397
1369	2588	1207	1381
1370	2607	1201	1406
1371	2634	1197	1437
1372	2632	1191	1441
1373	2637	1201	1436
1374	2627	1198	1429
1375	2644	1194	1450
1376	2646	1193	1453
1377	2683	1209	1474
1378	2695	1199	1496
1379	2706	1198	1508
1380	2732	1199	1533
1381	2717	1203	1514
1382	2731	1206	1525
1383	2769	1201	1568
1384	2806	1201	1605
1385	2808	1195	1613
1386	2799	1195	1604
1387	2808	1204	1604
1388	2839	1198	1641
1389	2831	1199	1632
1390	2828	1207	1621
1391	2878	1203	1675
1392	2875	1200	1675
1393	2893	1201	1692
1394	2854	1201	1653
1395	2841	1204	1637
1396	2867	1204	1663
1397	2917	1205	1712
1398	2946	1198	1748
1399	2923	1187	1736
1400	2882	1185	1697
1401	2945	1193	1752
1402	2963	1196	1767
1403	2966	1204	1762
1404	2928	1211	1717
1405	2949	1215	1734
1406	2960	1217	1743
1407	2943	1209	1734
1408	2935	1208	1727
1409	2961	1211	1750
1410	2977	1206	1771
1411	2952	1193	1759
1412	2945	1193	1752
1413	2968	1198	1770
1414	2964	1200	1764
1415	2924	1196	1728
1416	2960	1197	1763
1417	2936	1199	1737
1418	2925	1199	1726
1419	2940	1212	1728
1420	2947	1202	1745
1421	2927	1200	1727
1422	2900	1200	1700
1423	2884	1201	1683
1424	2870	1200	1670
1425	2838	1210	1628
1426	2841	1198	1643
1427	2847	1199	1648
1428	2875	1198	1677
1429	2828	1188	1640
1430	2776	1194	1582
1431	2835	1212	1623
1432	2837	1209	1628
1433	2833	1195	1638
1434	2813	1197	1616
1435	2759	1195	1564
1436	2729	1198	1531
1437	2735	1196	1539
1438	2693	1189	1504
1439	2671	1194	1477
1440	2642	1198	1444
1441	2673	1193	1480
1442	2654	1205	1449
1443	2621	1204	1417
1444	2642	1182	1460
1445	2621	1196	1425
1446	2586	1200	1386
1447	2584	1201	1383
1448	2576	1202	1374
1449	2563	1198	1365
1450	2518	1192	1326
1451	2527	1201	1326
1452	2546	1202	1344
1453	2511	1200	1311
1454	2490	1190	1300
1455	2495	1189	1306
1456	2473	1198	1275
1457	2478	1203	1275
1458	2458	1200	1258
1459	2447	1193	1254
1460	2465	1198	1267
1461	2476	1209	1267
1462	2439	1198	1241
1463	2441	1193	1248
1464	2468	1199	1269
1465	2495	1201	1294
1466	2462	1195	1267
1467	2459	1198	1261
1468	2467	1190	1277
1469	2446	1190	1256
1470	2466	1184	1282
1471	2471	1183	1288
1472	2439	1191	1248
1473	2438	1191	1247
1474	2416	1196	1220
1475	2437	1194	1243
1476	2457	1198	1259
1477	2478	1200	1278
1478	2456	1192	1264
1479	2437	1201	1236
1480	2475	1193	1282
1481	2507	1186	1321
1482	2495	1186	1309
1483	2503	1196	1307
1484	2483	1199	1284
1485	2513	1203	1310
1486	2518	1198	1320
1487	2537	1206	1331
1488	2551	1202	1349
1489	2561	1200	1361
1490	2567	1207	1360
1491	2592	1207	1385
1492	2590	1204	1386
1493	2559	1204	1355
1494	2546	1197	1349
1495	2620	1196	1424
1496	2607	1195	1412
1497	2618	1212	1406
1498	2628	1210	1418
1499	2600	1204	1396
1500	2606	1205	1401
1501	2606	1213	1393
1502	2649	1206	1443
1503	2697	1191	1506
1504	2705	1192	1513
1505	2732	1202	1530
1506	2711	1206	1505
1507	2704	1207	1497
1508	2717	1202	1515
1509	2760	1199	1561
1510	2772	1200	1572
1511	2806	1200	1606
1512	2835	1196	1639
1513	2823	1197	1626
1514	2842	1195	1647
1515	2907	1202	1705
1516	2890	1204	1686
1517	2852	1198	1654
1518	2893	1201	1692
1519	2871	1201	1670
1520	2887	1197	1690
1521	2937	1209	1728
1522	2891	1199	1692
1523	2902	1207	1695
1524	2918	1202	1716
1525	2908	1193	1715
1526	2920	1193	1727
1527	2898	1199	1699
1528	2917	1201	1716
1529	3002	1193	1809
1530	3012	1198	1814
1531	2962	1207	1755
1532	3003	1206	1797
1533	2980	1214	1766
1534	2991	1201	1790
1535	3015	1206	1809
1536	2981	1210	1771
1537	2959	1202	1757
1538	2950	1195	1755
1539	2928	1195	1733
1540	2964	1201	1763
1541	2969	1198	1771
1542	2912	1202	1710
1543	2901	1197	1704
1544	2929	1208	1721
1545	2978	1210	1768
1546	2955	1207	1748
1547	2931	1210	1721
1548	2931	1208	1723
1549	2905	1203	1702
1550	2854	1203	1651
1551	2855	1205	1650
1552	2868	1200	1668
1553	2879	1195	1684
1554	2871	1197	1674
1555	2861	1208	1653
1556	2837	1202	1635
1557	2862	1188	1674
1558	2814	1191	1623
1559	2794	1197	1597
1560	2780	1197	1583
1561	2745	1204	1541
1562	2740	1206	1534
1563	2716	1199	1517
1564	2739	1195	1544
1565	2712	1191	1521
1566	2704	1200	1504
1567	2652	1202	1450
1568	2648	1201	1447
1569	2675	1198	1477
1570	2731	1197	1534
1571	2744	1195	1549
1572	2673	1193	1480
1573	2637	1201	1436
1574	2609	1195	1414
1575	2644	1203	1441
1576	2633	1198	1435
1577	2612	1200	1412
1578	2609	1200	1409
1579	2611	1198	1413
1580	2591	1202	1389
1581	2569	1199	1370
1582	2575	1199	1376
1583	2586	1203	1383
1584	2566	1201	1365
1585	2545	1197	1348
1586	2512	1205	1307
1587	2503	1209	1294
1588	2528	1202	1326
1589	2546	1203	1343
1590	2514	1200	1314
1591	2498	1203	1295
1592	2492	1204	1288
1593	2519	1196	1323
1594	2485	1192	1293
1595	2490	1206	1284
1596	2506	1210	1296
1597	2495	1203	1292
1598	2470	1203	1267
1599	2444	1201	1243
1600	2483	1197	1286
1601	2496	1199	1297
1602	2463	1199	1264
1603	2513	1197	1316
1604	2583	1195	1388
1605	2527	1199	1328
1606	2475	1199	1276
1607	2490	1198	1292
1608	2473	1206	1267
1609	2528	1204	1324
1610	2561	1204	1357
1611	2558	1194	1364
1612	2559	1199	1360
1613	2589	1204	1385
1614	2608	1195	1413
1615	2615	1197	1418
1616	2559	1195	1364
1617	2546	1191	1355
1618	2532	1200	1332
1619	2580	1193	1387
1620	2617	1192	1425
1621	2618	1193	1425
1622	2590	1193	1397
1623	2611	1195	1416
1624	2672	1190	1482
1625	2676	1192	1484
1626	2684	1194	1490
1627	2723	1203	1520
1628	2698	1197	1501
1629	2717	1196	1521
1630	2748	1196	1552
1631	2766	1198	1568
1632	2753	1197	1556
1633	2776	1201	1575
1634	2782	1199	1583
1635	2758	1203	1555
1636	2762	1208	1554
1637	2808	1204	1604
1638	2824	1199	1625
1639	2842	1189	1653
1640	2836	1192	1644
1641	2834	1208	1626
1642	2876	1207	1669
1643	2933	1208	1725
1644	2870	1201	1669
1645	2865	1201	1664
1646	2915	1194	1721
1647	2945	1193	1752
1648	2947	1198	1749
1649	2983	1206	1777
1650	2956	1205	1751
1651	2929	1208	1721
1652	2948	1209	1739
1653	2977	1202	1775
1654	3005	1200	1805
1655	3013	1204	1809
1656	2997	1199	1798
1657	3053	1205	1848
1658	3057	1203	1854
1659	3059	1198	1861
1660	3075	1207	1868
1661	3079	1200	1879
1662	3067	1196	1871
1663	3103	1196	1907
1664	3087	1199	1888
1665	3095	1203	1892
1666	3130	1199	1931
1667	3134	1199	1935
1668	3145	1190	1955
1669	3153	1202	1951
1670	3129	1196	1933
1671	3206	1195	2011
1672	3178	1196	1982
1673	3105	1199	1906
1674	3136	1200	1936
1675	3146	1199	1947
1676	3120	1191	1929
1677	3156	1190	1966
1678	3147	1188	1959
1679	3135	1193	1942
1680	3114	1202	1912
1681	3133	1206	1927
1682	3081	1205	1876
1683	3078	1203	1875
1684	3106	1202	1904
1685	3051	1203	1848
1686	3004	1198	1806
1687	3051	1201	1850
1688	3068	1199	1869
1689	3095	1198	1897
1690	3020	1198	1822
1691	3002	1199	1803
1692	2985	1200	1785
1693	3017	1192	1825
1694	3030	1196	1834
1695	3022	1202	1820
1696	3012	1205	1807
1697	2995	1196	1799
1698	2977	1192	1785
1699	2962	1201	1761
1700	2953	1203	1750
1701	2935	1195	1740
1702	2948	1195	1753
1703	2924	1206	1718
1704	2907	1196	1711
1705	2869	1191	1678
1706	2883	1187	1696
1707	2884	1192	1692
1708	2844	1199	1645
1709	2822	1198	1624
1710	2819	1195	1624
1711	2823	1209	1614
1712	2776	1201	1575
1713	2780	1192	1588
1714	2811	1196	1615
1715	2790	1205	1585
1716	2770	1198	1572
1717	2761	1200	1561
1718	2773	1203	1570
1719	2737	1195	1542
1720	2721	1195	1526
1721	2723	1202	1521
1722	2685	1200	1485
1723	2656	1204	1452
1724	2684	1193	1491
1725	2690	1189	1501
1726	2693	1194	1499
1727	2663	1203	1460
1728	2639	1209	1430
1729	2664	1203	1461
1730	2653	1199	1454
1731	2633	1197	1436
1732	2673	1196	1477
1733	2649	1194	1455
1734	2636	1199	1437
1735	2635	1196	1439
1736	2604	1194	1410
1737	2656	1197	1459
1738	2671	1204	1467
1739	2632	1204	1428
1740	2613	1201	1412
1741	2644	1206	1438
1742	2649	1209	1440
1743	2626	1209	1417
1744	2590	1204	1386
1745	2641	1209	1432
1746	2676	1200	1476
1747	2642	1193	1449
1748	2645	1192	1453
1749	2645	1198	1447
1750	2657	1202	1455
1751	2682	1206	1476
1752	2700	1200	1500
1753	2676	1196	1480
1754	2655	1202	1453
1755	2667	1202	1465
1756	2685	1201	1484
1757	2724	1209	1515
1758	2727	1208	1519
1759	2702	1205	1497
1760	2689	1204	1485
1761	2716	1203	1513
1762	2722	1199	1523
1763	2760	1199	1561
1764	2793	1195	1598
1765	2809	1198	1611
1766	2806	1197	1609
1767	2830	1202	1628
1768	2844	1201	1643
1769	2818	1207	1611
1770	2832	1190	1642
1771	2902	1203	1699
1772	2929	1207	1722
1773	2945	1193	1752
1774	2956	1184	1772
1775	2946	1200	1746
1776	2980	1194	1786
1777	3035	1194	1841
1778	3039	1208	1831
1779	2986	1206	1780
1780	3023	1208	1815
1781	3073	1210	1863
1782	3081	1202	1879
1783	3089	1198	1891
1784	3105	1197	1908
1785	3129	1195	1934
1786	3126	1185	1941
1787	3122	1198	1924
1788	3116	1196	1920
1789	3137	1190	1947
1790	3163	1197	1966
1791	3194	1197	1997
1792	3209	1208	2001
1793	3203	1214	1989
1794	3197	1199	1998
1795	3180	1200	1980
1796	3227	1191	2036
1797	3282	1186	2096
1798	3267	1187	2080
1799	3291	1198	2093
1800	3267	1199	2068
1801	3338	1196	2142
1802	3349	1191	2158
1803	3376	1190	2186
1804	3393	1196	2197
1805	3400	1203	2197
1806	3404	1198	2206
1807	3407	1196	2211
1808	3384	1197	2187
1809	3457	1201	2256
1810	3472	1193	2279
1811	3457	1193	2264
1812	3489	1192	2297
1813	3492	1192	2300
1814	3439	1188	2251
1815	3494	1187	2307
1816	3524	1195	2329
1817	3516	1200	2316
1818	3537	1197	2340
1819	3508	1195	2313
1820	3507	1190	2317
1821	3567	1198	2369
1822	3552	1200	2352
1823	3532	1199	2333
1824	3512	1197	2315
1825	3548	1189	2359
1826	3580	1187	2393
1827	3551	1191	2360
1828	3574	1193	2381
1829	3618	1194	2424
1830	3622	1198	2424
1831	3602	1200	2402
1832	3607	1202	2405
1833	3631	1207	2424
1834	3606	1199	2407
1835	3621	1198	2423
1836	3667	1194	2473
1837	3649	1195	2454
1838	3658	1194	2464
1839	3628	1198	2430
1840	3612	1202	2410
1841	3690	1197	2493
1842	3652	1197	2455
1843	3589	1198	2391
1844	3593	1191	2402
1845	3583	1197	2386
1846	3564	1194	2370
1847	3573	1192	2381
1848	3509	1198	2311
1849	3458	1196	2262
1850	3449	1189	2260
1851	3431	1199	2232
1852	3460	1206	2254
1853	3446	1205	2241
1854	3433	1199	2234
1855	3449	1202	2247
1856	3432	1207	2225
1857	3410	1202	2208
1858	3379	1190	2189
1859	3399	1201	2198
1860	3404	1199	2205
1861	3410	1207	2203
1862	3374	1203	2171
1863	3400	1193	2207
1864	3416	1192	2224
1865	3425	1200	2225
1866	3438	1196	2242
1867	3443	1198	2245
1868	3384	1198	2186
1869	3380	1197	2183
1870	3430	1192	2238
1871	3403	1201	2202
1872	3380	1199	2181
1873	3364	1198	2166
1874	3340	1203	2137
1875	3323	1204	2119
1876	3328	1197	2131
1877	3254	1201	2053
1878	3248	1207	2041
1879	3235	1199	2036
1880	3192	1200	1992
1881	3255	1208	2047
1882	3230	1198	2032
1883	3165	1187	1978
1884	3188	1195	1993
1885	3188	1203	1985
1886	3163	1210	1953
1887	3160	1201	1959
1888	3069	1198	1871
1889	3083	1200	1883
1890	3098	1204	1894
1891	3025	1206	1819
1892	3043	1200	1843
1893	3050	1201	1849
1894	3070	1194	1876
1895	3077	1195	1882
1896	3073	1195	1878
1897	3069	1199	1870
1898	3094	1189	1905
1899	3049	1192	1857
1900	3066	1203	1863
1901	3066	1197	1869
1902	3103	1199	1904
1903	3182	1203	1979
1904	3094	1191	1903
1905	3082	1185	1897
1906	3102	1183	1919
1907	3134	1190	1944
1908	3131	1189	1942
1909	3142	1204	1938
1910	3125	1197	1928
1911	3112	1199	1913
1912	3146	1197	1949
1913	3187	1199	1988
1914	3156	1198	1958
1915	3122	1201	1921
1916	3109	1193	1916
1917	3045	1188	1857
1918	3103	1196	1907
1919	3121	1190	1931
1920	3040	1191	1849
1921	3017	1197	1820
1922	3063	1199	1864
1923	3032	1200	1832
1924	2987	1200	1787
1925	3029	1194	1835
1926	3087	1196	1891
1927	3086	1204	1882
1928	3034	1210	1824
1929	3047	1201	1846
1930	3044	1189	1855
1931	3068	1194	1874
1932	3081	1197	1884
1933	3111	1204	1907
1934	3060	1198	1862
1935	3065	1200	1865
1936	3108	1194	1914
1937	3155	1196	1959
1938	3127	1200	1927
1939	3144	1200	1944
1940	3150	1197	1953
1941	3166	1205	1961
1942	3156	1197	1959
1943	3162	1202	1960
1944	3178	1203	1975
1945	3162	1200	1962
1946	3172	1199	1973
1947	3213	1207	2006
1948	3192	1201	1991
1949	3168	1199	1969
1950	3226	1189	2037
1951	3280	1190	2090
1952	3233	1198	2035
1953	3245	1200	2045
1954	3280	1196	2084
1955	3339	1197	2142
1956	3296	1198	2098
1957	3301	1197	2104
1958	3252	1195	2057
1959	3281	1200	2081
1960	3346	1204	2142
1961	3398	1209	2189
1962	3347	1212	2135
1963	3352	1204	2148
1964	3335	1206	2129
1965	3315	1210	2105
1966	3341	1201	2140
1967	3316	1199	2117
1968	3280	1195	2085
1969	3320	1218	2102
1970	3387	1198	2189
1971	3466	1192	2274
1972	3468	1195	2273
1973	3472	1197	2275
1974	3471	1200	2271
1975	3494	1205	2289
1976	3563	1195	2368
1977	3547	1205	2342
1978	3516	1202	2314
1979	3548	1197	2351
1980	3587	1197	2390
1981	3616	1188	2428
1982	3597	1199	2398
1983	3578	1213	2365
1984	3583	1204	2379
1985	3589	1192	2397
1986	3554	1186	2368
1987	3624	1184	2440
1988	3664	1190	2474
1989	3668	1188	2480
1990	3621	1190	2431
1991	3659	1198	2461
1992	3726	1199	2527
1993	3687	1211	2476
1994	3659	1200	2459
1995	3677	1190	2487
1996	3715	1191	2524
1997	3722	1187	2535
1998	3751	1200	2551
1999	3819	1201	2618
2000	3828	1193	2635
2001	3837	1188	2649
2002	3864	1193	2671
2003	3871	1203	2668
2004	3870	1201	2669
2005	3892	1197	2695
2006	3897	1205	2692
2007	3983	1197	2786
2008	3944	1196	2748
2009	3925	1203	2722
2010	3964	1198	2766
2011	3982	1194	2788
2012	3922	1195	2727
2013	3915	1201	2714
2014	3895	1193	2702
2015	3846	1193	2653
2016	3877	1193	2684
2017	3860	1197	2663
2018	3881	1206	2675
2019	3903	1203	2700
2020	3866	1189	2677
2021	3864	1197	2667
2022	3881	1199	2682
2023	3889	1196	2693
2024	3829	1193	2636
2025	3844	1206	2638
2026	3845	1197	2648
2027	3755	1194	2561
2028	3807	1192	2615
2029	3792	1188	2604
2030	3780	1192	2588
2031	3799	1202	2597
2032	3806	1199	2607
2033	3803	1208	2595
2034	3713	1203	2510
2035	3681	1196	2485
2036	3680	1189	2491
2037	3716	1201	2515
2038	3722	1198	2524
2039	3699	1192	2507
2040	3652	1203	2449
2041	3644	1200	2444
2042	3622	1188	2434
2043	3673	1195	2478
2044	3619	1210	2409
2045	3608	1209	2399
2046	3623	1197	2426
2047	3610	1193	2417
2048	3591	1207	2384
2049	3615	1201	2414
2050	3570	1200	2370
2051	3543	1211	2332
2052	3546	1206	2340
2053	3539	1203	2336
2054	3563	1191	2372
2055	3589	1189	2400
2056	3568	1201	2367
2057	3598	1201	2397
2058	3596	1200	2396
2059	3645	1202	2443
2060	3670	1199	2471
2061	3702	1194	2508
2062	3697	1194	2503
2063	3708	1197	2511
2064	3707	1200	2507
2065	3708	1190	2518
2066	3684	1201	2483
2067	3717	1198	2519
2068	3733	1197	2536
2069	3755	1205	2550
2070	3784	1200	2584
2071	3765	1205	2560
2072	3777	1200	2577
2073	3754	1199	2555
2074	3622	1207	2415
2075	3633	1205	2428
2076	3646	1194	2452
2077	3641	1191	2450
2078	3707	1205	2502
2079	3632	1202	2430
2080	3575	1204	2371
2081	3596	1201	2395
2082	3548	1196	2352
2083	3535	1205	2330
2084	3565	1208	2357
2085	3522	1201	2321
2086	3548	1194	2354
2087	3514	1204	2310
2088	3440	1207	2233
2089	3410	1213	2197
2090	3394	1201	2193
2091	3414	1202	2212
2092	3403	1195	2208
2093	3365	1186	2179
2094	3360	1199	2161
2095	3393	1197	2196
2096	3343	1187	2156
2097	3323	1200	2123
2098	3395	1191	2204
2099	3414	1192	2222
2100	3403	1197	2206
2101	3447	1203	2244
2102	3448	1190	2258
2103	3465	1188	2277
2104	3440	1194	2246
2105	3446	1200	2246
2106	3448	1205	2243
2107	3476	1199	2277
2108	3472	1199	2273
2109	3434	1205	2229
2110	3408	1207	2201
2111	3408	1205	2203
2112	3449	1201	2248
2113	3382	1206	2176
2114	3417	1201	2216
2115	3446	1185	2261
2116	3466	1189	2277
2117	3490	1201	2289
2118	3510	1199	2311
2119	3547	1198	2349
2120	3530	1197	2333
2121	3567	1194	2373
2122	3565	1192	2373
2123	3570	1186	2384
2124	3628	1185	2443
2125	3679	1197	2482
2126	3641	1203	2438
2127	3578	1205	2373
2128	3582	1200	2382
2129	3600	1197	2403
2130	3527	1205	2322
2131	3508	1201	2307
2132	3464	1192	2272
2133	3440	1193	2247
2134	3451	1196	2255
2135	3445	1201	2244
2136	3411	1198	2213
2137	3360	1186	2174
2138	3347	1187	2160
2139	3372	1196	2176
2140	3312	1207	2105
2141	3318	1199	2119
2142	3371	1195	2176
2143	3451	1193	2258
2144	3453	1189	2264
2145	3507	1194	2313
2146	3504	1194	2310
2147	3513	1203	2310
2148	3516	1196	2320
2149	3553	1190	2363
2150	3564	1196	2368
2151	3539	1212	2327
2152	3570	1201	2369
2153	3546	1187	2359
2154	3524	1195	2329
2155	3566	1209	2357
2156	3528	1200	2328
2157	3538	1187	2351
2158	3550	1182	2368
2159	3560	1188	2372
2160	3583	1190	2393
2161	3601	1201	2400
2162	3613	1196	2417
2163	3653	1198	2455
2164	3602	1205	2397
2165	3599	1207	2392
2166	3622	1199	2423
2167	3685	1197	2488
2168	3725	1193	2532
2169	3753	1190	2563
2170	3760	1191	2569
2171	3758	1202	2556
2172	3794	1202	2592
2173	3751	1200	2551
2174	3720	1197	2523
2175	3798	1195	2603
2176	3838	1191	2647
2177	3883	1194	2689
2178	3904	1192	2712
2179	3875	1194	2681
2180	3921	1197	2724
2181	3920	1189	2731
2182	3915	1191	2724
2183	3949	1192	2757
2184	3953	1187	2766
2185	3960	1194	2766
2186	3973	1206	2767
2187	4019	1212	2807
2188	4065	1199	2866
2189	4024	1195	2829
2190	4042	1197	2845
2191	4065	1200	2865
2192	4078	1203	2875
2193	4036	1201	2835
2194	4088	1197	2891
2195	4193	1209	2984
2196	4256	1206	3050
2197	4304	1204	3100
2198	4324	1203	3121
2199	4357	1201	3156
2200	4465	1194	3271
2201	4493	1194	3299
2202	4492	1205	3287
2203	4472	1208	3264
2204	4417	1206	3211
2205	4424	1204	3220
2206	4382	1200	3182
2207	4331	1197	3134
2208	4255	1198	3057
2209	4198	1199	2999
2210	4215	1196	3019
2211	4216	1200	3016
2212	4151	1195	2956
2213	4065	1191	2874
2214	4046	1198	2848
2215	4068	1195	2873
2216	4045	1195	2850
2217	4058	1196	2862
2218	4049	1193	2856
2219	4047	1200	2847
2220	4075	1200	2875
2221	4042	1202	2840
2222	4029	1202	2827
2223	4052	1201	2851
2224	4026	1190	2836
2225	3979	1196	2783
2226	3920	1206	2714
2227	3943	1203	2740
2228	3932	1199	2733
2229	3976	1197	2779
2230	3988	1196	2792
2231	3977	1195	2782
2232	3989	1199	2790
2233	4031	1201	2830
2234	4044	1196	2848
2235	4134	1208	2926
2236	4162	1200	2962
2237	4130	1203	2927
2238	4120	1198	2922
2239	4160	1196	2964
2240	4229	1197	3032
2241	4231	1197	3034
2242	4195	1195	3000
2243	4210	1198	3012
2244	4238	1195	3043
2245	4257	1194	3063
2246	4235	1195	3040
2247	4273	1204	3069
2248	4296	1203	3093
2249	4260	1209	3051
2250	4291	1205	3086
2251	4302	1199	3103
2252	4322	1198	3124
2253	4343	1202	3141
2254	4317	1199	3118
2255	4350	1209	3141
2256	4371	1193	3178
2257	4290	1192	3098
2258	4297	1202	3095
2259	4269	1200	3069
2260	4306	1188	3118
2261	4307	1196	3111
2262	4261	1196	3065
2263	4234	1204	3030
2264	4207	1194	3013
2265	4195	1195	3000
2266	4181	1206	2975
2267	4158	1212	2946
2268	4162	1207	2955
2269	4173	1203	2970
2270	4185	1195	2990
2271	4128	1192	2936
2272	4123	1201	2922
2273	4117	1207	2910
2274	4074	1198	2876
2275	4100	1199	2901
2276	4148	1199	2949
2277	4144	1189	2955
2278	4069	1193	2876
2279	4098	1201	2897
2280	4070	1208	2862
2281	4015	1195	2820
2282	3993	1188	2805
2283	4001	1192	2809
2284	4030	1188	2842
2285	3990	1196	2794
2286	3957	1202	2755
2287	3982	1195	2787
2288	3911	1199	2712
2289	4003	1202	2801
2290	3972	1193	2779
2291	3901	1195	2706
2292	3891	1193	2698
2293	3924	1197	2727
2294	3958	1191	2767
2295	4033	1190	2843
2296	3969	1195	2774
2297	4003	1198	2805
2298	3993	1203	2790
2299	3987	1202	2785
2300	3987	1202	2785
2301	3932	1200	2732
2302	3894	1196	2698
2303	3858	1192	2666
2304	3868	1205	2663
2305	3898	1201	2697
2306	3919	1195	2724
2307	3926	1197	2729
2308	3925	1192	2733
2309	3953	1197	2756
2310	3962	1194	2768
2311	3998	1199	2799
2312	4042	1197	2845
2313	4036	1204	2832
2314	4026	1207	2819
2315	4020	1209	2811
2316	4071	1206	2865
2317	4063	1199	2864
2318	4048	1197	2851
2319	4061	1198	2863
2320	4052	1193	2859
2321	4034	1196	2838
2322	3921	1207	2714
2323	3886	1200	2686
2324	3940	1188	2752
2325	3939	1189	2750
2326	3926	1196	2730
2327	3917	1192	2725
2328	3888	1196	2692
2329	3825	1205	2620
2330	3790	1199	2591
2331	3830	1191	2639
2332	3852	1195	2657
2333	3779	1196	2583
2334	3730	1200	2530
2335	3739	1198	2541
2336	3729	1198	2531
2337	3686	1216	2470
2338	3681	1204	2477
2339	3652	1204	2448
2340	3589	1198	2391
2341	3573	1195	2378
2342	3570	1198	2372
2343	3580	1201	2379
2344	3536	1193	2343
2345	3512	1195	2317
2346	3560	1205	2355
2347	3620	1207	2413
2348	3645	1198	2447
2349	3690	1196	2494
2350	3735	1197	2538
2351	3749	1208	2541
2352	3741	1204	2537
2353	3770	1200	2570
2354	3797	1195	2602
2355	3814	1200	2614
2356	3860	1198	2662
2357	3880	1190	2690
2358	3852	1198	2654
2359	3867	1203	2664
2360	3853	1203	2650
2361	3886	1205	2681
2362	3888	1205	2683
2363	3859	1202	2657
2364	3911	1198	2713
2365	3981	1200	2781
2366	3947	1202	2745
2367	3918	1201	2717
2368	3872	1202	2670
2369	3910	1203	2707
2370	3916	1207	2709
2371	3862	1205	2657
2372	3861	1202	2659
2373	3813	1203	2610
2374	3769	1202	2567
2375	3749	1206	2543
2376	3722	1192	2530
2377	3741	1197	2544
2378	3713	1190	2523
2379	3756	1190	2566
2380	3789	1190	2599
2381	3795	1190	2605
2382	3767	1192	2575
2383	3731	1193	2538
2384	3743	1207	2536
2385	3802	1203	2599
2386	3812	1191	2621
2387	3805	1193	2612
2388	3777	1199	2578
2389	3767	1195	2572
2390	3724	1189	2535
2391	3692	1195	2497
2392	3725	1194	2531
2393	3722	1186	2536
2394	3723	1193	2530
2395	3670	1200	2470
2396	3688	1204	2484
2397	3713	1203	2510
2398	3650	1195	2455
2399	3685	1201	2484
2400	3684	1196	2488
2401	3686	1190	2496
2402	3694	1192	2502
2403	3688	1197	2491
2404	3724	1194	2530
2405	3707	1191	2516
2406	3740	1197	2543
2407	3749	1201	2548
2408	3767	1192	2575
2409	3799	1189	2610
2410	3834	1201	2633
2411	3854	1205	2649
2412	3894	1206	2688
2413	3938	1198	2740
2414	3967	1192	2775
2415	4013	1207	2806
2416	4033	1204	2829
2417	4074	1193	2881
2418	4111	1192	2919
2419	4151	1194	2957
2420	4113	1182	2931
2421	4120	1188	2932
2422	4137	1210	2927
2423	4173	1211	2962
2424	4158	1202	2956
2425	4143	1200	2943
2426	4099	1202	2897
2427	4133	1193	2940
2428	4168	1185	2983
2429	4203	1194	3009
2430	4189	1199	2990
2431	4248	1199	3049
2432	4287	1194	3093
2433	4327	1196	3131
2434	4289	1189	3100
2435	4293	1186	3107
2436	4267	1182	3085
2437	4307	1187	3120
2438	4345	1203	3142
2439	4328	1202	3126
2440	4198	1205	2993
2441	4133	1210	2923
2442	4155	1196	2959
2443	4136	1194	2942
2444	4166	1193	2973
2445	4189	1196	2993
2446	4207	1198	3009
2447	4210	1196	3014
2448	4150	1192	2958
2449	4187	1204	2983
2450	4279	1206	3073
2451	4291	1205	3086
2452	4289	1202	3087
2453	4273	1202	3071
2454	4286	1202	3084
2455	4305	1199	3106
2456	4255	1196	3059
2457	4226	1201	3025
2458	4227	1204	3023
2459	4274	1195	3079
2460	4254	1194	3060
2461	4214	1198	3016
2462	4296	1198	3098
2463	4361	1203	3158
2464	4424	1200	3224
2465	4427	1194	3233
2466	4400	1195	3205
2467	4427	1192	3235
2468	4436	1199	3237
2469	4431	1204	3227
2470	4442	1198	3244
2471	4425	1194	3231
2472	4385	1187	3198
2473	4407	1195	3212
2474	4390	1192	3198
2475	4381	1196	3185
2476	4439	1206	3233
2477	4397	1201	3196
2478	4403	1194	3209
2479	4431	1202	3229
2480	4413	1204	3209
2481	4377	1203	3174
2482	4428	1194	3234
2483	4434	1195	3239
2484	4391	1191	3200
2485	4442	1195	3247
2486	4437	1197	3240
2487	4444	1205	3239
2488	4421	1194	3227
2489	4468	1186	3282
2490	4538	1195	3343
2491	4532	1191	3341
2492	4463	1196	3267
2493	4538	1202	3336
2494	4667	1193	3474
2495	4680	1196	3484
2496	4722	1207	3515
2497	4764	1201	3563
2498	4779	1188	3591
2499	4833	1186	3647
2500	4913	1198	3715
2501	5322	1192	4130
2502	6006	1194	4812
2503	6780	1203	5577
2504	7465	1194	6271
2505	8058	1196	6862
2506	8218	1189	7029
2507	8212	1188	7024
2508	8181	1191	6990
2509	8205	1192	7013
2510	8184	1199	6985
2511	7819	1198	6621
2512	7218	1193	6025
2513	6557	1202	5355
2514	5862	1200	4662
2515	5361	1198	4163
2516	5169	1205	3964
2517	5062	1198	3864
2518	4992	1195	3797
2519	4875	1191	3684
2520	4771	1189	3582
2521	4748	1187	3561
2522	4674	1190	3484
2523	4617	1203	3414
2524	4619	1198	3421
2525	4565	1196	3369
2526	4530	1203	3327
2527	4521	1199	3322
2528	4525	1200	3325
2529	4574	1199	3375
2530	4557	1199	3358
2531	4575	1197	3378
2532	4602	1190	3412
2533	4574	1184	3390
2534	4614	1193	3421
2535	4661	1201	3460
2536	4589	1201	3388
2537	4571	1195	3376
2538	4679	1192	3487
2539	4708	1197	3511
2540	4577	1188	3389
2541	4512	1198	3314
2542	4534	1196	3338
2543	4521	1196	3325
2544	4522	1194	3328
2545	4517	1200	3317
2546	4473	1191	3282
2547	4468	1181	3287
2548	4431	1193	3238
2549	4433	1196	3237
2550	4393	1184	3209
2551	4347	1192	3155
2552	4348	1195	3153
2553	4382	1198	3184
2554	4398	1199	3199
2555	4425	1204	3221
2556	4398	1202	3196
2557	4401	1199	3202
2558	4382	1188	3194
2559	4333	1190	3143
2560	4303	1197	3106
2561	4314	1198	3116
2562	4305	1207	3098
2563	4350	1199	3151
2564	4293	1183	3110
2565	4236	1194	3042
2566	4176	1199	2977
2567	4163	1201	2962
2568	4113	1194	2919
2569	4102	1198	2904
2570	4077	1200	2877
2571	4064	1198	2866
2572	4007	1196	2811
2573	3973	1187	2786
2574	3959	1193	2766
2575	4006	1203	2803
2576	4107	1208	2899
2577	4197	1200	2997
2578	4156	1193	2963
2579	4123	1199	2924
2580	4080	1203	2877
2581	4100	1206	2894
2582	4079	1201	2878
2583	4106	1204	2902
2584	4076	1200	2876
2585	3997	1201	2796
2586	3946	1196	2750
2587	3849	1190	2659
2588	3779	1192	2587
2589	3787	1202	2585
2590	3839	1202	2637
2591	3829	1200	2629
2592	3866	1202	2664
2593	3878	1207	2671
2594	3875	1198	2677
2595	3877	1197	2680
2596	3879	1205	2674
2597	3868	1199	2669
2598	3829	1204	2625
2599	3860	1209	2651
2600	3855	1196	2659
2601	3882	1198	2684
2602	3864	1204	2660
2603	3844	1199	2645
2604	3849	1193	2656
2605	3758	1206	2552
2606	3731	1213	2518
2607	3702	1204	2498
2608	3742	1205	2537
2609	3750	1209	2541
2610	3718	1204	2514
2611	3748	1202	2546
2612	3740	1201	2539
2613	3751	1199	2552
2614	3755	1196	2559
2615	3740	1205	2535
2616	3766	1201	2565
2617	3853	1196	2657
2618	3861	1197	2664
2619	3843	1208	2635
2620	3831	1205	2626
2621	3864	1193	2671
2622	3867	1196	2671
2623	3801	1196	2605
2624	3805	1190	2615
2625	3842	1191	2651
2626	3832	1193	2639
2627	3827	1194	2633
2628	3786	1197	2589
2629	3821	1194	2627
2630	3824	1185	2639
2631	3812	1201	2611
2632	3743	1213	2530
2633	3798	1208	2590
2634	3748	1200	2548
2635	3706	1196	2510
2636	3744	1195	2549
2637	3723	1203	2520
2638	3703	1202	2501
2639	3731	1197	2534
2640	3744	1195	2549
2641	3752	1188	2564
2642	3820	1190	2630
2643	3742	1199	2543
2644	3730	1202	2528
2645	3788	1206	2582
2646	3774	1201	2573
2647	3840	1197	2643
2648	3882	1193	2689
2649	3866	1190	2676
2650	3824	1197	2627
2651	3786	1196	2590
2652	3779	1194	2585
2653	3748	1192	2556
2654	3799	1200	2599
2655	3788	1203	2585
2656	3800	1201	2599
2657	3856	1200	2656
2658	3796	1192	2604
2659	3808	1200	2608
2660	3837	1205	2632
2661	3821	1209	2612
2662	3858	1201	2657
2663	3886	1193	2693
2664	3927	1197	2730
2665	3978	1208	2770
2666	3965	1208	2757
2667	3913	1195	2718
2668	3892	1186	2706
2669	3855	1197	2658
2670	3849	1196	2653
2671	3872	1198	2674
2672	3878	1198	2680
2673	3912	1203	2709
2674	3870	1207	2663
2675	3901	1201	2700
2676	3927	1197	2730
2677	3883	1202	2681
2678	3880	1206	2674
2679	3952	1206	2746
2680	3953	1211	2742
2681	3936	1210	2726
2682	3945	1205	2740
2683	4009	1205	2804
2684	3978	1194	2784
2685	3997	1196	2801
2686	4003	1205	2798
2687	3986	1203	2783
2688	3909	1201	2708
2689	3939	1197	2742
2690	3940	1198	2742
2691	3922	1207	2715
2692	3895	1206	2689
2693	3864	1195	2669
2694	3924	1196	2728
2695	3920	1206	2714
2696	3863	1199	2664
2697	3911	1196	2715
2698	3966	1197	2769
2699	3967	1196	2771
2700	3947	1197	2750
2701	3923	1199	2724
2702	3861	1191	2670
2703	3878	1196	2682
2704	3937	1202	2735
2705	3911	1200	2711
2706	3870	1203	2667
2707	3853	1197	2656
2708	3824	1199	2625
2709	3808	1200	2608
2710	3801	1194	2607
2711	3792	1197	2595
2712	3786	1203	2583
2713	3765	1209	2556
2714	3766	1202	2564
2715	3796	1200	2596
2716	3783	1194	2589
2717	3751	1195	2556
2718	3708	1205	2503
2719	3749	1213	2536
2720	3753	1205	2548
2721	3761	1192	2569
2722	3744	1201	2543
2723	3734	1207	2527
2724	3659	1209	2450
2725	3677	1202	2475
2726	3687	1198	2489
2727	3663	1202	2461
2728	3687	1203	2484
2729	3692	1195	2497
2730	3683	1185	2498
2731	3651	1200	2451
2732	3666	1197	2469
2733	3693	1199	2494
2734	3623	1202	2421
2735	3641	1209	2432
2736	3626	1195	2431
2737	3668	1191	2477
2738	3693	1193	2500
2739	3642	1195	2447
2740	3619	1199	2420
2741	3652	1199	2453
2742	3670	1193	2477
2743	3661	1204	2457
2744	3589	1202	2387
2745	3551	1205	2346
2746	3555	1201	2354
2747	3511	1197	2314
2748	3476	1190	2286
2749	3480	1186	2294
2750	3484	1185	2299
2751	3525	1194	2331
2752	3578	1195	2383
2753	3552	1192	2360
2754	3487	1194	2293
2755	3488	1197	2291
2756	3495	1192	2303
2757	3553	1193	2360
2758	3537	1197	2340
2759	3524	1203	2321
2760	3499	1190	2309
2761	3492	1196	2296
2762	3484	1198	2286
2763	3518	1207	2311
2764	3527	1200	2327
2765	3543	1194	2349
2766	3517	1191	2326
2767	3546	1180	2366
2768	3541	1183	2358
2769	3611	1201	2410
2770	3603	1199	2404
2771	3582	1200	2382
2772	3596	1202	2394
2773	3598	1198	2400
2774	3556	1197	2359
2775	3586	1202	2384
2776	3598	1202	2396
2777	3584	1196	2388
2778	3625	1194	2431
2779	3625	1198	2427
2780	3597	1190	2407
2781	3615	1192	2423
2782	3626	1194	2432
2783	3597	1195	2402
2784	3567	1194	2373
2785	3589	1193	2396
2786	3603	1194	2409
2787	3666	1202	2464
2788	3694	1202	2492
2789	3672	1199	2473
2790	3670	1191	2479
2791	3720	1198	2522
2792	3723	1189	2534
2793	3706	1199	2507
2794	3664	1199	2465
2795	3704	1199	2505
2796	3703	1202	2501
2797	3693	1192	2501
2798	3752	1190	2562
2799	3692	1198	2494
2800	3681	1200	2481
2801	3682	1202	2480
2802	3693	1200	2493
2803	3727	1195	2532
2804	3755	1193	2562
2805	3826	1204	2622
2806	3827	1197	2630
2807	3815	1194	2621
2808	3832	1193	2639
2809	3854	1191	2663
2810	3872	1190	2682
2811	3885	1200	2685
2812	3882	1204	2678
2813	3879	1200	2679
2814	3897	1199	2698
2815	3926	1201	2725
2816	3861	1199	2662
2817	3847	1202	2645
2818	3822	1202	2620
2819	3819	1202	2617
2820	3854	1196	2658
2821	3824	1197	2627
2822	3828	1202	2626
2823	3816	1207	2609
2824	3818	1197	2621
2825	3834	1190	2644
2826	3832	1191	2641
2827	3804	1195	2609
2828	3829	1194	2635
2829	3853	1198	2655
2830	3818	1200	2618
2831	3841	1206	2635
2832	3875	1200	2675
2833	3885	1201	2684
2834	3918	1207	2711
2835	3898	1203	2695
2836	3917	1193	2724
2837	3962	1196	2766
2838	3947	1207	2740
2839	4021	1210	2811
2840	4091	1208	2883
2841	4044	1202	2842
2842	4059	1199	2860
2843	4099	1198	2901
2844	4091	1191	2900
2845	4033	1200	2833
2846	4015	1196	2819
2847	4047	1199	2848
2848	4038	1201	2837
2849	4002	1194	2808
2850	4010	1194	2816
2851	4012	1205	2807
2852	3981	1198	2783
2853	3996	1198	2798
2854	3975	1200	2775
2855	3961	1197	2764
2856	3922	1201	2721
2857	3936	1207	2729
2858	3935	1205	2730
2859	3902	1197	2705
2860	3854	1195	2659
2861	3791	1203	2588
2862	3694	1198	2496
2863	3621	1191	2430
2864	3679	1190	2489
2865	3674	1194	2480
2866	3703	1192	2511
2867	3721	1197	2524
2868	3666	1207	2459
2869	3666	1205	2461
2870	3677	1200	2477
2871	3690	1201	2489
2872	3703	1198	2505
2873	3732	1201	2531
2874	3748	1201	2547
2875	3749	1203	2546
2876	3726	1204	2522
2877	3730	1206	2524
2878	3757	1207	2550
2879	3731	1203	2528
2880	3701	1194	2507
2881	3684	1198	2486
2882	3689	1202	2487
2883	3682	1203	2479
2884	3613	1199	2414
2885	3580	1193	2387
2886	3561	1190	2371
2887	3527	1206	2321
2888	3517	1201	2316
2889	3511	1199	2312
2890	3512	1204	2308
2891	3505	1195	2310
2892	3451	1197	2254
2893	3451	1204	2247
2894	3492	1190	2302
2895	3461	1188	2273
2896	3476	1196	2280
2897	3496	1188	2308
2898	3509	1194	2315
2899	3596	1200	2396
2900	3582	1190	2392
2901	3553	1196	2357
2902	3519	1191	2328
2903	3561	1194	2367
2904	3534	1198	2336
2905	3510	1199	2311
2906	3474	1194	2280
2907	3493	1191	2302
2908	3494	1197	2297
2909	3503	1201	2302
2910	3502	1194	2308
2911	3479	1194	2285
2912	3444	1194	2250
2913	3434	1190	2244
2914	3461	1197	2264
2915	3493	1192	2301
2916	3483	1187	2296
2917	3473	1196	2277
2918	3491	1198	2293
2919	3532	1194	2338
2920	3520	1194	2326
2921	3489	1208	2281
2922	3445	1200	2245
2923	3414	1189	2225
2924	3456	1187	2269
2925	3433	1195	2238
2926	3329	1197	2132
2927	3336	1190	2146
2928	3329	1191	2138
2929	3305	1201	2104
2930	3272	1197	2075
2931	3248	1192	2056
2932	3193	1191	2002
2933	3222	1191	2031
2934	3252	1201	2051
2935	3268	1198	2070
2936	3280	1187	2093
2937	3291	1188	2103
2938	3305	1187	2118
2939	3379	1184	2195
2940	3467	1201	2266
2941	3496	1205	2291
2942	3506	1201	2305
2943	3544	1203	2341
2944	3559	1202	2357
2945	3590	1204	2386
2946	3561	1190	2371
2947	3561	1190	2371
2948	3585	1197	2388
2949	3542	1195	2347
2950	3540	1196	2344
2951	3516	1200	2316
2952	3428	1197	2231
2953	3399	1198	2201
2954	3313	1196	2117
2955	3322	1197	2125
2956	3340	1183	2157
2957	3314	1187	2127
2958	3257	1191	2066
2959	3282	1183	2099
2960	3306	1191	2115
2961	3337	1195	2142
2962	3301	1194	2107
2963	3252	1190	2062
2964	3231	1193	2038
2965	3278	1195	2083
2966	3286	1198	2088
2967	3300	1197	2103
2968	3275	1189	2086
2969	3287	1216	2071
2970	3279	1207	2072
2971	3331	1196	2135
2972	3372	1193	2179
2973	3397	1197	2200
2974	3422	1193	2229
2975	3447	1191	2256
2976	3471	1194	2277
2977	3456	1200	2256
2978	3449	1198	2251
2979	3474	1200	2274
2980	3498	1199	2299
2981	3479	1196	2283
2982	3481	1191	2290
2983	3480	1200	2280
2984	3460	1200	2260
2985	3424	1193	2231
2986	3469	1203	2266
2987	3439	1205	2234
2988	3348	1199	2149
2989	3381	1202	2179
2990	3386	1208	2178
2991	3355	1198	2157
2992	3337	1194	2143
2993	3367	1198	2169
2994	3385	1194	2191
2995	3383	1191	2192
2996	3372	1196	2176
2997	3471	1204	2267
2998	3490	1198	2292
2999	3515	1202	2313
3000	3535	1196	2339
3001	3538	1192	2346
3002	3520	1201	2319
3003	3519	1203	2316
3004	3553	1201	2352
3005	3592	1194	2398
3006	3583	1186	2397
3007	3588	1190	2398
3008	3536	1191	2345
3009	3517	1197	2320
3010	3486	1195	2291
3011	3455	1197	2258
3012	3478	1193	2285
3013	3493	1192	2301
3014	3506	1193	2313
3015	3524	1197	2327
3016	3520	1187	2333
3017	3493	1185	2308
3018	3495	1195	2300
3019	3482	1198	2284
3020	3473	1195	2278
3021	3443	1196	2247
3022	3438	1194	2244
3023	3391	1195	2196
3024	3362	1194	2168
3025	3472	1193	2279
3026	3460	1187	2273
3027	3522	1187	2335
3028	3537	1195	2342
3029	3534	1202	2332
3030	3584	1194	2390
3031	3634	1198	2436
3032	3571	1193	2378
3033	3571	1182	2389
3034	3617	1196	2421
3035	3662	1193	2469
3036	3695	1190	2505
3037	3644	1199	2445
3038	3640	1200	2440
3039	3644	1199	2445
3040	3654	1196	2458
3041	3622	1193	2429
3042	3593	1186	2407
3043	3599	1197	2402
3044	3579	1203	2376
3045	3528	1204	2324
3046	3529	1200	2329
3047	3478	1198	2280
3048	3415	1198	2217
3049	3453	1200	2253
3050	3475	1188	2287
3051	3485	1187	2298
3052	3453	1199	2254
3053	3485	1193	2292
3054	3492	1194	2298
3055	3548	1199	2349
3056	3580	1197	2383
3057	3553	1191	2362
3058	3546	1188	2358
3059	3518	1199	2319
3060	3562	1206	2356
3061	3592	1201	2391
3062	3598	1203	2395
3063	3600	1207	2393
3064	3576	1202	2374
3065	3612	1201	2411
3066	3637	1193	2444
3067	3626	1195	2431
3068	3548	1189	2359
3069	3524	1193	2331
3070	3550	1191	2359
3071	3583	1191	2392
3072	3536	1190	2346
3073	3565	1197	2368
3074	3576	1197	2379
3075	3532	1200	2332
3076	3606	1201	2405
3077	3673	1205	2468
3078	3762	1197	2565
3079	3831	1200	2631
3080	3854	1195	2659
3081	3937	1197	2740
3082	4033	1204	2829
3083	4045	1209	2836
3084	4057	1199	2858
3085	4090	1200	2890
3086	4178	1201	2977
3087	4245	1205	3040
3088	4241	1195	3046
3089	4314	1193	3121
3090	4349	1190	3159
3091	4382	1193	3189
3092	4443	1201	3242
3093	4603	1207	3396
3094	4660	1205	3455
3095	4776	1211	3565
3096	4931	1203	3728
3097	5128	1197	3931
3098	5288	1201	4087
3099	5421	1198	4223
3100	5509	1204	4305
3101	5585	1199	4386
3102	5603	1191	4412
3103	5648	1191	4457
3104	5716	1196	4520
3105	5860	1197	4663
3106	5866	1196	4670
3107	5912	1198	4714
3108	5952	1198	4754
3109	6067	1198	4869
3110	6180	1198	4982
3111	6277	1197	5080
3112	6405	1205	5200
3113	6642	1207	5435
3114	6643	1195	5448
3115	6561	1197	5364
3116	6490	1194	5296
3117	6444	1191	5253
3118	6369	1192	5177
3119	6290	1191	5099
3120	6240	1196	5044
3121	6206	1203	5003
3122	6238	1204	5034
3123	6395	1197	5198
3124	6546	1196	5350
3125	6650	1201	5449
3126	6759	1204	5555
3127	7050	1200	5850
3128	7296	1203	6093
3129	7527	1207	6320
3130	7822	1202	6620
3131	8060	1201	6859
3132	8057	1193	6864
3133	7934	1197	6737
3134	7859	1201	6658
3135	7834	1212	6622
3136	7931	1202	6729
3137	7937	1203	6734
3138	7905	1203	6702
3139	7815	1204	6611
3140	7671	1193	6478
3141	7551	1194	6357
3142	7453	1196	6257
3143	7468	1195	6273
3144	7549	1197	6352
3145	7497	1197	6300
3146	7435	1193	6242
3147	7520	1193	6327
3148	7688	1197	6491
3149	7877	1204	6673
3150	7998	1204	6794
3151	8097	1201	6896
3152	8264	1199	7065
3153	8581	1204	7377
3154	8941	1192	7749
3155	9282	1186	8096
3156	9533	1188	8345
3157	9754	1192	8562
3158	9921	1193	8728
3159	10052	1194	8858
3160	9954	1199	8755
3161	9956	1195	8761
3162	9833	1197	8636
3163	9678	1202	8476
3164	9392	1195	8197
3165	8904	1191	7713
3166	8579	1192	7387
3167	8472	1188	7284
3168	8252	1192	7060
3169	8387	1189	7198
3170	8585	1185	7400
3171	8672	1192	7480
3172	8752	1190	7562
3173	8830	1196	7634
3174	9043	1198	7845
3175	9182	1197	7985
3176	9152	1200	7952
3177	9092	1198	7894
3178	8910	1200	7710
3179	9009	1199	7810
3180	9492	1193	8299
3181	10078	1200	8878
3182	10639	1202	9437
3183	11081	1204	9877
3184	11486	1205	10281
3185	11967	1204	10763
3186	12282	1194	11088
3187	12587	1199	11388
3188	12880	1200	11680
3189	13021	1207	11814
3190	12750	1207	11543
3191	12086	1193	10893
3192	11245	1183	10062
3193	10426	1185	9241
3194	9867	1193	8674
3195	9375	1198	8177
3196	8792	1188	7604
3197	8309	1192	7117
3198	7884	1197	6687
3199	7586	1194	6392
3200	7422	1192	6230
3201	7432	1199	6233
3202	7531	1196	6335
3203	7618	1192	6426
3204	7732	1189	6543
3205	7973	1199	6774
3206	8258	1200	7058
3207	8574	1200	7374
3208	8800	1195	7605
3209	9106	1207	7899
3210	9408	1200	8208
3211	9586	1195	8391
3212	9707	1191	8516
3213	9647	1189	8458
3214	9625	1189	8436
3215	9478	1198	8280
3216	9393	1196	8197
3217	9098	1192	7906
3218	8623	1194	7429
3219	8287	1200	7087
3220	8065	1197	6868
3221	7909	1199	6710
3222	7827	1203	6624
3223	7738	1209	6529
3224	7742	1200	6542
3225	7687	1206	6481
3226	7827	1201	6626
3227	8069	1196	6873
3228	8192	1190	7002
3229	8274	1193	7081
3230	8387	1192	7195
3231	8341	1199	7142
3232	8353	1190	7163
3233	8346	1197	7149
3234	8236	1198	7038
3235	8142	1188	6954
3236	7961	1189	6772
3237	7675	1197	6478
3238	7300	1195	6105
3239	7105	1195	5910
3240	6934	1188	5746
3241	6790	1193	5597
3242	6592	1181	5411
3243	6477	1191	5286
3244	6325	1200	5125
3245	6180	1199	4981
3246	6055	1200	4855
3247	5999	1193	4806
3248	6021	1191	4830
3249	5949	1204	4745
3250	5887	1197	4690
3251	5855	1202	4653
3252	5830	1204	4626
3253	5675	1195	4480
3254	5589	1191	4398
3255	5494	1194	4300
3256	5441	1199	4242
3257	5437	1206	4231
3258	5457	1203	4254
3259	5421	1200	4221
3260	5284	1201	4083
3261	5293	1196	4097
3262	5393	1200	4193
3263	5580	1197	4383
3264	5818	1192	4626
3265	6038	1196	4842
3266	6237	1193	5044
3267	6398	1201	5197
3268	6568	1189	5379
3269	6760	1181	5579
3270	6840	1200	5640
3271	7015	1217	5798
3272	7031	1202	5829
3273	6867	1196	5671
3274	6673	1192	5481
3275	6432	1183	5249
3276	6227	1196	5031
3277	5979	1204	4775
3278	5879	1198	4681
3279	5878	1186	4692
3280	5888	1186	4702
3281	5929	1196	4733
3282	5978	1207	4771
3283	6019	1214	4805
3284	6040	1201	4839
3285	6078	1189	4889
3286	6054	1186	4868
3287	6127	1196	4931
3288	6108	1196	4912
3289	6000	1196	4804
3290	5851	1189	4662
3291	5606	1194	4412
3292	5396	1205	4191
3293	5253	1202	4051
3294	5134	1193	3941
3295	4989	1205	3784
3296	4902	1204	3698
3297	4833	1204	3629
3298	4810	1206	3604
3299	4910	1199	3711
3300	4901	1198	3703
3301	4955	1201	3754
3302	4961	1195	3766
3303	4926	1197	3729
3304	4867	1200	3667
3305	4876	1200	3676
3306	4835	1199	3636
3307	4810	1191	3619
3308	4839	1198	3641
3309	4982	1201	3781
3310	5015	1194	3821
3311	5062	1195	3867
3312	5146	1195	3951
3313	5249	1192	4057
3314	5186	1197	3989
3315	5213	1199	4014
3316	5298	1199	4099
3317	5252	1198	4054
3318	5241	1193	4048
3319	5175	1199	3976
3320	5159	1205	3954
3321	5063	1205	3858
3322	5010	1206	3804
3323	4987	1213	3774
3324	4921	1197	3724
3325	4993	1188	3805
3326	5071	1194	3877
3327	5068	1206	3862
3328	5037	1211	3826
3329	5007	1207	3800
3330	4992	1193	3799
3331	4926	1191	3735
3332	4922	1190	3732
3333	4803	1197	3606
3334	4766	1204	3562
3335	4815	1205	3610
3336	4714	1189	3525
3337	4653	1191	3462
3338	4685	1196	3489
3339	4677	1201	3476
3340	4669	1203	3466
3341	4778	1200	3578
3342	4835	1195	3640
3343	4844	1195	3649
3344	4934	1197	3737
3345	4996	1210	3786
3346	4965	1203	3762
3347	4943	1201	3742
3348	4939	1211	3728
3349	4884	1202	3682
3350	4802	1199	3603
3351	4717	1202	3515
3352	4595	1203	3392
3353	4483	1202	3281
3354	4377	1203	3174
3355	4295	1196	3099
3356	4204	1191	3013
3357	4216	1201	3015
3358	4253	1199	3054
3359	4244	1197	3047
3360	4233	1200	3033
3361	4269	1217	3052
3362	4325	1203	3122
3363	4325	1197	3128
3364	4330	1200	3130
3365	4283	1204	3079
3366	4261	1200	3061
3367	4234	1197	3037
3368	4144	1202	2942
3369	4121	1204	2917
3370	4123	1197	2926
3371	4135	1190	2945
3372	4062	1187	2875
3373	3990	1184	2806
3374	3990	1186	2804
3375	4014	1190	2824
3376	4026	1194	2832
3377	4014	1200	2814
3378	3942	1201	2741
3379	3919	1212	2707
3380	3832	1209	2623
3381	3819	1210	2609
3382	3860	1206	2654
3383	3808	1194	2614
3384	3753	1197	2556
3385	3731	1204	2527
3386	3687	1194	2493
3387	3643	1196	2447
3388	3605	1190	2415
3389	3606	1200	2406
3390	3623	1201	2422
3391	3596	1198	2398
3392	3678	1201	2477
3393	3686	1201	2485
3394	3687	1193	2494
3395	3698	1197	2501
3396	3702	1196	2506
3397	3728	1200	2528
3398	3666	1198	2468
3399	3651	1198	2453
3400	3644	1192	2452
3401	3640	1201	2439
3402	3621	1201	2420
3403	3519	1201	2318
3404	3467	1195	2272
3405	3502	1193	2309
3406	3506	1203	2303
3407	3469	1202	2267
3408	3471	1200	2271
3409	3452	1204	2248
3410	3394	1185	2209
3411	3388	1190	2198
3412	3388	1195	2193
3413	3307	1194	2113
3414	3231	1200	2031
3415	3252	1197	2055
3416	3276	1192	2084
3417	3203	1190	2013
3418	3174	1189	1985
3419	3161	1198	1963
3420	3172	1191	1981
3421	3224	1197	2027
3422	3188	1198	1990
3423	3144	1190	1954
3424	3154	1200	1954
3425	3086	1206	1880
3426	3010	1198	1812
3427	3021	1202	1819
3428	3029	1199	1830
3429	3079	1192	1887
3430	3022	1196	1826
3431	3001	1195	1806
3432	3006	1194	1812
3433	2989	1198	1791
3434	2965	1190	1775
3435	2974	1192	1782
3436	2980	1189	1791
3437	2937	1191	1746
3438	2919	1200	1719
3439	2844	1210	1634
3440	2783	1200	1583
3441	2782	1199	1583
3442	2753	1204	1549
3443	2722	1201	1521
3444	2651	1198	1453
3445	2605	1212	1393
3446	2622	1208	1414
3447	2589	1204	1385
3448	2561	1192	1369
3449	2591	1202	1389
3450	2573	1195	1378
3451	2593	1194	1399
3452	2545	1200	1345
3453	2469	1194	1275
3454	2460	1185	1275
3455	2484	1195	1289
3456	2466	1202	1264
3457	2427	1196	1231
3458	2397	1188	1209
3459	2363	1200	1163
3460	2330	1210	1120
3461	2281	1202	1079
3462	2271	1196	1075
3463	2289	1206	1083
3464	2229	1201	1028
3465	2189	1197	992
3466	2215	1194	1021
3467	2196	1194	1002
3468	2193	1196	997
3469	2235	1201	1034
3470	2212	1207	1005
3471	2188	1199	989
3472	2180	1202	978
3473	2169	1204	965
3474	2148	1198	950
3475	2150	1195	955
3476	2130	1198	932
3477	2104	1202	902
3478	2034	1206	828
3479	2020	1204	816
3480	2018	1190	828
3481	2032	1183	849
3482	1998	1189	809
3483	1967	1203	764
3484	1941	1197	744
3485	1926	1205	721
3486	1950	1197	753
3487	1907	1194	713
3488	1898	1187	711
3489	1917	1196	721
3490	1919	1205	714
3491	1921	1196	725
3492	1910	1194	716
3493	1929	1200	729
3494	1898	1193	705
3495	1884	1189	695
3496	1872	1196	676
3497	1852	1200	652
3498	1811	1200	611
3499	1807	1197	610
3500	1790	1194	596
3501	1827	1206	621
3502	1804	1201	603
3503	1797	1197	600
3504	1785	1203	582
3505	1747	1197	550
3506	1760	1191	569
3507	1788	1196	592
3508	1753	1201	552
3509	1729	1204	525
3510	1732	1206	526
3511	1712	1196	516
3512	1691	1197	494
3513	1694	1194	500
3514	1670	1194	476
3515	1661	1199	462
3516	1652	1189	463
3517	1652	1194	458
3518	1622	1195	427
3519	1615	1194	421
3520	1603	1196	407
3521	1600	1206	394
3522	1589	1199	390
3523	1574	1199	375
3524	1569	1198	371
3525	1573	1191	382
3526	1579	1192	387
3527	1593	1198	395
3528	1578	1200	378
3529	1545	1193	352
3530	1510	1199	311
3531	1523	1210	313
3532	1549	1201	348
3533	1545	1199	346
3534	1514	1192	322
3535	1523	1189	334
3536	1521	1200	321
3537	1533	1201	332
3538	1535	1201	334
3539	1498	1199	299
3540	1472	1196	276
3541	1501	1197	304
3542	1495	1193	302
3543	1499	1198	301
3544	1513	1203	310
3545	1497	1211	286
3546	1468	1205	263
3547	1469	1197	272
3548	1466	1191	275
3549	1469	1192	277
3550	1452	1197	255
3551	1461	1193	268
3552	1451	1193	258
3553	1455	1201	254
3554	1440	1198	242
3555	1433	1202	231
3556	1433	1191	242
3557	1422	1195	227
3558	1420	1196	224
3559	1432	1201	231
3560	1411	1199	212
3561	1414	1189	225
3562	1414	1183	231
3563	1417	1194	223
3564	1396	1194	202
3565	1430	1197	233
3566	1414	1199	215
3567	1407	1200	207
3568	1430	1197	233
3569	1418	1190	228
3570	1368	1185	183
3571	1384	1187	197
3572	1425	1197	228
3573	1432	1208	224
3574	1407	1199	208
3575	1394	1199	195
3576	1371	1202	169
3577	1398	1190	208
3578	1387	1192	195
3579	1378	1197	181
3580	1406	1198	208
3581	1409	1198	211
3582	1385	1192	193
3583	1391	1195	196
3584	1382	1193	189
3585	1376	1190	186
3586	1383	1194	189
3587	1401	1195	206
3588	1389	1192	197
3589	1378	1203	175
3590	1383	1204	179
3591	1383	1202	181
3592	1380	1209	171
3593	1410	1203	207
3594	1375	1204	171
3595	1360	1200	160
3596	1372	1193	179
3597	1372	1198	174
3598	1367	1206	161
3599	1380	1196	184
3600	1349	1191	158
3601	1363	1207	156
3602	1353	1201	152
3603	1333	1195	138
3604	1343	1202	141
3605	1370	1209	161
3606	1367	1196	171
3607	1328	1196	132
3608	1339	1192	147
3609	1394	1198	196
3610	1363	1200	163
3611	1353	1200	153
3612	1381	1190	191
3613	1367	1195	172
3614	1371	1196	175
3615	1381	1192	189
3616	1386	1186	200
3617	1366	1195	171
3618	1351	1201	150
3619	1373	1208	165
3620	1374	1206	168
3621	1368	1189	179
3622	1363	1185	178
3623	1373	1195	178
3624	1375	1183	192
3625	1355	1191	164
3626	1353	1201	152
3627	1355	1199	156
3628	1356	1199	157
3629	1341	1207	134
3630	1331	1212	119
3631	1347	1195	152
3632	1347	1195	152
3633	1350	1199	151
3634	1348	1195	153
3635	1381	1195	186
3636	1341	1196	145
3637	1342	1204	138
3638	1346	1201	145
3639	1345	1199	146
3640	1382	1199	183
3641	1361	1195	166
3642	1342	1203	139
3643	1361	1207	154
3644	1352	1202	150
3645	1326	1189	137
3646	1337	1190	147
3647	1358	1197	161
3648	1370	1192	178
