index	original	background	difference
-----------------------------------------------------
1	1192	1149	43
2	1186	1142	44
3	1191	1143	48
4	1186	1139	47
5	1189	1138	51
6	1180	1135	45
7	1172	1142	30
8	1185	1139	46
9	1180	1141	39
10	1175	1149	26
11	1171	1148	23
12	1182	1146	36
13	1189	1150	39
14	1211	1139	72
15	1214	1146	68
16	1203	1153	50
17	1209	1158	51
18	1210	1150	60
19	1181	1156	25
20	1195	1153	42
21	1213	1151	62
22	1202	1141	61
23	1199	1159	40
24	1207	1156	51
25	1194	1159	35
26	1202	1152	50
27	1176	1150	26
28	1171	1156	15
29	1178	1160	18
30	1201	1158	43
31	1223	1165	58
32	1254	1163	91
33	1266	1161	105
34	1236	1159	77
35	1199	1162	37
36	1204	1157	47
37	1214	1158	56
38	1220	1154	66
39	1216	1160	56
40	1219	1160	59
41	1222	1166	56
42	1205	1164	41
43	1210	1172	38
44	1235	1167	68
45	1210	1165	45
46	1222	1162	60
47	1235	1162	73
48	1232	1168	64
49	1209	1169	40
50	1213	1163	50
51	1223	1166	57
52	1232	1162	70
53	1235	1173	62
54	1230	1167	63
55	1227	1166	61
56	1241	1159	82
57	1241	1159	82
58	1238	1166	72
59	1238	1176	62
60	1225	1174	51
61	1241	1173	68
62	1247	1163	84
63	1238	1160	78
64	1238	1161	77
65	1242	1168	74
66	1262	1171	91
67	1258	1181	77
68	1239	1171	68
69	1247	1169	78
70	1246	1165	81
71	1259	1163	96
72	1272	1156	116
73	1271	1175	96
74	1275	1172	103
75	1291	1174	117
76	1271	1168	103
77	1260	1165	95
78	1248	1164	84
79	1254	1175	79
80	1280	1176	104
81	1270	1168	102
82	1251	1172	79
83	1281	1176	105
84	1295	1168	127
85	1290	1169	121
86	1290	1170	120
87	1285	1175	110
88	1286	1170	116
89	1266	1177	89
90	1271	1172	99
91	1300	1177	123
92	1298	1175	123
93	1273	1173	100
94	1281	1173	108
95	1307	1175	132
96	1325	1172	153
97	1322	1183	139
98	1308	1170	138
99	1294	1176	118
100	1324	1176	148
101	1298	1174	124
102	1289	1175	114
103	1314	1179	135
104	1340	1169	171
105	1332	1172	160
106	1328	1164	164
107	1340	1170	170
108	1354	1171	183
109	1332	1178	154
110	1319	1166	153
111	1331	1181	150
112	1335	1178	157
113	1370	1182	188
114	1382	1176	206
115	1340	1184	156
116	1349	1175	174
117	1376	1176	200
118	1397	1180	217
119	1390	1177	213
120	1379	1172	207
121	1375	1178	197
122	1361	1185	176
123	1361	1192	169
124	1370	1181	189
125	1368	1187	181
126	1381	1186	195
127	1383	1178	205
128	1395	1169	226
129	1407	1176	231
130	1420	1174	246
131	1426	1179	247
132	1407	1178	229
133	1406	1175	231
134	1425	1176	249
135	1404	1179	225
136	1413	1177	236
137	1419	1179	240
138	1415	1171	244
139	1429	1180	249
140	1446	1176	270
141	1434	1187	247
142	1407	1179	228
143	1433	1165	268
144	1465	1167	298
145	1469	1175	294
146	1473	1170	303
147	1477	1181	296
148	1469	1181	288
149	1478	1186	292
150	1459	1179	280
151	1464	1187	277
152	1481	1178	303
153	1467	1183	284
154	1486	1181	305
155	1497	1184	313
156	1528	1171	357
157	1526	1184	342
158	1496	1181	315
159	1488	1174	314
160	1489	1176	313
161	1493	1177	316
162	1509	1174	335
163	1519	1178	341
164	1520	1177	343
165	1546	1183	363
166	1539	1186	353
167	1519	1191	328
168	1530	1182	348
169	1550	1179	371
170	1533	1173	360
171	1554	1174	380
172	1550	1174	376
173	1537	1183	354
174	1557	1169	388
175	1578	1183	395
176	1567	1186	381
177	1545	1179	366
178	1605	1169	436
179	1599	1178	421
180	1595	1179	416
181	1605	1172	433
182	1609	1176	433
183	1602	1178	424
184	1611	1175	436
185	1593	1181	412
186	1617	1178	439
187	1623	1182	441
188	1616	1169	447
189	1635	1167	468
190	1667	1168	499
191	1671	1176	495
192	1685	1178	507
193	1644	1182	462
194	1636	1179	457
195	1649	1176	473
196	1646	1165	481
197	1671	1172	499
198	1699	1175	524
199	1686	1181	505
200	1679	1176	503
201	1684	1180	504
202	1685	1180	505
203	1695	1184	511
204	1687	1179	508
205	1703	1171	532
206	1711	1169	542
207	1702	1183	519
208	1692	1181	511
209	1712	1181	531
210	1748	1168	580
211	1711	1178	533
212	1713	1180	533
213	1706	1184	522
214	1718	1179	539
215	1716	1180	536
216	1733	1180	553
217	1743	1180	563
218	1745	1176	569
219	1745	1180	565
220	1766	1171	595
221	1741	1178	563
222	1738	1170	568
223	1747	1170	577
224	1771	1180	591
225	1747	1179	568
226	1745	1172	573
227	1762	1169	593
228	1775	1170	605
229	1792	1174	618
230	1805	1167	638
231	1781	1175	606
232	1805	1174	631
233	1799	1181	618
234	1837	1178	659
235	1852	1177	675
236	1843	1178	665
237	1850	1179	671
238	1869	1167	702
239	1874	1177	697
240	1899	1179	720
241	1904	1187	717
242	1931	1184	747
243	1947	1176	771
244	1941	1176	765
245	1905	1180	725
246	1941	1175	766
247	1956	1182	774
248	1971	1176	795
249	1976	1189	787
250	1964	1190	774
251	1987	1186	801
252	2001	1171	830
253	2018	1181	837
254	2025	1176	849
255	2039	1176	863
256	2035	1164	871
257	2049	1165	884
258	2066	1188	878
259	2065	1191	874
260	2073	1174	899
261	2089	1178	911
262	2073	1187	886
263	2033	1190	843
264	2043	1184	859
265	2039	1186	853
266	2068	1178	890
267	2054	1175	879
268	2079	1173	906
269	2080	1173	907
270	2070	1180	890
271	2080	1179	901
272	2097	1176	921
273	2100	1189	911
274	2139	1189	950
275	2124	1189	935
276	2137	1171	966
277	2151	1177	974
278	2175	1179	996
279	2171	1178	993
280	2159	1179	980
281	2206	1186	1020
282	2195	1179	1016
283	2214	1168	1046
284	2224	1173	1051
285	2246	1186	1060
286	2282	1183	1099
287	2268	1179	1089
288	2314	1168	1146
289	2318	1176	1142
290	2303	1171	1132
291	2334	1177	1157
292	2383	1172	1211
293	2345	1175	1170
294	2321	1172	1149
295	2360	1183	1177
296	2385	1185	1200
297	2386	1188	1198
298	2443	1177	1266
299	2479	1179	1300
300	2474	1176	1298
301	2510	1181	1329
302	2491	1177	1314
303	2476	1170	1306
304	2518	1165	1353
305	2529	1170	1359
306	2527	1174	1353
307	2526	1180	1346
308	2553	1175	1378
309	2562	1174	1388
310	2575	1168	1407
311	2583	1172	1411
312	2599	1175	1424
313	2643	1183	1460
314	2644	1175	1469
315	2617	1181	1436
316	2677	1171	1506
317	2738	1183	1555
318	2739	1188	1551
319	2732	1186	1546
320	2748	1173	1575
321	2761	1179	1582
322	2767	1171	1596
323	2757	1174	1583
324	2756	1172	1584
325	2791	1174	1617
326	2842	1173	1669
327	2853	1179	1674
328	2866	1176	1690
329	2899	1177	1722
330	2912	1177	1735
331	2932	1179	1753
332	2983	1172	1811
333	2998	1173	1825
334	3001	1175	1826
335	3054	1181	1873
336	3104	1170	1934
337	3150	1175	1975
338	3195	1177	2018
339	3165	1180	1985
340	3215	1178	2037
341	3267	1176	2091
342	3290	1171	2119
343	3289	1185	2104
344	3297	1176	2121
345	3345	1174	2171
346	3377	1168	2209
347	3331	1175	2156
348	3319	1178	2141
349	3353	1186	2167
350	3274	1175	2099
351	3306	1173	2133
352	3377	1175	2202
353	3429	1168	2261
354	3438	1169	2269
355	3401	1181	2220
356	3392	1180	2212
357	3425	1195	2230
358	3486	1181	2305
359	3507	1170	2337
360	3525	1176	2349
361	3549	1189	2360
362	3523	1181	2342
363	3499	1186	2313
364	3534	1178	2356
365	3532	1173	2359
366	3524	1182	2342
367	3554	1181	2373
368	3553	1178	2375
369	3520	1182	2338
370	3515	1180	2335
371	3547	1179	2368
372	3571	1179	2392
373	3554	1182	2372
374	3574	1189	2385
375	3600	1187	2413
376	3603	1173	2430
377	3596	1181	2415
378	3614	1185	2429
379	3583	1187	2396
380	3626	1179	2447
381	3578	1186	2392
382	3538	1182	2356
383	3574	1177	2397
384	3605	1170	2435
385	3618	1173	2445
386	3660	1166	2494
387	3594	1170	2424
388	3590	1178	2412
389	3558	1176	2382
390	3563	1178	2385
391	3616	1181	2435
392	3599	1177	2422
393	3563	1174	2389
394	3552	1177	2375
395	3593	1176	2417
396	3611	1173	2438
397	3612	1177	2435
398	3617	1169	2448
399	3575	1173	2402
400	3653	1172	2481
401	3659	1176	2483
402	3632	1185	2447
403	3668	1181	2487
404	3628	1168	2460
405	3627	1174	2453
406	3612	1175	2437
407	3632	1186	2446
408	3661	1181	2480
409	3659	1179	2480
410	3620	1179	2441
411	3600	1186	2414
412	3573	1178	2395
413	3606	1184	2422
414	3660	1179	2481
415	3643	1182	2461
416	3604	1175	2429
417	3626	1186	2440
418	3640	1187	2453
419	3596	1175	2421
420	3614	1171	2443
421	3588	1177	2411
422	3521	1171	2350
423	3581	1181	2400
424	3623	1183	2440
425	3664	1189	2475
426	3689	1187	2502
427	3597	1187	2410
428	3558	1177	2381
429	3527	1175	2352
430	3557	1180	2377
431	3573	1178	2395
432	3548	1173	2375
433	3607	1180	2427
434	3624	1174	2450
435	3594	1175	2419
436	3588	1174	2414
437	3652	1186	2466
438	3625	1178	2447
439	3582	1169	2413
440	3654	1174	2480
441	3679	1182	2497
442	3673	1175	2498
443	3639	1175	2464
444	3612	1176	2436
445	3656	1175	2481
446	3693	1174	2519
447	3662	1169	2493
448	3688	1163	2525
449	3744	1175	2569
450	3752	1177	2575
451	3720	1181	2539
452	3728	1176	2552
453	3772	1177	2595
454	3753	1173	2580
455	3785	1182	2603
456	3799	1194	2605
457	3785	1188	2597
458	3859	1173	2686
459	3809	1179	2630
460	3881	1181	2700
461	3899	1178	2721
462	3857	1192	2665
463	3866	1184	2682
464	3958	1169	2789
465	4007	1175	2832
466	4048	1174	2874
467	4013	1175	2838
468	4028	1169	2859
469	4080	1178	2902
470	4025	1185	2840
471	3967	1185	2782
472	3979	1172	2807
473	4017	1173	2844
474	4019	1175	2844
475	4008	1181	2827
476	3993	1175	2818
477	3996	1185	2811
478	3966	1179	2787
479	4011	1171	2840
480	4030	1180	2850
481	3986	1182	2804
482	4012	1178	2834
483	3989	1183	2806
484	3996	1182	2814
485	3960	1180	2780
486	3974	1170	2804
487	4003	1174	2829
488	3990	1167	2823
489	3966	1167	2799
490	3998	1168	2830
491	3995	1178	2817
492	3999	1181	2818
493	3995	1188	2807
494	3958	1178	2780
495	3973	1184	2789
496	4025	1181	2844
497	4056	1187	2869
498	4097	1189	2908
499	4061	1180	2881
500	4078	1173	2905
501	4089	1179	2910
502	4120	1165	2955
503	4107	1166	2941
504	4185	1173	3012
505	4235	1182	3053
506	4231	1178	3053
507	4221	1186	3035
508	4250	1180	3070
509	4301	1175	3126
510	4375	1175	3200
511	4454	1179	3275
512	4440	1178	3262
513	4432	1183	3249
514	4500	1178	3322
515	4543	1192	3351
516	4565	1186	3379
517	4643	1175	3468
518	4630	1173	3457
519	4581	1186	3395
520	4625	1190	3435
521	4638	1187	3451
522	4613	1174	3439
523	4546	1174	3372
524	4575	1173	3402
525	4587	1184	3403
526	4603	1175	3428
527	4588	1183	3405
528	4524	1173	3351
529	4569	1180	3389
530	4564	1180	3384
531	4552	1181	3371
532	4543	1183	3360
533	4522	1187	3335
534	4521	1174	3347
535	4554	1170	3384
536	4535	1170	3365
537	4521	1177	3344
538	4478	1163	3315
539	4495	1175	3320
540	4559	1191	3368
541	4569	1191	3378
542	4575	1176	3399
543	4562	1183	3379
544	4574	1180	3394
545	4575	1185	3390
546	4513	1182	3331
547	4459	1181	3278
548	4504	1173	3331
549	4521	1187	3334
550	4523	1178	3345
551	4493	1173	3320
552	4505	1169	3336
553	4518	1177	3341
554	4522	1175	3347
555	4501	1185	3316
556	4463	1177	3286
557	4524	1186	3338
558	4578	1189	3389
559	4576	1182	3394
560	4583	1170	3413
561	4567	1173	3394
562	4616	1180	3436
563	4609	1178	3431
564	4518	1171	3347
565	4533	1183	3350
566	4606	1184	3422
567	4686	1184	3502
568	4678	1181	3497
569	4633	1183	3450
570	4608	1186	3422
571	4653	1189	3464
572	4728	1174	3554
573	4774	1179	3595
574	4766	1168	3598
575	4748	1171	3577
576	4793	1175	3618
577	4876	1181	3695
578	4906	1184	3722
579	4823	1192	3631
580	4857	1174	3683
581	4888	1173	3715
582	4922	1170	3752
583	4933	1184	3749
584	4973	1180	3793
585	5005	1179	3826
586	5021	1182	3839
587	5051	1190	3861
588	5065	1179	3886
589	5090	1179	3911
590	5080	1175	3905
591	5049	1175	3874
592	5020	1175	3845
593	5063	1175	3888
594	5016	1174	3842
595	4942	1184	3758
596	5064	1182	3882
597	5076	1168	3908
598	5044	1170	3874
599	5046	1185	3861
600	5043	1170	3873
601	5044	1168	3876
602	5064	1174	3890
603	5080	1181	3899
604	5038	1174	3864
605	4998	1179	3819
606	5101	1180	3921
607	5087	1178	3909
608	5105	1165	3940
609	5086	1177	3909
610	5134	1181	3953
611	5184	1180	4004
612	5127	1167	3960
613	5114	1171	3943
614	5148	1171	3977
615	5192	1180	4012
616	5166	1176	3990
617	5127	1176	3951
618	5176	1175	4001
619	5191	1185	4006
620	5171	1185	3986
621	5150	1180	3970
622	5175	1187	3988
623	5154	1188	3966
624	5122	1183	3939
625	5157	1182	3975
626	5257	1176	4081
627	5296	1188	4108
628	5317	1181	4136
629	5311	1167	4144
630	5250	1175	4075
631	5259	1187	4072
632	5251	1170	4081
633	5283	1182	4101
634	5238	1185	4053
635	5274	1181	4093
636	5350	1176	4174
637	5419	1183	4236
638	5387	1188	4199
639	5344	1193	4151
640	5358	1173	4185
641	5385	1176	4209
642	5368	1177	4191
643	5426	1183	4243
644	5351	1181	4170
645	5331	1177	4154
646	5355	1168	4187
647	5362	1168	4194
648	5369	1168	4201
649	5429	1175	4254
650	5411	1173	4238
651	5509	1178	4331
652	5508	1176	4332
653	5502	1174	4328
654	5539	1170	4369
655	5506	1182	4324
656	5495	1180	4315
657	5555	1178	4377
658	5627	1176	4451
659	5676	1178	4498
660	5666	1178	4488
661	5647	1184	4463
662	5729	1180	4549
663	5746	1179	4567
664	5839	1179	4660
665	5882	1185	4697
666	5926	1177	4749
667	6177	1173	5004
668	6643	1166	5477
669	7089	1179	5910
670	7364	1174	6190
671	7492	1185	6307
672	7629	1184	6445
673	7767	1186	6581
674	7851	1180	6671
675	7854	1176	6678
676	7938	1166	6772
677	7970	1170	6800
678	8029	1175	6854
679	8096	1181	6915
680	8025	1181	6844
681	7992	1184	6808
682	8107	1179	6928
683	8135	1179	6956
684	8173	1173	7000
685	8194	1176	7018
686	8173	1184	6989
687	7936	1184	6752
688	7576	1175	6401
689	6991	1181	5810
690	6586	1168	5418
691	6446	1174	5272
692	6271	1165	5106
693	6113	1175	4938
694	6082	1183	4899
695	6041	1182	4859
696	5945	1167	4778
697	5851	1169	4682
698	5803	1173	4630
699	5802	1184	4618
700	5803	1174	4629
701	5717	1175	4542
702	5715	1173	4542
703	5649	1179	4470
704	5603	1174	4429
705	5525	1183	4342
706	5462	1180	4282
707	5501	1175	4326
708	5497	1181	4316
709	5506	1185	4321
710	5470	1178	4292
711	5433	1176	4257
712	5430	1165	4265
713	5358	1177	4181
714	5302	1173	4129
715	5350	1176	4174
716	5358	1171	4187
717	5333	1173	4160
718	5301	1167	4134
719	5280	1185	4095
720	5193	1183	4010
721	5216	1175	4041
722	5224	1171	4053
723	5204	1182	4022
724	5197	1180	4017
725	5192	1187	4005
726	5116	1186	3930
727	5079	1186	3893
728	5145	1176	3969
729	5166	1189	3977
730	5073	1187	3886
731	5029	1189	3840
732	4960	1176	3784
733	4973	1186	3787
734	5042	1173	3869
735	5009	1173	3836
736	4946	1177	3769
737	4891	1181	3710
738	4974	1179	3795
739	4954	1180	3774
740	4890	1183	3707
741	4875	1176	3699
742	4855	1171	3684
743	4799	1182	3617
744	4750	1181	3569
745	4686	1179	3507
746	4709	1172	3537
747	4722	1178	3544
748	4692	1175	3517
749	4704	1183	3521
750	4727	1168	3559
751	4696	1174	3522
752	4699	1173	3526
753	4661	1179	3482
754	4624	1181	3443
755	4590	1178	3412
756	4633	1173	3460
757	4581	1179	3402
758	4555	1177	3378
759	4547	1177	3370
760	4518	1178	3340
761	4572	1189	3383
762	4605	1189	3416
763	4572	1191	3381
764	4654	1180	3474
765	4700	1177	3523
766	4656	1180	3476
767	4649	1182	3467
768	4635	1171	3464
769	4597	1176	3421
770	4608	1180	3428
771	4586	1186	3400
772	4489	1173	3316
773	4475	1181	3294
774	4580	1174	3406
775	4610	1180	3430
776	4617	1184	3433
777	4535	1189	3346
778	4551	1177	3374
779	4533	1179	3354
780	4572	1172	3400
781	4622	1178	3444
782	4559	1169	3390
783	4546	1173	3373
784	4536	1175	3361
785	4525	1183	3342
786	4580	1181	3399
787	4603	1178	3425
788	4568	1177	3391
789	4573	1170	3403
790	4593	1162	3431
791	4564	1170	3394
792	4536	1179	3357
793	4570	1192	3378
794	4616	1192	3424
795	4591	1181	3410
796	4572	1175	3397
797	4576	1191	3385
798	4569	1184	3385
799	4601	1174	3427
800	4604	1170	3434
801	4613	1173	3440
802	4703	1174	3529
803	4679	1174	3505
804	4658	1172	3486
805	4705	1175	3530
806	4765	1174	3591
807	4732	1168	3564
808	4739	1170	3569
809	4727	1179	3548
810	4722	1182	3540
811	4729	1187	3542
812	4723	1180	3543
813	4770	1175	3595
814	4800	1177	3623
815	4816	1183	3633
816	4770	1188	3582
817	4732	1189	3543
818	4790	1169	3621
819	4822	1174	3648
820	4646	1180	3466
821	4706	1182	3524
822	4829	1172	3657
823	4817	1178	3639
824	4724	1179	3545
825	4761	1176	3585
826	4740	1173	3567
827	4795	1180	3615
828	4859	1168	3691
829	4882	1170	3712
830	4845	1167	3678
831	4885	1163	3722
832	4896	1167	3729
833	4830	1173	3657
834	4848	1170	3678
835	4881	1176	3705
836	4896	1183	3713
837	4832	1175	3657
838	4781	1165	3616
839	4878	1176	3702
840	4881	1174	3707
841	4873	1177	3696
842	4841	1170	3671
843	4898	1176	3722
844	4916	1171	3745
845	4915	1178	3737
846	4882	1178	3704
847	4839	1188	3651
848	4818	1178	3640
849	4799	1185	3614
850	4802	1173	3629
851	4789	1166	3623
852	4791	1172	3619
853	4758	1181	3577
854	4746	1173	3573
855	4788	1178	3610
856	4816	1186	3630
857	4885	1190	3695
858	4906	1181	3725
859	4906	1182	3724
860	4910	1168	3742
861	4865	1174	3691
862	4885	1185	3700
863	4920	1184	3736
864	4897	1171	3726
865	4873	1173	3700
866	4899	1178	3721
867	4842	1181	3661
868	4819	1174	3645
869	4893	1170	3723
870	4939	1183	3756
871	4902	1193	3709
872	4956	1191	3765
873	4917	1184	3733
874	4938	1166	3772
875	4912	1167	3745
876	4907	1166	3741
877	4899	1171	3728
878	4880	1185	3695
879	4824	1186	3638
880	4849	1181	3668
881	4827	1184	3643
882	4825	1177	3648
883	4812	1181	3631
884	4845	1182	3663
885	4847	1186	3661
886	4804	1183	3621
887	4805	1178	3627
888	4897	1177	3720
889	4845	1175	3670
890	4696	1168	3528
891	4674	1190	3484
892	4718	1183	3535
893	4688	1183	3505
894	4719	1188	3531
895	4668	1178	3490
896	4657	1179	3478
897	4615	1185	3430
898	4569	1182	3387
899	4541	1189	3352
900	4509	1187	3322
901	4465	1186	3279
902	4423	1174	3249
903	4422	1171	3251
904	4424	1177	3247
905	4409	1185	3224
906	4365	1185	3180
907	4383	1185	3198
908	4373	1180	3193
909	4304	1179	3125
910	4317	1171	3146
911	4317	1182	3135
912	4327	1181	3146
913	4440	1174	3266
914	4469	1168	3301
915	4495	1177	3318
916	4497	1185	3312
917	4491	1192	3299
918	4550	1179	3371
919	4593	1177	3416
920	4567	1172	3395
921	4520	1176	3344
922	4566	1171	3395
923	4578	1181	3397
924	4613	1173	3440
925	4600	1165	3435
926	4573	1167	3406
927	4560	1186	3374
928	4633	1181	3452
929	4653	1183	3470
930	4636	1174	3462
931	4592	1177	3415
932	4572	1176	3396
933	4603	1179	3424
934	4575	1179	3396
935	4578	1178	3400
936	4615	1173	3442
937	4554	1178	3376
938	4557	1180	3377
939	4627	1183	3444
940	4611	1178	3433
941	4585	1177	3408
942	4637	1178	3459
943	4578	1182	3396
944	4556	1176	3380
945	4549	1172	3377
946	4597	1166	3431
947	4601	1163	3438
948	4573	1172	3401
949	4561	1187	3374
950	4550	1179	3371
951	4485	1183	3302
952	4512	1182	3330
953	4553	1184	3369
954	4551	1186	3365
955	4557	1192	3365
956	4549	1186	3363
957	4546	1187	3359
958	4543	1176	3367
959	4545	1178	3367
960	4525	1179	3346
961	4549	1187	3362
962	4542	1185	3357
963	4514	1186	3328
964	4556	1180	3376
965	4558	1187	3371
966	4521	1189	3332
967	4485	1182	3303
968	4520	1167	3353
969	4555	1196	3359
970	4603	1173	3430
971	4641	1178	3463
972	4598	1186	3412
973	4487	1182	3305
974	4509	1169	3340
975	4643	1184	3459
976	4661	1184	3477
977	4611	1177	3434
978	4612	1167	3445
979	4648	1171	3477
980	4678	1172	3506
981	4729	1183	3546
982	4705	1170	3535
983	4672	1179	3493
984	4684	1183	3501
985	4677	1189	3488
986	4703	1181	3522
987	4710	1183	3527
988	4689	1179	3510
989	4758	1184	3574
990	4753	1170	3583
991	4698	1179	3519
992	4747	1175	3572
993	4754	1178	3576
994	4741	1185	3556
995	4751	1183	3568
996	4740	1174	3566
997	4761	1174	3587
998	4784	1180	3604
999	4770	1179	3591
1000	4806	1176	3630
1001	4829	1177	3652
1002	4783	1172	3611
1003	4750	1177	3573
1004	4781	1178	3603
1005	4829	1186	3643
1006	4804	1174	3630
1007	4836	1174	3662
1008	4881	1173	3708
1009	4869	1184	3685
1010	4894	1182	3712
1011	4833	1188	3645
1012	4883	1182	3701
1013	4879	1176	3703
1014	4842	1176	3666
1015	4894	1185	3709
1016	4864	1173	3691
1017	4829	1186	3643
1018	4810	1180	3630
1019	4867	1174	3693
1020	4877	1179	3698
1021	4864	1188	3676
1022	4801	1176	3625
1023	4758	1168	3590
1024	4759	1168	3591
1025	4772	1177	3595
1026	4815	1175	3640
1027	4817	1183	3634
1028	4807	1182	3625
1029	4820	1180	3640
1030	4792	1179	3613
1031	4735	1183	3552
1032	4740	1172	3568
1033	4729	1176	3553
1034	4737	1167	3570
1035	4805	1177	3628
1036	4774	1174	3600
1037	4734	1168	3566
1038	4732	1182	3550
1039	4740	1192	3548
1040	4801	1183	3618
1041	4775	1182	3593
1042	4731	1183	3548
1043	4790	1172	3618
1044	4798	1179	3619
1045	4733	1180	3553
1046	4762	1171	3591
1047	4813	1178	3635
1048	4832	1177	3655
1049	4849	1179	3670
1050	4789	1173	3616
1051	4768	1182	3586
1052	4757	1187	3570
1053	4783	1184	3599
1054	4754	1182	3572
1055	4685	1192	3493
1056	4732	1184	3548
1057	4738	1171	3567
1058	4720	1163	3557
1059	4705	1176	3529
1060	4642	1186	3456
1061	4617	1187	3430
1062	4659	1175	3484
1063	4592	1185	3407
1064	4639	1179	3460
1065	4599	1180	3419
1066	4513	1182	3331
1067	4508	1186	3322
1068	4561	1176	3385
1069	4540	1179	3361
1070	4452	1173	3279
1071	4407	1174	3233
1072	4466	1176	3290
1073	4442	1176	3266
1074	4388	1176	3212
1075	4366	1179	3187
1076	4334	1169	3165
1077	4309	1177	3132
1078	4311	1177	3134
1079	4240	1184	3056
1080	4222	1177	3045
1081	4286	1174	3112
1082	4264	1178	3086
1083	4254	1187	3067
1084	4259	1176	3083
1085	4247	1185	3062
1086	4221	1185	3036
1087	4219	1179	3040
1088	4230	1173	3057
1089	4209	1182	3027
1090	4173	1182	2991
1091	4174	1189	2985
1092	4191	1172	3019
1093	4134	1174	2960
1094	4177	1178	2999
1095	4223	1184	3039
1096	4280	1171	3109
1097	4314	1174	3140
1098	4307	1177	3130
1099	4296	1174	3122
1100	4240	1171	3069
1101	4148	1176	2972
1102	4218	1172	3046
1103	4218	1175	3043
1104	4174	1168	3006
1105	4140	1182	2958
1106	4157	1186	2971
1107	4195	1182	3013
1108	4165	1176	2989
1109	4209	1174	3035
1110	4182	1173	3009
1111	4209	1175	3034
1112	4310	1173	3137
1113	4262	1172	3090
1114	4178	1174	3004
1115	4243	1185	3058
1116	4225	1173	3052
1117	4190	1166	3024
1118	4241	1176	3065
1119	4214	1177	3037
1120	4210	1171	3039
1121	4269	1180	3089
1122	4268	1177	3091
1123	4228	1190	3038
1124	4216	1192	3024
1125	4225	1183	3042
1126	4215	1168	3047
1127	4202	1178	3024
1128	4224	1176	3048
1129	4264	1180	3084
1130	4234	1183	3051
1131	4227	1186	3041
1132	4195	1180	3015
1133	4133	1179	2954
1134	4187	1181	3006
1135	4229	1188	3041
1136	4257	1178	3079
1137	4198	1180	3018
1138	4193	1180	3013
1139	4227	1184	3043
1140	4195	1184	3011
1141	4164	1182	2982
1142	4204	1184	3020
1143	4177	1202	2975
1144	4128	1181	2947
1145	4209	1183	3026
1146	4225	1180	3045
1147	4180	1186	2994
1148	4177	1188	2989
1149	4226	1177	3049
1150	4176	1178	2998
1151	4162	1182	2980
1152	4227	1178	3049
1153	4249	1184	3065
1154	4263	1174	3089
1155	4308	1174	3134
1156	4385	1180	3205
1157	4337	1174	3163
1158	4305	1168	3137
1159	4346	1171	3175
1160	4348	1176	3172
1161	4336	1184	3152
1162	4400	1182	3218
1163	4415	1183	3232
1164	4402	1177	3225
1165	4433	1185	3248
1166	4458	1192	3266
1167	4416	1182	3234
1168	4386	1178	3208
1169	4390	1189	3201
1170	4429	1184	3245
1171	4400	1180	3220
1172	4363	1174	3189
1173	4392	1173	3219
1174	4359	1171	3188
1175	4318	1178	3140
1176	4353	1169	3184
1177	4362	1182	3180
1178	4361	1180	3181
1179	4356	1180	3176
1180	4387	1180	3207
1181	4352	1189	3163
1182	4341	1173	3168
1183	4358	1171	3187
1184	4375	1168	3207
1185	4371	1185	3186
1186	4402	1189	3213
1187	4475	1170	3305
1188	4465	1165	3300
1189	4449	1185	3264
1190	4450	1181	3269
1191	4415	1186	3229
1192	4409	1181	3228
1193	4434	1179	3255
1194	4507	1178	3329
1195	4483	1189	3294
1196	4392	1189	3203
1197	4500	1186	3314
1198	4545	1178	3367
1199	4564	1194	3370
1200	4594	1177	3417
1201	4560	1183	3377
1202	4538	1183	3355
1203	4470	1189	3281
1204	4446	1184	3262
1205	4466	1191	3275
1206	4508	1182	3326
1207	4471	1174	3297
1208	4483	1174	3309
1209	4548	1184	3364
1210	4520	1185	3335
1211	4559	1185	3374
1212	4642	1178	3464
1213	4589	1178	3411
1214	4487	1172	3315
1215	4494	1174	3320
1216	4467	1174	3293
1217	4491	1180	3311
1218	4517	1168	3349
1219	4533	1175	3358
1220	4547	1178	3369
1221	4564	1182	3382
1222	4551	1179	3372
1223	4532	1179	3353
1224	4567	1185	3382
1225	4558	1186	3372
1226	4576	1179	3397
1227	4510	1186	3324
1228	4470	1186	3284
1229	4513	1184	3329
1230	4551	1168	3383
1231	4546	1179	3367
1232	4496	1182	3314
1233	4456	1187	3269
1234	4472	1182	3290
1235	4420	1186	3234
1236	4399	1179	3220
1237	4399	1186	3213
1238	4360	1181	3179
1239	4339	1188	3151
1240	4337	1174	3163
1241	4334	1163	3171
1242	4332	1167	3165
1243	4301	1182	3119
1244	4330	1185	3145
1245	4356	1177	3179
1246	4303	1182	3121
1247	4302	1183	3119
1248	4353	1171	3182
1249	4336	1181	3155
1250	4333	1179	3154
1251	4314	1183	3131
1252	4275	1174	3101
1253	4265	1179	3086
1254	4330	1176	3154
1255	4396	1181	3215
1256	4369	1175	3194
1257	4320	1190	3130
1258	4378	1185	3193
1259	4371	1176	3195
1260	4424	1163	3261
1261	4494	1174	3320
1262	4490	1175	3315
1263	4464	1186	3278
1264	4480	1179	3301
1265	4500	1180	3320
1266	4493	1181	3312
1267	4480	1181	3299
1268	4499	1185	3314
1269	4431	1194	3237
1270	4475	1185	3290
1271	4409	1184	3225
1272	4405	1175	3230
1273	4421	1180	3241
1274	4414	1176	3238
1275	4348	1170	3178
1276	4344	1173	3171
1277	4404	1184	3220
1278	4460	1181	3279
1279	4443	1186	3257
1280	4448	1181	3267
1281	4462	1185	3277
1282	4497	1182	3315
1283	4483	1185	3298
1284	4502	1176	3326
1285	4494	1180	3314
1286	4531	1181	3350
1287	4562	1193	3369
1288	4558	1184	3374
1289	4553	1173	3380
1290	4586	1175	3411
1291	4548	1168	3380
1292	4572	1163	3409
1293	4560	1182	3378
1294	4590	1176	3414
1295	4613	1181	3432
1296	4601	1181	3420
1297	4618	1176	3442
1298	4637	1177	3460
1299	4659	1177	3482
1300	4681	1169	3512
1301	4733	1178	3555
1302	4695	1173	3522
1303	4753	1172	3581
1304	4831	1171	3660
1305	4874	1180	3694
1306	4877	1182	3695
1307	4883	1187	3696
1308	4910	1177	3733
1309	5027	1183	3844
1310	5060	1186	3874
1311	5132	1186	3946
1312	5245	1176	4069
1313	5309	1178	4131
1314	5364	1178	4186
1315	5437	1179	4258
1316	5443	1180	4263
1317	5530	1180	4350
1318	5605	1189	4416
1319	5758	1192	4566
1320	5761	1179	4582
1321	5858	1181	4677
1322	6045	1175	4870
1323	6122	1186	4936
1324	6257	1181	5076
1325	6352	1176	5176
1326	6418	1173	5245
1327	6477	1178	5299
1328	6582	1180	5402
1329	6701	1189	5512
1330	6806	1178	5628
1331	6977	1179	5798
1332	7111	1179	5932
1333	7243	1182	6061
1334	7354	1186	6168
1335	7442	1179	6263
1336	7506	1181	6325
1337	7585	1183	6402
1338	7676	1178	6498
1339	7844	1181	6663
1340	7950	1175	6775
1341	8104	1177	6927
1342	8201	1180	7021
1343	8205	1183	7022
1344	8243	1172	7071
1345	8347	1170	7177
1346	8393	1185	7208
1347	8348	1190	7158
1348	8366	1178	7188
1349	8505	1182	7323
1350	8585	1183	7402
1351	8680	1177	7503
1352	8796	1176	7620
1353	8836	1185	7651
1354	8795	1175	7620
1355	8861	1178	7683
1356	8983	1179	7804
1357	9048	1184	7864
1358	9263	1176	8087
1359	9342	1172	8170
1360	9424	1182	8242
1361	9471	1182	8289
1362	9473	1171	8302
1363	9535	1171	8364
1364	9678	1180	8498
1365	9852	1179	8673
1366	9912	1177	8735
1367	10060	1186	8874
1368	10175	1178	8997
1369	10144	1182	8962
1370	10170	1181	8989
1371	10240	1181	9059
1372	10261	1176	9085
1373	10272	1170	9102
1374	10380	1168	9212
1375	10370	1178	9192
1376	10458	1185	9273
1377	10423	1185	9238
1378	10402	1180	9222
1379	10430	1176	9254
1380	10420	1175	9245
1381	10431	1175	9256
1382	10473	1177	9296
1383	10629	1181	9448
1384	10750	1175	9575
1385	10818	1181	9637
1386	10917	1181	9736
1387	11094	1182	9912
1388	11317	1179	10138
1389	11476	1186	10290
1390	11617	1184	10433
1391	11672	1179	10493
1392	11874	1177	10697
1393	11926	1182	10744
1394	11906	1181	10725
1395	11953	1187	10766
1396	11985	1177	10808
1397	11865	1177	10688
1398	11818	1177	10641
1399	11806	1175	10631
1400	11908	1172	10736
1401	11991	1178	10813
1402	12019	1184	10835
1403	12003	1180	10823
1404	11911	1173	10738
1405	11886	1177	10709
1406	11781	1176	10605
1407	11723	1180	10543
1408	11694	1174	10520
1409	11562	1178	10384
1410	11530	1180	10350
1411	11430	1184	10246
1412	11411	1173	10238
1413	11516	1179	10337
1414	11685	1181	10504
1415	11961	1175	10786
1416	12236	1184	11052
1417	12472	1185	11287
1418	12721	1177	11544
1419	12913	1175	11738
1420	13107	1171	11936
1421	13246	1183	12063
1422	13294	1172	12122
1423	13380	1165	12215
1424	13437	1173	12264
1425	13380	1188	12192
1426	13370	1179	12191
1427	13358	1172	12186
1428	13327	1163	12164
1429	13283	1184	12099
1430	13205	1182	12023
1431	13152	1178	11974
1432	13027	1169	11858
1433	12944	1180	11764
1434	12765	1184	11581
1435	12331	1186	11145
1436	12008	1177	10831
1437	11700	1180	10520
1438	11412	1167	10245
1439	11286	1175	10111
1440	11155	1175	9980
1441	10885	1168	9717
1442	10737	1167	9570
1443	10539	1186	9353
1444	10516	1183	9333
1445	10494	1179	9315
1446	10393	1176	9217
1447	10364	1182	9182
1448	10418	1187	9231
1449	10408	1180	9228
1450	10502	1171	9331
1451	10546	1169	9377
1452	10567	1180	9387
1453	10517	1184	9333
1454	10536	1181	9355
1455	10556	1185	9371
1456	10536	1183	9353
1457	10462	1175	9287
1458	10457	1172	9285
1459	10338	1180	9158
1460	10290	1180	9110
1461	10287	1177	9110
1462	10221	1172	9049
1463	10155	1178	8977
1464	10028	1176	8852
1465	9997	1174	8823
1466	9857	1170	8687
1467	9779	1178	8601
1468	9707	1176	8531
1469	9582	1181	8401
1470	9514	1183	8331
1471	9364	1195	8169
1472	9331	1178	8153
1473	9287	1180	8107
1474	9323	1176	8147
1475	9225	1185	8040
1476	9072	1187	7885
1477	8985	1180	7805
1478	8986	1176	7810
1479	8936	1175	7761
1480	8750	1179	7571
1481	8600	1184	7416
1482	8555	1180	7375
1483	8402	1175	7227
1484	8369	1172	7197
1485	8155	1177	6978
1486	7990	1174	6816
1487	7957	1184	6773
1488	7908	1182	6726
1489	7762	1184	6578
1490	7683	1178	6505
1491	7595	1179	6416
1492	7472	1177	6295
1493	7394	1169	6225
1494	7245	1170	6075
1495	7078	1180	5898
1496	7024	1177	5847
1497	7082	1184	5898
1498	7074	1183	5891
1499	6909	1178	5731
1500	6757	1174	5583
1501	6781	1177	5604
1502	6762	1175	5587
1503	6668	1183	5485
1504	6672	1173	5499
1505	6707	1176	5531
1506	6785	1175	5610
1507	6827	1177	5650
1508	6906	1170	5736
1509	6984	1169	5815
1510	7009	1180	5829
1511	7010	1185	5825
1512	7154	1169	5985
1513	7238	1174	6064
1514	7237	1180	6057
1515	7219	1173	6046
1516	7213	1172	6041
1517	7322	1178	6144
1518	7276	1172	6104
1519	7218	1180	6038
1520	7304	1175	6129
1521	7420	1183	6237
1522	7427	1177	6250
1523	7405	1175	6230
1524	7429	1177	6252
1525	7429	1180	6249
1526	7357	1181	6176
1527	7267	1181	6086
1528	7113	1176	5937
1529	7093	1181	5912
1530	7126	1173	5953
1531	7069	1177	5892
1532	7013	1173	5840
1533	6932	1174	5758
1534	6921	1176	5745
1535	6881	1181	5700
1536	6783	1177	5606
1537	6741	1172	5569
1538	6678	1168	5510
1539	6689	1177	5512
1540	6695	1177	5518
1541	6658	1179	5479
1542	6558	1178	5380
1543	6467	1178	5289
1544	6418	1181	5237
1545	6377	1176	5201
1546	6259	1174	5085
1547	6204	1186	5018
1548	6205	1175	5030
1549	6208	1179	5029
1550	6104	1179	4925
1551	6055	1174	4881
1552	6049	1168	4881
1553	6041	1189	4852
1554	6084	1193	4891
1555	6208	1182	5026
1556	6220	1178	5042
1557	6231	1183	5048
1558	6198	1182	5016
1559	6198	1182	5016
1560	6269	1181	5088
1561	6273	1177	5096
1562	6250	1177	5073
1563	6281	1183	5098
1564	6323	1176	5147
1565	6326	1175	5151
1566	6327	1167	5160
1567	6256	1179	5077
1568	6279	1170	5109
1569	6323	1174	5149
1570	6416	1174	5242
1571	6440	1177	5263
1572	6486	1175	5311
1573	6558	1177	5381
1574	6521	1185	5336
1575	6402	1179	5223
1576	6354	1171	5183
1577	6373	1174	5199
1578	6382	1168	5214
1579	6398	1176	5222
1580	6445	1170	5275
1581	6363	1177	5186
1582	6343	1178	5165
1583	6296	1176	5120
1584	6278	1173	5105
1585	6281	1183	5098
1586	6281	1181	5100
1587	6323	1174	5149
1588	6349	1178	5171
1589	6289	1182	5107
1590	6335	1177	5158
1591	6315	1176	5139
1592	6298	1175	5123
1593	6287	1177	5110
1594	6383	1175	5208
1595	6390	1171	5219
1596	6357	1164	5193
1597	6345	1173	5172
1598	6352	1182	5170
1599	6379	1180	5199
1600	6383	1172	5211
1601	6397	1181	5216
1602	6399	1174	5225
1603	6349	1178	5171
1604	6250	1169	5081
1605	6209	1170	5039
1606	6282	1166	5116
1607	6289	1174	5115
1608	6256	1183	5073
1609	6142	1195	4947
1610	6124	1176	4948
1611	6110	1168	4942
1612	6120	1174	4946
1613	6112	1175	4937
1614	6102	1165	4937
1615	6088	1180	4908
1616	6044	1177	4867
1617	6045	1177	4868
1618	5989	1183	4806
1619	5973	1176	4797
1620	5940	1166	4774
1621	5924	1173	4751
1622	6011	1178	4833
1623	5967	1176	4791
1624	5911	1182	4729
1625	5879	1181	4698
1626	5914	1178	4736
1627	5923	1182	4741
1628	5865	1178	4687
1629	5899	1182	4717
1630	5930	1179	4751
1631	5857	1174	4683
1632	5849	1169	4680
1633	5817	1177	4640
1634	5841	1171	4670
1635	5728	1169	4559
1636	5737	1172	4565
1637	5759	1185	4574
1638	5730	1183	4547
1639	5699	1183	4516
1640	5626	1173	4453
1641	5595	1182	4413
1642	5633	1181	4452
1643	5628	1176	4452
1644	5646	1180	4466
1645	5615	1179	4436
1646	5606	1169	4437
1647	5647	1180	4467
1648	5613	1175	4438
1649	5589	1179	4410
1650	5668	1177	4491
1651	5720	1182	4538
1652	5713	1178	4535
1653	5634	1180	4454
1654	5607	1173	4434
1655	5610	1181	4429
1656	5673	1174	4499
1657	5710	1173	4537
1658	5637	1171	4466
1659	5553	1183	4370
1660	5623	1188	4435
1661	5619	1185	4434
1662	5574	1173	4401
1663	5621	1172	4449
1664	5559	1163	4396
1665	5510	1168	4342
1666	5501	1172	4329
1667	5488	1184	4304
1668	5479	1180	4299
1669	5485	1180	4305
1670	5457	1173	4284
1671	5409	1178	4231
1672	5440	1176	4264
1673	5432	1177	4255
1674	5363	1176	4187
1675	5376	1190	4186
1676	5347	1184	4163
1677	5322	1176	4146
1678	5254	1177	4077
1679	5251	1184	4067
1680	5289	1180	4109
1681	5222	1181	4041
1682	5246	1182	4064
1683	5221	1183	4038
1684	5195	1174	4021
1685	5252	1177	4075
1686	5218	1171	4047
1687	5183	1178	4005
1688	5209	1182	4027
1689	5233	1184	4049
1690	5246	1174	4072
1691	5203	1173	4030
1692	5170	1159	4011
1693	5161	1164	3997
1694	5156	1174	3982
1695	5108	1184	3924
1696	5128	1172	3956
1697	5077	1175	3902
1698	4957	1176	3781
1699	4979	1188	3791
1700	4991	1180	3811
1701	4920	1192	3728
1702	4887	1182	3705
1703	4844	1183	3661
1704	4826	1183	3643
1705	4804	1183	3621
1706	4867	1180	3687
1707	4821	1186	3635
1708	4767	1174	3593
1709	4776	1182	3594
1710	4731	1173	3558
1711	4660	1174	3486
1712	4659	1176	3483
1713	4628	1179	3449
1714	4582	1173	3409
1715	4618	1174	3444
1716	4604	1166	3438
1717	4592	1181	3411
1718	4582	1180	3402
1719	4584	1168	3416
1720	4548	1161	3387
1721	4500	1167	3333
1722	4467	1171	3296
1723	4459	1177	3282
1724	4463	1168	3295
1725	4476	1167	3309
1726	4487	1175	3312
1727	4481	1177	3304
1728	4431	1165	3266
1729	4368	1176	3192
1730	4366	1176	3190
1731	4320	1164	3156
1732	4275	1161	3114
1733	4319	1176	3143
1734	4320	1169	3151
1735	4288	1170	3118
1736	4267	1172	3095
1737	4263	1175	3088
1738	4198	1179	3019
1739	4125	1189	2936
1740	4181	1180	3001
1741	4236	1186	3050
1742	4249	1180	3069
1743	4174	1179	2995
1744	4125	1173	2952
1745	4138	1176	2962
1746	4166	1176	2990
1747	4105	1179	2926
1748	4098	1176	2922
1749	4131	1172	2959
1750	4136	1171	2965
1751	4160	1167	2993
1752	4119	1159	2960
1753	4111	1170	2941
1754	4169	1179	2990
1755	4172	1188	2984
1756	4183	1177	3006
1757	4158	1174	2984
1758	4142	1169	2973
1759	4136	1174	2962
1760	4160	1184	2976
1761	4171	1185	2986
1762	4189	1173	3016
1763	4241	1176	3065
1764	4203	1171	3032
1765	4119	1180	2939
1766	4084	1181	2903
1767	4095	1177	2918
1768	4098	1179	2919
1769	4130	1178	2952
1770	4128	1180	2948
1771	4027	1184	2843
1772	3986	1177	2809
1773	3992	1178	2814
1774	3988	1188	2800
1775	3999	1188	2811
1776	3945	1179	2766
1777	3896	1176	2720
1778	3867	1176	2691
1779	3846	1180	2666
1780	3844	1172	2672
1781	3830	1169	2661
1782	3816	1172	2644
1783	3852	1183	2669
1784	3740	1183	2557
1785	3764	1182	2582
1786	3769	1172	2597
1787	3773	1182	2591
1788	3807	1176	2631
1789	3759	1179	2580
1790	3786	1178	2608
1791	3753	1186	2567
1792	3686	1174	2512
1793	3661	1175	2486
1794	3684	1178	2506
1795	3706	1179	2527
1796	3732	1186	2546
1797	3699	1186	2513
1798	3672	1172	2500
1799	3644	1178	2466
1800	3603	1185	2418
1801	3682	1183	2499
1802	3703	1181	2522
1803	3628	1181	2447
1804	3659	1175	2484
1805	3632	1172	2460
1806	3605	1170	2435
1807	3607	1176	2431
1808	3575	1180	2395
1809	3588	1182	2406
1810	3543	1177	2366
1811	3519	1179	2340
1812	3575	1175	2400
1813	3543	1171	2372
1814	3533	1178	2355
1815	3559	1178	2381
1816	3580	1181	2399
1817	3564	1194	2370
1818	3571	1177	2394
1819	3550	1175	2375
1820	3521	1174	2347
1821	3512	1181	2331
1822	3476	1174	2302
1823	3464	1187	2277
1824	3417	1187	2230
1825	3410	1190	2220
1826	3411	1180	2231
1827	3433	1176	2257
1828	3436	1178	2258
1829	3410	1182	2228
1830	3438	1186	2252
1831	3435	1183	2252
1832	3442	1176	2266
1833	3438	1185	2253
1834	3433	1181	2252
1835	3413	1179	2234
1836	3404	1165	2239
1837	3411	1170	2241
1838	3400	1176	2224
1839	3403	1179	2224
1840	3386	1176	2210
1841	3371	1181	2190
1842	3382	1177	2205
1843	3386	1183	2203
1844	3382	1180	2202
1845	3308	1180	2128
1846	3344	1181	2163
1847	3378	1185	2193
1848	3364	1176	2188
1849	3360	1186	2174
1850	3360	1174	2186
1851	3363	1180	2183
1852	3370	1177	2193
1853	3338	1170	2168
1854	3315	1173	2142
1855	3332	1180	2152
1856	3336	1176	2160
1857	3331	1178	2153
1858	3346	1172	2174
1859	3379	1172	2207
1860	3374	1175	2199
1861	3334	1177	2157
1862	3355	1171	2184
1863	3336	1177	2159
1864	3314	1180	2134
1865	3355	1177	2178
1866	3375	1172	2203
1867	3339	1178	2161
1868	3339	1176	2163
1869	3349	1179	2170
1870	3376	1171	2205
1871	3393	1184	2209
1872	3385	1181	2204
1873	3372	1179	2193
1874	3375	1175	2200
1875	3386	1179	2207
1876	3402	1166	2236
1877	3421	1174	2247
1878	3379	1173	2206
1879	3372	1175	2197
1880	3363	1175	2188
1881	3406	1180	2226
1882	3410	1177	2233
1883	3381	1177	2204
1884	3372	1167	2205
1885	3378	1168	2210
1886	3383	1171	2212
1887	3368	1185	2183
1888	3423	1182	2241
1889	3375	1191	2184
1890	3343	1184	2159
1891	3372	1173	2199
1892	3328	1173	2155
1893	3320	1174	2146
1894	3368	1177	2191
1895	3372	1187	2185
1896	3343	1181	2162
1897	3254	1187	2067
1898	3274	1179	2095
1899	3325	1178	2147
1900	3308	1173	2135
1901	3259	1178	2081
1902	3268	1179	2089
1903	3247	1178	2069
1904	3247	1183	2064
1905	3238	1184	2054
1906	3294	1176	2118
1907	3271	1178	2093
1908	3255	1168	2087
1909	3280	1180	2100
1910	3251	1178	2073
1911	3269	1178	2091
1912	3257	1170	2087
1913	3187	1177	2010
1914	3206	1168	2038
1915	3180	1173	2007
1916	3156	1183	1973
1917	3164	1179	1985
1918	3215	1167	2048
1919	3238	1177	2061
1920	3250	1177	2073
1921	3230	1182	2048
1922	3209	1174	2035
1923	3163	1184	1979
1924	3138	1178	1960
1925	3142	1185	1957
1926	3181	1181	2000
1927	3190	1184	2006
1928	3142	1180	1962
1929	3150	1184	1966
1930	3160	1181	1979
1931	3190	1185	2005
1932	3143	1176	1967
1933	3121	1175	1946
1934	3108	1183	1925
1935	3098	1191	1907
1936	3122	1186	1936
1937	3094	1187	1907
1938	3074	1177	1897
1939	3075	1176	1899
1940	3095	1182	1913
1941	3109	1180	1929
1942	3102	1178	1924
1943	3105	1180	1925
1944	3061	1168	1893
1945	3048	1169	1879
1946	3076	1174	1902
1947	3066	1180	1886
1948	3066	1180	1886
1949	3038	1187	1851
1950	3044	1179	1865
1951	3050	1177	1873
1952	2991	1174	1817
1953	3021	1177	1844
1954	2990	1181	1809
1955	2994	1187	1807
1956	3002	1176	1826
1957	2950	1171	1779
1958	2974	1178	1796
1959	2971	1184	1787
1960	2975	1176	1799
1961	2969	1171	1798
1962	2962	1177	1785
1963	2932	1188	1744
1964	2964	1179	1785
1965	2985	1182	1803
1966	2952	1174	1778
1967	2950	1179	1771
1968	2904	1174	1730
1969	2884	1196	1688
1970	2839	1170	1669
1971	2781	1180	1601
1972	2817	1178	1639
1973	2818	1171	1647
1974	2779	1175	1604
1975	2780	1184	1596
1976	2781	1174	1607
1977	2814	1183	1631
1978	2799	1169	1630
1979	2795	1179	1616
1980	2805	1183	1622
1981	2780	1179	1601
1982	2768	1177	1591
1983	2744	1181	1563
1984	2723	1173	1550
1985	2719	1174	1545
1986	2720	1167	1553
1987	2727	1171	1556
1988	2751	1173	1578
1989	2775	1178	1597
1990	2772	1175	1597
1991	2751	1175	1576
1992	2759	1179	1580
1993	2711	1177	1534
1994	2726	1173	1553
1995	2757	1174	1583
1996	2726	1184	1542
1997	2726	1188	1538
1998	2770	1184	1586
1999	2755	1177	1578
2000	2769	1173	1596
2001	2824	1184	1640
2002	2851	1188	1663
2003	2796	1178	1618
2004	2798	1169	1629
2005	2817	1171	1646
2006	2806	1185	1621
2007	2804	1186	1618
2008	2814	1178	1636
2009	2830	1185	1645
2010	2820	1181	1639
2011	2887	1170	1717
2012	2953	1173	1780
2013	2979	1177	1802
2014	3080	1178	1902
2015	3297	1175	2122
2016	3649	1171	2478
2017	4068	1179	2889
2018	4495	1172	3323
2019	4870	1177	3693
2020	5160	1172	3988
2021	5348	1182	4166
2022	5479	1182	4297
2023	5641	1181	4460
2024	5841	1183	4658
2025	5979	1182	4797
2026	6053	1174	4879
2027	6174	1172	5002
2028	6220	1175	5045
2029	6123	1179	4944
2030	6056	1185	4871
2031	6079	1183	4896
2032	6141	1179	4962
2033	6035	1190	4845
2034	5937	1190	4747
2035	5849	1179	4670
2036	5635	1180	4455
2037	5279	1181	4098
2038	4996	1171	3825
2039	4687	1173	3514
2040	4288	1176	3112
2041	4007	1188	2819
2042	3869	1188	2681
2043	3629	1179	2450
2044	3447	1175	2272
2045	3296	1189	2107
2046	3208	1188	2020
2047	3136	1181	1955
2048	3054	1165	1889
2049	3010	1169	1841
2050	2957	1177	1780
2051	2898	1182	1716
2052	2925	1177	1748
2053	2859	1180	1679
2054	2850	1181	1669
2055	2835	1182	1653
2056	2797	1172	1625
2057	2804	1171	1633
2058	2775	1164	1611
2059	2755	1164	1591
2060	2736	1174	1562
2061	2713	1179	1534
2062	2697	1183	1514
2063	2633	1189	1444
2064	2596	1180	1416
2065	2619	1181	1438
2066	2596	1171	1425
2067	2583	1177	1406
2068	2572	1175	1397
2069	2578	1187	1391
2070	2572	1175	1397
2071	2533	1183	1350
2072	2549	1184	1365
2073	2549	1179	1370
2074	2530	1177	1353
2075	2525	1181	1344
2076	2505	1176	1329
2077	2513	1178	1335
2078	2550	1173	1377
2079	2503	1178	1325
2080	2494	1170	1324
2081	2508	1174	1334
2082	2514	1169	1345
2083	2515	1167	1348
2084	2520	1171	1349
2085	2513	1180	1333
2086	2497	1169	1328
2087	2539	1177	1362
2088	2557	1184	1373
2089	2516	1169	1347
2090	2536	1171	1365
2091	2547	1179	1368
2092	2557	1182	1375
2093	2511	1192	1319
2094	2518	1185	1333
2095	2566	1184	1382
2096	2615	1176	1439
2097	2593	1177	1416
2098	2605	1174	1431
2099	2621	1174	1447
2100	2620	1167	1453
2101	2574	1179	1395
2102	2551	1177	1374
2103	2574	1176	1398
2104	2577	1171	1406
2105	2596	1180	1416
2106	2576	1183	1393
2107	2558	1184	1374
2108	2577	1175	1402
2109	2565	1181	1384
2110	2583	1180	1403
2111	2618	1186	1432
2112	2588	1176	1412
2113	2570	1178	1392
2114	2596	1186	1410
2115	2582	1188	1394
2116	2602	1175	1427
2117	2639	1187	1452
2118	2641	1175	1466
2119	2640	1169	1471
2120	2628	1169	1459
2121	2628	1173	1455
2122	2640	1180	1460
2123	2631	1181	1450
2124	2634	1171	1463
2125	2652	1181	1471
2126	2694	1179	1515
2127	2692	1179	1513
2128	2670	1176	1494
2129	2660	1172	1488
2130	2682	1174	1508
2131	2679	1180	1499
2132	2652	1174	1478
2133	2649	1175	1474
2134	2664	1171	1493
2135	2660	1180	1480
2136	2693	1179	1514
2137	2719	1181	1538
2138	2729	1174	1555
2139	2746	1183	1563
2140	2755	1178	1577
2141	2756	1177	1579
2142	2741	1177	1564
2143	2772	1177	1595
2144	2811	1179	1632
2145	2767	1187	1580
2146	2819	1176	1643
2147	2864	1189	1675
2148	2822	1181	1641
2149	2816	1184	1632
2150	2857	1175	1682
2151	2856	1184	1672
2152	2883	1172	1711
2153	2898	1168	1730
2154	2907	1177	1730
2155	2916	1189	1727
2156	2943	1177	1766
2157	2976	1182	1794
2158	2959	1181	1778
2159	2933	1177	1756
2160	2888	1173	1715
2161	2920	1179	1741
2162	2962	1178	1784
2163	2983	1178	1805
2164	3016	1177	1839
2165	2977	1182	1795
2166	2922	1180	1742
2167	2979	1186	1793
2168	3015	1184	1831
2169	3018	1188	1830
2170	3018	1184	1834
2171	2993	1186	1807
2172	2965	1171	1794
2173	2975	1176	1799
2174	2985	1173	1812
2175	2981	1173	1808
2176	3010	1166	1844
2177	2955	1169	1786
2178	2975	1164	1811
2179	3039	1172	1867
2180	3009	1184	1825
2181	2959	1186	1773
2182	2969	1178	1791
2183	2981	1179	1802
2184	3023	1175	1848
2185	3034	1179	1855
2186	3067	1178	1889
2187	3066	1182	1884
2188	3082	1169	1913
2189	3125	1179	1946
2190	3098	1183	1915
2191	3037	1178	1859
2192	3077	1171	1906
2193	3061	1177	1884
2194	3080	1175	1905
2195	3148	1176	1972
2196	3144	1170	1974
2197	3140	1174	1966
2198	3180	1182	1998
2199	3125	1181	1944
2200	3148	1167	1981
2201	3160	1173	1987
2202	3227	1178	2049
2203	3217	1188	2029
2204	3258	1179	2079
2205	3273	1183	2090
2206	3236	1175	2061
2207	3217	1178	2039
2208	3204	1181	2023
2209	3217	1183	2034
2210	3216	1179	2037
2211	3239	1185	2054
2212	3227	1190	2037
2213	3213	1196	2017
2214	3259	1179	2080
2215	3306	1183	2123
2216	3312	1184	2128
2217	3327	1189	2138
2218	3339	1179	2160
2219	3326	1184	2142
2220	3309	1174	2135
2221	3311	1181	2130
2222	3281	1182	2099
2223	3221	1180	2041
2224	3212	1171	2041
2225	3177	1173	2004
2226	3109	1175	1934
2227	3107	1183	1924
2228	3112	1176	1936
2229	3097	1179	1918
2230	3108	1188	1920
2231	3053	1185	1868
2232	3053	1174	1879
2233	3010	1169	1841
2234	2990	1175	1815
2235	3013	1188	1825
2236	3019	1186	1833
2237	3039	1178	1861
2238	2973	1167	1806
2239	2939	1177	1762
2240	2933	1174	1759
2241	2912	1177	1735
2242	2928	1173	1755
2243	2953	1173	1780
2244	2927	1173	1754
2245	2900	1174	1726
2246	2913	1177	1736
2247	2923	1178	1745
2248	2967	1170	1797
2249	2980	1173	1807
2250	2991	1176	1815
2251	3004	1182	1822
2252	3040	1174	1866
2253	3146	1181	1965
2254	3216	1183	2033
2255	3272	1185	2087
2256	3247	1180	2067
2257	3249	1182	2067
2258	3331	1181	2150
2259	3381	1174	2207
2260	3391	1183	2208
2261	3425	1181	2244
2262	3469	1177	2292
2263	3460	1178	2282
2264	3517	1179	2338
2265	3545	1174	2371
2266	3527	1165	2362
2267	3526	1179	2347
2268	3553	1180	2373
2269	3520	1174	2346
2270	3553	1174	2379
2271	3593	1171	2422
2272	3571	1170	2401
2273	3594	1181	2413
2274	3607	1177	2430
2275	3574	1183	2391
2276	3572	1184	2388
2277	3586	1187	2399
2278	3536	1175	2361
2279	3546	1178	2368
2280	3543	1169	2374
2281	3528	1174	2354
2282	3529	1177	2352
2283	3526	1181	2345
2284	3524	1166	2358
2285	3493	1176	2317
2286	3477	1176	2301
2287	3466	1173	2293
2288	3451	1181	2270
2289	3404	1179	2225
2290	3428	1178	2250
2291	3413	1179	2234
2292	3408	1172	2236
2293	3414	1167	2247
2294	3438	1168	2270
2295	3454	1175	2279
2296	3453	1174	2279
2297	3385	1176	2209
2298	3362	1176	2186
2299	3372	1179	2193
2300	3369	1178	2191
2301	3344	1182	2162
2302	3317	1181	2136
2303	3311	1177	2134
2304	3261	1180	2081
2305	3236	1183	2053
2306	3329	1179	2150
2307	3343	1173	2170
2308	3331	1170	2161
2309	3288	1176	2112
2310	3292	1182	2110
2311	3266	1176	2090
2312	3306	1171	2135
2313	3361	1178	2183
2314	3356	1182	2174
2315	3375	1177	2198
2316	3348	1172	2176
2317	3358	1186	2172
2318	3390	1183	2207
2319	3382	1175	2207
2320	3374	1174	2200
2321	3372	1182	2190
2322	3354	1176	2178
2323	3307	1178	2129
2324	3331	1174	2157
2325	3332	1188	2144
2326	3289	1183	2106
2327	3321	1180	2141
2328	3332	1175	2157
2329	3323	1184	2139
2330	3313	1178	2135
2331	3292	1184	2108
2332	3295	1174	2121
2333	3295	1176	2119
2334	3336	1179	2157
2335	3297	1185	2112
2336	3273	1174	2099
2337	3271	1178	2093
2338	3282	1184	2098
2339	3273	1188	2085
2340	3237	1178	2059
2341	3203	1180	2023
2342	3236	1182	2054
2343	3246	1179	2067
2344	3253	1181	2072
2345	3280	1176	2104
2346	3201	1183	2018
2347	3183	1187	1996
2348	3186	1170	2016
2349	3126	1176	1950
2350	3172	1184	1988
2351	3174	1185	1989
2352	3165	1183	1982
2353	3147	1180	1967
2354	3134	1170	1964
2355	3139	1180	1959
2356	3144	1195	1949
2357	3132	1189	1943
2358	3163	1176	1987
2359	3171	1178	1993
2360	3222	1184	2038
2361	3271	1204	2067
2362	3279	1185	2094
2363	3289	1194	2095
2364	3290	1189	2101
2365	3308	1185	2123
2366	3269	1183	2086
2367	3260	1180	2080
2368	3322	1180	2142
2369	3319	1188	2131
2370	3338	1175	2163
2371	3359	1172	2187
2372	3362	1177	2185
2373	3319	1177	2142
2374	3301	1174	2127
2375	3287	1179	2108
2376	3256	1174	2082
2377	3259	1171	2088
2378	3268	1164	2104
2379	3265	1182	2083
2380	3233	1186	2047
2381	3219	1192	2027
2382	3209	1179	2030
2383	3203	1177	2026
2384	3154	1173	1981
2385	3137	1178	1959
2386	3178	1179	1999
2387	3167	1191	1976
2388	3132	1184	1948
2389	3107	1181	1926
2390	3121	1185	1936
2391	3092	1179	1913
2392	3115	1181	1934
2393	3094	1180	1914
2394	3120	1177	1943
2395	3107	1186	1921
2396	3071	1173	1898
2397	3098	1177	1921
2398	3133	1188	1945
2399	3091	1191	1900
2400	3090	1170	1920
2401	3131	1169	1962
2402	3123	1174	1949
2403	3152	1184	1968
2404	3099	1176	1923
2405	3083	1181	1902
2406	3110	1168	1942
2407	3133	1173	1960
2408	3144	1172	1972
2409	3160	1181	1979
2410	3147	1178	1969
2411	3121	1182	1939
2412	3177	1173	2004
2413	3173	1171	2002
2414	3169	1166	2003
2415	3186	1181	2005
2416	3198	1187	2011
2417	3165	1188	1977
2418	3145	1182	1963
2419	3163	1188	1975
2420	3164	1184	1980
2421	3175	1182	1993
2422	3164	1176	1988
2423	3122	1180	1942
2424	3098	1170	1928
2425	3114	1181	1933
2426	3095	1188	1907
2427	3092	1187	1905
2428	3079	1180	1899
2429	3080	1174	1906
2430	3075	1180	1895
2431	3095	1186	1909
2432	3131	1183	1948
2433	3117	1189	1928
2434	3115	1179	1936
2435	3139	1181	1958
2436	3152	1186	1966
2437	3135	1177	1958
2438	3107	1172	1935
2439	3140	1181	1959
2440	3224	1176	2048
2441	3246	1176	2070
2442	3233	1169	2064
2443	3219	1174	2045
2444	3239	1175	2064
2445	3334	1176	2158
2446	3429	1166	2263
2447	3396	1178	2218
2448	3447	1171	2276
2449	3423	1177	2246
2450	3423	1172	2251
2451	3482	1182	2300
2452	3503	1181	2322
2453	3529	1189	2340
2454	3494	1182	2312
2455	3510	1187	2323
2456	3539	1177	2362
2457	3526	1179	2347
2458	3569	1177	2392
2459	3545	1188	2357
2460	3515	1180	2335
2461	3533	1178	2355
2462	3468	1181	2287
2463	3462	1180	2282
2464	3540	1175	2365
2465	3547	1185	2362
2466	3546	1181	2365
2467	3482	1177	2305
2468	3527	1173	2354
2469	3543	1184	2359
2470	3459	1175	2284
2471	3413	1177	2236
2472	3462	1181	2281
2473	3463	1178	2285
2474	3449	1175	2274
2475	3421	1182	2239
2476	3436	1182	2254
2477	3439	1175	2264
2478	3468	1174	2294
2479	3477	1183	2294
2480	3426	1173	2253
2481	3427	1169	2258
2482	3499	1174	2325
2483	3537	1175	2362
2484	3465	1168	2297
2485	3415	1174	2241
2486	3487	1180	2307
2487	3500	1185	2315
2488	3493	1180	2313
2489	3473	1179	2294
2490	3483	1176	2307
2491	3505	1183	2322
2492	3493	1174	2319
2493	3469	1175	2294
2494	3491	1175	2316
2495	3508	1183	2325
2496	3497	1184	2313
2497	3482	1185	2297
2498	3461	1174	2287
2499	3513	1171	2342
2500	3580	1178	2402
2501	3570	1187	2383
2502	3507	1183	2324
2503	3506	1179	2327
2504	3576	1181	2395
2505	3572	1182	2390
2506	3524	1174	2350
2507	3601	1184	2417
2508	3659	1175	2484
2509	3674	1183	2491
2510	3645	1190	2455
2511	3649	1190	2459
2512	3655	1185	2470
2513	3697	1187	2510
2514	3690	1179	2511
2515	3644	1186	2458
2516	3665	1182	2483
2517	3689	1186	2503
2518	3616	1174	2442
2519	3618	1178	2440
2520	3663	1190	2473
2521	3608	1185	2423
2522	3559	1170	2389
2523	3594	1177	2417
2524	3612	1177	2435
2525	3599	1179	2420
2526	3584	1178	2406
2527	3581	1192	2389
2528	3573	1182	2391
2529	3558	1172	2386
2530	3517	1175	2342
2531	3478	1180	2298
2532	3513	1173	2340
2533	3482	1175	2307
2534	3463	1182	2281
2535	3464	1182	2282
2536	3531	1178	2353
2537	3536	1188	2348
2538	3554	1189	2365
2539	3531	1188	2343
2540	3568	1181	2387
2541	3600	1179	2421
2542	3566	1181	2385
2543	3575	1184	2391
2544	3557	1184	2373
2545	3504	1173	2331
2546	3502	1158	2344
2547	3519	1177	2342
2548	3616	1183	2433
2549	3625	1180	2445
2550	3595	1179	2416
2551	3605	1176	2429
2552	3634	1180	2454
2553	3619	1181	2438
2554	3620	1175	2445
2555	3592	1188	2404
2556	3543	1182	2361
2557	3555	1176	2379
2558	3600	1178	2422
2559	3624	1181	2443
2560	3610	1174	2436
2561	3567	1177	2390
2562	3583	1176	2407
2563	3597	1188	2409
2564	3608	1180	2428
2565	3597	1181	2416
2566	3605	1178	2427
2567	3605	1175	2430
2568	3613	1175	2438
2569	3615	1188	2427
2570	3536	1169	2367
2571	3596	1177	2419
2572	3629	1188	2441
2573	3587	1187	2400
2574	3584	1183	2401
2575	3575	1182	2393
2576	3514	1177	2337
2577	3550	1179	2371
2578	3629	1173	2456
2579	3634	1177	2457
2580	3582	1185	2397
2581	3526	1183	2343
2582	3526	1183	2343
2583	3535	1180	2355
2584	3585	1178	2407
2585	3608	1180	2428
2586	3527	1175	2352
2587	3483	1175	2308
2588	3483	1172	2311
2589	3546	1177	2369
2590	3496	1179	2317
2591	3502	1188	2314
2592	3556	1185	2371
2593	3553	1191	2362
2594	3513	1182	2331
2595	3588	1186	2402
2596	3636	1180	2456
2597	3599	1179	2420
2598	3616	1186	2430
2599	3629	1184	2445
2600	3675	1175	2500
2601	3645	1178	2467
2602	3666	1177	2489
2603	3681	1179	2502
2604	3707	1176	2531
2605	3729	1175	2554
2606	3663	1180	2483
2607	3660	1177	2483
2608	3726	1170	2556
2609	3739	1173	2566
2610	3713	1172	2541
2611	3700	1177	2523
2612	3694	1169	2525
2613	3696	1172	2524
2614	3732	1185	2547
2615	3750	1183	2567
2616	3672	1174	2498
2617	3713	1177	2536
2618	3744	1178	2566
2619	3718	1184	2534
2620	3703	1174	2529
2621	3666	1181	2485
2622	3681	1182	2499
2623	3688	1186	2502
2624	3698	1180	2518
2625	3742	1186	2556
2626	3726	1181	2545
2627	3693	1185	2508
2628	3699	1185	2514
2629	3653	1184	2469
2630	3652	1178	2474
2631	3667	1180	2487
2632	3738	1178	2560
2633	3729	1176	2553
2634	3758	1185	2573
2635	3732	1190	2542
2636	3718	1183	2535
2637	3706	1189	2517
2638	3721	1184	2537
2639	3757	1187	2570
2640	3706	1177	2529
2641	3717	1181	2536
2642	3732	1178	2554
2643	3737	1177	2560
2644	3811	1178	2633
2645	3852	1181	2671
2646	3877	1175	2702
2647	3847	1187	2660
2648	3848	1186	2662
2649	3858	1176	2682
2650	3866	1172	2694
2651	3877	1185	2692
2652	3898	1181	2717
2653	3855	1183	2672
2654	3847	1183	2664
2655	3847	1185	2662
2656	3854	1181	2673
2657	3902	1186	2716
2658	3920	1181	2739
2659	3856	1188	2668
2660	3894	1181	2713
2661	3910	1177	2733
2662	3861	1175	2686
2663	3886	1178	2708
2664	3893	1170	2723
2665	3868	1179	2689
2666	3871	1180	2691
2667	3828	1181	2647
2668	3820	1176	2644
2669	3818	1177	2641
2670	3828	1176	2652
2671	3856	1177	2679
2672	3894	1174	2720
2673	3845	1187	2658
2674	3866	1179	2687
2675	3887	1178	2709
2676	3887	1180	2707
2677	3853	1193	2660
2678	3917	1184	2733
2679	3915	1180	2735
2680	3931	1177	2754
2681	3960	1179	2781
2682	3943	1164	2779
2683	3946	1166	2780
2684	3885	1173	2712
2685	3878	1175	2703
2686	3874	1172	2702
2687	3892	1182	2710
2688	3892	1180	2712
2689	3850	1180	2670
2690	3891	1181	2710
2691	3915	1190	2725
2692	3851	1181	2670
2693	3841	1182	2659
2694	3892	1185	2707
2695	3856	1185	2671
2696	3777	1179	2598
2697	3785	1182	2603
2698	3792	1180	2612
2699	3777	1174	2603
2700	3761	1173	2588
2701	3739	1178	2561
2702	3749	1181	2568
2703	3710	1172	2538
2704	3675	1174	2501
2705	3639	1188	2451
2706	3615	1187	2428
2707	3570	1187	2383
2708	3548	1181	2367
2709	3588	1183	2405
2710	3575	1179	2396
2711	3582	1191	2391
2712	3608	1188	2420
2713	3530	1183	2347
2714	3561	1183	2378
2715	3611	1186	2425
2716	3546	1183	2363
2717	3507	1184	2323
2718	3545	1177	2368
2719	3617	1176	2441
2720	3561	1176	2385
2721	3538	1188	2350
2722	3555	1177	2378
2723	3568	1183	2385
2724	3571	1176	2395
2725	3549	1175	2374
2726	3467	1188	2279
2727	3519	1185	2334
2728	3529	1178	2351
2729	3468	1182	2286
2730	3479	1179	2300
2731	3483	1177	2306
2732	3467	1172	2295
2733	3453	1179	2274
2734	3446	1165	2281
2735	3369	1176	2193
2736	3265	1185	2080
2737	3271	1187	2084
2738	3313	1182	2131
2739	3275	1176	2099
2740	3247	1173	2074
2741	3252	1187	2065
2742	3254	1173	2081
2743	3204	1171	2033
2744	3168	1170	1998
2745	3161	1160	2001
2746	3195	1172	2023
2747	3144	1183	1961
2748	3053	1172	1881
2749	3118	1171	1947
2750	3140	1174	1966
2751	3117	1178	1939
2752	3071	1178	1893
2753	3083	1178	1905
2754	3115	1169	1946
2755	3118	1170	1948
2756	3097	1168	1929
2757	3116	1177	1939
2758	3139	1186	1953
2759	3093	1185	1908
2760	3057	1187	1870
2761	3076	1180	1896
2762	3055	1174	1881
2763	2986	1187	1799
2764	2966	1188	1778
2765	3004	1178	1826
2766	3021	1161	1860
2767	3047	1170	1877
2768	3034	1176	1858
2769	3003	1191	1812
2770	2989	1183	1806
2771	3024	1178	1846
2772	3010	1174	1836
2773	2985	1180	1805
2774	2987	1182	1805
2775	3017	1177	1840
2776	3065	1172	1893
2777	3043	1169	1874
2778	2977	1163	1814
2779	2994	1176	1818
2780	3018	1182	1836
2781	3044	1182	1862
2782	3042	1169	1873
2783	3032	1176	1856
2784	3060	1173	1887
2785	3050	1178	1872
2786	3053	1183	1870
2787	3039	1174	1865
2788	3021	1176	1845
2789	3038	1183	1855
2790	3038	1176	1862
2791	2999	1177	1822
2792	3052	1166	1886
2793	3014	1168	1846
2794	3003	1168	1835
2795	2999	1170	1829
2796	3037	1178	1859
2797	3075	1184	1891
2798	3042	1181	1861
2799	3026	1178	1848
2800	3032	1172	1860
2801	3087	1175	1912
2802	3123	1179	1944
2803	3120	1178	1942
2804	3107	1176	1931
2805	3148	1180	1968
2806	3176	1178	1998
2807	3171	1178	1993
2808	3136	1167	1969
2809	3127	1182	1945
2810	3147	1168	1979
2811	3195	1165	2030
2812	3184	1176	2008
2813	3194	1180	2014
2814	3213	1172	2041
2815	3190	1178	2012
2816	3185	1176	2009
2817	3258	1177	2081
2818	3281	1176	2105
2819	3256	1180	2076
2820	3264	1176	2088
2821	3232	1175	2057
2822	3230	1165	2065
2823	3277	1179	2098
2824	3269	1175	2094
2825	3268	1176	2092
2826	3276	1182	2094
2827	3266	1183	2083
2828	3262	1176	2086
2829	3212	1176	2036
2830	3185	1168	2017
2831	3164	1171	1993
2832	3144	1177	1967
2833	3216	1175	2041
2834	3217	1170	2047
2835	3190	1171	2019
2836	3162	1159	2003
2837	3131	1177	1954
2838	3169	1179	1990
2839	3202	1173	2029
2840	3191	1171	2020
2841	3227	1182	2045
2842	3240	1176	2064
2843	3197	1174	2023
2844	3220	1177	2043
2845	3248	1186	2062
2846	3201	1175	2026
2847	3182	1180	2002
2848	3177	1177	2000
2849	3252	1177	2075
2850	3272	1176	2096
2851	3250	1184	2066
2852	3334	1179	2155
2853	3324	1182	2142
2854	3285	1186	2099
2855	3277	1190	2087
2856	3318	1167	2151
2857	3330	1176	2154
2858	3346	1173	2173
2859	3376	1168	2208
2860	3329	1174	2155
2861	3326	1182	2144
2862	3385	1173	2212
2863	3346	1182	2164
2864	3390	1187	2203
2865	3418	1183	2235
2866	3412	1179	2233
2867	3445	1180	2265
2868	3486	1180	2306
2869	3467	1183	2284
2870	3496	1175	2321
2871	3551	1174	2377
2872	3546	1176	2370
2873	3618	1190	2428
2874	3666	1179	2487
2875	3611	1177	2434
2876	3651	1178	2473
2877	3723	1174	2549
2878	3748	1166	2582
2879	3719	1179	2540
2880	3737	1182	2555
2881	3724	1187	2537
2882	3777	1184	2593
2883	3764	1180	2584
2884	3732	1181	2551
2885	3760	1180	2580
2886	3755	1164	2591
2887	3714	1174	2540
2888	3704	1175	2529
2889	3714	1177	2537
2890	3718	1176	2542
2891	3729	1188	2541
2892	3698	1188	2510
2893	3694	1184	2510
2894	3717	1170	2547
2895	3720	1171	2549
2896	3745	1177	2568
2897	3735	1180	2555
2898	3691	1177	2514
2899	3660	1182	2478
2900	3646	1182	2464
2901	3739	1186	2553
2902	3765	1177	2588
2903	3696	1171	2525
2904	3642	1180	2462
2905	3680	1183	2497
2906	3686	1167	2519
2907	3643	1176	2467
2908	3698	1183	2515
2909	3632	1194	2438
2910	3593	1190	2403
2911	3575	1177	2398
2912	3613	1173	2440
2913	3553	1183	2370
2914	3529	1181	2348
2915	3497	1185	2312
2916	3445	1181	2264
2917	3480	1184	2296
2918	3471	1176	2295
2919	3445	1172	2273
2920	3446	1176	2270
2921	3445	1183	2262
2922	3457	1168	2289
2923	3407	1169	2238
2924	3389	1174	2215
2925	3435	1184	2251
2926	3412	1172	2240
2927	3354	1173	2181
2928	3386	1174	2212
2929	3383	1176	2207
2930	3496	1178	2318
2931	3511	1183	2328
2932	3523	1184	2339
2933	3527	1186	2341
2934	3519	1169	2350
2935	3527	1165	2362
2936	3565	1180	2385
2937	3608	1189	2419
2938	3623	1179	2444
2939	3627	1183	2444
2940	3521	1177	2344
2941	3573	1169	2404
2942	3633	1182	2451
2943	3521	1190	2331
2944	3473	1177	2296
2945	3493	1179	2314
2946	3466	1176	2290
2947	3481	1179	2302
2948	3495	1177	2318
2949	3452	1179	2273
2950	3435	1175	2260
2951	3425	1167	2258
2952	3403	1169	2234
2953	3365	1180	2185
2954	3351	1172	2179
2955	3355	1181	2174
2956	3340	1178	2162
2957	3313	1172	2141
2958	3231	1176	2055
2959	3203	1178	2025
2960	3202	1169	2033
2961	3226	1172	2054
2962	3186	1176	2010
2963	3147	1175	1972
2964	3154	1168	1986
2965	3175	1175	2000
2966	3161	1169	1992
2967	3172	1182	1990
2968	3185	1160	2025
2969	3175	1195	1980
2970	3205	1179	2026
2971	3241	1175	2066
2972	3216	1176	2040
2973	3219	1180	2039
2974	3277	1175	2102
2975	3245	1176	2069
2976	3246	1174	2072
2977	3319	1180	2139
2978	3360	1175	2185
2979	3364	1180	2184
2980	3315	1186	2129
2981	3314	1187	2127
2982	3335	1177	2158
2983	3309	1174	2135
2984	3337	1175	2162
2985	3360	1177	2183
2986	3344	1173	2171
2987	3339	1175	2164
2988	3388	1174	2214
2989	3347	1174	2173
2990	3324	1169	2155
2991	3322	1183	2139
2992	3320	1180	2140
2993	3243	1180	2063
2994	3207	1171	2036
2995	3205	1184	2021
2996	3175	1177	1998
2997	3151	1173	1978
2998	3098	1184	1914
2999	3034	1185	1849
3000	2990	1169	1821
3001	2969	1171	1798
3002	2955	1184	1771
3003	2920	1190	1730
3004	2960	1170	1790
3005	2958	1175	1783
3006	2938	1173	1765
3007	2969	1175	1794
3008	2953	1175	1778
3009	2931	1175	1756
3010	2916	1170	1746
3011	2928	1173	1755
3012	2913	1179	1734
3013	2879	1180	1699
3014	2924	1176	1748
3015	2919	1175	1744
3016	2888	1167	1721
3017	2831	1170	1661
3018	2835	1166	1669
3019	2826	1180	1646
3020	2804	1170	1634
3021	2812	1177	1635
3022	2780	1179	1601
3023	2773	1182	1591
3024	2788	1170	1618
3025	2771	1172	1599
3026	2777	1171	1606
3027	2753	1172	1581
3028	2729	1167	1562
3029	2725	1177	1548
3030	2697	1170	1527
3031	2676	1166	1510
3032	2688	1166	1522
3033	2703	1177	1526
3034	2620	1178	1442
3035	2514	1178	1336
3036	2535	1175	1360
3037	2524	1177	1347
3038	2501	1174	1327
3039	2543	1181	1362
3040	2558	1176	1382
3041	2538	1173	1365
3042	2536	1175	1361
3043	2561	1183	1378
3044	2568	1176	1392
3045	2558	1178	1380
3046	2542	1165	1377
3047	2496	1165	1331
3048	2513	1174	1339
3049	2521	1186	1335
3050	2460	1180	1280
3051	2412	1187	1225
3052	2427	1185	1242
3053	2447	1181	1266
3054	2454	1169	1285
3055	2440	1168	1272
3056	2422	1173	1249
3057	2429	1175	1254
3058	2421	1171	1250
3059	2420	1176	1244
3060	2397	1170	1227
3061	2385	1166	1219
3062	2408	1173	1235
3063	2394	1176	1218
3064	2363	1169	1194
3065	2399	1183	1216
3066	2405	1182	1223
3067	2419	1176	1243
3068	2414	1173	1241
3069	2408	1185	1223
3070	2385	1175	1210
3071	2383	1169	1214
3072	2426	1171	1255
3073	2360	1179	1181
3074	2345	1171	1174
3075	2351	1171	1180
3076	2329	1172	1157
3077	2296	1179	1117
3078	2308	1172	1136
3079	2285	1169	1116
3080	2315	1172	1143
3081	2314	1187	1127
3082	2282	1183	1099
3083	2295	1177	1118
3084	2304	1167	1137
3085	2312	1182	1130
3086	2306	1171	1135
3087	2295	1170	1125
3088	2291	1171	1120
3089	2259	1173	1086
3090	2256	1174	1082
3091	2278	1174	1104
3092	2237	1171	1066
3093	2240	1178	1062
3094	2252	1171	1081
3095	2216	1176	1040
3096	2198	1172	1026
3097	2176	1176	1000
3098	2185	1180	1005
3099	2206	1174	1032
3100	2205	1169	1036
3101	2160	1175	985
3102	2170	1176	994
3103	2163	1178	985
3104	2157	1178	979
3105	2138	1178	960
3106	2133	1170	963
3107	2143	1177	966
3108	2120	1180	940
3109	2107	1183	924
3110	2038	1182	856
3111	2043	1177	866
3112	2013	1171	842
3113	2008	1181	827
3114	2005	1181	824
3115	2024	1185	839
3116	2047	1169	878
3117	2035	1174	861
3118	2031	1173	858
3119	1980	1184	796
3120	1967	1174	793
3121	1959	1172	787
3122	1942	1179	763
3123	1914	1183	731
3124	1910	1176	734
3125	1921	1179	742
3126	1908	1174	734
3127	1902	1180	722
3128	1900	1181	719
3129	1876	1186	690
3130	1886	1185	701
3131	1883	1183	700
3132	1872	1185	687
3133	1865	1192	673
3134	1870	1172	698
3135	1849	1182	667
3136	1827	1183	644
3137	1805	1179	626
3138	1805	1170	635
3139	1788	1184	604
3140	1804	1184	620
3141	1784	1175	609
3142	1763	1182	581
3143	1754	1182	572
3144	1756	1171	585
3145	1778	1170	608
3146	1787	1174	613
3147	1734	1183	551
3148	1728	1174	554
3149	1718	1180	538
3150	1728	1181	547
3151	1707	1183	524
3152	1714	1186	528
3153	1729	1183	546
3154	1713	1183	530
3155	1676	1174	502
3156	1681	1176	505
3157	1658	1179	479
3158	1666	1171	495
3159	1654	1175	479
3160	1653	1171	482
3161	1615	1178	437
3162	1608	1172	436
3163	1606	1186	420
3164	1593	1174	419
3165	1587	1169	418
3166	1590	1173	417
3167	1594	1183	411
3168	1595	1177	418
3169	1578	1181	397
3170	1593	1185	408
3171	1559	1184	375
3172	1547	1173	374
3173	1543	1179	364
3174	1514	1187	327
3175	1500	1180	320
3176	1519	1182	337
3177	1546	1194	352
3178	1532	1178	354
3179	1525	1171	354
3180	1500	1172	328
3181	1494	1193	301
3182	1476	1189	287
3183	1470	1190	280
3184	1452	1180	272
3185	1467	1186	281
3186	1466	1181	285
3187	1423	1189	234
3188	1421	1181	240
3189	1444	1188	256
3190	1453	1175	278
3191	1416	1177	239
3192	1422	1185	237
3193	1419	1188	231
3194	1399	1178	221
3195	1407	1174	233
3196	1400	1173	227
3197	1377	1178	199
3198	1383	1183	200
3199	1377	1184	193
3200	1375	1174	201
3201	1352	1180	172
3202	1360	1186	174
3203	1350	1184	166
3204	1340	1182	158
3205	1332	1178	154
3206	1330	1175	155
3207	1321	1177	144
3208	1323	1178	145
3209	1334	1183	151
3210	1336	1188	148
3211	1342	1184	158
3212	1316	1175	141
3213	1306	1180	126
3214	1315	1183	132
3215	1325	1186	139
3216	1329	1181	148
3217	1313	1176	137
3218	1288	1176	112
3219	1263	1181	82
3220	1280	1178	102
3221	1286	1174	112
3222	1309	1161	148
3223	1309	1167	142
3224	1293	1173	120
3225	1268	1187	81
3226	1267	1190	77
3227	1275	1178	97
3228	1300	1189	111
3229	1270	1190	80
3230	1273	1169	104
3231	1260	1180	80
3232	1265	1182	83
3233	1256	1186	70
3234	1271	1185	86
3235	1254	1187	67
3236	1262	1169	93
3237	1256	1174	82
3238	1248	1189	59
3239	1255	1183	72
3240	1262	1177	85
3241	1258	1182	76
3242	1260	1183	77
3243	1263	1189	74
3244	1268	1184	84
3245	1284	1185	99
3246	1286	1184	102
3247	1286	1183	103
3248	1285	1169	116
3249	1268	1180	88
3250	1257	1171	86
3251	1248	1169	79
3252	1242	1180	62
3253	1263	1174	89
3254	1276	1174	102
3255	1251	1188	63
3256	1257	1178	79
3257	1256	1174	82
3258	1252	1173	79
3259	1243	1168	75
3260	1255	1171	84
3261	1268	1170	98
3262	1272	1169	103
3263	1257	1173	84
3264	1250	1180	70
3265	1237	1185	52
3266	1260	1189	71
3267	1272	1190	82
3268	1291	1176	115
3269	1269	1184	85
3270	1263	1184	79
3271	1256	1183	73
3272	1252	1176	76
3273	1265	1175	90
3274	1263	1174	89
3275	1262	1176	86
3276	1257	1180	77
3277	1255	1182	73
3278	1270	1176	94
3279	1261	1176	85
3280	1251	1175	76
3281	1261	1189	72
3282	1270	1182	88
3283	1247	1178	69
3284	1265	1169	96
3285	1240	1188	52
3286	1243	1188	55
3287	1259	1180	79
3288	1255	1175	80
3289	1259	1177	82
3290	1251	1179	72
3291	1243	1171	72
3292	1270	1170	100
3293	1266	1191	75
3294	1233	1179	54
3295	1217	1177	40
3296	1234	1169	65
3297	1246	1179	67
3298	1244	1185	59
3299	1259	1178	81
3300	1266	1171	95
3301	1272	1178	94
3302	1257	1180	77
3303	1244	1182	62
3304	1242	1173	69
3305	1220	1168	52
3306	1260	1172	88
3307	1266	1181	85
3308	1282	1178	104
3309	1261	1172	89
3310	1239	1176	63
3311	1254	1183	71
3312	1257	1181	76
3313	1232	1175	57
3314	1228	1183	45
3315	1242	1190	52
3316	1227	1188	39
3317	1214	1179	35
3318	1248	1183	65
3319	1243	1179	64
3320	1240	1169	71
3321	1258	1170	88
3322	1264	1174	90
3323	1244	1185	59
3324	1245	1177	68
3325	1255	1177	78
3326	1247	1172	75
3327	1254	1174	80
3328	1246	1181	65
3329	1235	1173	62
3330	1253	1169	84
3331	1247	1177	70
3332	1253	1171	82
3333	1237	1178	59
3334	1248	1179	69
3335	1236	1183	53
3336	1232	1172	60
3337	1235	1167	68
3338	1233	1175	58
3339	1221	1182	39
3340	1252	1175	77
3341	1247	1187	60
3342	1233	1183	50
3343	1227	1180	47
3344	1229	1180	49
3345	1231	1178	53
3346	1238	1177	61
3347	1241	1183	58
3348	1247	1178	69
3349	1251	1180	71
3350	1260	1168	92
3351	1240	1170	70
3352	1242	1167	75
3353	1242	1174	68
3354	1223	1164	59
3355	1227	1189	38
3356	1245	1191	54
3357	1236	1189	47
3358	1229	1179	50
3359	1247	1183	64
3360	1237	1181	56
3361	1207	1183	24
3362	1222	1182	40
3363	1216	1183	33
3364	1213	1173	40
3365	1195	1166	29
3366	1198	1163	35
3367	1207	1171	36
3368	1232	1171	61
3369	1229	1180	49
3370	1232	1174	58
3371	1236	1180	56
3372	1249	1168	81
3373	1233	1180	53
3374	1224	1177	47
3375	1223	1184	39
3376	1232	1177	55
3377	1230	1186	44
3378	1228	1177	51
3379	1237	1174	63
3380	1223	1172	51
3381	1215	1181	34
3382	1236	1178	58
3383	1227	1182	45
3384	1244	1175	69
3385	1238	1176	62
3386	1234	1176	58
3387	1252	1178	74
3388	1251	1178	73
3389	1231	1180	51
3390	1226	1175	51
3391	1227	1171	56
3392	1236	1176	60
3393	1206	1177	29
3394	1217	1172	45
3395	1215	1178	37
3396	1215	1178	37
3397	1220	1177	43
3398	1204	1178	26
3399	1214	1179	35
3400	1235	1170	65
3401	1237	1173	64
3402	1254	1170	84
3403	1259	1176	83
3404	1246	1173	73
3405	1242	1168	74
3406	1234	1168	66
3407	1233	1173	60
3408	1227	1170	57
3409	1208	1182	26
3410	1230	1177	53
3411	1224	1172	52
3412	1213	1179	34
3413	1218	1187	31
3414	1217	1180	37
3415	1212	1189	23
3416	1226	1185	41
3417	1226	1177	49
3418	1238	1167	71
3419	1213	1176	37
3420	1190	1181	9
3421	1215	1175	40
3422	1225	1172	53
3423	1235	1184	51
3424	1237	1180	57
3425	1228	1179	49
3426	1226	1186	40
3427	1209	1184	25
3428	1201	1169	32
3429	1208	1181	27
3430	1218	1192	26
3431	1228	1178	50
3432	1220	1168	52
3433	1215	1171	44
3434	1203	1171	32
3435	1216	1181	35
3436	1182	1184	-2
3437	1187	1186	1
3438	1202	1173	29
3439	1215	1182	33
3440	1227	1173	54
3441	1232	1173	59
3442	1222	1182	40
3443	1180	1185	-5
3444	1204	1178	26
3445	1221	1177	44
3446	1195	1184	11
3447	1205	1189	16
3448	1220	1177	43
3449	1200	1175	25
3450	1206	1172	34
3451	1211	1181	30
3452	1209	1175	34
3453	1209	1171	38
3454	1216	1171	45
3455	1227	1176	51
3456	1228	1182	46
3457	1218	1187	31
3458	1226	1188	38
3459	1200	1180	20
3460	1228	1169	59
3461	1236	1176	60
3462	1219	1166	53
3463	1206	1177	29
3464	1208	1178	30
3465	1202	1184	18
3466	1209	1185	24
3467	1221	1185	36
3468	1233	1184	49
3469	1215	1181	34
3470	1211	1169	42
3471	1197	1171	26
3472	1192	1176	16
3473	1196	1177	19
3474	1202	1177	25
3475	1209	1183	26
3476	1216	1179	37
3477	1225	1180	45
3478	1229	1178	51
3479	1218	1184	34
3480	1223	1172	51
3481	1202	1171	31
3482	1184	1173	11
3483	1205	1188	17
3484	1210	1165	45
3485	1205	1166	39
3486	1190	1187	3
3487	1200	1188	12
3488	1213	1184	29
3489	1217	1183	34
3490	1205	1175	30
3491	1192	1174	18
3492	1214	1172	42
3493	1211	1178	33
3494	1200	1180	20
3495	1193	1195	-2
3496	1216	1179	37
3497	1228	1177	51
3498	1211	1172	39
3499	1212	1173	39
3500	1239	1174	65
3501	1213	1178	35
3502	1197	1169	28
3503	1198	1175	23
3504	1201	1180	21
3505	1204	1174	30
3506	1202	1176	26
3507	1210	1175	35
3508	1205	1168	37
3509	1199	1174	25
3510	1196	1180	16
3511	1203	1181	22
3512	1226	1167	59
3513	1203	1166	37
3514	1210	1164	46
3515	1196	1168	28
3516	1199	1168	31
3517	1200	1171	29
3518	1214	1170	44
3519	1219	1185	34
3520	1217	1178	39
3521	1187	1185	2
3522	1195	1187	8
3523	1193	1184	9
3524	1206	1169	37
3525	1199	1167	32
3526	1190	1164	26
3527	1207	1180	27
3528	1223	1182	41
3529	1200	1174	26
3530	1181	1177	4
3531	1173	1182	-9
3532	1213	1183	30
3533	1204	1180	24
3534	1181	1178	3
3535	1188	1173	15
3536	1216	1174	42
3537	1208	1180	28
3538	1189	1182	7
3539	1218	1183	35
3540	1203	1168	35
3541	1200	1175	25
3542	1179	1174	5
3543	1187	1182	5
3544	1224	1176	48
3545	1216	1175	41
3546	1205	1174	31
3547	1210	1171	39
3548	1219	1171	48
3549	1198	1182	16
3550	1200	1185	15
3551	1211	1181	30
3552	1213	1174	39
3553	1175	1182	-7
3554	1186	1176	10
3555	1212	1174	38
3556	1208	1173	35
3557	1196	1177	19
3558	1210	1175	35
3559	1202	1179	23
3560	1189	1176	13
3561	1194	1170	24
3562	1194	1165	29
3563	1201	1179	22
3564	1199	1172	27
3565	1189	1179	10
3566	1181	1179	2
3567	1188	1180	8
3568	1191	1177	14
3569	1192	1183	9
3570	1200	1178	22
3571	1180	1176	4
3572	1187	1174	13
3573	1207	1174	33
3574	1218	1174	44
3575	1211	1177	34
3576	1192	1174	18
3577	1184	1182	2
3578	1189	1182	7
3579	1192	1177	15
3580	1203	1182	21
3581	1216	1183	33
3582	1212	1182	30
3583	1193	1186	7
3584	1200	1176	24
3585	1196	1182	14
3586	1188	1179	9
3587	1180	1182	-2
3588	1172	1185	-13
3589	1176	1188	-12
3590	1197	1178	19
3591	1178	1186	-8
3592	1199	1171	28
3593	1212	1183	29
3594	1202	1191	11
3595	1184	1189	-5
3596	1212	1173	39
3597	1223	1180	43
3598	1186	1175	11
3599	1185	1185	0
3600	1207	1176	31
3601	1190	1177	13
3602	1207	1177	30
3603	1202	1174	28
3604	1189	1180	9
3605	1182	1185	-3
3606	1182	1175	7
3607	1184	1182	2
3608	1205	1187	18
3609	1212	1183	29
3610	1217	1178	39
3611	1198	1184	14
3612	1204	1170	34
3613	1210	1177	33
3614	1204	1179	25
3615	1193	1180	13
3616	1196	1176	20
3617	1195	1177	18
3618	1176	1169	7
3619	1185	1181	4
3620	1194	1179	15
3621	1172	1185	-13
3622	1196	1185	11
3623	1190	1178	12
3624	1183	1174	9
3625	1179	1176	3
3626	1186	1173	13
3627	1179	1185	-6
3628	1186	1177	9
3629	1180	1172	8
3630	1197	1162	35
3631	1194	1172	22
3632	1181	1181	0
3633	1192	1184	8
3634	1181	1180	1
3635	1161	1184	-23
3636	1176	1188	-12
3637	1173	1193	-20
3638	1175	1182	-7
3639	1182	1179	3
3640	1176	1169	7
3641	1172	1181	-9
3642	1178	1184	-6
3643	1194	1178	16
3644	1199	1169	30
3645	1172	1175	-3
3646	1180	1173	7
3647	1176	1179	-3
3648	1177	1186	-9
