index	original	background	difference
-----------------------------------------------------
1	1141	1099	42
2	1136	1102	34
3	1152	1106	46
4	1159	1108	51
5	1173	1105	68
6	1155	1099	56
7	1171	1105	66
8	1176	1107	69
9	1165	1109	56
10	1155	1109	46
11	1156	1111	45
12	1159	1110	49
13	1160	1111	49
14	1159	1120	39
15	1174	1130	44
16	1183	1117	66
17	1197	1111	86
18	1167	1111	56
19	1153	1123	30
20	1159	1116	43
21	1180	1102	78
22	1175	1121	54
23	1202	1117	85
24	1183	1121	62
25	1172	1121	51
26	1179	1122	57
27	1146	1126	20
28	1157	1123	34
29	1184	1118	66
30	1193	1116	77
31	1205	1124	81
32	1183	1123	60
33	1190	1128	62
34	1196	1131	65
35	1197	1125	72
36	1181	1128	53
37	1191	1122	69
38	1198	1126	72
39	1227	1125	102
40	1181	1128	53
41	1182	1123	59
42	1164	1114	50
43	1179	1124	55
44	1185	1139	46
45	1211	1133	78
46	1201	1125	76
47	1200	1128	72
48	1201	1137	64
49	1208	1143	65
50	1198	1136	62
51	1178	1138	40
52	1198	1139	59
53	1190	1136	54
54	1196	1138	58
55	1188	1130	58
56	1196	1132	64
57	1220	1126	94
58	1213	1130	83
59	1228	1141	87
60	1219	1130	89
61	1213	1126	87
62	1205	1138	67
63	1209	1144	65
64	1191	1140	51
65	1212	1132	80
66	1215	1129	86
67	1230	1131	99
68	1221	1131	90
69	1233	1136	97
70	1220	1134	86
71	1207	1135	72
72	1211	1142	69
73	1229	1152	77
74	1224	1147	77
75	1235	1140	95
76	1235	1141	94
77	1245	1142	103
78	1211	1147	64
79	1225	1147	78
80	1224	1142	82
81	1225	1137	88
82	1229	1132	97
83	1230	1129	101
84	1226	1131	95
85	1225	1137	88
86	1230	1133	97
87	1217	1137	80
88	1242	1146	96
89	1249	1149	100
90	1211	1145	66
91	1228	1140	88
92	1215	1138	77
93	1223	1140	83
94	1222	1138	84
95	1238	1139	99
96	1240	1136	104
97	1233	1140	93
98	1261	1146	115
99	1250	1142	108
100	1235	1135	100
101	1255	1141	114
102	1240	1140	100
103	1242	1135	107
104	1238	1139	99
105	1258	1152	106
106	1272	1144	128
107	1257	1138	119
108	1250	1141	109
109	1260	1145	115
110	1238	1142	96
111	1249	1135	114
112	1262	1136	126
113	1268	1138	130
114	1263	1132	131
115	1257	1136	121
116	1263	1129	134
117	1274	1132	142
118	1272	1140	132
119	1286	1144	142
120	1271	1139	132
121	1269	1140	129
122	1274	1146	128
123	1293	1139	154
124	1292	1137	155
125	1287	1134	153
126	1287	1130	157
127	1274	1134	140
128	1247	1135	112
129	1285	1142	143
130	1305	1149	156
131	1292	1159	133
132	1272	1156	116
133	1285	1146	139
134	1305	1141	164
135	1284	1136	148
136	1270	1139	131
137	1285	1138	147
138	1303	1142	161
139	1331	1144	187
140	1307	1144	163
141	1299	1144	155
142	1303	1134	169
143	1295	1141	154
144	1294	1145	149
145	1297	1140	157
146	1301	1141	160
147	1317	1151	166
148	1306	1144	162
149	1298	1134	164
150	1306	1137	169
151	1331	1144	187
152	1314	1141	173
153	1322	1144	178
154	1329	1143	186
155	1337	1138	199
156	1337	1138	199
157	1328	1140	188
158	1316	1143	173
159	1305	1152	153
160	1319	1146	173
161	1324	1140	184
162	1332	1144	188
163	1345	1145	200
164	1329	1139	190
165	1364	1148	216
166	1340	1145	195
167	1316	1142	174
168	1346	1139	207
169	1368	1142	226
170	1332	1137	195
171	1339	1143	196
172	1328	1146	182
173	1336	1154	182
174	1337	1145	192
175	1359	1139	220
176	1348	1139	209
177	1335	1137	198
178	1376	1143	233
179	1389	1145	244
180	1374	1134	240
181	1373	1132	241
182	1377	1134	243
183	1373	1133	240
184	1352	1140	212
185	1375	1143	232
186	1370	1153	217
187	1366	1152	214
188	1361	1145	216
189	1378	1151	227
190	1387	1149	238
191	1403	1150	253
192	1394	1136	258
193	1418	1126	292
194	1395	1130	265
195	1408	1153	255
196	1393	1147	246
197	1390	1146	244
198	1396	1145	251
199	1401	1150	251
200	1430	1146	284
201	1425	1146	279
202	1393	1135	258
203	1407	1132	275
204	1406	1139	267
205	1403	1146	257
206	1389	1143	246
207	1415	1139	276
208	1430	1152	278
209	1436	1152	284
210	1433	1145	288
211	1438	1137	301
212	1426	1140	286
213	1430	1137	293
214	1423	1136	287
215	1422	1134	288
216	1448	1135	313
217	1452	1141	311
218	1427	1148	279
219	1467	1144	323
220	1464	1132	332
221	1452	1128	324
222	1458	1132	326
223	1433	1138	295
224	1455	1138	317
225	1461	1136	325
226	1460	1134	326
227	1486	1130	356
228	1474	1132	342
229	1463	1146	317
230	1483	1145	338
231	1491	1138	353
232	1491	1139	352
233	1473	1140	333
234	1482	1139	343
235	1497	1132	365
236	1488	1134	354
237	1496	1144	352
238	1502	1145	357
239	1537	1147	390
240	1504	1150	354
241	1516	1150	366
242	1530	1137	393
243	1540	1138	402
244	1535	1144	391
245	1541	1157	384
246	1540	1149	391
247	1545	1148	397
248	1540	1143	397
249	1557	1137	420
250	1547	1145	402
251	1550	1140	410
252	1552	1141	411
253	1552	1148	404
254	1588	1146	442
255	1592	1151	441
256	1573	1137	436
257	1572	1142	430
258	1560	1151	409
259	1585	1150	435
260	1603	1143	460
261	1621	1140	481
262	1585	1133	452
263	1592	1139	453
264	1611	1142	469
265	1582	1136	446
266	1617	1138	479
267	1644	1136	508
268	1602	1135	467
269	1612	1141	471
270	1656	1142	514
271	1666	1148	518
272	1632	1148	484
273	1643	1149	494
274	1651	1138	513
275	1701	1139	562
276	1687	1147	540
277	1658	1143	515
278	1640	1146	494
279	1656	1140	516
280	1674	1130	544
281	1687	1136	551
282	1702	1145	557
283	1680	1139	541
284	1657	1139	518
285	1676	1148	528
286	1686	1146	540
287	1690	1152	538
288	1706	1152	554
289	1716	1150	566
290	1733	1150	583
291	1729	1147	582
292	1730	1140	590
293	1748	1146	602
294	1752	1142	610
295	1791	1143	648
296	1763	1148	615
297	1780	1158	622
298	1800	1153	647
299	1779	1147	632
300	1794	1142	652
301	1820	1150	670
302	1841	1143	698
303	1857	1149	708
304	1803	1147	656
305	1839	1135	704
306	1836	1123	713
307	1855	1134	721
308	1895	1148	747
309	1882	1143	739
310	1862	1144	718
311	1866	1139	727
312	1877	1128	749
313	1919	1137	782
314	1932	1142	790
315	1914	1143	771
316	1918	1135	783
317	1931	1130	801
318	1914	1134	780
319	1916	1136	780
320	1930	1140	790
321	1957	1138	819
322	1961	1138	823
323	1974	1133	841
324	1973	1131	842
325	1988	1136	852
326	1985	1139	846
327	2007	1143	864
328	1991	1154	837
329	1995	1150	845
330	2027	1151	876
331	2053	1159	894
332	2047	1148	899
333	2058	1151	907
334	2080	1142	938
335	2093	1139	954
336	2078	1149	929
337	2070	1139	931
338	2079	1140	939
339	2128	1146	982
340	2127	1150	977
341	2071	1158	913
342	2071	1149	922
343	2117	1140	977
344	2138	1136	1002
345	2169	1145	1024
346	2175	1141	1034
347	2165	1144	1021
348	2164	1145	1019
349	2177	1143	1034
350	2177	1142	1035
351	2165	1141	1024
352	2189	1137	1052
353	2223	1140	1083
354	2214	1143	1071
355	2262	1147	1115
356	2260	1140	1120
357	2277	1141	1136
358	2230	1143	1087
359	2256	1143	1113
360	2287	1146	1141
361	2266	1148	1118
362	2270	1140	1130
363	2323	1134	1189
364	2291	1136	1155
365	2310	1129	1181
366	2286	1125	1161
367	2292	1144	1148
368	2332	1136	1196
369	2369	1140	1229
370	2405	1142	1263
371	2373	1146	1227
372	2373	1151	1222
373	2350	1143	1207
374	2361	1140	1221
375	2405	1139	1266
376	2426	1140	1286
377	2385	1150	1235
378	2376	1153	1223
379	2409	1142	1267
380	2405	1131	1274
381	2447	1141	1306
382	2409	1150	1259
383	2419	1153	1266
384	2415	1140	1275
385	2451	1141	1310
386	2451	1135	1316
387	2477	1141	1336
388	2471	1149	1322
389	2463	1132	1331
390	2442	1135	1307
391	2444	1155	1289
392	2441	1154	1287
393	2471	1147	1324
394	2500	1151	1349
395	2520	1153	1367
396	2574	1147	1427
397	2597	1148	1449
398	2552	1156	1396
399	2556	1150	1406
400	2598	1152	1446
401	2563	1155	1408
402	2573	1142	1431
403	2621	1151	1470
404	2603	1142	1461
405	2603	1140	1463
406	2624	1146	1478
407	2637	1144	1493
408	2625	1141	1484
409	2621	1141	1480
410	2614	1147	1467
411	2696	1150	1546
412	2631	1143	1488
413	2609	1154	1455
414	2652	1146	1506
415	2613	1142	1471
416	2643	1136	1507
417	2706	1134	1572
418	2699	1133	1566
419	2710	1140	1570
420	2717	1151	1566
421	2666	1149	1517
422	2698	1148	1550
423	2696	1147	1549
424	2707	1142	1565
425	2733	1142	1591
426	2727	1142	1585
427	2719	1144	1575
428	2750	1146	1604
429	2768	1150	1618
430	2761	1147	1614
431	2773	1143	1630
432	2790	1135	1655
433	2771	1143	1628
434	2774	1146	1628
435	2787	1147	1640
436	2789	1140	1649
437	2816	1131	1685
438	2850	1145	1705
439	2872	1146	1726
440	2842	1151	1691
441	2832	1148	1684
442	2804	1151	1653
443	2835	1148	1687
444	2856	1141	1715
445	2802	1142	1660
446	2830	1130	1700
447	2859	1143	1716
448	2876	1153	1723
449	2853	1149	1704
450	2892	1145	1747
451	2907	1146	1761
452	2867	1147	1720
453	2904	1147	1757
454	2854	1138	1716
455	2885	1139	1746
456	2932	1133	1799
457	2961	1135	1826
458	2943	1139	1804
459	2939	1150	1789
460	2947	1148	1799
461	2991	1134	1857
462	3002	1134	1868
463	2976	1134	1842
464	2996	1132	1864
465	3066	1138	1928
466	3055	1141	1914
467	3057	1150	1907
468	3023	1147	1876
469	3050	1156	1894
470	3032	1153	1879
471	3036	1137	1899
472	3052	1130	1922
473	3032	1137	1895
474	3037	1136	1901
475	3015	1133	1882
476	3025	1142	1883
477	3063	1148	1915
478	3060	1143	1917
479	3072	1141	1931
480	3100	1150	1950
481	3100	1141	1959
482	3146	1132	2014
483	3171	1148	2023
484	3172	1146	2026
485	3138	1143	1995
486	3130	1136	1994
487	3178	1141	2037
488	3165	1141	2024
489	3133	1129	2004
490	3141	1127	2014
491	3197	1140	2057
492	3188	1140	2048
493	3203	1145	2058
494	3202	1139	2063
495	3233	1140	2093
496	3212	1146	2066
497	3254	1156	2098
498	3217	1150	2067
499	3214	1149	2065
500	3255	1145	2110
501	3266	1138	2128
502	3309	1141	2168
503	3297	1141	2156
504	3276	1142	2134
505	3316	1142	2174
506	3290	1141	2149
507	3293	1153	2140
508	3305	1158	2147
509	3290	1132	2158
510	3337	1122	2215
511	3342	1136	2206
512	3316	1147	2169
513	3354	1153	2201
514	3408	1134	2274
515	3387	1141	2246
516	3403	1146	2257
517	3437	1144	2293
518	3405	1139	2266
519	3410	1136	2274
520	3400	1139	2261
521	3414	1144	2270
522	3432	1139	2293
523	3470	1133	2337
524	3449	1143	2306
525	3418	1138	2280
526	3445	1144	2301
527	3474	1147	2327
528	3492	1139	2353
529	3458	1133	2325
530	3493	1122	2371
531	3485	1133	2352
532	3454	1136	2318
533	3469	1143	2326
534	3508	1141	2367
535	3541	1134	2407
536	3598	1131	2467
537	3606	1144	2462
538	3580	1138	2442
539	3582	1134	2448
540	3618	1134	2484
541	3644	1142	2502
542	3650	1151	2499
543	3688	1144	2544
544	3683	1145	2538
545	3637	1148	2489
546	3666	1141	2525
547	3671	1140	2531
548	3687	1145	2542
549	3670	1142	2528
550	3630	1144	2486
551	3653	1142	2511
552	3713	1135	2578
553	3718	1147	2571
554	3714	1150	2564
555	3833	1144	2689
556	3854	1144	2710
557	3793	1153	2640
558	3773	1146	2627
559	3795	1142	2653
560	3760	1147	2613
561	3825	1147	2678
562	3830	1132	2698
563	3846	1130	2716
564	3827	1149	2678
565	3836	1144	2692
566	3899	1147	2752
567	3924	1140	2784
568	3909	1131	2778
569	3920	1148	2772
570	3918	1155	2763
571	3897	1149	2748
572	3937	1140	2797
573	3994	1140	2854
574	4025	1137	2888
575	3968	1139	2829
576	3996	1146	2850
577	4033	1147	2886
578	4051	1149	2902
579	4044	1137	2907
580	4058	1136	2922
581	4068	1144	2924
582	4088	1139	2949
583	4059	1142	2917
584	4090	1150	2940
585	4098	1155	2943
586	4096	1149	2947
587	4119	1148	2971
588	4131	1145	2986
589	4126	1147	2979
590	4136	1141	2995
591	4162	1145	3017
592	4135	1137	2998
593	4183	1124	3059
594	4217	1133	3084
595	4233	1151	3082
596	4226	1152	3074
597	4192	1138	3054
598	4235	1138	3097
599	4250	1152	3098
600	4217	1144	3073
601	4248	1142	3106
602	4284	1144	3140
603	4342	1141	3201
604	4307	1147	3160
605	4289	1145	3144
606	4341	1145	3196
607	4318	1147	3171
608	4341	1142	3199
609	4369	1142	3227
610	4342	1140	3202
611	4416	1149	3267
612	4412	1142	3270
613	4402	1140	3262
614	4409	1146	3263
615	4406	1147	3259
616	4425	1144	3281
617	4518	1140	3378
618	4503	1137	3366
619	4441	1141	3300
620	4462	1139	3323
621	4580	1132	3448
622	4535	1133	3402
623	4488	1137	3351
624	4477	1144	3333
625	4509	1145	3364
626	4507	1148	3359
627	4559	1156	3403
628	4549	1146	3403
629	4595	1141	3454
630	4617	1144	3473
631	4628	1138	3490
632	4649	1140	3509
633	4619	1145	3474
634	4655	1141	3514
635	4651	1148	3503
636	4635	1141	3494
637	4657	1142	3515
638	4654	1143	3511
639	4685	1141	3544
640	4668	1132	3536
641	4655	1132	3523
642	4656	1132	3524
643	4740	1134	3606
644	4702	1134	3568
645	4706	1147	3559
646	4720	1150	3570
647	4728	1149	3579
648	4711	1146	3565
649	4748	1146	3602
650	4741	1143	3598
651	4766	1148	3618
652	4781	1141	3640
653	4817	1144	3673
654	4834	1146	3688
655	4840	1137	3703
656	4855	1143	3712
657	4835	1145	3690
658	4791	1142	3649
659	4856	1152	3704
660	4882	1145	3737
661	4907	1143	3764
662	4880	1135	3745
663	4887	1133	3754
664	4903	1136	3767
665	4843	1148	3695
666	4831	1150	3681
667	4847	1152	3695
668	4834	1143	3691
669	4930	1141	3789
670	4903	1142	3761
671	4853	1146	3707
672	4834	1152	3682
673	4946	1149	3797
674	4939	1141	3798
675	4959	1154	3805
676	4956	1146	3810
677	4923	1141	3782
678	4955	1151	3804
679	5013	1138	3875
680	5022	1132	3890
681	4922	1146	3776
682	4966	1145	3821
683	5005	1138	3867
684	4942	1144	3798
685	4900	1143	3757
686	4891	1146	3745
687	4962	1143	3819
688	4952	1146	3806
689	5024	1143	3881
690	5022	1140	3882
691	4969	1139	3830
692	5035	1148	3887
693	4990	1154	3836
694	4943	1145	3798
695	4998	1137	3861
696	4921	1142	3779
697	4886	1140	3746
698	4943	1147	3796
699	5034	1148	3886
700	4997	1148	3849
701	4998	1154	3844
702	5013	1143	3870
703	4976	1154	3822
704	4972	1153	3819
705	5021	1149	3872
706	5049	1147	3902
707	5012	1163	3849
708	5034	1147	3887
709	5026	1142	3884
710	5066	1147	3919
711	5035	1142	3893
712	5034	1129	3905
713	5014	1145	3869
714	5057	1148	3909
715	5067	1142	3925
716	5101	1137	3964
717	5068	1132	3936
718	4990	1143	3847
719	4979	1147	3832
720	5016	1141	3875
721	5002	1141	3861
722	5086	1137	3949
723	5090	1137	3953
724	5052	1138	3914
725	5062	1148	3914
726	5096	1148	3948
727	5050	1144	3906
728	5010	1130	3880
729	5037	1126	3911
730	5016	1137	3879
731	5038	1144	3894
732	5034	1134	3900
733	5073	1141	3932
734	5068	1139	3929
735	5092	1143	3949
736	5132	1146	3986
737	5041	1137	3904
738	4996	1135	3861
739	5038	1136	3902
740	5075	1144	3931
741	5052	1146	3906
742	5054	1148	3906
743	5100	1147	3953
744	5091	1133	3958
745	5047	1137	3910
746	5093	1139	3954
747	5101	1142	3959
748	5076	1147	3929
749	5076	1142	3934
750	5057	1134	3923
751	5010	1141	3869
752	4947	1142	3805
753	4979	1135	3844
754	5088	1143	3945
755	5127	1150	3977
756	5105	1135	3970
757	5086	1135	3951
758	5115	1145	3970
759	5080	1148	3932
760	5090	1139	3951
761	5100	1148	3952
762	5105	1143	3962
763	5115	1143	3972
764	5091	1146	3945
765	5135	1137	3998
766	5153	1140	4013
767	5173	1142	4031
768	5089	1141	3948
769	5105	1150	3955
770	5113	1138	3975
771	5121	1129	3992
772	5158	1130	4028
773	5214	1145	4069
774	5232	1144	4088
775	5238	1145	4093
776	5200	1136	4064
777	5225	1147	4078
778	5201	1155	4046
779	5159	1145	4014
780	5146	1144	4002
781	5137	1154	3983
782	5150	1151	3999
783	5185	1141	4044
784	5127	1135	3992
785	5173	1134	4039
786	5201	1143	4058
787	5234	1132	4102
788	5254	1136	4118
789	5292	1135	4157
790	5227	1128	4099
791	5171	1132	4039
792	5196	1139	4057
793	5228	1132	4096
794	5273	1138	4135
795	5289	1147	4142
796	5231	1145	4086
797	5222	1150	4072
798	5289	1154	4135
799	5244	1145	4099
800	5213	1142	4071
801	5236	1142	4094
802	5268	1147	4121
803	5265	1150	4115
804	5231	1149	4082
805	5332	1151	4181
806	5344	1137	4207
807	5364	1148	4216
808	5421	1142	4279
809	5366	1140	4226
810	5384	1133	4251
811	5462	1136	4326
812	5412	1131	4281
813	5446	1125	4321
814	5498	1136	4362
815	5497	1143	4354
816	5404	1144	4260
817	5404	1149	4255
818	5481	1144	4337
819	5434	1144	4290
820	5258	1146	4112
821	5423	1150	4273
822	5557	1133	4424
823	5514	1137	4377
824	5512	1151	4361
825	5499	1139	4360
826	5598	1123	4475
827	5658	1138	4520
828	5615	1145	4470
829	5488	1142	4346
830	5528	1139	4389
831	5665	1132	4533
832	5652	1139	4513
833	5607	1146	4461
834	5582	1139	4443
835	5614	1154	4460
836	5638	1153	4485
837	5617	1147	4470
838	5606	1138	4468
839	5609	1141	4468
840	5629	1141	4488
841	5704	1135	4569
842	5713	1130	4583
843	5720	1133	4587
844	5705	1140	4565
845	5737	1142	4595
846	5812	1146	4666
847	5769	1148	4621
848	5734	1135	4599
849	5779	1144	4635
850	5787	1140	4647
851	5783	1140	4643
852	5778	1132	4646
853	5823	1129	4694
854	5802	1137	4665
855	5785	1142	4643
856	5849	1131	4718
857	5868	1123	4745
858	5885	1134	4751
859	5943	1142	4801
860	5942	1143	4799
861	5978	1146	4832
862	5975	1155	4820
863	5993	1147	4846
864	6082	1137	4945
865	6118	1142	4976
866	6111	1125	4986
867	6111	1135	4976
868	6147	1157	4990
869	6175	1150	5025
870	6208	1149	5059
871	6201	1143	5058
872	6216	1135	5081
873	6240	1136	5104
874	6213	1127	5086
875	6235	1136	5099
876	6265	1143	5122
877	6342	1146	5196
878	6421	1141	5280
879	6412	1140	5272
880	6336	1140	5196
881	6401	1140	5261
882	6460	1143	5317
883	6430	1145	5285
884	6446	1139	5307
885	6450	1135	5315
886	6493	1140	5353
887	6529	1148	5381
888	6498	1140	5358
889	6518	1130	5388
890	6489	1138	5351
891	6506	1139	5367
892	6563	1134	5429
893	6549	1145	5404
894	6549	1142	5407
895	6512	1139	5373
896	6523	1143	5380
897	6570	1139	5431
898	6604	1137	5467
899	6623	1140	5483
900	6577	1136	5441
901	6567	1132	5435
902	6599	1131	5468
903	6573	1140	5433
904	6557	1144	5413
905	6616	1136	5480
906	6710	1138	5572
907	6713	1142	5571
908	6843	1140	5703
909	6852	1139	5713
910	6843	1131	5712
911	6881	1140	5741
912	6842	1138	5704
913	6875	1140	5735
914	6994	1145	5849
915	7001	1144	5857
916	6988	1142	5846
917	7033	1155	5878
918	7053	1150	5903
919	7148	1132	6016
920	7184	1136	6048
921	7236	1144	6092
922	7300	1148	6152
923	7291	1155	6136
924	7272	1145	6127
925	7314	1134	6180
926	7302	1139	6163
927	7341	1142	6199
928	7454	1138	6316
929	7427	1135	6292
930	7410	1139	6271
931	7387	1144	6243
932	7333	1135	6198
933	7385	1142	6243
934	7399	1140	6259
935	7501	1134	6367
936	7508	1148	6360
937	7592	1145	6447
938	7632	1140	6492
939	7607	1144	6463
940	7576	1140	6436
941	7532	1143	6389
942	7546	1137	6409
943	7581	1136	6445
944	7550	1145	6405
945	7566	1143	6423
946	7603	1129	6474
947	7691	1134	6557
948	7772	1144	6628
949	7767	1151	6616
950	7695	1136	6559
951	7705	1141	6564
952	7689	1152	6537
953	7754	1147	6607
954	7713	1136	6577
955	7678	1141	6537
956	7773	1138	6635
957	7838	1140	6698
958	7788	1142	6646
959	7829	1139	6690
960	7885	1127	6758
961	7867	1132	6735
962	7880	1138	6742
963	7831	1136	6695
964	7785	1140	6645
965	7878	1146	6732
966	7976	1143	6833
967	7920	1144	6776
968	7913	1143	6770
969	7960	1140	6820
970	7991	1140	6851
971	7987	1144	6843
972	7930	1142	6788
973	7892	1142	6750
974	7945	1147	6798
975	8059	1139	6920
976	7943	1144	6799
977	7977	1153	6824
978	7922	1153	6769
979	7988	1146	6842
980	8076	1148	6928
981	8092	1143	6949
982	8083	1144	6939
983	8149	1147	7002
984	8108	1149	6959
985	8089	1151	6938
986	8118	1144	6974
987	8115	1136	6979
988	8094	1144	6950
989	8118	1145	6973
990	8209	1135	7074
991	8222	1142	7080
992	8190	1144	7046
993	8182	1146	7036
994	8227	1151	7076
995	8220	1147	7073
996	8210	1145	7065
997	8159	1138	7021
998	8138	1133	7005
999	8154	1131	7023
1000	8165	1135	7030
1001	8247	1145	7102
1002	8213	1152	7061
1003	8201	1149	7052
1004	8231	1138	7093
1005	8230	1131	7099
1006	8210	1143	7067
1007	8211	1151	7060
1008	8170	1142	7028
1009	8121	1134	6987
1010	8187	1132	7055
1011	8280	1143	7137
1012	8241	1142	7099
1013	8232	1134	7098
1014	8203	1136	7067
1015	8277	1148	7129
1016	8279	1140	7139
1017	8260	1143	7117
1018	8241	1139	7102
1019	8261	1139	7122
1020	8261	1137	7124
1021	8231	1141	7090
1022	8194	1147	7047
1023	8260	1138	7122
1024	8199	1126	7073
1025	8244	1142	7102
1026	8315	1143	7172
1027	8211	1148	7063
1028	8217	1146	7071
1029	8336	1140	7196
1030	8276	1137	7139
1031	8208	1139	7069
1032	8231	1138	7093
1033	8276	1143	7133
1034	8317	1134	7183
1035	8288	1136	7152
1036	8238	1141	7097
1037	8192	1143	7049
1038	8236	1137	7099
1039	8246	1138	7108
1040	8260	1132	7128
1041	8260	1142	7118
1042	8242	1139	7103
1043	8237	1139	7098
1044	8213	1139	7074
1045	8173	1138	7035
1046	8136	1138	6998
1047	8196	1140	7056
1048	8215	1149	7066
1049	8199	1145	7054
1050	8108	1144	6964
1051	8086	1148	6938
1052	8113	1137	6976
1053	8154	1140	7014
1054	8162	1138	7024
1055	8098	1142	6956
1056	8125	1145	6980
1057	8130	1151	6979
1058	8131	1151	6980
1059	8216	1152	7064
1060	8210	1151	7059
1061	8130	1142	6988
1062	8059	1148	6911
1063	8101	1149	6952
1064	8152	1147	7005
1065	8082	1153	6929
1066	8092	1155	6937
1067	8155	1155	7000
1068	8097	1155	6942
1069	8125	1150	6975
1070	8116	1137	6979
1071	8096	1142	6954
1072	8007	1144	6863
1073	7998	1144	6854
1074	8001	1147	6854
1075	8083	1152	6931
1076	7996	1156	6840
1077	7942	1148	6794
1078	7928	1141	6787
1079	7958	1145	6813
1080	7867	1145	6722
1081	7904	1139	6765
1082	7910	1139	6771
1083	7868	1142	6726
1084	7819	1141	6678
1085	7813	1144	6669
1086	7837	1145	6692
1087	7857	1140	6717
1088	7856	1151	6705
1089	7870	1155	6715
1090	7910	1139	6771
1091	7932	1139	6793
1092	7935	1144	6791
1093	7941	1150	6791
1094	7948	1147	6801
1095	7973	1144	6829
1096	8003	1143	6860
1097	8051	1143	6908
1098	8111	1150	6961
1099	8155	1150	7005
1100	8081	1145	6936
1101	7933	1134	6799
1102	7982	1135	6847
1103	8011	1139	6872
1104	7964	1148	6816
1105	8012	1139	6873
1106	7959	1128	6831
1107	7966	1131	6835
1108	8023	1136	6887
1109	7947	1137	6810
1110	7882	1137	6745
1111	7903	1138	6765
1112	7959	1134	6825
1113	8035	1132	6903
1114	8009	1150	6859
1115	7961	1145	6816
1116	7912	1140	6772
1117	7964	1136	6828
1118	7970	1135	6835
1119	7985	1140	6845
1120	7991	1146	6845
1121	7978	1145	6833
1122	7936	1144	6792
1123	7950	1141	6809
1124	8009	1145	6864
1125	7877	1156	6721
1126	7900	1146	6754
1127	7908	1142	6766
1128	7897	1142	6755
1129	7946	1131	6815
1130	7991	1138	6853
1131	8005	1141	6864
1132	8031	1134	6897
1133	7967	1139	6828
1134	7960	1140	6820
1135	7988	1144	6844
1136	8003	1145	6858
1137	8048	1147	6901
1138	7964	1142	6822
1139	7962	1141	6821
1140	8005	1147	6858
1141	8008	1150	6858
1142	7989	1147	6842
1143	8018	1151	6867
1144	8078	1140	6938
1145	8046	1139	6907
1146	8000	1136	6864
1147	8073	1139	6934
1148	8094	1146	6948
1149	7973	1140	6833
1150	8003	1138	6865
1151	8042	1139	6903
1152	8063	1144	6919
1153	8014	1144	6870
1154	8042	1129	6913
1155	8068	1129	6939
1156	8110	1152	6958
1157	8061	1152	6909
1158	7961	1139	6822
1159	8005	1138	6867
1160	8008	1139	6869
1161	7981	1140	6841
1162	8036	1138	6898
1163	8009	1137	6872
1164	8069	1139	6930
1165	8144	1140	7004
1166	8112	1131	6981
1167	8067	1134	6933
1168	8201	1137	7064
1169	8240	1146	7094
1170	8079	1143	6936
1171	8206	1144	7062
1172	8244	1141	7103
1173	8206	1137	7069
1174	8162	1133	7029
1175	8185	1138	7047
1176	8271	1145	7126
1177	8316	1157	7159
1178	8301	1153	7148
1179	8290	1149	7141
1180	8323	1148	7175
1181	8300	1138	7162
1182	8268	1138	7130
1183	8250	1148	7102
1184	8272	1146	7126
1185	8289	1141	7148
1186	8290	1144	7146
1187	8381	1145	7236
1188	8416	1143	7273
1189	8322	1149	7173
1190	8340	1147	7193
1191	8303	1145	7158
1192	8385	1152	7233
1193	8406	1136	7270
1194	8492	1142	7350
1195	8460	1148	7312
1196	8409	1136	7273
1197	8496	1130	7366
1198	8508	1136	7372
1199	8467	1141	7326
1200	8521	1149	7372
1201	8558	1146	7412
1202	8587	1135	7452
1203	8576	1133	7443
1204	8537	1143	7394
1205	8590	1150	7440
1206	8610	1149	7461
1207	8597	1132	7465
1208	8679	1134	7545
1209	8638	1142	7496
1210	8616	1152	7464
1211	8657	1156	7501
1212	8668	1141	7527
1213	8759	1143	7616
1214	8742	1148	7594
1215	8776	1142	7634
1216	8781	1136	7645
1217	8777	1147	7630
1218	8791	1141	7650
1219	8856	1138	7718
1220	8899	1150	7749
1221	8924	1155	7769
1222	8828	1146	7682
1223	8828	1149	7679
1224	8891	1136	7755
1225	8864	1132	7732
1226	8945	1141	7804
1227	8932	1144	7788
1228	8912	1137	7775
1229	8900	1147	7753
1230	8997	1134	7863
1231	9060	1144	7916
1232	9097	1148	7949
1233	9168	1150	8018
1234	9132	1140	7992
1235	9153	1144	8009
1236	9154	1143	8011
1237	9193	1145	8048
1238	9230	1149	8081
1239	9293	1141	8152
1240	9276	1144	8132
1241	9277	1149	8128
1242	9288	1154	8134
1243	9315	1139	8176
1244	9331	1131	8200
1245	9326	1147	8179
1246	9392	1146	8246
1247	9328	1136	8192
1248	9300	1138	8162
1249	9360	1143	8217
1250	9442	1140	8302
1251	9412	1144	8268
1252	9468	1153	8315
1253	9428	1149	8279
1254	9398	1147	8251
1255	9463	1156	8307
1256	9495	1158	8337
1257	9541	1150	8391
1258	9655	1138	8517
1259	9622	1142	8480
1260	9534	1148	8386
1261	9535	1157	8378
1262	9637	1151	8486
1263	9756	1147	8609
1264	9710	1144	8566
1265	9707	1151	8556
1266	9694	1149	8545
1267	9729	1140	8589
1268	9728	1134	8594
1269	9849	1139	8710
1270	9832	1140	8692
1271	9818	1138	8680
1272	9826	1141	8685
1273	9850	1141	8709
1274	9930	1142	8788
1275	10000	1152	8848
1276	10044	1144	8900
1277	10109	1139	8970
1278	10093	1150	8943
1279	10052	1144	8908
1280	10071	1149	8922
1281	10103	1150	8953
1282	10123	1139	8984
1283	10129	1148	8981
1284	10147	1137	9010
1285	10205	1138	9067
1286	10231	1148	9083
1287	10292	1154	9138
1288	10273	1150	9123
1289	10256	1142	9114
1290	10308	1143	9165
1291	10333	1152	9181
1292	10340	1140	9200
1293	10335	1139	9196
1294	10273	1149	9124
1295	10353	1152	9201
1296	10401	1148	9253
1297	10457	1151	9306
1298	10476	1149	9327
1299	10467	1157	9310
1300	10571	1156	9415
1301	10451	1148	9303
1302	10416	1143	9273
1303	10463	1140	9323
1304	10565	1139	9426
1305	10575	1149	9426
1306	10601	1155	9446
1307	10694	1145	9549
1308	10633	1132	9501
1309	10602	1139	9463
1310	10727	1144	9583
1311	10821	1147	9674
1312	10819	1136	9683
1313	10794	1141	9653
1314	10865	1135	9730
1315	10830	1139	9691
1316	10839	1145	9694
1317	10964	1148	9816
1318	10996	1142	9854
1319	11065	1144	9921
1320	11053	1148	9905
1321	11023	1146	9877
1322	10980	1141	9839
1323	11039	1136	9903
1324	11089	1143	9946
1325	11046	1137	9909
1326	11136	1140	9996
1327	11143	1141	10002
1328	11159	1131	10028
1329	11128	1135	9993
1330	11124	1141	9983
1331	11154	1148	10006
1332	11229	1134	10095
1333	11212	1135	10077
1334	11095	1133	9962
1335	11078	1136	9942
1336	11244	1158	10086
1337	11251	1160	10091
1338	11236	1133	10103
1339	11347	1141	10206
1340	11370	1149	10221
1341	11374	1141	10233
1342	11433	1144	10289
1343	11391	1158	10233
1344	11405	1153	10252
1345	11324	1137	10187
1346	11399	1133	10266
1347	11502	1142	10360
1348	11508	1140	10368
1349	11518	1145	10373
1350	11497	1146	10351
1351	11414	1142	10272
1352	11489	1146	10343
1353	11489	1147	10342
1354	11484	1144	10340
1355	11578	1145	10433
1356	11543	1148	10395
1357	11548	1148	10400
1358	11570	1139	10431
1359	11592	1144	10448
1360	11580	1152	10428
1361	11615	1151	10464
1362	11598	1149	10449
1363	11579	1151	10428
1364	11646	1156	10490
1365	11660	1154	10506
1366	11728	1149	10579
1367	11737	1146	10591
1368	11703	1149	10554
1369	11708	1154	10554
1370	11716	1154	10562
1371	11772	1145	10627
1372	11771	1131	10640
1373	11735	1135	10600
1374	11735	1150	10585
1375	11805	1159	10646
1376	11760	1144	10616
1377	11803	1145	10658
1378	11798	1143	10655
1379	11878	1137	10741
1380	11849	1140	10709
1381	11899	1140	10759
1382	11882	1139	10743
1383	11875	1144	10731
1384	11961	1152	10809
1385	11927	1140	10787
1386	11820	1137	10683
1387	11875	1139	10736
1388	11947	1142	10805
1389	11979	1148	10831
1390	12006	1140	10866
1391	11906	1143	10763
1392	11914	1148	10766
1393	11810	1141	10669
1394	11868	1142	10726
1395	11907	1138	10769
1396	11763	1131	10632
1397	11842	1139	10703
1398	11917	1142	10775
1399	11886	1140	10746
1400	11914	1140	10774
1401	11932	1147	10785
1402	11899	1140	10759
1403	11946	1142	10804
1404	11909	1141	10768
1405	11906	1131	10775
1406	11860	1147	10713
1407	11925	1148	10777
1408	11937	1140	10797
1409	11976	1149	10827
1410	11936	1152	10784
1411	11966	1146	10820
1412	11965	1148	10817
1413	11946	1147	10799
1414	11978	1135	10843
1415	11948	1134	10814
1416	11979	1155	10824
1417	12085	1155	10930
1418	12039	1146	10893
1419	12004	1142	10862
1420	12021	1142	10879
1421	12051	1151	10900
1422	12045	1153	10892
1423	12072	1149	10923
1424	11987	1144	10843
1425	11936	1142	10794
1426	11961	1139	10822
1427	12085	1143	10942
1428	12091	1136	10955
1429	11996	1137	10859
1430	12000	1140	10860
1431	11997	1151	10846
1432	11971	1148	10823
1433	11956	1148	10808
1434	11905	1135	10770
1435	11863	1140	10723
1436	11922	1148	10774
1437	11932	1150	10782
1438	11928	1142	10786
1439	11938	1140	10798
1440	11966	1146	10820
1441	12012	1143	10869
1442	11985	1150	10835
1443	11910	1142	10768
1444	11902	1149	10753
1445	11995	1154	10841
1446	11974	1148	10826
1447	11900	1149	10751
1448	11868	1146	10722
1449	11907	1140	10767
1450	11888	1139	10749
1451	11834	1150	10684
1452	11841	1151	10690
1453	11872	1136	10736
1454	11846	1133	10713
1455	11737	1142	10595
1456	11762	1144	10618
1457	11837	1146	10691
1458	11784	1142	10642
1459	11810	1138	10672
1460	11877	1144	10733
1461	11822	1143	10679
1462	11814	1134	10680
1463	11810	1137	10673
1464	11762	1128	10634
1465	11787	1137	10650
1466	11800	1143	10657
1467	11754	1142	10612
1468	11659	1143	10516
1469	11686	1145	10541
1470	11651	1150	10501
1471	11668	1149	10519
1472	11646	1151	10495
1473	11731	1147	10584
1474	11718	1144	10574
1475	11606	1148	10458
1476	11541	1152	10389
1477	11551	1154	10397
1478	11514	1145	10369
1479	11523	1149	10374
1480	11558	1145	10413
1481	11585	1137	10448
1482	11556	1144	10412
1483	11572	1149	10423
1484	11608	1140	10468
1485	11526	1145	10381
1486	11638	1147	10491
1487	11736	1142	10594
1488	11684	1146	10538
1489	11637	1149	10488
1490	11627	1147	10480
1491	11600	1149	10451
1492	11569	1153	10416
1493	11609	1159	10450
1494	11594	1148	10446
1495	11595	1155	10440
1496	11650	1146	10504
1497	11593	1141	10452
1498	11511	1143	10368
1499	11505	1152	10353
1500	11516	1143	10373
1501	11503	1138	10365
1502	11536	1138	10398
1503	11605	1148	10457
1504	11584	1146	10438
1505	11530	1148	10382
1506	11558	1144	10414
1507	11618	1146	10472
1508	11532	1157	10375
1509	11587	1146	10441
1510	11493	1143	10350
1511	11495	1147	10348
1512	11314	1148	10166
1513	11317	1145	10172
1514	11492	1140	10352
1515	11521	1146	10375
1516	11451	1147	10304
1517	11456	1139	10317
1518	11393	1138	10255
1519	11409	1156	10253
1520	11428	1150	10278
1521	11409	1151	10258
1522	11343	1152	10191
1523	11411	1150	10261
1524	11461	1147	10314
1525	11374	1143	10231
1526	11330	1144	10186
1527	11312	1143	10169
1528	11310	1145	10165
1529	11283	1150	10133
1530	11200	1143	10057
1531	11294	1145	10149
1532	11290	1150	10140
1533	11267	1144	10123
1534	11273	1144	10129
1535	11281	1152	10129
1536	11270	1147	10123
1537	11221	1142	10079
1538	11284	1133	10151
1539	11339	1141	10198
1540	11325	1145	10180
1541	11259	1147	10112
1542	11304	1140	10164
1543	11281	1143	10138
1544	11251	1151	10100
1545	11256	1148	10108
1546	11215	1144	10071
1547	11132	1142	9990
1548	11090	1145	9945
1549	11117	1143	9974
1550	11171	1134	10037
1551	11189	1142	10047
1552	11177	1143	10034
1553	11236	1141	10095
1554	11243	1144	10099
1555	11241	1148	10093
1556	11170	1141	10029
1557	11104	1141	9963
1558	11126	1136	9990
1559	11132	1142	9990
1560	11167	1144	10023
1561	11095	1148	9947
1562	11145	1146	9999
1563	11187	1147	10040
1564	11170	1138	10032
1565	11233	1131	10102
1566	11200	1136	10064
1567	11101	1142	9959
1568	11080	1144	9936
1569	11104	1143	9961
1570	11146	1140	10006
1571	11152	1140	10012
1572	11142	1140	10002
1573	11164	1144	10020
1574	11170	1143	10027
1575	11159	1147	10012
1576	11167	1145	10022
1577	11123	1150	9973
1578	10973	1148	9825
1579	10976	1159	9817
1580	11130	1157	9973
1581	11227	1157	10070
1582	11121	1161	9960
1583	11070	1150	9920
1584	11073	1141	9932
1585	11039	1148	9891
1586	11080	1151	9929
1587	11163	1145	10018
1588	11060	1140	9920
1589	10984	1140	9844
1590	11039	1151	9888
1591	11111	1154	9957
1592	11087	1142	9945
1593	11057	1142	9915
1594	11065	1145	9920
1595	11042	1145	9897
1596	10970	1142	9828
1597	11003	1136	9867
1598	11021	1137	9884
1599	11053	1150	9903
1600	10972	1146	9826
1601	11023	1154	9869
1602	11096	1151	9945
1603	11074	1140	9934
1604	11109	1138	9971
1605	11157	1145	10012
1606	11063	1141	9922
1607	11020	1139	9881
1608	11078	1140	9938
1609	11017	1151	9866
1610	10975	1155	9820
1611	11026	1150	9876
1612	11045	1134	9911
1613	11048	1146	9902
1614	10989	1150	9839
1615	10974	1132	9842
1616	10993	1130	9863
1617	11065	1143	9922
1618	11033	1145	9888
1619	11016	1134	9882
1620	10949	1131	9818
1621	11052	1142	9910
1622	11052	1142	9910
1623	11003	1146	9857
1624	10926	1137	9789
1625	10934	1145	9789
1626	11054	1145	9909
1627	11148	1138	10010
1628	11018	1147	9871
1629	10999	1148	9851
1630	11089	1144	9945
1631	11113	1147	9966
1632	11085	1133	9952
1633	11111	1141	9970
1634	11091	1147	9944
1635	11107	1142	9965
1636	11074	1141	9933
1637	11028	1141	9887
1638	10982	1131	9851
1639	11007	1138	9869
1640	11081	1142	9939
1641	11075	1150	9925
1642	11114	1141	9973
1643	11089	1141	9948
1644	11073	1144	9929
1645	11110	1152	9958
1646	11132	1145	9987
1647	11120	1141	9979
1648	11086	1142	9944
1649	11133	1145	9988
1650	11214	1142	10072
1651	11205	1147	10058
1652	11214	1151	10063
1653	11214	1145	10069
1654	11218	1136	10082
1655	11243	1131	10112
1656	11304	1143	10161
1657	11232	1143	10089
1658	11175	1141	10034
1659	11186	1143	10043
1660	11215	1137	10078
1661	11265	1143	10122
1662	11276	1137	10139
1663	11283	1134	10149
1664	11202	1150	10052
1665	11131	1151	9980
1666	11205	1140	10065
1667	11181	1142	10039
1668	11227	1151	10076
1669	11126	1151	9975
1670	11224	1139	10085
1671	11327	1128	10199
1672	11368	1138	10230
1673	11222	1142	10080
1674	11224	1147	10077
1675	11303	1145	10158
1676	11303	1136	10167
1677	11368	1134	10234
1678	11392	1138	10254
1679	11320	1130	10190
1680	11278	1126	10152
1681	11195	1144	10051
1682	11272	1148	10124
1683	11334	1142	10192
1684	11389	1147	10242
1685	11380	1141	10239
1686	11397	1144	10253
1687	11390	1139	10251
1688	11332	1142	10190
1689	11387	1143	10244
1690	11415	1131	10284
1691	11362	1142	10220
1692	11362	1151	10211
1693	11329	1142	10187
1694	11369	1145	10224
1695	11383	1148	10235
1696	11380	1139	10241
1697	11375	1143	10232
1698	11346	1147	10199
1699	11451	1151	10300
1700	11495	1142	10353
1701	11496	1141	10355
1702	11516	1139	10377
1703	11412	1139	10273
1704	11480	1143	10337
1705	11479	1145	10334
1706	11542	1137	10405
1707	11561	1143	10418
1708	11447	1155	10292
1709	11505	1151	10354
1710	11508	1152	10356
1711	11554	1147	10407
1712	11569	1147	10422
1713	11620	1144	10476
1714	11529	1151	10378
1715	11580	1148	10432
1716	11568	1143	10425
1717	11497	1148	10349
1718	11509	1146	10363
1719	11561	1148	10413
1720	11578	1144	10434
1721	11571	1144	10427
1722	11635	1143	10492
1723	11703	1141	10562
1724	11725	1138	10587
1725	11598	1151	10447
1726	11614	1151	10463
1727	11635	1139	10496
1728	11545	1140	10405
1729	11722	1150	10572
1730	11768	1147	10621
1731	11768	1148	10620
1732	11731	1158	10573
1733	11677	1145	10532
1734	11684	1143	10541
1735	11724	1151	10573
1736	11721	1135	10586
1737	11651	1139	10512
1738	11679	1137	10542
1739	11791	1140	10651
1740	11810	1142	10668
1741	11714	1145	10569
1742	11810	1148	10662
1743	11842	1153	10689
1744	11845	1139	10706
1745	11933	1138	10795
1746	11987	1153	10834
1747	11960	1157	10803
1748	11919	1152	10767
1749	11878	1152	10726
1750	11785	1158	10627
1751	11861	1155	10706
1752	11945	1139	10806
1753	11973	1142	10831
1754	11929	1146	10783
1755	11955	1149	10806
1756	12068	1145	10923
1757	12080	1141	10939
1758	11930	1139	10791
1759	11996	1146	10850
1760	12072	1150	10922
1761	12060	1141	10919
1762	12095	1151	10944
1763	12018	1150	10868
1764	12079	1144	10935
1765	12008	1148	10860
1766	11991	1142	10849
1767	12060	1132	10928
1768	12049	1131	10918
1769	12085	1134	10951
1770	12109	1143	10966
1771	12159	1147	11012
1772	12244	1148	11096
1773	12233	1143	11090
1774	12092	1140	10952
1775	12142	1142	11000
1776	12146	1149	10997
1777	12165	1154	11011
1778	12238	1144	11094
1779	12180	1139	11041
1780	12236	1140	11096
1781	12180	1145	11035
1782	12234	1151	11083
1783	12247	1151	11096
1784	12304	1149	11155
1785	12258	1156	11102
1786	12226	1144	11082
1787	12237	1144	11093
1788	12206	1142	11064
1789	12291	1146	11145
1790	12310	1151	11159
1791	12366	1150	11216
1792	12331	1146	11185
1793	12375	1145	11230
1794	12307	1150	11157
1795	12283	1145	11138
1796	12369	1132	11237
1797	12415	1141	11274
1798	12446	1144	11302
1799	12444	1146	11298
1800	12530	1135	11395
1801	12437	1148	11289
1802	12407	1154	11253
1803	12394	1151	11243
1804	12439	1144	11295
1805	12442	1137	11305
1806	12488	1136	11352
1807	12497	1140	11357
1808	12542	1144	11398
1809	12464	1144	11320
1810	12510	1141	11369
1811	12459	1146	11313
1812	12403	1140	11263
1813	12411	1132	11279
1814	12382	1140	11242
1815	12478	1145	11333
1816	12559	1143	11416
1817	12536	1147	11389
1818	12576	1135	11441
1819	12593	1142	11451
1820	12476	1144	11332
1821	12472	1144	11328
1822	12539	1154	11385
1823	12650	1150	11500
1824	12732	1144	11588
1825	12745	1138	11607
1826	12605	1129	11476
1827	12687	1145	11542
1828	12598	1140	11458
1829	12596	1143	11453
1830	12677	1137	11540
1831	12789	1140	11649
1832	12850	1138	11712
1833	12697	1140	11557
1834	12706	1141	11565
1835	12837	1133	11704
1836	12813	1141	11672
1837	12879	1147	11732
1838	12857	1134	11723
1839	12759	1139	11620
1840	12729	1142	11587
1841	12742	1135	11607
1842	12751	1137	11614
1843	12849	1146	11703
1844	12827	1150	11677
1845	12855	1143	11712
1846	12905	1135	11770
1847	12887	1139	11748
1848	12863	1150	11713
1849	12937	1153	11784
1850	12911	1153	11758
1851	12999	1148	11851
1852	12916	1141	11775
1853	12912	1138	11774
1854	12937	1143	11794
1855	12936	1146	11790
1856	12933	1147	11786
1857	13024	1138	11886
1858	12990	1137	11853
1859	13016	1137	11879
1860	13044	1139	11905
1861	12931	1157	11774
1862	12923	1152	11771
1863	13045	1136	11909
1864	12952	1147	11805
1865	12912	1150	11762
1866	12962	1135	11827
1867	13034	1137	11897
1868	13052	1143	11909
1869	13112	1136	11976
1870	13120	1137	11983
1871	13077	1145	11932
1872	13034	1139	11895
1873	13039	1144	11895
1874	13127	1149	11978
1875	13198	1149	12049
1876	13132	1147	11985
1877	13068	1142	11926
1878	13074	1142	11932
1879	13110	1144	11966
1880	13111	1153	11958
1881	13126	1149	11977
1882	13164	1143	12021
1883	13212	1141	12071
1884	13220	1152	12068
1885	13173	1151	12022
1886	13165	1150	12015
1887	13187	1144	12043
1888	13205	1136	12069
1889	13209	1149	12060
1890	13316	1150	12166
1891	13286	1138	12148
1892	13191	1133	12058
1893	13135	1145	11990
1894	13146	1151	11995
1895	13211	1149	12062
1896	13194	1148	12046
1897	13109	1144	11965
1898	13139	1138	12001
1899	13130	1145	11985
1900	13114	1143	11971
1901	13138	1142	11996
1902	13085	1140	11945
1903	13074	1135	11939
1904	13104	1124	11980
1905	13190	1130	12060
1906	13230	1131	12099
1907	13145	1142	12003
1908	13208	1141	12067
1909	13139	1139	12000
1910	13144	1150	11994
1911	13297	1148	12149
1912	13257	1145	12112
1913	13237	1136	12101
1914	13322	1140	12182
1915	13365	1141	12224
1916	13428	1136	12292
1917	13404	1145	12259
1918	13450	1142	12308
1919	13407	1140	12267
1920	13358	1146	12212
1921	13376	1143	12233
1922	13453	1146	12307
1923	13572	1133	12439
1924	13477	1138	12339
1925	13399	1149	12250
1926	13432	1141	12291
1927	13469	1140	12329
1928	13505	1139	12366
1929	13538	1136	12402
1930	13491	1136	12355
1931	13488	1134	12354
1932	13473	1130	12343
1933	13536	1134	12402
1934	13513	1142	12371
1935	13364	1149	12215
1936	13330	1143	12187
1937	13486	1138	12348
1938	13431	1135	12296
1939	13438	1139	12299
1940	13501	1143	12358
1941	13541	1141	12400
1942	13538	1133	12405
1943	13529	1140	12389
1944	13443	1147	12296
1945	13489	1155	12334
1946	13485	1143	12342
1947	13364	1145	12219
1948	13421	1155	12266
1949	13541	1154	12387
1950	13588	1145	12443
1951	13575	1145	12430
1952	13509	1148	12361
1953	13483	1146	12337
1954	13513	1142	12371
1955	13473	1138	12335
1956	13582	1143	12439
1957	13550	1135	12415
1958	13604	1141	12463
1959	13659	1142	12517
1960	13563	1137	12426
1961	13510	1149	12361
1962	13484	1147	12337
1963	13415	1140	12275
1964	13409	1152	12257
1965	13401	1147	12254
1966	13373	1138	12235
1967	13299	1137	12162
1968	13201	1147	12054
1969	13259	1144	12115
1970	13317	1141	12176
1971	13217	1137	12080
1972	13130	1141	11989
1973	13256	1135	12121
1974	13273	1138	12135
1975	13226	1136	12090
1976	13231	1131	12100
1977	13206	1140	12066
1978	13270	1133	12137
1979	13360	1136	12224
1980	13375	1148	12227
1981	13364	1143	12221
1982	13339	1145	12194
1983	13353	1151	12202
1984	13459	1140	12319
1985	13573	1138	12435
1986	13523	1132	12391
1987	13578	1125	12453
1988	13562	1130	12432
1989	13424	1144	12280
1990	13456	1145	12311
1991	13588	1147	12441
1992	13564	1146	12418
1993	13615	1147	12468
1994	13588	1145	12443
1995	13535	1141	12394
1996	13479	1147	12332
1997	13553	1145	12408
1998	13516	1148	12368
1999	13435	1148	12287
2000	13441	1138	12303
2001	13505	1133	12372
2002	13439	1137	12302
2003	13506	1144	12362
2004	13472	1138	12334
2005	13488	1140	12348
2006	13532	1140	12392
2007	13611	1136	12475
2008	13596	1131	12465
2009	13516	1137	12379
2010	13578	1152	12426
2011	13609	1148	12461
2012	13554	1141	12413
2013	13573	1145	12428
2014	13498	1143	12355
2015	13572	1144	12428
2016	13473	1137	12336
2017	13433	1140	12293
2018	13446	1145	12301
2019	13499	1146	12353
2020	13512	1156	12356
2021	13502	1158	12344
2022	13487	1138	12349
2023	13522	1139	12383
2024	13607	1140	12467
2025	13463	1142	12321
2026	13408	1142	12266
2027	13404	1145	12259
2028	13514	1149	12365
2029	13566	1145	12421
2030	13617	1140	12477
2031	13622	1138	12484
2032	13466	1139	12327
2033	13380	1146	12234
2034	13421	1147	12274
2035	13390	1140	12250
2036	13367	1144	12223
2037	13367	1154	12213
2038	13397	1144	12253
2039	13436	1146	12290
2040	13448	1147	12301
2041	13374	1146	12228
2042	13414	1141	12273
2043	13348	1133	12215
2044	13245	1133	12112
2045	13377	1138	12239
2046	13370	1138	12232
2047	13243	1144	12099
2048	13246	1143	12103
2049	13279	1148	12131
2050	13280	1151	12129
2051	13282	1144	12138
2052	13324	1143	12181
2053	13260	1144	12116
2054	13154	1145	12009
2055	13220	1142	12078
2056	13199	1148	12051
2057	13205	1157	12048
2058	13369	1149	12220
2059	13345	1144	12201
2060	13265	1143	12122
2061	13254	1143	12111
2062	13115	1138	11977
2063	13113	1138	11975
2064	13153	1141	12012
2065	13165	1147	12018
2066	13116	1143	11973
2067	13154	1143	12011
2068	13157	1140	12017
2069	13057	1143	11914
2070	13066	1147	11919
2071	13120	1141	11979
2072	13049	1141	11908
2073	13064	1141	11923
2074	13079	1145	11934
2075	12922	1146	11776
2076	12913	1141	11772
2077	13035	1143	11892
2078	13017	1148	11869
2079	13046	1145	11901
2080	12996	1143	11853
2081	12946	1140	11806
2082	13010	1138	11872
2083	13069	1141	11928
2084	12946	1149	11797
2085	12872	1147	11725
2086	12783	1144	11639
2087	12823	1155	11668
2088	12843	1157	11686
2089	12810	1159	11651
2090	12840	1150	11690
2091	12790	1147	11643
2092	12767	1143	11624
2093	12667	1147	11520
2094	12711	1155	11556
2095	12766	1150	11616
2096	12630	1140	11490
2097	12713	1146	11567
2098	12753	1145	11608
2099	12742	1146	11596
2100	12785	1143	11642
2101	12830	1142	11688
2102	12651	1146	11505
2103	12792	1146	11646
2104	12809	1145	11664
2105	12689	1149	11540
2106	12594	1146	11448
2107	12620	1148	11472
2108	12725	1142	11583
2109	12666	1137	11529
2110	12642	1142	11500
2111	12745	1152	11593
2112	12641	1149	11492
2113	12545	1143	11402
2114	12669	1155	11514
2115	12686	1157	11529
2116	12646	1149	11497
2117	12564	1142	11422
2118	12461	1136	11325
2119	12463	1143	11320
2120	12441	1138	11303
2121	12452	1133	11319
2122	12506	1133	11373
2123	12454	1139	11315
2124	12417	1142	11275
2125	12444	1143	11301
2126	12422	1138	11284
2127	12395	1151	11244
2128	12413	1165	11248
2129	12375	1155	11220
2130	12316	1143	11173
2131	12334	1149	11185
2132	12327	1145	11182
2133	12343	1152	11191
2134	12335	1147	11188
2135	12243	1143	11100
2136	12166	1146	11020
2137	12273	1146	11127
2138	12200	1143	11057
2139	12152	1146	11006
2140	12202	1154	11048
2141	12338	1154	11184
2142	12293	1164	11129
2143	12208	1147	11061
2144	12220	1140	11080
2145	12182	1144	11038
2146	12146	1140	11006
2147	12143	1144	10999
2148	12076	1142	10934
2149	12026	1152	10874
2150	12059	1148	10911
2151	11992	1144	10848
2152	11991	1135	10856
2153	12168	1148	11020
2154	12156	1151	11005
2155	12055	1146	10909
2156	12022	1152	10870
2157	11873	1148	10725
2158	11817	1141	10676
2159	11890	1152	10738
2160	11883	1146	10737
2161	11847	1146	10701
2162	11846	1146	10700
2163	11836	1142	10694
2164	11813	1139	10674
2165	11761	1146	10615
2166	11730	1151	10579
2167	11689	1141	10548
2168	11634	1146	10488
2169	11659	1141	10518
2170	11679	1138	10541
2171	11650	1139	10511
2172	11617	1143	10474
2173	11641	1138	10503
2174	11599	1139	10460
2175	11634	1152	10482
2176	11625	1149	10476
2177	11626	1148	10478
2178	11576	1145	10431
2179	11626	1150	10476
2180	11579	1145	10434
2181	11566	1144	10422
2182	11575	1156	10419
2183	11604	1146	10458
2184	11610	1140	10470
2185	11592	1147	10445
2186	11566	1152	10414
2187	11613	1155	10458
2188	11561	1149	10412
2189	11557	1149	10408
2190	11539	1149	10390
2191	11554	1138	10416
2192	11622	1142	10480
2193	11551	1141	10410
2194	11523	1138	10385
2195	11505	1145	10360
2196	11461	1144	10317
2197	11502	1140	10362
2198	11404	1134	10270
2199	11328	1137	10191
2200	11394	1150	10244
2201	11343	1145	10198
2202	11314	1136	10178
2203	11201	1136	10065
2204	11179	1147	10032
2205	11205	1151	10054
2206	11230	1141	10089
2207	11066	1140	9926
2208	11060	1138	9922
2209	11151	1139	10012
2210	11062	1144	9918
2211	11015	1152	9863
2212	10939	1150	9789
2213	11036	1147	9889
2214	10999	1150	9849
2215	10993	1154	9839
2216	10937	1149	9788
2217	10794	1144	9650
2218	10752	1138	9614
2219	10752	1128	9624
2220	10655	1137	9518
2221	10501	1146	9355
2222	10397	1141	9256
2223	10278	1137	9141
2224	10153	1140	9013
2225	10048	1141	8907
2226	9931	1145	8786
2227	9826	1145	8681
2228	9655	1145	8510
2229	9653	1152	8501
2230	9607	1146	8461
2231	9544	1139	8405
2232	9498	1144	8354
2233	9478	1147	8331
2234	9409	1141	8268
2235	9420	1142	8278
2236	9285	1142	8143
2237	9208	1148	8060
2238	9182	1139	8043
2239	9307	1134	8173
2240	9328	1134	8194
2241	9169	1144	8025
2242	9152	1145	8007
2243	9168	1156	8012
2244	9109	1149	7960
2245	9161	1145	8016
2246	9264	1148	8116
2247	9353	1139	8214
2248	9389	1140	8249
2249	9421	1140	8281
2250	9574	1135	8439
2251	9646	1138	8508
2252	9703	1147	8556
2253	9836	1137	8699
2254	9994	1135	8859
2255	10121	1141	8980
2256	10143	1147	8996
2257	10136	1157	8979
2258	10195	1155	9040
2259	10204	1148	9056
2260	10310	1136	9174
2261	10430	1131	9299
2262	10423	1147	9276
2263	10415	1147	9268
2264	10497	1141	9356
2265	10479	1147	9332
2266	10507	1158	9349
2267	10534	1152	9382
2268	10529	1141	9388
2269	10557	1147	9410
2270	10620	1146	9474
2271	10600	1149	9451
2272	10502	1144	9358
2273	10562	1148	9414
2274	10599	1147	9452
2275	10591	1138	9453
2276	10553	1137	9416
2277	10495	1149	9346
2278	10531	1145	9386
2279	10601	1141	9460
2280	10600	1149	9451
2281	10595	1150	9445
2282	10505	1153	9352
2283	10548	1151	9397
2284	10513	1148	9365
2285	10578	1136	9442
2286	10572	1140	9432
2287	10495	1147	9348
2288	10414	1151	9263
2289	10513	1149	9364
2290	10497	1145	9352
2291	10463	1149	9314
2292	10381	1153	9228
2293	10318	1147	9171
2294	10362	1147	9215
2295	10401	1159	9242
2296	10378	1148	9230
2297	10385	1145	9240
2298	10383	1144	9239
2299	10372	1148	9224
2300	10328	1139	9189
2301	10372	1138	9234
2302	10411	1138	9273
2303	10406	1143	9263
2304	10281	1142	9139
2305	10223	1152	9071
2306	10231	1149	9082
2307	10254	1138	9116
2308	10378	1134	9244
2309	10280	1131	9149
2310	10256	1133	9123
2311	10278	1139	9139
2312	10310	1139	9171
2313	10215	1139	9076
2314	10216	1151	9065
2315	10297	1150	9147
2316	10299	1149	9150
2317	10179	1148	9031
2318	10101	1146	8955
2319	10116	1143	8973
2320	10121	1142	8979
2321	10165	1143	9022
2322	10125	1147	8978
2323	10127	1154	8973
2324	10091	1138	8953
2325	10037	1145	8892
2326	10040	1152	8888
2327	10043	1165	8878
2328	10082	1168	8914
2329	10038	1155	8883
2330	9993	1140	8853
2331	10037	1137	8900
2332	10069	1144	8925
2333	9956	1143	8813
2334	9930	1142	8788
2335	9995	1149	8846
2336	9927	1155	8772
2337	9914	1149	8765
2338	10042	1153	8889
2339	10080	1152	8928
2340	10004	1140	8864
2341	9957	1138	8819
2342	9951	1129	8822
2343	9957	1129	8828
2344	9979	1138	8841
2345	10035	1140	8895
2346	10031	1143	8888
2347	10003	1152	8851
2348	9930	1148	8782
2349	9938	1144	8794
2350	9913	1139	8774
2351	9912	1157	8755
2352	9906	1150	8756
2353	9965	1139	8826
2354	9963	1143	8820
2355	9896	1148	8748
2356	9873	1146	8727
2357	9884	1145	8739
2358	9852	1139	8713
2359	9843	1152	8691
2360	9794	1155	8639
2361	9952	1144	8808
2362	9937	1138	8799
2363	9776	1144	8632
2364	9804	1143	8661
2365	9895	1141	8754
2366	9888	1140	8748
2367	9901	1140	8761
2368	9829	1143	8686
2369	9822	1147	8675
2370	9760	1139	8621
2371	9763	1129	8634
2372	9743	1133	8610
2373	9709	1137	8572
2374	9676	1138	8538
2375	9705	1143	8562
2376	9751	1148	8603
2377	9728	1142	8586
2378	9668	1141	8527
2379	9706	1148	8558
2380	9728	1153	8575
2381	9706	1160	8546
2382	9667	1158	8509
2383	9678	1148	8530
2384	9580	1149	8431
2385	9585	1150	8435
2386	9625	1151	8474
2387	9663	1154	8509
2388	9579	1145	8434
2389	9623	1153	8470
2390	9578	1157	8421
2391	9498	1145	8353
2392	9529	1152	8377
2393	9611	1156	8455
2394	9558	1145	8413
2395	9561	1141	8420
2396	9692	1139	8553
2397	9677	1148	8529
2398	9658	1149	8509
2399	9623	1148	8475
2400	9644	1147	8497
2401	9656	1147	8509
2402	9581	1145	8436
2403	9621	1147	8474
2404	9648	1142	8506
2405	9596	1139	8457
2406	9492	1129	8363
2407	9499	1138	8361
2408	9572	1144	8428
2409	9556	1142	8414
2410	9560	1153	8407
2411	9520	1161	8359
2412	9502	1149	8353
2413	9489	1136	8353
2414	9513	1129	8384
2415	9486	1138	8348
2416	9527	1145	8382
2417	9534	1145	8389
2418	9455	1141	8314
2419	9543	1145	8398
2420	9526	1128	8398
2421	9570	1141	8429
2422	9542	1140	8402
2423	9531	1137	8394
2424	9460	1136	8324
2425	9492	1145	8347
2426	9522	1146	8376
2427	9460	1149	8311
2428	9420	1140	8280
2429	9525	1141	8384
2430	9604	1141	8463
2431	9442	1135	8307
2432	9397	1142	8255
2433	9507	1134	8373
2434	9545	1128	8417
2435	9550	1134	8416
2436	9523	1140	8383
2437	9480	1145	8335
2438	9430	1135	8295
2439	9425	1138	8287
2440	9373	1135	8238
2441	9341	1143	8198
2442	9406	1150	8256
2443	9393	1147	8246
2444	9428	1138	8290
2445	9427	1143	8284
2446	9370	1138	8232
2447	9355	1129	8226
2448	9464	1141	8323
2449	9448	1137	8311
2450	9414	1143	8271
2451	9462	1148	8314
2452	9513	1147	8366
2453	9526	1144	8382
2454	9521	1133	8388
2455	9513	1141	8372
2456	9483	1140	8343
2457	9429	1145	8284
2458	9462	1148	8314
2459	9497	1151	8346
2460	9506	1141	8365
2461	9524	1134	8390
2462	9528	1137	8391
2463	9535	1140	8395
2464	9548	1149	8399
2465	9559	1146	8413
2466	9611	1140	8471
2467	9565	1144	8421
2468	9667	1142	8525
2469	9610	1149	8461
2470	9606	1145	8461
2471	9575	1142	8433
2472	9561	1151	8410
2473	9501	1146	8355
2474	9466	1142	8324
2475	9438	1144	8294
2476	9421	1136	8285
2477	9523	1143	8380
2478	9534	1145	8389
2479	9507	1149	8358
2480	9574	1140	8434
2481	9580	1130	8450
2482	9526	1141	8385
2483	9538	1147	8391
2484	9524	1135	8389
2485	9479	1136	8343
2486	9537	1142	8395
2487	9555	1148	8407
2488	9646	1144	8502
2489	9608	1147	8461
2490	9598	1141	8457
2491	9592	1149	8443
2492	9610	1141	8469
2493	9723	1138	8585
2494	9716	1143	8573
2495	9695	1138	8557
2496	9662	1148	8514
2497	9657	1151	8506
2498	9666	1143	8523
2499	9639	1140	8499
2500	9597	1139	8458
2501	9607	1142	8465
2502	9600	1141	8459
2503	9618	1139	8479
2504	9705	1138	8567
2505	9685	1144	8541
2506	9650	1137	8513
2507	9633	1135	8498
2508	9724	1138	8586
2509	9788	1140	8648
2510	9709	1129	8580
2511	9740	1132	8608
2512	9777	1141	8636
2513	9737	1147	8590
2514	9670	1143	8527
2515	9746	1141	8605
2516	9792	1142	8650
2517	9750	1149	8601
2518	9697	1139	8558
2519	9753	1143	8610
2520	9791	1153	8638
2521	9762	1152	8610
2522	9704	1143	8561
2523	9751	1144	8607
2524	9800	1149	8651
2525	9767	1143	8624
2526	9757	1135	8622
2527	9809	1142	8667
2528	9785	1140	8645
2529	9753	1140	8613
2530	9764	1138	8626
2531	9831	1139	8692
2532	9955	1147	8808
2533	9881	1144	8737
2534	9801	1147	8654
2535	9766	1147	8619
2536	9668	1154	8514
2537	9716	1146	8570
2538	9806	1138	8668
2539	9830	1146	8684
2540	9882	1141	8741
2541	9941	1142	8799
2542	9938	1148	8790
2543	9848	1140	8708
2544	9816	1137	8679
2545	9916	1151	8765
2546	9929	1148	8781
2547	9907	1143	8764
2548	9880	1138	8742
2549	9926	1139	8787
2550	9912	1129	8783
2551	9877	1128	8749
2552	9890	1130	8760
2553	10003	1143	8860
2554	9962	1148	8814
2555	9864	1148	8716
2556	9920	1146	8774
2557	9892	1150	8742
2558	9916	1148	8768
2559	9971	1143	8828
2560	10004	1143	8861
2561	9946	1134	8812
2562	9950	1137	8813
2563	10006	1141	8865
2564	10001	1144	8857
2565	10047	1142	8905
2566	10031	1145	8886
2567	10060	1142	8918
2568	10043	1141	8902
2569	9985	1138	8847
2570	9918	1149	8769
2571	10050	1147	8903
2572	10010	1143	8867
2573	10022	1150	8872
2574	9996	1153	8843
2575	9993	1145	8848
2576	10048	1137	8911
2577	10081	1137	8944
2578	10062	1135	8927
2579	9981	1142	8839
2580	10069	1150	8919
2581	10010	1149	8861
2582	10041	1144	8897
2583	10100	1142	8958
2584	10099	1143	8956
2585	10052	1141	8911
2586	10046	1148	8898
2587	10100	1150	8950
2588	10136	1149	8987
2589	10135	1152	8983
2590	10096	1145	8951
2591	10118	1144	8974
2592	10103	1143	8960
2593	10122	1137	8985
2594	10135	1133	9002
2595	10144	1137	9007
2596	10212	1139	9073
2597	10170	1142	9028
2598	10201	1142	9059
2599	10176	1132	9044
2600	10123	1126	8997
2601	10181	1139	9042
2602	10177	1142	9035
2603	10265	1142	9123
2604	10214	1146	9068
2605	10140	1147	8993
2606	10225	1148	9077
2607	10316	1138	9178
2608	10266	1135	9131
2609	10124	1142	8982
2610	10148	1134	9014
2611	10234	1139	9095
2612	10240	1149	9091
2613	10225	1140	9085
2614	10248	1143	9105
2615	10245	1147	9098
2616	10301	1149	9152
2617	10246	1162	9084
2618	10239	1149	9090
2619	10252	1150	9102
2620	10270	1150	9120
2621	10264	1141	9123
2622	10233	1137	9096
2623	10279	1141	9138
2624	10259	1141	9118
2625	10210	1147	9063
2626	10268	1148	9120
2627	10274	1144	9130
2628	10256	1139	9117
2629	10290	1144	9146
2630	10243	1140	9103
2631	10247	1140	9107
2632	10315	1149	9166
2633	10254	1145	9109
2634	10260	1147	9113
2635	10333	1149	9184
2636	10388	1142	9246
2637	10371	1143	9228
2638	10251	1156	9095
2639	10294	1154	9140
2640	10268	1136	9132
2641	10302	1138	9164
2642	10321	1146	9175
2643	10252	1145	9107
2644	10305	1142	9163
2645	10339	1151	9188
2646	10370	1143	9227
2647	10333	1145	9188
2648	10212	1147	9065
2649	10211	1151	9060
2650	10249	1142	9107
2651	10303	1143	9160
2652	10222	1135	9087
2653	10356	1140	9216
2654	10263	1136	9127
2655	10283	1136	9147
2656	10325	1155	9170
2657	10333	1153	9180
2658	10368	1154	9214
2659	10384	1150	9234
2660	10318	1140	9178
2661	10331	1142	9189
2662	10331	1144	9187
2663	10279	1145	9134
2664	10225	1152	9073
2665	10261	1147	9114
2666	10241	1153	9088
2667	10323	1155	9168
2668	10267	1148	9119
2669	10188	1146	9042
2670	10275	1150	9125
2671	10291	1149	9142
2672	10180	1144	9036
2673	10290	1147	9143
2674	10368	1163	9205
2675	10277	1152	9125
2676	10246	1143	9103
2677	10272	1143	9129
2678	10182	1144	9038
2679	10220	1143	9077
2680	10234	1142	9092
2681	10296	1150	9146
2682	10281	1157	9124
2683	10292	1153	9139
2684	10243	1142	9101
2685	10205	1150	9055
2686	10137	1148	8989
2687	10128	1153	8975
2688	10135	1160	8975
2689	10187	1153	9034
2690	10198	1148	9050
2691	10229	1139	9090
2692	10186	1135	9051
2693	10213	1136	9077
2694	10170	1149	9021
2695	10168	1149	9019
2696	10104	1144	8960
2697	10074	1139	8935
2698	10159	1137	9022
2699	10162	1140	9022
2700	10209	1142	9067
2701	10218	1144	9074
2702	10086	1137	8949
2703	10090	1143	8947
2704	10097	1150	8947
2705	10124	1141	8983
2706	10143	1138	9005
2707	10156	1142	9014
2708	10211	1143	9068
2709	10137	1143	8994
2710	10144	1139	9005
2711	10164	1140	9024
2712	10116	1137	8979
2713	10073	1138	8935
2714	10006	1145	8861
2715	10068	1153	8915
2716	10066	1143	8923
2717	10111	1137	8974
2718	10087	1140	8947
2719	10012	1148	8864
2720	10031	1155	8876
2721	10050	1149	8901
2722	10024	1152	8872
2723	9974	1152	8822
2724	9986	1148	8838
2725	10007	1140	8867
2726	10025	1140	8885
2727	10081	1139	8942
2728	9994	1122	8872
2729	9952	1130	8822
2730	9977	1142	8835
2731	9948	1148	8800
2732	9856	1140	8716
2733	9950	1147	8803
2734	9993	1151	8842
2735	9958	1139	8819
2736	9994	1143	8851
2737	9917	1143	8774
2738	9801	1138	8663
2739	9864	1138	8726
2740	9903	1138	8765
2741	9824	1146	8678
2742	9855	1152	8703
2743	9934	1149	8785
2744	9853	1145	8708
2745	9813	1161	8652
2746	9871	1161	8710
2747	9837	1147	8690
2748	9809	1140	8669
2749	9824	1148	8676
2750	9809	1149	8660
2751	9739	1144	8595
2752	9715	1143	8572
2753	9714	1157	8557
2754	9714	1151	8563
2755	9753	1154	8599
2756	9754	1152	8602
2757	9678	1139	8539
2758	9659	1148	8511
2759	9699	1153	8546
2760	9620	1146	8474
2761	9593	1150	8443
2762	9584	1148	8436
2763	9465	1146	8319
2764	9525	1146	8379
2765	9551	1141	8410
2766	9507	1137	8370
2767	9580	1139	8441
2768	9589	1144	8445
2769	9550	1141	8409
2770	9522	1133	8389
2771	9504	1140	8364
2772	9553	1143	8410
2773	9634	1140	8494
2774	9677	1137	8540
2775	9554	1134	8420
2776	9535	1147	8388
2777	9579	1142	8437
2778	9571	1133	8438
2779	9523	1145	8378
2780	9419	1136	8283
2781	9419	1145	8274
2782	9432	1140	8292
2783	9407	1135	8272
2784	9506	1153	8353
2785	9533	1151	8382
2786	9474	1132	8342
2787	9459	1139	8320
2788	9419	1142	8277
2789	9399	1140	8259
2790	9363	1143	8220
2791	9369	1137	8232
2792	9405	1143	8262
2793	9328	1150	8178
2794	9318	1147	8171
2795	9353	1146	8207
2796	9215	1146	8069
2797	9123	1154	7969
2798	9126	1142	7984
2799	9085	1139	7946
2800	9140	1136	8004
2801	9295	1147	8148
2802	9303	1150	8153
2803	9212	1149	8063
2804	9097	1151	7946
2805	9178	1145	8033
2806	9178	1146	8032
2807	9158	1153	8005
2808	9142	1147	7995
2809	9099	1144	7955
2810	9167	1141	8026
2811	9203	1143	8060
2812	9049	1146	7903
2813	8988	1146	7842
2814	8944	1141	7803
2815	8969	1133	7836
2816	8973	1135	7838
2817	8924	1144	7780
2818	8949	1154	7795
2819	8889	1155	7734
2820	8788	1142	7646
2821	8832	1150	7682
2822	8847	1147	7700
2823	8873	1146	7727
2824	8846	1142	7704
2825	8900	1139	7761
2826	8833	1144	7689
2827	8870	1151	7719
2828	8768	1144	7624
2829	8790	1144	7646
2830	8792	1149	7643
2831	8705	1142	7563
2832	8712	1142	7570
2833	8745	1150	7595
2834	8817	1156	7661
2835	8769	1153	7616
2836	8722	1150	7572
2837	8671	1155	7516
2838	8644	1156	7488
2839	8574	1155	7419
2840	8612	1149	7463
2841	8649	1144	7505
2842	8594	1146	7448
2843	8540	1149	7391
2844	8493	1144	7349
2845	8465	1142	7323
2846	8442	1137	7305
2847	8449	1147	7302
2848	8453	1141	7312
2849	8431	1138	7293
2850	8311	1150	7161
2851	8395	1145	7250
2852	8438	1128	7310
2853	8418	1130	7288
2854	8356	1143	7213
2855	8295	1139	7156
2856	8253	1139	7114
2857	8178	1140	7038
2858	8188	1141	7047
2859	8231	1140	7091
2860	8221	1143	7078
2861	8183	1152	7031
2862	8168	1150	7018
2863	8192	1145	7047
2864	8194	1139	7055
2865	8169	1153	7016
2866	8051	1158	6893
2867	8025	1152	6873
2868	8096	1151	6945
2869	8082	1154	6928
2870	8001	1151	6850
2871	8028	1150	6878
2872	7968	1137	6831
2873	7991	1143	6848
2874	8028	1134	6894
2875	7938	1139	6799
2876	7913	1141	6772
2877	7912	1148	6764
2878	7830	1151	6679
2879	7804	1146	6658
2880	7812	1139	6673
2881	7729	1140	6589
2882	7793	1139	6654
2883	7864	1144	6720
2884	7818	1141	6677
2885	7697	1135	6562
2886	7639	1145	6494
2887	7710	1157	6553
2888	7622	1137	6485
2889	7614	1129	6485
2890	7627	1134	6493
2891	7593	1147	6446
2892	7565	1148	6417
2893	7486	1150	6336
2894	7459	1154	6305
2895	7460	1147	6313
2896	7340	1144	6196
2897	7348	1152	6196
2898	7327	1148	6179
2899	7325	1144	6181
2900	7355	1145	6210
2901	7310	1138	6172
2902	7307	1138	6169
2903	7315	1136	6179
2904	7211	1146	6065
2905	7308	1153	6155
2906	7339	1147	6192
2907	7228	1148	6080
2908	7239	1141	6098
2909	7196	1146	6050
2910	7139	1141	5998
2911	7143	1138	6005
2912	7164	1148	6016
2913	7141	1144	5997
2914	7137	1149	5988
2915	7134	1148	5986
2916	7036	1146	5890
2917	7037	1144	5893
2918	7092	1138	5954
2919	7014	1139	5875
2920	6965	1138	5827
2921	6952	1138	5814
2922	6957	1145	5812
2923	6955	1147	5808
2924	6898	1155	5743
2925	6841	1149	5692
2926	6824	1141	5683
2927	6850	1140	5710
2928	6851	1140	5711
2929	6840	1136	5704
2930	6753	1142	5611
2931	6686	1140	5546
2932	6679	1149	5530
2933	6701	1150	5551
2934	6696	1147	5549
2935	6698	1154	5544
2936	6663	1148	5515
2937	6632	1145	5487
2938	6635	1144	5491
2939	6589	1153	5436
2940	6529	1146	5383
2941	6521	1143	5378
2942	6429	1143	5286
2943	6402	1138	5264
2944	6373	1141	5232
2945	6406	1151	5255
2946	6312	1147	5165
2947	6317	1149	5168
2948	6299	1145	5154
2949	6319	1142	5177
2950	6307	1141	5166
2951	6282	1143	5139
2952	6208	1143	5065
2953	6290	1141	5149
2954	6321	1135	5186
2955	6261	1141	5120
2956	6209	1147	5062
2957	6224	1138	5086
2958	6215	1139	5076
2959	6151	1145	5006
2960	6126	1150	4976
2961	6116	1148	4968
2962	6155	1147	5008
2963	6149	1151	4998
2964	6130	1151	4979
2965	6082	1142	4940
2966	6039	1136	4903
2967	5995	1147	4848
2968	6012	1142	4870
2969	6045	1136	4909
2970	6019	1130	4889
2971	5996	1143	4853
2972	6007	1150	4857
2973	5962	1148	4814
2974	5854	1146	4708
2975	5832	1150	4682
2976	5771	1154	4617
2977	5815	1156	4659
2978	5824	1148	4676
2979	5772	1147	4625
2980	5751	1157	4594
2981	5784	1155	4629
2982	5705	1149	4556
2983	5699	1153	4546
2984	5639	1147	4492
2985	5674	1149	4525
2986	5653	1148	4505
2987	5595	1140	4455
2988	5555	1137	4418
2989	5530	1139	4391
2990	5460	1145	4315
2991	5429	1147	4282
2992	5505	1140	4365
2993	5423	1147	4276
2994	5354	1140	4214
2995	5320	1146	4174
2996	5335	1150	4185
2997	5273	1143	4130
2998	5187	1138	4049
2999	5135	1135	4000
3000	5149	1144	4005
3001	5180	1143	4037
3002	5139	1137	4002
3003	5167	1143	4024
3004	5123	1143	3980
3005	5067	1139	3928
3006	5059	1137	3922
3007	5071	1151	3920
3008	5052	1151	3901
3009	5026	1146	3880
3010	5036	1134	3902
3011	5052	1136	3916
3012	5049	1137	3912
3013	5076	1145	3931
3014	5042	1138	3904
3015	5057	1149	3908
3016	5027	1146	3881
3017	4951	1150	3801
3018	4944	1153	3791
3019	4944	1145	3799
3020	4927	1138	3789
3021	4902	1141	3761
3022	4859	1141	3718
3023	4885	1142	3743
3024	4859	1140	3719
3025	4840	1142	3698
3026	4795	1144	3651
3027	4780	1152	3628
3028	4733	1147	3586
3029	4710	1151	3559
3030	4740	1151	3589
3031	4692	1144	3548
3032	4606	1132	3474
3033	4559	1135	3424
3034	4573	1144	3429
3035	4556	1139	3417
3036	4525	1132	3393
3037	4556	1147	3409
3038	4513	1145	3368
3039	4427	1158	3269
3040	4394	1156	3238
3041	4426	1146	3280
3042	4415	1137	3278
3043	4448	1139	3309
3044	4379	1143	3236
3045	4328	1142	3186
3046	4326	1143	3183
3047	4305	1148	3157
3048	4244	1147	3097
3049	4236	1143	3093
3050	4237	1140	3097
3051	4243	1138	3105
3052	4187	1137	3050
3053	4178	1128	3050
3054	4177	1137	3040
3055	4179	1155	3024
3056	4091	1146	2945
3057	4077	1142	2935
3058	4041	1151	2890
3059	4026	1154	2872
3060	4015	1147	2868
3061	3980	1143	2837
3062	3930	1146	2784
3063	3966	1146	2820
3064	3938	1141	2797
3065	3905	1141	2764
3066	3842	1145	2697
3067	3819	1143	2676
3068	3794	1140	2654
3069	3828	1136	2692
3070	3803	1139	2664
3071	3768	1142	2626
3072	3727	1144	2583
3073	3709	1155	2554
3074	3661	1150	2511
3075	3636	1153	2483
3076	3645	1151	2494
3077	3637	1141	2496
3078	3607	1132	2475
3079	3596	1155	2441
3080	3577	1155	2422
3081	3507	1153	2354
3082	3452	1149	2303
3083	3489	1145	2344
3084	3461	1141	2320
3085	3454	1143	2311
3086	3414	1148	2266
3087	3386	1144	2242
3088	3404	1146	2258
3089	3385	1145	2240
3090	3339	1144	2195
3091	3284	1146	2138
3092	3269	1150	2119
3093	3250	1147	2103
3094	3202	1141	2061
3095	3182	1147	2035
3096	3217	1154	2063
3097	3192	1147	2045
3098	3153	1144	2009
3099	3138	1142	1996
3100	3143	1143	2000
3101	3037	1146	1891
3102	3013	1139	1874
3103	3035	1137	1898
3104	3029	1143	1886
3105	3015	1139	1876
3106	2977	1137	1840
3107	2934	1139	1795
3108	2889	1141	1748
3109	2884	1143	1741
3110	2883	1146	1737
3111	2855	1139	1716
3112	2823	1143	1680
3113	2838	1140	1698
3114	2798	1139	1659
3115	2820	1143	1677
3116	2794	1136	1658
3117	2749	1141	1608
3118	2723	1139	1584
3119	2663	1142	1521
3120	2633	1140	1493
3121	2642	1143	1499
3122	2601	1138	1463
3123	2599	1136	1463
3124	2592	1142	1450
3125	2567	1143	1424
3126	2538	1140	1398
3127	2535	1142	1393
3128	2530	1143	1387
3129	2512	1142	1370
3130	2492	1136	1356
3131	2469	1136	1333
3132	2442	1144	1298
3133	2441	1148	1293
3134	2403	1138	1265
3135	2376	1145	1231
3136	2381	1151	1230
3137	2371	1141	1230
3138	2344	1141	1203
3139	2302	1140	1162
3140	2250	1133	1117
3141	2276	1144	1132
3142	2286	1135	1151
3143	2247	1136	1111
3144	2199	1145	1054
3145	2211	1148	1063
3146	2204	1147	1057
3147	2164	1145	1019
3148	2119	1143	976
3149	2136	1140	996
3150	2126	1137	989
3151	2142	1133	1009
3152	2126	1141	985
3153	2067	1151	916
3154	2069	1142	927
3155	2043	1147	896
3156	2014	1149	865
3157	2040	1146	894
3158	1986	1151	835
3159	1963	1148	815
3160	1970	1139	831
3161	1941	1136	805
3162	1929	1140	789
3163	1949	1149	800
3164	1919	1153	766
3165	1875	1149	726
3166	1854	1146	708
3167	1850	1140	710
3168	1854	1136	718
3169	1843	1138	705
3170	1831	1143	688
3171	1799	1144	655
3172	1760	1134	626
3173	1763	1142	621
3174	1798	1147	651
3175	1767	1139	628
3176	1725	1141	584
3177	1724	1144	580
3178	1708	1145	563
3179	1718	1149	569
3180	1711	1148	563
3181	1707	1140	567
3182	1668	1142	526
3183	1659	1150	509
3184	1645	1145	500
3185	1596	1144	452
3186	1589	1138	451
3187	1597	1140	457
3188	1582	1136	446
3189	1586	1131	455
3190	1587	1137	450
3191	1557	1149	408
3192	1547	1147	400
3193	1555	1138	417
3194	1559	1139	420
3195	1565	1153	412
3196	1510	1142	368
3197	1520	1147	373
3198	1512	1146	366
3199	1486	1144	342
3200	1474	1153	321
3201	1486	1161	325
3202	1479	1149	330
3203	1480	1132	348
3204	1472	1134	338
3205	1455	1140	315
3206	1445	1143	302
3207	1433	1138	295
3208	1442	1136	306
3209	1450	1139	311
3210	1443	1140	303
3211	1425	1148	277
3212	1419	1144	275
3213	1430	1148	282
3214	1434	1139	295
3215	1417	1143	274
3216	1380	1142	238
3217	1393	1142	251
3218	1383	1139	244
3219	1393	1137	256
3220	1361	1138	223
3221	1398	1137	261
3222	1385	1142	243
3223	1358	1147	211
3224	1362	1151	211
3225	1396	1150	246
3226	1386	1147	239
3227	1360	1151	209
3228	1385	1157	228
3229	1384	1152	232
3230	1355	1137	218
3231	1357	1142	215
3232	1366	1140	226
3233	1367	1142	225
3234	1356	1140	216
3235	1354	1141	213
3236	1345	1130	215
3237	1363	1135	228
3238	1367	1146	221
3239	1354	1152	202
3240	1343	1148	195
3241	1356	1151	205
3242	1335	1146	189
3243	1352	1139	213
3244	1338	1142	196
3245	1343	1145	198
3246	1310	1145	165
3247	1327	1136	191
3248	1337	1132	205
3249	1326	1142	184
3250	1349	1146	203
3251	1352	1136	216
3252	1346	1138	208
3253	1330	1149	181
3254	1309	1139	170
3255	1326	1150	176
3256	1338	1146	192
3257	1369	1126	243
3258	1365	1134	231
3259	1339	1151	188
3260	1331	1150	181
3261	1327	1149	178
3262	1295	1145	150
3263	1297	1146	151
3264	1316	1140	176
3265	1326	1145	181
3266	1332	1152	180
3267	1315	1147	168
3268	1307	1147	160
3269	1322	1153	169
3270	1298	1146	152
3271	1300	1136	164
3272	1303	1129	174
3273	1332	1125	207
3274	1304	1136	168
3275	1301	1153	148
3276	1309	1145	164
3277	1300	1138	162
3278	1317	1142	175
3279	1310	1138	172
3280	1300	1140	160
3281	1317	1149	168
3282	1322	1142	180
3283	1320	1142	178
3284	1315	1155	160
3285	1302	1147	155
3286	1284	1151	133
3287	1303	1153	150
3288	1316	1142	174
3289	1317	1141	176
3290	1299	1145	154
3291	1319	1135	184
3292	1323	1137	186
3293	1308	1138	170
3294	1283	1135	148
3295	1297	1142	155
3296	1293	1141	152
3297	1294	1147	147
3298	1306	1141	165
3299	1328	1143	185
3300	1300	1148	152
3301	1288	1144	144
3302	1286	1148	138
3303	1310	1141	169
3304	1307	1149	158
3305	1284	1133	151
3306	1290	1118	172
3307	1295	1131	164
3308	1306	1140	166
3309	1299	1136	163
3310	1292	1141	151
3311	1310	1145	165
3312	1309	1140	169
3313	1298	1147	151
3314	1288	1149	139
3315	1258	1149	109
3316	1305	1148	157
3317	1315	1143	172
3318	1311	1149	162
3319	1326	1149	177
3320	1292	1142	150
3321	1249	1140	109
3322	1275	1143	132
3323	1293	1145	148
3324	1270	1137	133
3325	1280	1137	143
3326	1276	1144	132
3327	1280	1143	137
3328	1286	1136	150
3329	1295	1137	158
3330	1283	1144	139
3331	1291	1149	142
3332	1300	1136	164
3333	1289	1137	152
3334	1299	1143	156
3335	1311	1140	171
3336	1304	1134	170
3337	1298	1135	163
3338	1289	1140	149
3339	1307	1139	168
3340	1287	1144	143
3341	1273	1157	116
3342	1255	1145	110
3343	1286	1141	145
3344	1303	1139	164
3345	1287	1143	144
3346	1297	1140	157
3347	1297	1139	158
3348	1279	1142	137
3349	1284	1152	132
3350	1273	1149	124
3351	1298	1146	152
3352	1300	1144	156
3353	1299	1145	154
3354	1290	1144	146
3355	1284	1143	141
3356	1287	1143	144
3357	1266	1141	125
3358	1272	1150	122
3359	1305	1149	156
3360	1295	1147	148
3361	1302	1149	153
3362	1295	1140	155
3363	1293	1142	151
3364	1273	1144	129
3365	1275	1147	128
3366	1285	1157	128
3367	1291	1153	138
3368	1283	1145	138
3369	1277	1147	130
3370	1268	1140	128
3371	1273	1150	123
3372	1281	1141	140
3373	1266	1136	130
3374	1258	1147	111
3375	1278	1157	121
3376	1273	1144	129
3377	1286	1143	143
3378	1270	1143	127
3379	1285	1140	145
3380	1280	1137	143
3381	1262	1140	122
3382	1257	1132	125
3383	1256	1142	114
3384	1241	1147	94
3385	1267	1139	128
3386	1265	1137	128
3387	1256	1146	110
3388	1246	1148	98
3389	1269	1137	132
3390	1301	1146	155
3391	1278	1151	127
3392	1254	1146	108
3393	1264	1142	122
3394	1249	1140	109
3395	1253	1138	115
3396	1260	1140	120
3397	1285	1141	144
3398	1262	1142	120
3399	1250	1148	102
3400	1269	1146	123
3401	1251	1144	107
3402	1239	1146	93
3403	1275	1143	132
3404	1250	1136	114
3405	1230	1150	80
3406	1224	1153	71
3407	1242	1151	91
3408	1238	1154	84
3409	1245	1156	89
3410	1238	1150	88
3411	1241	1141	100
3412	1253	1144	109
3413	1237	1141	96
3414	1251	1149	102
3415	1261	1150	111
3416	1235	1136	99
3417	1259	1143	116
3418	1245	1139	106
3419	1248	1134	114
3420	1264	1134	130
3421	1264	1139	125
3422	1260	1144	116
3423	1250	1145	105
3424	1244	1140	104
3425	1249	1142	107
3426	1238	1145	93
3427	1257	1144	113
3428	1254	1152	102
3429	1229	1145	84
3430	1225	1139	86
3431	1231	1142	89
3432	1242	1151	91
3433	1238	1144	94
3434	1223	1146	77
3435	1259	1157	102
3436	1262	1157	105
3437	1257	1149	108
3438	1248	1152	96
3439	1251	1152	99
3440	1229	1140	89
3441	1229	1142	87
3442	1236	1147	89
3443	1244	1142	102
3444	1217	1145	72
3445	1219	1146	73
3446	1232	1142	90
3447	1234	1139	95
3448	1220	1135	85
3449	1224	1139	85
3450	1221	1140	81
3451	1254	1130	124
3452	1255	1133	122
3453	1244	1137	107
3454	1239	1144	95
3455	1257	1141	116
3456	1225	1140	85
3457	1219	1142	77
3458	1215	1139	76
3459	1243	1143	100
3460	1255	1141	114
3461	1244	1144	100
3462	1239	1147	92
3463	1246	1141	105
3464	1234	1145	89
3465	1214	1143	71
3466	1198	1147	51
3467	1193	1140	53
3468	1205	1129	76
3469	1229	1133	96
3470	1208	1137	71
3471	1232	1137	95
3472	1222	1132	90
3473	1222	1144	78
3474	1224	1140	84
3475	1213	1140	73
3476	1211	1141	70
3477	1218	1148	70
3478	1219	1139	80
3479	1215	1132	83
3480	1219	1148	71
3481	1252	1149	103
3482	1228	1145	83
3483	1230	1138	92
3484	1213	1146	67
3485	1223	1149	74
3486	1220	1142	78
3487	1228	1144	84
3488	1215	1145	70
3489	1214	1154	60
3490	1201	1143	58
3491	1223	1137	86
3492	1217	1141	76
3493	1209	1143	66
3494	1193	1139	54
3495	1202	1149	53
3496	1210	1155	55
3497	1229	1143	86
3498	1221	1147	74
3499	1221	1148	73
3500	1203	1141	62
3501	1219	1151	68
3502	1223	1150	73
3503	1240	1148	92
3504	1216	1147	69
3505	1218	1140	78
3506	1226	1141	85
3507	1197	1143	54
3508	1197	1140	57
3509	1234	1145	89
3510	1223	1148	75
3511	1196	1144	52
3512	1182	1144	38
3513	1199	1141	58
3514	1198	1138	60
3515	1214	1142	72
3516	1211	1142	69
3517	1206	1141	65
3518	1212	1142	70
3519	1225	1140	85
3520	1220	1137	83
3521	1213	1141	72
3522	1207	1141	66
3523	1202	1141	61
3524	1195	1147	48
3525	1199	1149	50
3526	1214	1143	71
3527	1227	1141	86
3528	1222	1131	91
3529	1196	1128	68
3530	1196	1131	65
3531	1188	1138	50
3532	1209	1143	66
3533	1218	1145	73
3534	1188	1141	47
3535	1204	1147	57
3536	1200	1142	58
3537	1185	1140	45
3538	1188	1147	41
3539	1193	1152	41
3540	1210	1147	63
3541	1213	1148	65
3542	1203	1142	61
3543	1193	1146	47
3544	1199	1152	47
3545	1211	1142	69
3546	1212	1135	77
3547	1215	1132	83
3548	1196	1134	62
3549	1206	1131	75
3550	1189	1142	47
3551	1199	1151	48
3552	1203	1143	60
3553	1215	1148	67
3554	1210	1143	67
3555	1206	1139	67
3556	1184	1126	58
3557	1181	1138	43
3558	1173	1153	20
3559	1195	1153	42
3560	1209	1145	64
3561	1203	1144	59
3562	1193	1138	55
3563	1213	1139	74
3564	1213	1143	70
3565	1205	1152	53
3566	1192	1147	45
3567	1206	1140	66
3568	1211	1153	58
3569	1212	1156	56
3570	1193	1146	47
3571	1211	1144	67
3572	1211	1148	63
3573	1214	1148	66
3574	1195	1143	52
3575	1200	1148	52
3576	1197	1156	41
3577	1196	1156	40
3578	1194	1144	50
3579	1205	1147	58
3580	1197	1142	55
3581	1191	1141	50
3582	1196	1139	57
3583	1212	1140	72
3584	1207	1141	66
3585	1204	1135	69
3586	1199	1144	55
3587	1173	1141	32
3588	1188	1138	50
3589	1200	1138	62
3590	1177	1145	32
3591	1181	1142	39
3592	1183	1142	41
3593	1193	1150	43
3594	1184	1142	42
3595	1199	1146	53
3596	1188	1154	34
3597	1180	1164	16
3598	1164	1149	15
3599	1154	1147	7
3600	1163	1136	27
3601	1179	1138	41
3602	1186	1142	44
3603	1201	1144	57
3604	1204	1147	57
3605	1201	1137	64
3606	1208	1144	64
3607	1200	1153	47
3608	1183	1159	24
3609	1173	1156	17
3610	1162	1145	17
3611	1205	1135	70
3612	1205	1135	70
3613	1200	1144	56
3614	1193	1146	47
3615	1201	1147	54
3616	1202	1143	59
3617	1215	1147	68
3618	1221	1142	79
3619	1203	1130	73
3620	1187	1138	49
3621	1170	1141	29
3622	1181	1138	43
3623	1200	1143	57
3624	1190	1143	47
3625	1170	1140	30
3626	1174	1138	36
3627	1181	1140	41
3628	1192	1145	47
3629	1199	1151	48
3630	1181	1149	32
3631	1174	1148	26
3632	1188	1152	36
3633	1186	1151	35
3634	1182	1141	41
3635	1193	1143	50
3636	1181	1152	29
3637	1185	1152	33
3638	1159	1150	9
3639	1195	1153	42
3640	1209	1159	50
3641	1209	1148	61
3642	1182	1143	39
3643	1181	1148	33
3644	1191	1147	44
3645	1193	1143	50
3646	1177	1143	34
3647	1199	1141	58
3648	1192	1147	45
