index	original	background	difference
-----------------------------------------------------
1	1213	1187	26
2	1201	1193	8
3	1201	1188	13
4	1220	1187	33
5	1240	1192	48
6	1232	1190	42
7	1231	1194	37
8	1233	1183	50
9	1218	1183	35
10	1220	1186	34
11	1238	1191	47
12	1243	1187	56
13	1230	1190	40
14	1230	1192	38
15	1214	1189	25
16	1221	1202	19
17	1229	1201	28
18	1224	1192	32
19	1213	1195	18
20	1218	1196	22
21	1231	1191	40
22	1234	1199	35
23	1211	1202	9
24	1203	1202	1
25	1229	1204	25
26	1215	1197	18
27	1229	1213	16
28	1215	1206	9
29	1231	1198	33
30	1246	1192	54
31	1241	1202	39
32	1246	1213	33
33	1244	1208	36
34	1232	1207	25
35	1238	1220	18
36	1212	1218	-6
37	1221	1215	6
38	1218	1207	11
39	1231	1216	15
40	1233	1216	17
41	1246	1221	25
42	1247	1219	28
43	1226	1208	18
44	1222	1204	18
45	1210	1209	1
46	1203	1206	-3
47	1225	1202	23
48	1234	1213	21
49	1245	1215	30
50	1232	1212	20
51	1235	1226	9
52	1229	1225	4
53	1222	1220	2
54	1238	1223	15
55	1266	1228	38
56	1248	1223	25
57	1235	1223	12
58	1234	1218	16
59	1225	1222	3
60	1224	1222	2
61	1257	1230	27
62	1264	1224	40
63	1230	1221	9
64	1220	1211	9
65	1242	1215	27
66	1228	1223	5
67	1216	1225	-9
68	1220	1222	-2
69	1217	1223	-6
70	1247	1224	23
71	1243	1228	15
72	1240	1224	16
73	1239	1227	12
74	1230	1222	8
75	1246	1219	27
76	1251	1225	26
77	1252	1214	38
78	1230	1215	15
79	1254	1214	40
80	1264	1210	54
81	1275	1212	63
82	1272	1220	52
83	1255	1221	34
84	1243	1216	27
85	1282	1219	63
86	1285	1219	66
87	1272	1229	43
88	1253	1232	21
89	1249	1236	13
90	1236	1225	11
91	1255	1224	31
92	1260	1229	31
93	1256	1225	31
94	1255	1229	26
95	1247	1228	19
96	1248	1222	26
97	1265	1226	39
98	1254	1227	27
99	1267	1224	43
100	1253	1221	32
101	1240	1224	16
102	1249	1229	20
103	1244	1225	19
104	1250	1213	37
105	1255	1219	36
106	1247	1225	22
107	1247	1234	13
108	1244	1240	4
109	1267	1235	32
110	1243	1221	22
111	1250	1223	27
112	1239	1231	8
113	1249	1228	21
114	1240	1226	14
115	1246	1243	3
116	1241	1241	0
117	1260	1231	29
118	1271	1230	41
119	1247	1237	10
120	1243	1230	13
121	1259	1232	27
122	1250	1230	20
123	1249	1238	11
124	1254	1233	21
125	1265	1230	35
126	1243	1231	12
127	1248	1226	22
128	1242	1220	22
129	1262	1223	39
130	1249	1223	26
131	1231	1226	5
132	1220	1221	-1
133	1221	1229	-8
134	1236	1229	7
135	1240	1231	9
136	1248	1228	20
137	1250	1228	22
138	1242	1226	16
139	1251	1228	23
140	1241	1215	26
141	1239	1225	14
142	1249	1223	26
143	1258	1230	28
144	1250	1228	22
145	1256	1227	29
146	1255	1222	33
147	1259	1225	34
148	1252	1230	22
149	1231	1227	4
150	1233	1225	8
151	1258	1236	22
152	1238	1234	4
153	1241	1227	14
154	1220	1222	-2
155	1231	1225	6
156	1236	1235	1
157	1246	1233	13
158	1251	1233	18
159	1255	1235	20
160	1263	1225	38
161	1261	1220	41
162	1245	1224	21
163	1234	1235	-1
164	1238	1222	16
165	1242	1225	17
166	1246	1218	28
167	1255	1225	30
168	1245	1223	22
169	1247	1232	15
170	1234	1229	5
171	1243	1219	24
172	1236	1219	17
173	1237	1225	12
174	1239	1225	14
175	1233	1223	10
176	1247	1226	21
177	1252	1222	30
178	1242	1221	21
179	1257	1232	25
180	1256	1229	27
181	1256	1225	31
182	1264	1228	36
183	1262	1227	35
184	1254	1225	29
185	1260	1234	26
186	1232	1234	-2
187	1240	1236	4
188	1251	1234	17
189	1249	1226	23
190	1249	1217	32
191	1249	1230	19
192	1252	1224	28
193	1249	1222	27
194	1230	1221	9
195	1237	1226	11
196	1231	1218	13
197	1248	1214	34
198	1244	1229	15
199	1240	1237	3
200	1224	1236	-12
201	1236	1229	7
202	1256	1228	28
203	1232	1221	11
204	1216	1219	-3
205	1255	1229	26
206	1253	1224	29
207	1257	1222	35
208	1231	1230	1
209	1226	1237	-11
210	1230	1234	-4
211	1236	1227	9
212	1239	1216	23
213	1242	1217	25
214	1225	1226	-1
215	1254	1237	17
216	1248	1225	23
217	1246	1222	24
218	1234	1226	8
219	1257	1230	27
220	1268	1222	46
221	1258	1227	31
222	1255	1234	21
223	1271	1238	33
224	1257	1237	20
225	1254	1229	25
226	1269	1225	44
227	1264	1227	37
228	1249	1228	21
229	1252	1226	26
230	1246	1234	12
231	1265	1230	35
232	1260	1226	34
233	1224	1225	-1
234	1218	1222	-4
235	1247	1220	27
236	1249	1228	21
237	1240	1230	10
238	1238	1225	13
239	1252	1230	22
240	1245	1229	16
241	1254	1226	28
242	1237	1215	22
243	1242	1227	15
244	1243	1231	12
245	1274	1226	48
246	1273	1225	48
247	1260	1230	30
248	1251	1215	36
249	1263	1224	39
250	1262	1234	28
251	1269	1225	44
252	1261	1215	46
253	1271	1228	43
254	1266	1231	35
255	1278	1235	43
256	1245	1235	10
257	1246	1229	17
258	1256	1225	31
259	1255	1227	28
260	1246	1232	14
261	1251	1238	13
262	1230	1236	-6
263	1234	1231	3
264	1232	1235	-3
265	1245	1229	16
266	1248	1234	14
267	1258	1233	25
268	1238	1225	13
269	1235	1222	13
270	1252	1232	20
271	1250	1240	10
272	1253	1227	26
273	1259	1230	29
274	1243	1228	15
275	1242	1220	22
276	1251	1221	30
277	1255	1232	23
278	1237	1227	10
279	1233	1221	12
280	1226	1215	11
281	1230	1220	10
282	1234	1217	17
283	1241	1220	21
284	1230	1229	1
285	1235	1222	13
286	1228	1226	2
287	1239	1233	6
288	1233	1233	0
289	1231	1225	6
290	1260	1229	31
291	1239	1232	7
292	1226	1230	-4
293	1252	1224	28
294	1241	1228	13
295	1218	1236	-18
296	1224	1233	-9
297	1243	1222	21
298	1228	1221	7
299	1225	1224	1
300	1220	1228	-8
301	1245	1233	12
302	1258	1229	29
303	1262	1233	29
304	1253	1219	34
305	1264	1223	41
306	1253	1224	29
307	1237	1218	19
308	1231	1228	3
309	1255	1227	28
310	1261	1229	32
311	1256	1242	14
312	1249	1234	15
313	1248	1228	20
314	1237	1230	7
315	1237	1233	4
316	1244	1231	13
317	1267	1233	34
318	1255	1221	34
319	1258	1226	32
320	1243	1224	19
321	1241	1227	14
322	1249	1230	19
323	1235	1229	6
324	1225	1229	-4
325	1248	1237	11
326	1252	1241	11
327	1255	1236	19
328	1267	1229	38
329	1273	1232	41
330	1244	1231	13
331	1251	1236	15
332	1243	1235	8
333	1268	1243	25
334	1244	1234	10
335	1251	1226	25
336	1263	1229	34
337	1247	1232	15
338	1250	1235	15
339	1247	1230	17
340	1250	1232	18
341	1268	1221	47
342	1261	1210	51
343	1258	1225	33
344	1267	1236	31
345	1253	1225	28
346	1232	1223	9
347	1243	1226	17
348	1272	1230	42
349	1267	1225	42
350	1259	1220	39
351	1245	1233	12
352	1237	1232	5
353	1266	1211	55
354	1274	1212	62
355	1252	1228	24
356	1242	1234	8
357	1223	1235	-12
358	1227	1227	0
359	1248	1225	23
360	1216	1215	1
361	1234	1229	5
362	1222	1233	-11
363	1221	1233	-12
364	1240	1231	9
365	1242	1232	10
366	1243	1221	22
367	1256	1227	29
368	1229	1235	-6
369	1257	1230	27
370	1255	1228	27
371	1255	1232	23
372	1252	1228	24
373	1244	1232	12
374	1249	1219	30
375	1270	1220	50
376	1251	1226	25
377	1238	1224	14
378	1232	1217	15
379	1259	1225	34
380	1255	1221	34
381	1252	1215	37
382	1253	1222	31
383	1258	1221	37
384	1244	1221	23
385	1231	1231	0
386	1240	1229	11
387	1240	1233	7
388	1239	1226	13
389	1248	1222	26
390	1246	1228	18
391	1251	1229	22
392	1246	1222	24
393	1247	1222	25
394	1245	1227	18
395	1246	1233	13
396	1230	1221	9
397	1254	1225	29
398	1240	1220	20
399	1257	1223	34
400	1247	1221	26
401	1247	1232	15
402	1251	1224	27
403	1280	1221	59
404	1238	1226	12
405	1241	1223	18
406	1233	1219	14
407	1232	1225	7
408	1240	1233	7
409	1259	1231	28
410	1257	1225	32
411	1247	1232	15
412	1238	1234	4
413	1237	1234	3
414	1223	1237	-14
415	1226	1231	-5
416	1232	1226	6
417	1245	1230	15
418	1254	1227	27
419	1266	1238	28
420	1265	1226	39
421	1260	1222	38
422	1248	1232	16
423	1267	1226	41
424	1265	1228	37
425	1260	1227	33
426	1268	1230	38
427	1260	1229	31
428	1244	1225	19
429	1239	1232	7
430	1231	1221	10
431	1241	1230	11
432	1227	1236	-9
433	1227	1237	-10
434	1237	1225	12
435	1230	1225	5
436	1252	1216	36
437	1249	1219	30
438	1251	1249	2
439	1225	1238	-13
440	1230	1226	4
441	1236	1227	9
442	1229	1230	-1
443	1250	1234	16
444	1258	1226	32
445	1234	1229	5
446	1238	1230	8
447	1251	1225	26
448	1247	1219	28
449	1268	1221	47
450	1253	1224	29
451	1239	1231	8
452	1241	1228	13
453	1257	1236	21
454	1242	1225	17
455	1217	1220	-3
456	1223	1231	-8
457	1246	1215	31
458	1261	1216	45
459	1259	1228	31
460	1243	1225	18
461	1243	1222	21
462	1257	1225	32
463	1253	1229	24
464	1242	1223	19
465	1256	1216	40
466	1238	1211	27
467	1239	1217	22
468	1244	1224	20
469	1239	1228	11
470	1254	1224	30
471	1254	1231	23
472	1228	1228	0
473	1248	1232	16
474	1252	1229	23
475	1251	1228	23
476	1223	1229	-6
477	1219	1222	-3
478	1229	1226	3
479	1252	1230	22
480	1224	1232	-8
481	1253	1235	18
482	1253	1230	23
483	1234	1241	-7
484	1245	1238	7
485	1252	1231	21
486	1236	1227	9
487	1231	1228	3
488	1241	1226	15
489	1226	1230	-4
490	1240	1236	4
491	1256	1236	20
492	1262	1226	36
493	1247	1224	23
494	1230	1237	-7
495	1251	1229	22
496	1241	1213	28
497	1254	1234	20
498	1239	1236	3
499	1237	1225	12
500	1237	1224	13
501	1259	1233	26
502	1261	1229	32
503	1244	1228	16
504	1249	1222	27
505	1239	1225	14
506	1243	1211	32
507	1272	1215	57
508	1259	1221	38
509	1249	1221	28
510	1262	1222	40
511	1264	1232	32
512	1250	1238	12
513	1258	1225	33
514	1241	1224	17
515	1256	1225	31
516	1254	1225	29
517	1249	1229	20
518	1247	1230	17
519	1253	1229	24
520	1259	1221	38
521	1243	1229	14
522	1237	1229	8
523	1239	1229	10
524	1235	1227	8
525	1232	1224	8
526	1256	1219	37
527	1275	1222	53
528	1244	1224	20
529	1240	1228	12
530	1254	1231	23
531	1255	1226	29
532	1261	1228	33
533	1249	1230	19
534	1244	1232	12
535	1248	1229	19
536	1231	1224	7
537	1239	1222	17
538	1235	1227	8
539	1239	1227	12
540	1232	1224	8
541	1245	1221	24
542	1239	1223	16
543	1240	1230	10
544	1237	1223	14
545	1240	1233	7
546	1254	1235	19
547	1266	1232	34
548	1221	1225	-4
549	1229	1218	11
550	1257	1227	30
551	1260	1226	34
552	1236	1216	20
553	1246	1221	25
554	1270	1218	52
555	1261	1216	45
556	1244	1232	12
557	1257	1226	31
558	1248	1225	23
559	1245	1227	18
560	1241	1225	16
561	1251	1215	36
562	1256	1216	40
563	1268	1225	43
564	1272	1227	45
565	1257	1230	27
566	1257	1229	28
567	1257	1225	32
568	1246	1217	29
569	1227	1219	8
570	1252	1219	33
571	1263	1215	48
572	1268	1215	53
573	1269	1230	39
574	1242	1239	3
575	1243	1229	14
576	1255	1221	34
577	1271	1225	46
578	1250	1230	20
579	1250	1224	26
580	1243	1220	23
581	1225	1229	-4
582	1232	1240	-8
583	1252	1229	23
584	1251	1224	27
585	1252	1223	29
586	1237	1220	17
587	1248	1228	20
588	1252	1228	24
589	1231	1224	7
590	1240	1224	16
591	1273	1217	56
592	1243	1214	29
593	1231	1228	3
594	1239	1234	5
595	1252	1227	25
596	1219	1219	0
597	1229	1217	12
598	1229	1220	9
599	1215	1225	-10
600	1217	1232	-15
601	1225	1234	-9
602	1250	1220	30
603	1273	1221	52
604	1263	1222	41
605	1242	1225	17
606	1234	1217	17
607	1223	1226	-3
608	1246	1225	21
609	1252	1226	26
610	1216	1224	-8
611	1216	1237	-21
612	1215	1234	-19
613	1254	1228	26
614	1257	1222	35
615	1248	1237	11
616	1254	1224	30
617	1261	1215	46
618	1257	1227	30
619	1256	1230	26
620	1252	1231	21
621	1265	1240	25
622	1255	1231	24
623	1248	1230	18
624	1240	1227	13
625	1261	1235	26
626	1272	1238	34
627	1283	1237	46
628	1267	1236	31
629	1239	1234	5
630	1230	1221	9
631	1247	1220	27
632	1238	1220	18
633	1251	1221	30
634	1251	1215	36
635	1254	1223	31
636	1258	1233	25
637	1253	1228	25
638	1260	1233	27
639	1256	1235	21
640	1250	1228	22
641	1258	1236	22
642	1271	1230	41
643	1249	1229	20
644	1244	1232	12
645	1242	1238	4
646	1248	1235	13
647	1257	1232	25
648	1231	1227	4
649	1236	1230	6
650	1267	1220	47
651	1267	1213	54
652	1247	1215	32
653	1233	1224	9
654	1237	1233	4
655	1247	1223	24
656	1240	1222	18
657	1237	1229	8
658	1236	1225	11
659	1249	1228	21
660	1237	1233	4
661	1240	1230	10
662	1245	1224	21
663	1250	1223	27
664	1244	1222	22
665	1261	1230	31
666	1256	1228	28
667	1245	1224	21
668	1244	1219	25
669	1231	1222	9
670	1230	1224	6
671	1243	1221	22
672	1254	1229	25
673	1261	1222	39
674	1244	1222	22
675	1239	1229	10
676	1268	1221	47
677	1270	1228	42
678	1265	1227	38
679	1260	1234	26
680	1245	1228	17
681	1244	1220	24
682	1233	1225	8
683	1228	1237	-9
684	1246	1234	12
685	1233	1236	-3
686	1219	1228	-9
687	1256	1224	32
688	1253	1230	23
689	1241	1227	14
690	1225	1223	2
691	1263	1219	44
692	1272	1219	53
693	1245	1226	19
694	1259	1223	36
695	1244	1233	11
696	1257	1222	35
697	1278	1224	54
698	1248	1222	26
699	1246	1226	20
700	1238	1224	14
701	1241	1215	26
702	1236	1224	12
703	1237	1226	11
704	1240	1224	16
705	1261	1236	25
706	1249	1227	22
707	1288	1267	21
708	1264	1253	11
709	1256	1223	33
710	1263	1227	36
711	1258	1232	26
712	1237	1220	17
713	1248	1229	19
714	1269	1240	29
715	1260	1227	33
716	1246	1229	17
717	1255	1244	11
718	1286	1228	58
719	1262	1233	29
720	1240	1228	12
721	1258	1221	37
722	1257	1232	25
723	1264	1237	27
724	1250	1225	25
725	1235	1230	5
726	1245	1227	18
727	1266	1228	38
728	1262	1222	40
729	1268	1227	41
730	1267	1220	47
731	1257	1230	27
732	1241	1230	11
733	1253	1220	33
734	1252	1228	24
735	1269	1240	29
736	1245	1224	21
737	1256	1224	32
738	1258	1229	29
739	1250	1230	20
740	1262	1222	40
741	1271	1219	52
742	1236	1219	17
743	1247	1236	11
744	1250	1244	6
745	1257	1246	11
746	1241	1234	7
747	1242	1231	11
748	1236	1232	4
749	1248	1222	26
750	1227	1220	7
751	1232	1234	-2
752	1252	1242	10
753	1259	1231	28
754	1253	1224	29
755	1255	1235	20
756	1239	1227	12
757	1256	1224	32
758	1239	1233	6
759	1237	1245	-8
760	1246	1234	12
761	1270	1240	30
762	1264	1242	22
763	1262	1238	24
764	1240	1229	11
765	1218	1222	-4
766	1225	1231	-6
767	1249	1234	15
768	1248	1229	19
769	1270	1226	44
770	1255	1228	27
771	1250	1228	22
772	1244	1222	22
773	1237	1227	10
774	1246	1225	21
775	1253	1221	32
776	1249	1225	24
777	1229	1236	-7
778	1234	1237	-3
779	1228	1231	-3
780	1242	1226	16
781	1249	1227	22
782	1238	1229	9
783	1254	1226	28
784	1241	1228	13
785	1241	1224	17
786	1230	1217	13
787	1234	1228	6
788	1245	1228	17
789	1241	1222	19
790	1242	1231	11
791	1234	1236	-2
792	1228	1227	1
793	1240	1224	16
794	1251	1227	24
795	1242	1226	16
796	1236	1224	12
797	1252	1232	20
798	1253	1226	27
799	1246	1229	17
800	1242	1235	7
801	1237	1233	4
802	1229	1228	1
803	1243	1230	13
804	1236	1229	7
805	1253	1227	26
806	1279	1236	43
807	1270	1244	26
808	1228	1225	3
809	1227	1219	8
810	1242	1223	19
811	1244	1227	17
812	1245	1229	16
813	1257	1224	33
814	1230	1229	1
815	1224	1234	-10
816	1252	1223	29
817	1259	1220	39
818	1238	1220	18
819	1257	1231	26
820	1257	1233	24
821	1249	1227	22
822	1226	1219	7
823	1248	1219	29
824	1250	1217	33
825	1249	1226	23
826	1228	1220	8
827	1244	1217	27
828	1251	1220	31
829	1246	1238	8
830	1234	1231	3
831	1230	1219	11
832	1231	1216	15
833	1249	1228	21
834	1254	1222	32
835	1261	1250	11
836	1242	1243	-1
837	1247	1231	16
838	1251	1220	31
839	1252	1221	31
840	1236	1227	9
841	1241	1226	15
842	1240	1220	20
843	1217	1224	-7
844	1244	1219	25
845	1269	1225	44
846	1259	1231	28
847	1252	1220	32
848	1237	1215	22
849	1234	1221	13
850	1231	1225	6
851	1247	1231	16
852	1246	1235	11
853	1240	1233	7
854	1227	1229	-2
855	1221	1227	-6
856	1234	1236	-2
857	1237	1235	2
858	1239	1230	9
859	1247	1227	20
860	1233	1222	11
861	1256	1221	35
862	1254	1228	26
863	1254	1238	16
864	1257	1236	21
865	1258	1230	28
866	1241	1218	23
867	1250	1213	37
868	1255	1227	28
869	1253	1234	19
870	1241	1229	12
871	1239	1229	10
872	1244	1230	14
873	1250	1234	16
874	1252	1235	17
875	1263	1238	25
876	1223	1235	-12
877	1228	1231	-3
878	1245	1235	10
879	1232	1234	-2
880	1227	1221	6
881	1262	1224	38
882	1237	1222	15
883	1239	1221	18
884	1235	1220	15
885	1242	1225	17
886	1248	1224	24
887	1245	1219	26
888	1235	1212	23
889	1225	1215	10
890	1218	1228	-10
891	1256	1241	15
892	1246	1228	18
893	1243	1234	9
894	1240	1237	3
895	1245	1236	9
896	1237	1227	10
897	1250	1234	16
898	1248	1235	13
899	1268	1226	42
900	1235	1234	1
901	1242	1232	10
902	1249	1230	19
903	1239	1232	7
904	1221	1226	-5
905	1234	1223	11
906	1232	1225	7
907	1242	1227	15
908	1223	1242	-19
909	1217	1235	-18
910	1240	1226	14
911	1247	1230	17
912	1240	1238	2
913	1260	1238	22
914	1238	1233	5
915	1231	1229	2
916	1244	1227	17
917	1266	1233	33
918	1232	1227	5
919	1220	1223	-3
920	1214	1229	-15
921	1229	1236	-7
922	1244	1223	21
923	1249	1224	25
924	1235	1230	5
925	1221	1229	-8
926	1228	1230	-2
927	1242	1238	4
928	1232	1226	6
929	1257	1220	37
930	1249	1225	24
931	1235	1226	9
932	1238	1221	17
933	1243	1229	14
934	1240	1230	10
935	1227	1233	-6
936	1226	1225	1
937	1243	1225	18
938	1232	1225	7
939	1228	1224	4
940	1242	1230	12
941	1261	1222	39
942	1258	1227	31
943	1253	1237	16
944	1236	1241	-5
945	1232	1233	-1
946	1245	1226	19
947	1225	1235	-10
948	1218	1230	-12
949	1245	1226	19
950	1254	1217	37
951	1258	1218	40
952	1251	1225	26
953	1238	1224	14
954	1236	1224	12
955	1242	1233	9
956	1247	1224	23
957	1254	1226	28
958	1278	1222	56
959	1261	1213	48
960	1239	1221	18
961	1252	1215	37
962	1261	1214	47
963	1234	1224	10
964	1228	1219	9
965	1235	1221	14
966	1232	1232	0
967	1272	1224	48
968	1264	1227	37
969	1246	1232	14
970	1263	1230	33
971	1248	1224	24
972	1251	1220	31
973	1276	1225	51
974	1237	1227	10
975	1239	1225	14
976	1240	1232	8
977	1243	1227	16
978	1233	1219	14
979	1258	1228	30
980	1259	1235	24
981	1257	1239	18
982	1253	1230	23
983	1252	1225	27
984	1228	1217	11
985	1221	1217	4
986	1231	1232	-1
987	1234	1237	-3
988	1256	1232	24
989	1276	1227	49
990	1275	1219	56
991	1266	1221	45
992	1243	1215	28
993	1245	1215	30
994	1257	1215	42
995	1255	1226	29
996	1233	1232	1
997	1248	1228	20
998	1259	1225	34
999	1268	1216	52
1000	1254	1214	40
1001	1247	1224	23
1002	1223	1221	2
1003	1242	1232	10
1004	1265	1237	28
1005	1240	1232	8
1006	1210	1226	-16
1007	1236	1228	8
1008	1245	1231	14
1009	1240	1233	7
1010	1249	1236	13
1011	1253	1229	24
1012	1268	1221	47
1013	1265	1221	44
1014	1259	1223	36
1015	1258	1235	23
1016	1225	1227	-2
1017	1237	1224	13
1018	1244	1225	19
1019	1252	1228	24
1020	1248	1218	30
1021	1236	1228	8
1022	1244	1229	15
1023	1239	1221	18
1024	1219	1226	-7
1025	1223	1232	-9
1026	1233	1222	11
1027	1258	1224	34
1028	1241	1229	12
1029	1243	1224	19
1030	1247	1226	21
1031	1254	1237	17
1032	1247	1230	17
1033	1250	1230	20
1034	1253	1234	19
1035	1241	1239	2
1036	1249	1236	13
1037	1281	1232	49
1038	1243	1224	19
1039	1235	1221	14
1040	1227	1217	10
1041	1246	1215	31
1042	1261	1222	39
1043	1240	1230	10
1044	1229	1233	-4
1045	1232	1231	1
1046	1238	1225	13
1047	1246	1225	21
1048	1245	1228	17
1049	1261	1229	32
1050	1237	1224	13
1051	1235	1228	7
1052	1240	1228	12
1053	1253	1220	33
1054	1233	1219	14
1055	1243	1220	23
1056	1237	1221	16
1057	1240	1225	15
1058	1242	1219	23
1059	1235	1223	12
1060	1237	1218	19
1061	1276	1220	56
1062	1267	1240	27
1063	1261	1241	20
1064	1249	1224	25
1065	1252	1224	28
1066	1272	1231	41
1067	1266	1224	42
1068	1270	1228	42
1069	1261	1227	34
1070	1240	1218	22
1071	1246	1228	18
1072	1242	1221	21
1073	1235	1216	19
1074	1234	1225	9
1075	1252	1234	18
1076	1225	1226	-1
1077	1238	1227	11
1078	1270	1223	47
1079	1266	1223	43
1080	1235	1225	10
1081	1247	1214	33
1082	1251	1219	32
1083	1248	1224	24
1084	1227	1213	14
1085	1256	1228	28
1086	1236	1236	0
1087	1243	1233	10
1088	1246	1224	22
1089	1255	1226	29
1090	1241	1218	23
1091	1238	1214	24
1092	1227	1223	4
1093	1227	1230	-3
1094	1227	1225	2
1095	1242	1229	13
1096	1250	1224	26
1097	1254	1223	31
1098	1236	1233	3
1099	1237	1236	1
1100	1226	1229	-3
1101	1220	1227	-7
1102	1215	1223	-8
1103	1232	1228	4
1104	1274	1226	48
1105	1280	1223	57
1106	1254	1224	30
1107	1261	1223	38
1108	1269	1225	44
1109	1259	1232	27
1110	1247	1225	22
1111	1246	1231	15
1112	1255	1227	28
1113	1257	1229	28
1114	1225	1228	-3
1115	1246	1220	26
1116	1249	1223	26
1117	1244	1227	17
1118	1251	1221	30
1119	1228	1230	-2
1120	1216	1227	-11
1121	1232	1232	0
1122	1230	1229	1
1123	1242	1225	17
1124	1249	1217	32
1125	1253	1229	24
1126	1233	1222	11
1127	1240	1226	14
1128	1243	1237	6
1129	1255	1231	24
1130	1261	1229	32
1131	1234	1230	4
1132	1225	1218	7
1133	1250	1224	26
1134	1249	1225	24
1135	1247	1228	19
1136	1234	1227	7
1137	1236	1228	8
1138	1234	1222	12
1139	1239	1226	13
1140	1261	1226	35
1141	1244	1227	17
1142	1213	1223	-10
1143	1251	1223	28
1144	1250	1224	26
1145	1226	1222	4
1146	1247	1221	26
1147	1249	1226	23
1148	1245	1231	14
1149	1264	1225	39
1150	1255	1232	23
1151	1265	1231	34
1152	1241	1220	21
1153	1242	1227	15
1154	1241	1230	11
1155	1231	1228	3
1156	1224	1219	5
1157	1236	1226	10
1158	1240	1227	13
1159	1220	1227	-7
1160	1219	1218	1
1161	1244	1227	17
1162	1252	1225	27
1163	1251	1229	22
1164	1231	1221	10
1165	1236	1217	19
1166	1225	1223	2
1167	1214	1228	-14
1168	1216	1235	-19
1169	1262	1241	21
1170	1264	1232	32
1171	1254	1232	22
1172	1251	1235	16
1173	1259	1238	21
1174	1231	1231	0
1175	1233	1233	0
1176	1226	1230	-4
1177	1237	1222	15
1178	1237	1229	8
1179	1251	1239	12
1180	1241	1228	13
1181	1237	1225	12
1182	1243	1227	16
1183	1259	1222	37
1184	1239	1220	19
1185	1251	1234	17
1186	1248	1233	15
1187	1255	1236	19
1188	1262	1231	31
1189	1246	1225	21
1190	1240	1227	13
1191	1253	1227	26
1192	1249	1227	22
1193	1241	1222	19
1194	1219	1231	-12
1195	1230	1240	-10
1196	1251	1233	18
1197	1243	1233	10
1198	1244	1229	15
1199	1253	1231	22
1200	1235	1227	8
1201	1233	1230	3
1202	1242	1227	15
1203	1267	1229	38
1204	1253	1227	26
1205	1259	1238	21
1206	1265	1236	29
1207	1260	1230	30
1208	1257	1225	32
1209	1247	1231	16
1210	1257	1244	13
1211	1290	1242	48
1212	1261	1222	39
1213	1261	1226	35
1214	1255	1229	26
1215	1218	1229	-11
1216	1255	1229	26
1217	1260	1230	30
1218	1239	1224	15
1219	1226	1222	4
1220	1235	1233	2
1221	1232	1242	-10
1222	1240	1224	16
1223	1229	1224	5
1224	1219	1226	-7
1225	1249	1224	25
1226	1236	1224	12
1227	1233	1230	3
1228	1237	1230	7
1229	1247	1226	21
1230	1258	1226	32
1231	1261	1229	32
1232	1242	1226	16
1233	1236	1226	10
1234	1242	1228	14
1235	1234	1229	5
1236	1224	1231	-7
1237	1251	1234	17
1238	1253	1229	24
1239	1257	1226	31
1240	1256	1231	25
1241	1245	1237	8
1242	1221	1226	-5
1243	1246	1228	18
1244	1241	1226	15
1245	1247	1232	15
1246	1259	1240	19
1247	1237	1238	-1
1248	1227	1231	-4
1249	1240	1229	11
1250	1252	1227	25
1251	1260	1232	28
1252	1246	1231	15
1253	1244	1224	20
1254	1248	1233	15
1255	1249	1227	22
1256	1232	1227	5
1257	1244	1231	13
1258	1245	1224	21
1259	1260	1229	31
1260	1262	1235	27
1261	1259	1225	34
1262	1247	1227	20
1263	1243	1235	8
1264	1247	1230	17
1265	1252	1233	19
1266	1268	1227	41
1267	1263	1224	39
1268	1257	1215	42
1269	1266	1228	38
1270	1249	1232	17
1271	1255	1229	26
1272	1259	1226	33
1273	1261	1227	34
1274	1254	1219	35
1275	1263	1225	38
1276	1260	1225	35
1277	1237	1229	8
1278	1234	1239	-5
1279	1250	1228	22
1280	1255	1228	27
1281	1267	1228	39
1282	1249	1226	23
1283	1254	1225	29
1284	1252	1222	30
1285	1247	1227	20
1286	1260	1227	33
1287	1260	1227	33
1288	1242	1219	23
1289	1243	1229	14
1290	1248	1236	12
1291	1246	1230	16
1292	1250	1221	29
1293	1256	1228	28
1294	1240	1219	21
1295	1264	1220	44
1296	1271	1230	41
1297	1259	1223	36
1298	1241	1227	14
1299	1238	1231	7
1300	1263	1220	43
1301	1254	1226	28
1302	1230	1224	6
1303	1245	1225	20
1304	1250	1222	28
1305	1238	1222	16
1306	1251	1221	30
1307	1265	1232	33
1308	1259	1231	28
1309	1249	1231	18
1310	1267	1236	31
1311	1270	1239	31
1312	1271	1223	48
1313	1260	1236	24
1314	1235	1234	1
1315	1259	1227	32
1316	1275	1223	52
1317	1279	1222	57
1318	1276	1217	59
1319	1259	1227	32
1320	1242	1227	15
1321	1245	1222	23
1322	1217	1233	-16
1323	1228	1235	-7
1324	1220	1222	-2
1325	1246	1232	14
1326	1259	1228	31
1327	1267	1229	38
1328	1247	1225	22
1329	1241	1232	9
1330	1258	1235	23
1331	1259	1226	33
1332	1244	1233	11
1333	1247	1229	18
1334	1267	1226	41
1335	1265	1227	38
1336	1272	1248	24
1337	1258	1232	26
1338	1225	1210	15
1339	1256	1220	36
1340	1255	1236	19
1341	1249	1233	16
1342	1247	1224	23
1343	1235	1224	11
1344	1241	1214	27
1345	1250	1215	35
1346	1256	1221	35
1347	1277	1222	55
1348	1266	1227	39
1349	1261	1233	28
1350	1237	1226	11
1351	1242	1229	13
1352	1267	1227	40
1353	1261	1238	23
1354	1250	1241	9
1355	1244	1231	13
1356	1245	1227	18
1357	1256	1229	27
1358	1258	1232	26
1359	1256	1224	32
1360	1242	1224	18
1361	1249	1223	26
1362	1252	1219	33
1363	1260	1228	32
1364	1265	1234	31
1365	1271	1237	34
1366	1262	1228	34
1367	1259	1225	34
1368	1244	1231	13
1369	1248	1231	17
1370	1263	1230	33
1371	1245	1237	8
1372	1248	1229	19
1373	1265	1220	45
1374	1277	1226	51
1375	1283	1234	49
1376	1272	1226	46
1377	1254	1228	26
1378	1260	1229	31
1379	1287	1233	54
1380	1267	1224	43
1381	1248	1226	22
1382	1237	1232	5
1383	1236	1237	-1
1384	1245	1236	9
1385	1253	1234	19
1386	1244	1234	10
1387	1257	1236	21
1388	1259	1228	31
1389	1271	1227	44
1390	1270	1232	38
1391	1250	1231	19
1392	1241	1221	20
1393	1248	1226	22
1394	1237	1225	12
1395	1250	1226	24
1396	1273	1231	42
1397	1262	1233	29
1398	1247	1235	12
1399	1248	1220	28
1400	1235	1210	25
1401	1250	1231	19
1402	1250	1232	18
1403	1250	1230	20
1404	1253	1229	24
1405	1270	1228	42
1406	1265	1225	40
1407	1246	1232	14
1408	1231	1230	1
1409	1256	1231	25
1410	1273	1228	45
1411	1272	1235	37
1412	1252	1233	19
1413	1229	1235	-6
1414	1231	1231	0
1415	1265	1224	41
1416	1280	1239	41
1417	1262	1229	33
1418	1265	1228	37
1419	1275	1235	40
1420	1258	1235	23
1421	1253	1234	19
1422	1277	1230	47
1423	1292	1233	59
1424	1253	1228	25
1425	1263	1224	39
1426	1253	1225	28
1427	1266	1226	40
1428	1278	1224	54
1429	1270	1221	49
1430	1248	1226	22
1431	1241	1227	14
1432	1231	1224	7
1433	1265	1225	40
1434	1252	1216	36
1435	1255	1215	40
1436	1260	1227	33
1437	1252	1236	16
1438	1251	1231	20
1439	1251	1232	19
1440	1241	1210	31
1441	1239	1224	15
1442	1244	1246	-2
1443	1270	1242	28
1444	1249	1237	12
1445	1264	1234	30
1446	1258	1223	35
1447	1245	1229	16
1448	1247	1229	18
1449	1282	1227	55
1450	1264	1222	42
1451	1248	1224	24
1452	1245	1229	16
1453	1261	1232	29
1454	1266	1239	27
1455	1264	1236	28
1456	1253	1222	31
1457	1251	1223	28
1458	1235	1228	7
1459	1231	1228	3
1460	1240	1223	17
1461	1283	1230	53
1462	1276	1227	49
1463	1255	1231	24
1464	1251	1231	20
1465	1236	1226	10
1466	1250	1222	28
1467	1291	1225	66
1468	1276	1228	48
1469	1274	1229	45
1470	1251	1221	30
1471	1264	1224	40
1472	1272	1226	46
1473	1254	1232	22
1474	1226	1236	-10
1475	1259	1238	21
1476	1265	1222	43
1477	1266	1227	39
1478	1262	1239	23
1479	1281	1234	47
1480	1255	1229	26
1481	1255	1231	24
1482	1242	1234	8
1483	1259	1228	31
1484	1252	1224	28
1485	1238	1225	13
1486	1234	1226	8
1487	1244	1236	8
1488	1263	1235	28
1489	1274	1229	45
1490	1240	1224	16
1491	1258	1229	29
1492	1270	1231	39
1493	1281	1231	50
1494	1275	1231	44
1495	1275	1234	41
1496	1277	1233	44
1497	1271	1230	41
1498	1262	1221	41
1499	1274	1224	50
1500	1252	1226	26
1501	1261	1232	29
1502	1266	1232	34
1503	1278	1233	45
1504	1273	1219	54
1505	1263	1207	56
1506	1270	1213	57
1507	1279	1232	47
1508	1274	1237	37
1509	1264	1230	34
1510	1281	1235	46
1511	1279	1236	43
1512	1270	1236	34
1513	1290	1239	51
1514	1268	1237	31
1515	1274	1239	35
1516	1275	1235	40
1517	1285	1224	61
1518	1284	1221	63
1519	1291	1230	61
1520	1297	1232	65
1521	1296	1220	76
1522	1285	1209	76
1523	1261	1228	33
1524	1257	1238	19
1525	1263	1223	40
1526	1263	1219	44
1527	1255	1229	26
1528	1257	1230	27
1529	1266	1226	40
1530	1253	1227	26
1531	1264	1227	37
1532	1259	1231	28
1533	1261	1230	31
1534	1284	1225	59
1535	1291	1240	51
1536	1265	1234	31
1537	1267	1230	37
1538	1267	1225	42
1539	1277	1220	57
1540	1281	1217	64
1541	1288	1224	64
1542	1277	1223	54
1543	1266	1228	38
1544	1286	1233	53
1545	1289	1234	55
1546	1282	1227	55
1547	1285	1224	61
1548	1284	1217	67
1549	1277	1223	54
1550	1253	1233	20
1551	1271	1240	31
1552	1287	1227	60
1553	1289	1230	59
1554	1258	1241	17
1555	1288	1236	52
1556	1303	1227	76
1557	1294	1228	66
1558	1274	1220	54
1559	1291	1214	77
1560	1297	1229	68
1561	1296	1227	69
1562	1271	1216	55
1563	1290	1226	64
1564	1303	1226	77
1565	1303	1219	84
1566	1284	1216	68
1567	1296	1221	75
1568	1277	1233	44
1569	1309	1228	81
1570	1317	1222	95
1571	1296	1218	78
1572	1280	1221	59
1573	1272	1219	53
1574	1286	1223	63
1575	1295	1221	74
1576	1286	1220	66
1577	1273	1226	47
1578	1264	1232	32
1579	1291	1238	53
1580	1293	1233	60
1581	1303	1236	67
1582	1312	1229	83
1583	1305	1240	65
1584	1300	1245	55
1585	1303	1231	72
1586	1303	1226	77
1587	1291	1237	54
1588	1272	1230	42
1589	1275	1236	39
1590	1286	1226	60
1591	1309	1212	97
1592	1289	1216	73
1593	1318	1236	82
1594	1308	1233	75
1595	1285	1229	56
1596	1270	1220	50
1597	1298	1232	66
1598	1295	1238	57
1599	1290	1226	64
1600	1276	1215	61
1601	1285	1218	67
1602	1283	1223	60
1603	1298	1226	72
1604	1312	1224	88
1605	1304	1226	78
1606	1272	1216	56
1607	1287	1218	69
1608	1299	1229	70
1609	1293	1222	71
1610	1312	1218	94
1611	1304	1232	72
1612	1309	1233	76
1613	1285	1226	59
1614	1277	1223	54
1615	1299	1231	68
1616	1299	1221	78
1617	1295	1215	80
1618	1291	1221	70
1619	1304	1228	76
1620	1292	1222	70
1621	1291	1224	67
1622	1282	1229	53
1623	1292	1217	75
1624	1299	1215	84
1625	1298	1225	73
1626	1308	1231	77
1627	1338	1232	106
1628	1317	1227	90
1629	1299	1228	71
1630	1291	1224	67
1631	1292	1224	68
1632	1294	1223	71
1633	1306	1220	86
1634	1311	1218	93
1635	1305	1222	83
1636	1304	1231	73
1637	1332	1227	105
1638	1298	1229	69
1639	1263	1233	30
1640	1282	1231	51
1641	1309	1233	76
1642	1305	1227	78
1643	1284	1223	61
1644	1293	1221	72
1645	1329	1214	115
1646	1319	1227	92
1647	1300	1233	67
1648	1325	1228	97
1649	1340	1228	112
1650	1314	1234	80
1651	1306	1239	67
1652	1309	1231	78
1653	1312	1217	95
1654	1311	1218	93
1655	1310	1225	85
1656	1324	1233	91
1657	1322	1228	94
1658	1321	1223	98
1659	1309	1232	77
1660	1311	1235	76
1661	1335	1234	101
1662	1311	1224	87
1663	1306	1231	75
1664	1298	1225	73
1665	1297	1225	72
1666	1293	1226	67
1667	1307	1225	82
1668	1318	1225	93
1669	1338	1234	104
1670	1326	1238	88
1671	1338	1226	112
1672	1319	1226	93
1673	1331	1233	98
1674	1335	1225	110
1675	1340	1233	107
1676	1327	1243	84
1677	1321	1232	89
1678	1319	1231	88
1679	1331	1228	103
1680	1317	1224	93
1681	1339	1231	108
1682	1325	1229	96
1683	1330	1234	96
1684	1329	1231	98
1685	1309	1223	86
1686	1320	1222	98
1687	1356	1234	122
1688	1325	1234	91
1689	1327	1222	105
1690	1345	1214	131
1691	1338	1229	109
1692	1345	1235	110
1693	1345	1232	113
1694	1344	1230	114
1695	1344	1231	113
1696	1335	1225	110
1697	1335	1237	98
1698	1358	1228	130
1699	1357	1231	126
1700	1365	1227	138
1701	1353	1231	122
1702	1356	1231	125
1703	1356	1229	127
1704	1337	1220	117
1705	1338	1234	104
1706	1338	1230	108
1707	1341	1229	112
1708	1331	1238	93
1709	1319	1241	78
1710	1333	1221	112
1711	1341	1230	111
1712	1331	1224	107
1713	1342	1233	109
1714	1353	1232	121
1715	1382	1228	154
1716	1374	1235	139
1717	1371	1234	137
1718	1330	1229	101
1719	1328	1228	100
1720	1331	1228	103
1721	1351	1223	128
1722	1374	1218	156
1723	1351	1221	130
1724	1342	1225	117
1725	1355	1222	133
1726	1361	1209	152
1727	1368	1219	149
1728	1352	1220	132
1729	1349	1223	126
1730	1353	1224	129
1731	1364	1230	134
1732	1344	1223	121
1733	1344	1221	123
1734	1355	1233	122
1735	1355	1225	130
1736	1355	1219	136
1737	1359	1222	137
1738	1333	1235	98
1739	1331	1239	92
1740	1357	1230	127
1741	1357	1224	133
1742	1362	1228	134
1743	1398	1238	160
1744	1374	1231	143
1745	1352	1231	121
1746	1347	1236	111
1747	1333	1237	96
1748	1356	1237	119
1749	1371	1227	144
1750	1369	1233	136
1751	1362	1239	123
1752	1341	1233	108
1753	1347	1233	114
1754	1356	1231	125
1755	1338	1239	99
1756	1348	1236	112
1757	1379	1234	145
1758	1362	1236	126
1759	1362	1234	128
1760	1362	1226	136
1761	1372	1228	144
1762	1363	1224	139
1763	1359	1233	126
1764	1374	1230	144
1765	1379	1228	151
1766	1361	1226	135
1767	1379	1232	147
1768	1398	1233	165
1769	1366	1237	129
1770	1360	1231	129
1771	1387	1237	150
1772	1388	1226	162
1773	1391	1232	159
1774	1375	1231	144
1775	1387	1217	170
1776	1373	1236	137
1777	1386	1241	145
1778	1379	1230	149
1779	1378	1232	146
1780	1397	1233	164
1781	1399	1231	168
1782	1393	1229	164
1783	1379	1229	150
1784	1414	1222	192
1785	1407	1226	181
1786	1394	1235	159
1787	1413	1227	186
1788	1407	1225	182
1789	1380	1232	148
1790	1380	1222	158
1791	1381	1218	163
1792	1382	1246	136
1793	1387	1246	141
1794	1391	1233	158
1795	1404	1233	171
1796	1383	1232	151
1797	1393	1234	159
1798	1417	1232	185
1799	1443	1238	205
1800	1425	1230	195
1801	1416	1235	181
1802	1402	1227	175
1803	1416	1228	188
1804	1425	1234	191
1805	1414	1232	182
1806	1412	1230	182
1807	1428	1231	197
1808	1435	1235	200
1809	1421	1228	193
1810	1419	1226	193
1811	1437	1226	211
1812	1438	1225	213
1813	1425	1228	197
1814	1405	1225	180
1815	1430	1231	199
1816	1420	1236	184
1817	1443	1232	211
1818	1450	1228	222
1819	1459	1227	232
1820	1449	1227	222
1821	1467	1230	237
1822	1467	1225	242
1823	1471	1215	256
1824	1435	1221	214
1825	1429	1233	196
1826	1452	1229	223
1827	1472	1228	244
1828	1454	1229	225
1829	1446	1227	219
1830	1460	1221	239
1831	1502	1229	273
1832	1498	1240	258
1833	1467	1237	230
1834	1466	1225	241
1835	1473	1228	245
1836	1474	1227	247
1837	1489	1222	267
1838	1455	1227	228
1839	1445	1230	215
1840	1487	1224	263
1841	1499	1226	273
1842	1471	1224	247
1843	1458	1224	234
1844	1475	1224	251
1845	1502	1235	267
1846	1483	1230	253
1847	1463	1221	242
1848	1489	1229	260
1849	1503	1230	273
1850	1479	1217	262
1851	1502	1216	286
1852	1502	1218	284
1853	1496	1225	271
1854	1493	1225	268
1855	1477	1227	250
1856	1498	1230	268
1857	1491	1228	263
1858	1475	1221	254
1859	1483	1227	256
1860	1481	1223	258
1861	1494	1228	266
1862	1495	1230	265
1863	1504	1235	269
1864	1495	1221	274
1865	1503	1223	280
1866	1508	1232	276
1867	1499	1235	264
1868	1492	1238	254
1869	1529	1227	302
1870	1517	1224	293
1871	1484	1232	252
1872	1493	1238	255
1873	1493	1235	258
1874	1461	1227	234
1875	1466	1222	244
1876	1505	1215	290
1877	1513	1223	290
1878	1488	1224	264
1879	1475	1222	253
1880	1487	1228	259
1881	1485	1234	251
1882	1471	1230	241
1883	1473	1237	236
1884	1508	1243	265
1885	1488	1244	244
1886	1484	1230	254
1887	1522	1231	291
1888	1494	1227	267
1889	1505	1229	276
1890	1507	1224	283
1891	1493	1229	264
1892	1499	1226	273
1893	1499	1237	262
1894	1491	1236	255
1895	1511	1236	275
1896	1534	1232	302
1897	1507	1221	286
1898	1501	1227	274
1899	1503	1233	270
1900	1494	1228	266
1901	1508	1230	278
1902	1520	1225	295
1903	1512	1218	294
1904	1513	1222	291
1905	1495	1224	271
1906	1506	1227	279
1907	1526	1225	301
1908	1513	1223	290
1909	1518	1228	290
1910	1521	1224	297
1911	1511	1230	281
1912	1510	1224	286
1913	1520	1225	295
1914	1527	1232	295
1915	1525	1225	300
1916	1512	1223	289
1917	1521	1228	293
1918	1542	1229	313
1919	1540	1217	323
1920	1508	1214	294
1921	1515	1215	300
1922	1539	1234	305
1923	1528	1236	292
1924	1527	1232	295
1925	1549	1223	326
1926	1541	1219	322
1927	1550	1231	319
1928	1546	1230	316
1929	1536	1226	310
1930	1537	1226	311
1931	1529	1231	298
1932	1530	1221	309
1933	1544	1224	320
1934	1517	1216	301
1935	1546	1225	321
1936	1549	1231	318
1937	1535	1227	308
1938	1551	1218	333
1939	1565	1224	341
1940	1542	1231	311
1941	1571	1220	351
1942	1586	1210	376
1943	1536	1226	310
1944	1525	1220	305
1945	1555	1224	331
1946	1592	1223	369
1947	1589	1228	361
1948	1566	1226	340
1949	1555	1219	336
1950	1563	1236	327
1951	1558	1241	317
1952	1558	1242	316
1953	1574	1232	342
1954	1575	1230	345
1955	1575	1218	357
1956	1566	1219	347
1957	1570	1225	345
1958	1567	1210	357
1959	1582	1215	367
1960	1602	1221	381
1961	1612	1229	383
1962	1611	1227	384
1963	1624	1228	396
1964	1617	1221	396
1965	1586	1225	361
1966	1598	1240	358
1967	1601	1223	378
1968	1583	1221	362
1969	1600	1224	376
1970	1600	1222	378
1971	1609	1219	390
1972	1606	1223	383
1973	1614	1222	392
1974	1609	1213	396
1975	1635	1209	426
1976	1638	1216	422
1977	1661	1224	437
1978	1685	1231	454
1979	1659	1231	428
1980	1648	1230	418
1981	1604	1227	377
1982	1626	1217	409
1983	1643	1222	421
1984	1627	1231	396
1985	1642	1236	406
1986	1645	1222	423
1987	1656	1220	436
1988	1640	1224	416
1989	1664	1236	428
1990	1665	1232	433
1991	1655	1227	428
1992	1681	1227	454
1993	1682	1225	457
1994	1658	1220	438
1995	1687	1219	468
1996	1696	1217	479
1997	1707	1227	480
1998	1690	1221	469
1999	1699	1225	474
2000	1701	1232	469
2001	1724	1225	499
2002	1713	1226	487
2003	1709	1223	486
2004	1724	1232	492
2005	1718	1239	479
2006	1700	1230	470
2007	1726	1233	493
2008	1706	1227	479
2009	1723	1219	504
2010	1734	1225	509
2011	1739	1223	516
2012	1752	1228	524
2013	1758	1233	525
2014	1742	1242	500
2015	1751	1233	518
2016	1713	1224	489
2017	1715	1226	489
2018	1758	1226	532
2019	1756	1235	521
2020	1726	1223	503
2021	1729	1219	510
2022	1769	1220	549
2023	1757	1223	534
2024	1740	1216	524
2025	1773	1226	547
2026	1760	1234	526
2027	1760	1238	522
2028	1766	1232	534
2029	1776	1227	549
2030	1785	1217	568
2031	1773	1216	557
2032	1759	1227	532
2033	1800	1238	562
2034	1788	1238	550
2035	1779	1231	548
2036	1765	1221	544
2037	1760	1221	539
2038	1782	1216	566
2039	1802	1231	571
2040	1776	1235	541
2041	1806	1231	575
2042	1820	1231	589
2043	1834	1237	597
2044	1793	1241	552
2045	1754	1239	515
2046	1788	1227	561
2047	1798	1228	570
2048	1814	1233	581
2049	1803	1236	567
2050	1816	1228	588
2051	1797	1217	580
2052	1791	1225	566
2053	1794	1235	559
2054	1809	1231	578
2055	1813	1229	584
2056	1812	1222	590
2057	1815	1228	587
2058	1803	1226	577
2059	1843	1222	621
2060	1840	1224	616
2061	1812	1230	582
2062	1835	1231	604
2063	1812	1225	587
2064	1798	1228	570
2065	1809	1234	575
2066	1827	1231	596
2067	1839	1230	609
2068	1809	1234	575
2069	1817	1222	595
2070	1840	1217	623
2071	1830	1232	598
2072	1835	1229	606
2073	1844	1234	610
2074	1828	1233	595
2075	1846	1229	617
2076	1829	1227	602
2077	1856	1231	625
2078	1852	1232	620
2079	1864	1229	635
2080	1836	1235	601
2081	1865	1235	630
2082	1857	1231	626
2083	1862	1230	632
2084	1843	1233	610
2085	1821	1239	582
2086	1854	1231	623
2087	1872	1227	645
2088	1873	1225	648
2089	1895	1224	671
2090	1883	1221	662
2091	1866	1220	646
2092	1869	1216	653
2093	1881	1223	658
2094	1870	1227	643
2095	1869	1221	648
2096	1864	1228	636
2097	1851	1234	617
2098	1870	1233	637
2099	1911	1230	681
2100	1857	1223	634
2101	1886	1233	653
2102	1906	1226	680
2103	1897	1227	670
2104	1909	1218	691
2105	1920	1225	695
2106	1912	1234	678
2107	1878	1232	646
2108	1874	1228	646
2109	1855	1232	623
2110	1866	1237	629
2111	1926	1236	690
2112	1924	1222	702
2113	1927	1230	697
2114	1914	1233	681
2115	1906	1243	663
2116	1886	1232	654
2117	1892	1232	660
2118	1902	1230	672
2119	1905	1228	677
2120	1951	1227	724
2121	1956	1235	721
2122	1916	1236	680
2123	1956	1240	716
2124	1950	1226	724
2125	1944	1238	706
2126	1954	1229	725
2127	1958	1233	725
2128	1976	1233	743
2129	1967	1228	739
2130	1944	1225	719
2131	1935	1226	709
2132	1905	1218	687
2133	1906	1226	680
2134	1908	1236	672
2135	1929	1245	684
2136	1954	1234	720
2137	1959	1227	732
2138	1947	1223	724
2139	1951	1227	724
2140	1921	1226	695
2141	1951	1238	713
2142	2024	1230	794
2143	2010	1233	777
2144	1975	1223	752
2145	1991	1230	761
2146	1994	1229	765
2147	1993	1230	763
2148	1977	1226	751
2149	1982	1226	756
2150	1977	1222	755
2151	1984	1227	757
2152	1972	1234	738
2153	1982	1223	759
2154	1977	1221	756
2155	1995	1224	771
2156	2026	1226	800
2157	2031	1235	796
2158	2003	1225	778
2159	2027	1225	802
2160	2054	1221	833
2161	2064	1231	833
2162	2037	1225	812
2163	2043	1231	812
2164	2056	1225	831
2165	2079	1220	859
2166	2086	1227	859
2167	2074	1223	851
2168	2076	1230	846
2169	2067	1234	833
2170	2072	1232	840
2171	2086	1233	853
2172	2073	1222	851
2173	2097	1224	873
2174	2107	1232	875
2175	2065	1226	839
2176	2106	1225	881
2177	2178	1228	950
2178	2132	1226	906
2179	2132	1226	906
2180	2179	1224	955
2181	2160	1214	946
2182	2152	1221	931
2183	2145	1219	926
2184	2168	1211	957
2185	2160	1219	941
2186	2165	1239	926
2187	2175	1237	938
2188	2171	1233	938
2189	2186	1236	950
2190	2155	1233	922
2191	2197	1233	964
2192	2207	1229	978
2193	2218	1235	983
2194	2215	1226	989
2195	2208	1217	991
2196	2205	1219	986
2197	2175	1226	949
2198	2187	1224	963
2199	2207	1225	982
2200	2213	1212	1001
2201	2201	1219	982
2202	2182	1225	957
2203	2207	1225	982
2204	2201	1224	977
2205	2220	1227	993
2206	2178	1224	954
2207	2160	1220	940
2208	2155	1229	926
2209	2164	1240	924
2210	2160	1234	926
2211	2156	1231	925
2212	2168	1233	935
2213	2156	1229	927
2214	2163	1225	938
2215	2192	1226	966
2216	2130	1228	902
2217	2158	1227	931
2218	2182	1217	965
2219	2172	1224	948
2220	2158	1227	931
2221	2177	1228	949
2222	2179	1225	954
2223	2158	1228	930
2224	2178	1223	955
2225	2195	1230	965
2226	2211	1235	976
2227	2208	1236	972
2228	2187	1229	958
2229	2205	1227	978
2230	2244	1225	1019
2231	2289	1232	1057
2232	2261	1237	1024
2233	2259	1234	1025
2234	2270	1227	1043
2235	2334	1217	1117
2236	2351	1232	1119
2237	2348	1231	1117
2238	2356	1224	1132
2239	2370	1238	1132
2240	2373	1242	1131
2241	2404	1228	1176
2242	2423	1224	1199
2243	2398	1227	1171
2244	2399	1228	1171
2245	2465	1236	1229
2246	2446	1230	1216
2247	2458	1230	1228
2248	2510	1222	1288
2249	2517	1229	1288
2250	2506	1224	1282
2251	2511	1221	1290
2252	2490	1229	1261
2253	2497	1223	1274
2254	2522	1229	1293
2255	2519	1234	1285
2256	2530	1226	1304
2257	2542	1232	1310
2258	2572	1230	1342
2259	2565	1228	1337
2260	2562	1227	1335
2261	2602	1219	1383
2262	2601	1224	1377
2263	2570	1231	1339
2264	2577	1234	1343
2265	2600	1233	1367
2266	2587	1230	1357
2267	2575	1229	1346
2268	2586	1242	1344
2269	2610	1238	1372
2270	2583	1230	1353
2271	2617	1224	1393
2272	2603	1223	1380
2273	2609	1233	1376
2274	2572	1233	1339
2275	2555	1229	1326
2276	2619	1226	1393
2277	2611	1230	1381
2278	2621	1230	1391
2279	2647	1228	1419
2280	2655	1231	1424
2281	2615	1231	1384
2282	2618	1226	1392
2283	2680	1231	1449
2284	2661	1227	1434
2285	2668	1232	1436
2286	2641	1236	1405
2287	2615	1221	1394
2288	2584	1224	1360
2289	2616	1235	1381
2290	2647	1237	1410
2291	2654	1239	1415
2292	2652	1232	1420
2293	2625	1223	1402
2294	2646	1223	1423
2295	2689	1235	1454
2296	2696	1225	1471
2297	2697	1212	1485
2298	2677	1223	1454
2299	2681	1233	1448
2300	2663	1231	1432
2301	2689	1228	1461
2302	2649	1234	1415
2303	2647	1238	1409
2304	2665	1231	1434
2305	2682	1230	1452
2306	2726	1229	1497
2307	2736	1221	1515
2308	2704	1215	1489
2309	2652	1224	1428
2310	2645	1229	1416
2311	2651	1231	1420
2312	2690	1227	1463
2313	2738	1223	1515
2314	2739	1227	1512
2315	2735	1230	1505
2316	2705	1229	1476
2317	2706	1229	1477
2318	2733	1214	1519
2319	2736	1222	1514
2320	2711	1223	1488
2321	2723	1219	1504
2322	2691	1221	1470
2323	2711	1222	1489
2324	2698	1225	1473
2325	2703	1228	1475
2326	2726	1225	1501
2327	2740	1233	1507
2328	2726	1229	1497
2329	2711	1228	1483
2330	2679	1234	1445
2331	2704	1229	1475
2332	2702	1221	1481
2333	2663	1224	1439
2334	2709	1223	1486
2335	2715	1223	1492
2336	2690	1225	1465
2337	2730	1227	1503
2338	2749	1222	1527
2339	2765	1226	1539
2340	2734	1220	1514
2341	2716	1225	1491
2342	2750	1237	1513
2343	2761	1240	1521
2344	2765	1239	1526
2345	2714	1229	1485
2346	2709	1234	1475
2347	2752	1237	1515
2348	2734	1224	1510
2349	2709	1230	1479
2350	2735	1239	1496
2351	2765	1237	1528
2352	2761	1228	1533
2353	2770	1227	1543
2354	2766	1220	1546
2355	2708	1218	1490
2356	2734	1222	1512
2357	2728	1224	1504
2358	2694	1232	1462
2359	2739	1227	1512
2360	2773	1219	1554
2361	2761	1220	1541
2362	2761	1229	1532
2363	2791	1240	1551
2364	2738	1226	1512
2365	2730	1219	1511
2366	2751	1220	1531
2367	2764	1234	1530
2368	2793	1236	1557
2369	2795	1224	1571
2370	2772	1216	1556
2371	2787	1220	1567
2372	2778	1227	1551
2373	2825	1223	1602
2374	2844	1217	1627
2375	2827	1232	1595
2376	2788	1232	1556
2377	2788	1227	1561
2378	2879	1228	1651
2379	2856	1223	1633
2380	2800	1224	1576
2381	2857	1230	1627
2382	2861	1236	1625
2383	2792	1235	1557
2384	2769	1225	1544
2385	2849	1224	1625
2386	2913	1218	1695
2387	2895	1215	1680
2388	2866	1223	1643
2389	2834	1237	1597
2390	2854	1229	1625
2391	2898	1218	1680
2392	2941	1222	1719
2393	2926	1227	1699
2394	2935	1231	1704
2395	2948	1226	1722
2396	2948	1228	1720
2397	2905	1234	1671
2398	2898	1226	1672
2399	2932	1236	1696
2400	2946	1228	1718
2401	2978	1223	1755
2402	2958	1229	1729
2403	2975	1235	1740
2404	2985	1242	1743
2405	3025	1224	1801
2406	3046	1216	1830
2407	3047	1225	1822
2408	3059	1230	1829
2409	3088	1235	1853
2410	3109	1250	1859
2411	3095	1240	1855
2412	3075	1222	1853
2413	3066	1227	1839
2414	3071	1229	1842
2415	3034	1231	1803
2416	3070	1224	1846
2417	3129	1231	1898
2418	3115	1230	1885
2419	3095	1226	1869
2420	3114	1233	1881
2421	3103	1237	1866
2422	3126	1235	1891
2423	3176	1232	1944
2424	3136	1223	1913
2425	3170	1220	1950
2426	3189	1232	1957
2427	3199	1222	1977
2428	3185	1215	1970
2429	3188	1222	1966
2430	3239	1221	2018
2431	3220	1223	1997
2432	3226	1234	1992
2433	3297	1226	2071
2434	3314	1220	2094
2435	3251	1229	2022
2436	3302	1237	2065
2437	3346	1233	2113
2438	3283	1233	2050
2439	3289	1230	2059
2440	3279	1228	2051
2441	3343	1234	2109
2442	3293	1229	2064
2443	3335	1222	2113
2444	3401	1229	2172
2445	3442	1232	2210
2446	3461	1233	2228
2447	3437	1238	2199
2448	3418	1229	2189
2449	3485	1224	2261
2450	3487	1226	2261
2451	3447	1226	2221
2452	3452	1218	2234
2453	3522	1229	2293
2454	3530	1239	2291
2455	3525	1230	2295
2456	3564	1232	2332
2457	3539	1228	2311
2458	3512	1215	2297
2459	3535	1222	2313
2460	3607	1224	2383
2461	3649	1222	2427
2462	3635	1214	2421
2463	3563	1227	2336
2464	3577	1234	2343
2465	3648	1227	2421
2466	3632	1228	2404
2467	3653	1230	2423
2468	3699	1223	2476
2469	3721	1220	2501
2470	3712	1218	2494
2471	3755	1224	2531
2472	3737	1227	2510
2473	3698	1218	2480
2474	3703	1208	2495
2475	3720	1223	2497
2476	3790	1224	2566
2477	3825	1229	2596
2478	3792	1230	2562
2479	3823	1221	2602
2480	3823	1224	2599
2481	3850	1220	2630
2482	3878	1230	2648
2483	3830	1231	2599
2484	3908	1230	2678
2485	3907	1218	2689
2486	3880	1223	2657
2487	3896	1225	2671
2488	3891	1225	2666
2489	3921	1227	2694
2490	3941	1228	2713
2491	3906	1218	2688
2492	3935	1214	2721
2493	4008	1231	2777
2494	3999	1222	2777
2495	3974	1227	2747
2496	3989	1225	2764
2497	3980	1230	2750
2498	3992	1235	2757
2499	4026	1226	2800
2500	4035	1230	2805
2501	4045	1236	2809
2502	4054	1233	2821
2503	4093	1229	2864
2504	4109	1228	2881
2505	4103	1226	2877
2506	4097	1224	2873
2507	4072	1219	2853
2508	4081	1221	2860
2509	4028	1221	2807
2510	4053	1226	2827
2511	4075	1229	2846
2512	4063	1227	2836
2513	4092	1224	2868
2514	4087	1223	2864
2515	4042	1222	2820
2516	4007	1221	2786
2517	4055	1230	2825
2518	4086	1222	2864
2519	4109	1226	2883
2520	4096	1239	2857
2521	4137	1230	2907
2522	4173	1235	2938
2523	4155	1231	2924
2524	4163	1216	2947
2525	4133	1223	2910
2526	4165	1225	2940
2527	4245	1228	3017
2528	4241	1226	3015
2529	4257	1225	3032
2530	4273	1224	3049
2531	4257	1218	3039
2532	4216	1226	2990
2533	4224	1238	2986
2534	4246	1228	3018
2535	4265	1229	3036
2536	4259	1230	3029
2537	4264	1223	3041
2538	4269	1215	3054
2539	4202	1228	2974
2540	4204	1229	2975
2541	4242	1231	3011
2542	4260	1241	3019
2543	4256	1230	3026
2544	4267	1223	3044
2545	4264	1229	3035
2546	4281	1226	3055
2547	4286	1234	3052
2548	4238	1226	3012
2549	4222	1233	2989
2550	4261	1234	3027
2551	4273	1227	3046
2552	4248	1228	3020
2553	4241	1228	3013
2554	4241	1228	3013
2555	4310	1228	3082
2556	4301	1226	3075
2557	4293	1222	3071
2558	4250	1227	3023
2559	4265	1227	3038
2560	4250	1218	3032
2561	4280	1221	3059
2562	4214	1228	2986
2563	4225	1232	2993
2564	4221	1233	2988
2565	4257	1227	3030
2566	4261	1219	3042
2567	4239	1231	3008
2568	4300	1228	3072
2569	4278	1223	3055
2570	4184	1222	2962
2571	4222	1215	3007
2572	4284	1217	3067
2573	4249	1231	3018
2574	4258	1230	3028
2575	4285	1231	3054
2576	4226	1222	3004
2577	4249	1218	3031
2578	4277	1220	3057
2579	4273	1218	3055
2580	4248	1226	3022
2581	4248	1228	3020
2582	4248	1229	3019
2583	4243	1234	3009
2584	4238	1222	3016
2585	4314	1218	3096
2586	4270	1220	3050
2587	4245	1224	3021
2588	4308	1228	3080
2589	4257	1238	3019
2590	4199	1227	2972
2591	4236	1221	3015
2592	4260	1228	3032
2593	4258	1233	3025
2594	4225	1230	2995
2595	4244	1229	3015
2596	4213	1224	2989
2597	4174	1220	2954
2598	4212	1228	2984
2599	4254	1235	3019
2600	4222	1228	2994
2601	4242	1226	3016
2602	4199	1224	2975
2603	4169	1222	2947
2604	4139	1231	2908
2605	4163	1236	2927
2606	4212	1226	2986
2607	4223	1221	3002
2608	4268	1221	3047
2609	4223	1229	2994
2610	4246	1231	3015
2611	4243	1240	3003
2612	4202	1231	2971
2613	4230	1219	3011
2614	4269	1223	3046
2615	4211	1232	2979
2616	4226	1229	2997
2617	4196	1228	2968
2618	4214	1226	2988
2619	4269	1229	3040
2620	4200	1231	2969
2621	4220	1233	2987
2622	4209	1224	2985
2623	4217	1226	2991
2624	4254	1235	3019
2625	4243	1224	3019
2626	4175	1222	2953
2627	4163	1229	2934
2628	4216	1222	2994
2629	4209	1228	2981
2630	4210	1229	2981
2631	4199	1237	2962
2632	4242	1240	3002
2633	4215	1227	2988
2634	4192	1222	2970
2635	4247	1213	3034
2636	4239	1221	3018
2637	4271	1237	3034
2638	4246	1230	3016
2639	4186	1219	2967
2640	4233	1224	3009
2641	4273	1234	3039
2642	4310	1220	3090
2643	4251	1225	3026
2644	4227	1234	2993
2645	4294	1224	3070
2646	4301	1221	3080
2647	4276	1225	3051
2648	4294	1223	3071
2649	4341	1230	3111
2650	4324	1233	3091
2651	4321	1232	3089
2652	4324	1225	3099
2653	4326	1230	3096
2654	4270	1221	3049
2655	4290	1217	3073
2656	4328	1218	3110
2657	4327	1232	3095
2658	4319	1238	3081
2659	4313	1232	3081
2660	4328	1228	3100
2661	4350	1230	3120
2662	4384	1226	3158
2663	4418	1222	3196
2664	4403	1230	3173
2665	4418	1231	3187
2666	4397	1227	3170
2667	4420	1229	3191
2668	4446	1219	3227
2669	4421	1219	3202
2670	4412	1220	3192
2671	4425	1225	3200
2672	4470	1230	3240
2673	4450	1226	3224
2674	4441	1227	3214
2675	4458	1224	3234
2676	4472	1217	3255
2677	4483	1228	3255
2678	4492	1238	3254
2679	4464	1241	3223
2680	4528	1232	3296
2681	4559	1227	3332
2682	4554	1227	3327
2683	4513	1225	3288
2684	4543	1223	3320
2685	4594	1232	3362
2686	4540	1230	3310
2687	4592	1231	3361
2688	4650	1223	3427
2689	4607	1233	3374
2690	4610	1230	3380
2691	4646	1221	3425
2692	4619	1221	3398
2693	4632	1233	3399
2694	4711	1238	3473
2695	4728	1235	3493
2696	4681	1230	3451
2697	4700	1222	3478
2698	4714	1231	3483
2699	4834	1240	3594
2700	4808	1230	3578
2701	4769	1228	3541
2702	4783	1225	3558
2703	4835	1221	3614
2704	4842	1227	3615
2705	4895	1222	3673
2706	4876	1225	3651
2707	4858	1224	3634
2708	4921	1219	3702
2709	4924	1220	3704
2710	4886	1223	3663
2711	4941	1239	3702
2712	4986	1231	3755
2713	4988	1216	3772
2714	4946	1213	3733
2715	4963	1219	3744
2716	4958	1231	3727
2717	5019	1231	3788
2718	5041	1236	3805
2719	5096	1230	3866
2720	5105	1220	3885
2721	5094	1228	3866
2722	5065	1231	3834
2723	5034	1231	3803
2724	5073	1218	3855
2725	5139	1223	3916
2726	5195	1226	3969
2727	5206	1229	3977
2728	5177	1226	3951
2729	5124	1231	3893
2730	5140	1231	3909
2731	5180	1238	3942
2732	5239	1226	4013
2733	5237	1241	3996
2734	5223	1231	3992
2735	5272	1230	4042
2736	5329	1231	4098
2737	5394	1234	4160
2738	5363	1232	4131
2739	5366	1229	4137
2740	5418	1236	4182
2741	5471	1241	4230
2742	5481	1224	4257
2743	5483	1224	4259
2744	5453	1216	4237
2745	5437	1219	4218
2746	5504	1238	4266
2747	5491	1236	4255
2748	5508	1233	4275
2749	5591	1240	4351
2750	5514	1229	4285
2751	5581	1225	4356
2752	5571	1225	4346
2753	5530	1235	4295
2754	5603	1235	4368
2755	5655	1230	4425
2756	5700	1225	4475
2757	5754	1231	4523
2758	5760	1227	4533
2759	5711	1232	4479
2760	5725	1240	4485
2761	5770	1233	4537
2762	5806	1225	4581
2763	5805	1231	4574
2764	5865	1233	4632
2765	5840	1232	4608
2766	5833	1225	4608
2767	5868	1230	4638
2768	5930	1226	4704
2769	5888	1232	4656
2770	5844	1233	4611
2771	5949	1239	4710
2772	6025	1232	4793
2773	6018	1233	4785
2774	6009	1235	4774
2775	6081	1240	4841
2776	6059	1227	4832
2777	6012	1226	4786
2778	6014	1230	4784
2779	6081	1227	4854
2780	6114	1225	4889
2781	6093	1229	4864
2782	6096	1225	4871
2783	6159	1226	4933
2784	6207	1226	4981
2785	6199	1225	4974
2786	6246	1222	5024
2787	6329	1232	5097
2788	6307	1237	5070
2789	6299	1233	5066
2790	6293	1227	5066
2791	6333	1221	5112
2792	6313	1226	5087
2793	6304	1228	5076
2794	6346	1228	5118
2795	6426	1225	5201
2796	6417	1225	5192
2797	6438	1223	5215
2798	6408	1224	5184
2799	6405	1224	5181
2800	6429	1220	5209
2801	6412	1233	5179
2802	6426	1235	5191
2803	6514	1231	5283
2804	6531	1230	5301
2805	6491	1242	5249
2806	6472	1234	5238
2807	6480	1236	5244
2808	6499	1240	5259
2809	6532	1237	5295
2810	6503	1239	5264
2811	6526	1244	5282
2812	6566	1231	5335
2813	6603	1223	5380
2814	6608	1224	5384
2815	6641	1223	5418
2816	6662	1226	5436
2817	6679	1232	5447
2818	6719	1223	5496
2819	6704	1237	5467
2820	6667	1242	5425
2821	6714	1228	5486
2822	6684	1221	5463
2823	6605	1236	5369
2824	6688	1233	5455
2825	6700	1222	5478
2826	6713	1222	5491
2827	6721	1240	5481
2828	6672	1235	5437
2829	6753	1222	5531
2830	6721	1231	5490
2831	6665	1235	5430
2832	6703	1224	5479
2833	6759	1231	5528
2834	6750	1234	5516
2835	6728	1232	5496
2836	6717	1230	5487
2837	6777	1238	5539
2838	6708	1237	5471
2839	6733	1233	5500
2840	6769	1232	5537
2841	6744	1233	5511
2842	6741	1233	5508
2843	6736	1233	5503
2844	6754	1236	5518
2845	6796	1231	5565
2846	6763	1226	5537
2847	6745	1234	5511
2848	6772	1227	5545
2849	6778	1227	5551
2850	6757	1223	5534
2851	6759	1231	5528
2852	6786	1240	5546
2853	6840	1242	5598
2854	6874	1240	5634
2855	6741	1240	5501
2856	6754	1237	5517
2857	6771	1239	5532
2858	6768	1228	5540
2859	6758	1229	5529
2860	6748	1233	5515
2861	6765	1228	5537
2862	6723	1218	5505
2863	6797	1220	5577
2864	6811	1222	5589
2865	6744	1230	5514
2866	6688	1225	5463
2867	6729	1219	5510
2868	6766	1234	5532
2869	6734	1238	5496
2870	6725	1230	5495
2871	6725	1233	5492
2872	6764	1229	5535
2873	6759	1235	5524
2874	6733	1240	5493
2875	6763	1229	5534
2876	6761	1224	5537
2877	6723	1225	5498
2878	6772	1232	5540
2879	6722	1218	5504
2880	6694	1221	5473
2881	6732	1225	5507
2882	6717	1224	5493
2883	6728	1224	5504
2884	6703	1227	5476
2885	6621	1223	5398
2886	6552	1222	5330
2887	6583	1228	5355
2888	6567	1226	5341
2889	6682	1237	5445
2890	6655	1239	5416
2891	6618	1241	5377
2892	6610	1232	5378
2893	6589	1230	5359
2894	6608	1228	5380
2895	6647	1235	5412
2896	6685	1242	5443
2897	6687	1237	5450
2898	6631	1230	5401
2899	6622	1224	5398
2900	6618	1230	5388
2901	6598	1233	5365
2902	6582	1232	5350
2903	6560	1224	5336
2904	6577	1216	5361
2905	6588	1228	5360
2906	6603	1225	5378
2907	6640	1227	5413
2908	6587	1232	5355
2909	6548	1226	5322
2910	6607	1223	5384
2911	6581	1231	5350
2912	6557	1240	5317
2913	6582	1229	5353
2914	6534	1232	5302
2915	6467	1232	5235
2916	6528	1220	5308
2917	6582	1231	5351
2918	6558	1226	5332
2919	6546	1220	5326
2920	6525	1221	5304
2921	6589	1226	5363
2922	6543	1226	5317
2923	6475	1232	5243
2924	6503	1219	5284
2925	6489	1231	5258
2926	6446	1235	5211
2927	6506	1222	5284
2928	6529	1223	5306
2929	6473	1231	5242
2930	6446	1220	5226
2931	6413	1229	5184
2932	6376	1240	5136
2933	6401	1237	5164
2934	6404	1223	5181
2935	6367	1221	5146
2936	6433	1228	5205
2937	6400	1234	5166
2938	6439	1231	5208
2939	6420	1225	5195
2940	6433	1235	5198
2941	6471	1242	5229
2942	6483	1233	5250
2943	6481	1233	5248
2944	6502	1228	5274
2945	6487	1226	5261
2946	6451	1225	5226
2947	6480	1230	5250
2948	6496	1226	5270
2949	6455	1236	5219
2950	6450	1233	5217
2951	6465	1231	5234
2952	6481	1235	5246
2953	6526	1229	5297
2954	6438	1224	5214
2955	6447	1239	5208
2956	6446	1242	5204
2957	6383	1237	5146
2958	6424	1241	5183
2959	6434	1228	5206
2960	6413	1222	5191
2961	6426	1239	5187
2962	6404	1235	5169
2963	6404	1233	5171
2964	6439	1226	5213
2965	6393	1222	5171
2966	6377	1225	5152
2967	6345	1238	5107
2968	6401	1236	5165
2969	6382	1228	5154
2970	6426	1226	5200
2971	6440	1232	5208
2972	6367	1227	5140
2973	6397	1220	5177
2974	6409	1223	5186
2975	6384	1235	5149
2976	6391	1233	5158
2977	6424	1232	5192
2978	6396	1229	5167
2979	6378	1223	5155
2980	6386	1235	5151
2981	6357	1246	5111
2982	6348	1239	5109
2983	6320	1230	5090
2984	6341	1230	5111
2985	6380	1236	5144
2986	6353	1235	5118
2987	6359	1231	5128
2988	6289	1235	5054
2989	6261	1236	5025
2990	6300	1239	5061
2991	6351	1244	5107
2992	6411	1226	5185
2993	6425	1227	5198
2994	6371	1233	5138
2995	6366	1233	5133
2996	6420	1239	5181
2997	6391	1235	5156
2998	6372	1225	5147
2999	6429	1225	5204
3000	6409	1229	5180
3001	6391	1239	5152
3002	6418	1226	5192
3003	6438	1225	5213
3004	6462	1231	5231
3005	6433	1244	5189
3006	6524	1236	5288
3007	6520	1229	5291
3008	6569	1232	5337
3009	6542	1239	5303
3010	6564	1234	5330
3011	6583	1226	5357
3012	6568	1226	5342
3013	6559	1229	5330
3014	6528	1226	5302
3015	6525	1238	5287
3016	6564	1231	5333
3017	6623	1227	5396
3018	6589	1225	5364
3019	6565	1233	5332
3020	6546	1226	5320
3021	6574	1227	5347
3022	6586	1236	5350
3023	6589	1232	5357
3024	6584	1232	5352
3025	6591	1227	5364
3026	6578	1221	5357
3027	6598	1232	5366
3028	6661	1225	5436
3029	6747	1223	5524
3030	6719	1222	5497
3031	6750	1228	5522
3032	6710	1226	5484
3033	6726	1221	5505
3034	6701	1228	5473
3035	6696	1229	5467
3036	6724	1237	5487
3037	6740	1229	5511
3038	6757	1222	5535
3039	6814	1229	5585
3040	6808	1229	5579
3041	6830	1243	5587
3042	6832	1239	5593
3043	6829	1229	5600
3044	6816	1231	5585
3045	6791	1228	5563
3046	6876	1226	5650
3047	6878	1229	5649
3048	6857	1219	5638
3049	6894	1218	5676
3050	6884	1225	5659
3051	6913	1227	5686
3052	6936	1223	5713
3053	6867	1233	5634
3054	6935	1240	5695
3055	6992	1234	5758
3056	6998	1230	5768
3057	6972	1236	5736
3058	6987	1239	5748
3059	6973	1234	5739
3060	7004	1214	5790
3061	7009	1223	5786
3062	6958	1233	5725
3063	6951	1230	5721
3064	7007	1227	5780
3065	6987	1228	5759
3066	6954	1228	5726
3067	6981	1223	5758
3068	7082	1227	5855
3069	7098	1233	5865
3070	7117	1234	5883
3071	7146	1236	5910
3072	7136	1234	5902
3073	7170	1231	5939
3074	7135	1222	5913
3075	7121	1223	5898
3076	7056	1226	5830
3077	7059	1233	5826
3078	7187	1222	5965
3079	7183	1218	5965
3080	7160	1229	5931
3081	7218	1231	5987
3082	7186	1228	5958
3083	7184	1234	5950
3084	7212	1238	5974
3085	7225	1240	5985
3086	7231	1234	5997
3087	7250	1236	6014
3088	7268	1227	6041
3089	7289	1239	6050
3090	7350	1236	6114
3091	7341	1221	6120
3092	7315	1221	6094
3093	7313	1223	6090
3094	7277	1213	6064
3095	7327	1228	6099
3096	7343	1225	6118
3097	7382	1222	6160
3098	7420	1228	6192
3099	7425	1235	6190
3100	7408	1227	6181
3101	7436	1224	6212
3102	7460	1230	6230
3103	7467	1233	6234
3104	7435	1233	6202
3105	7489	1234	6255
3106	7420	1225	6195
3107	7503	1228	6275
3108	7565	1226	6339
3109	7613	1231	6382
3110	7629	1234	6395
3111	7677	1234	6443
3112	7630	1232	6398
3113	7579	1227	6352
3114	7522	1220	6302
3115	7517	1229	6288
3116	7538	1243	6295
3117	7535	1234	6301
3118	7564	1226	6338
3119	7634	1223	6411
3120	7658	1222	6436
3121	7646	1223	6423
3122	7693	1224	6469
3123	7710	1229	6481
3124	7636	1232	6404
3125	7603	1235	6368
3126	7642	1222	6420
3127	7612	1228	6384
3128	7649	1232	6417
3129	7742	1228	6514
3130	7682	1224	6458
3131	7649	1229	6420
3132	7699	1230	6469
3133	7757	1232	6525
3134	7745	1235	6510
3135	7730	1231	6499
3136	7764	1226	6538
3137	7782	1226	6556
3138	7796	1229	6567
3139	7715	1229	6486
3140	7656	1220	6436
3141	7733	1227	6506
3142	7791	1230	6561
3143	7746	1234	6512
3144	7793	1228	6565
3145	7776	1227	6549
3146	7783	1223	6560
3147	7840	1225	6615
3148	7741	1223	6518
3149	7703	1233	6470
3150	7798	1228	6570
3151	7852	1237	6615
3152	7818	1232	6586
3153	7782	1231	6551
3154	7778	1245	6533
3155	7890	1238	6652
3156	7834	1226	6608
3157	7725	1229	6496
3158	7767	1236	6531
3159	7819	1235	6584
3160	7772	1228	6544
3161	7814	1234	6580
3162	7894	1229	6665
3163	7973	1228	6745
3164	7881	1231	6650
3165	7929	1231	6698
3166	7871	1234	6637
3167	7853	1239	6614
3168	7874	1232	6642
3169	7936	1230	6706
3170	7817	1224	6593
3171	7785	1233	6552
3172	7856	1228	6628
3173	7858	1229	6629
3174	7806	1236	6570
3175	7828	1239	6589
3176	7996	1239	6757
3177	7992	1231	6761
3178	7968	1218	6750
3179	7914	1217	6697
3180	7956	1224	6732
3181	7924	1225	6699
3182	7793	1227	6566
3183	7834	1237	6597
3184	7881	1242	6639
3185	7850	1242	6608
3186	7877	1235	6642
3187	7916	1229	6687
3188	7836	1226	6610
3189	7879	1225	6654
3190	7864	1228	6636
3191	7860	1228	6632
3192	7885	1230	6655
3193	7876	1220	6656
3194	7830	1227	6603
3195	7732	1237	6495
3196	7760	1233	6527
3197	7863	1233	6630
3198	7809	1234	6575
3199	7850	1238	6612
3200	7818	1234	6584
3201	7790	1217	6573
3202	7731	1219	6512
3203	7781	1227	6554
3204	7738	1226	6512
3205	7682	1226	6456
3206	7693	1225	6468
3207	7723	1229	6494
3208	7764	1235	6529
3209	7784	1241	6543
3210	7695	1240	6455
3211	7675	1243	6432
3212	7657	1234	6423
3213	7665	1231	6434
3214	7703	1226	6477
3215	7689	1230	6459
3216	7667	1228	6439
3217	7609	1233	6376
3218	7565	1240	6325
3219	7587	1237	6350
3220	7554	1233	6321
3221	7623	1243	6380
3222	7628	1230	6398
3223	7689	1229	6460
3224	7614	1233	6381
3225	7611	1236	6375
3226	7573	1237	6336
3227	7529	1234	6295
3228	7495	1228	6267
3229	7514	1227	6287
3230	7554	1229	6325
3231	7537	1229	6308
3232	7439	1229	6210
3233	7374	1236	6138
3234	7370	1235	6135
3235	7442	1230	6212
3236	7436	1230	6206
3237	7387	1237	6150
3238	7394	1231	6163
3239	7395	1226	6169
3240	7397	1225	6172
3241	7352	1240	6112
3242	7379	1237	6142
3243	7331	1230	6101
3244	7278	1238	6040
3245	7223	1243	5980
3246	7206	1234	5972
3247	7248	1226	6022
3248	7207	1223	5984
3249	7132	1223	5909
3250	7214	1225	5989
3251	7163	1223	5940
3252	7147	1224	5923
3253	7170	1238	5932
3254	7132	1234	5898
3255	7104	1234	5870
3256	7088	1238	5850
3257	6985	1229	5756
3258	7004	1221	5783
3259	7051	1226	5825
3260	7071	1234	5837
3261	7040	1226	5814
3262	7016	1222	5794
3263	7008	1233	5775
3264	6942	1234	5708
3265	6978	1235	5743
3266	6977	1233	5744
3267	6969	1231	5738
3268	6974	1227	5747
3269	6921	1224	5697
3270	6853	1223	5630
3271	6770	1229	5541
3272	6752	1224	5528
3273	6811	1224	5587
3274	6775	1220	5555
3275	6743	1226	5517
3276	6672	1222	5450
3277	6630	1229	5401
3278	6621	1230	5391
3279	6595	1230	5365
3280	6578	1224	5354
3281	6555	1228	5327
3282	6585	1231	5354
3283	6635	1238	5397
3284	6550	1238	5312
3285	6531	1232	5299
3286	6429	1222	5207
3287	6413	1216	5197
3288	6414	1214	5200
3289	6379	1224	5155
3290	6353	1235	5118
3291	6409	1232	5177
3292	6384	1224	5160
3293	6319	1222	5097
3294	6388	1219	5169
3295	6391	1233	5158
3296	6352	1243	5109
3297	6354	1232	5122
3298	6406	1220	5186
3299	6275	1228	5047
3300	6139	1226	4913
3301	6163	1225	4938
3302	6194	1222	4972
3303	6187	1229	4958
3304	6165	1226	4939
3305	6164	1229	4935
3306	6102	1222	4880
3307	6070	1221	4849
3308	6063	1233	4830
3309	6007	1227	4780
3310	5961	1223	4738
3311	5919	1234	4685
3312	5855	1234	4621
3313	5835	1238	4597
3314	5838	1233	4605
3315	5815	1237	4578
3316	5772	1233	4539
3317	5768	1237	4531
3318	5752	1237	4515
3319	5727	1236	4491
3320	5690	1242	4448
3321	5728	1246	4482
3322	5664	1238	4426
3323	5646	1242	4404
3324	5633	1240	4393
3325	5593	1241	4352
3326	5496	1238	4258
3327	5517	1237	4280
3328	5537	1236	4301
3329	5447	1242	4205
3330	5489	1232	4257
3331	5494	1230	4264
3332	5453	1223	4230
3333	5354	1233	4121
3334	5349	1234	4115
3335	5337	1225	4112
3336	5295	1224	4071
3337	5293	1231	4062
3338	5243	1230	4013
3339	5226	1230	3996
3340	5227	1228	3999
3341	5161	1228	3933
3342	5169	1233	3936
3343	5181	1231	3950
3344	5122	1228	3894
3345	5099	1229	3870
3346	5044	1214	3830
3347	5031	1223	3808
3348	4978	1231	3747
3349	4954	1233	3721
3350	4883	1214	3669
3351	4935	1232	3703
3352	4893	1234	3659
3353	4878	1219	3659
3354	4856	1221	3635
3355	4794	1232	3562
3356	4803	1223	3580
3357	4827	1222	3605
3358	4779	1233	3546
3359	4765	1231	3534
3360	4699	1216	3483
3361	4637	1234	3403
3362	4638	1240	3398
3363	4642	1224	3418
3364	4600	1226	3374
3365	4569	1231	3338
3366	4539	1220	3319
3367	4505	1224	3281
3368	4460	1224	3236
3369	4460	1225	3235
3370	4384	1224	3160
3371	4374	1225	3149
3372	4369	1222	3147
3373	4354	1225	3129
3374	4297	1228	3069
3375	4307	1228	3079
3376	4266	1226	3040
3377	4238	1238	3000
3378	4257	1239	3018
3379	4236	1239	2997
3380	4229	1234	2995
3381	4201	1240	2961
3382	4172	1229	2943
3383	4103	1232	2871
3384	4055	1234	2821
3385	4055	1228	2827
3386	4002	1229	2773
3387	3939	1232	2707
3388	3940	1241	2699
3389	3969	1242	2727
3390	3925	1242	2683
3391	3939	1238	2701
3392	3881	1235	2646
3393	3846	1240	2606
3394	3811	1228	2583
3395	3750	1223	2527
3396	3696	1237	2459
3397	3757	1231	2526
3398	3793	1232	2561
3399	3778	1235	2543
3400	3695	1221	2474
3401	3695	1228	2467
3402	3667	1236	2431
3403	3639	1225	2414
3404	3625	1218	2407
3405	3609	1234	2375
3406	3568	1237	2331
3407	3582	1236	2346
3408	3562	1229	2333
3409	3527	1234	2293
3410	3477	1230	2247
3411	3460	1226	2234
3412	3415	1226	2189
3413	3398	1235	2163
3414	3392	1236	2156
3415	3384	1235	2149
3416	3300	1230	2070
3417	3305	1230	2075
3418	3351	1221	2130
3419	3301	1235	2066
3420	3205	1225	1980
3421	3214	1229	1985
3422	3217	1239	1978
3423	3234	1229	2005
3424	3197	1224	1973
3425	3166	1225	1941
3426	3115	1229	1886
3427	3149	1239	1910
3428	3131	1231	1900
3429	3120	1233	1887
3430	3096	1240	1856
3431	3139	1238	1901
3432	3127	1228	1899
3433	3105	1227	1878
3434	3033	1229	1804
3435	3003	1238	1765
3436	3005	1234	1771
3437	2963	1228	1735
3438	2955	1218	1737
3439	2975	1226	1749
3440	2906	1226	1680
3441	2857	1232	1625
3442	2824	1236	1588
3443	2856	1243	1613
3444	2854	1235	1619
3445	2862	1229	1633
3446	2852	1231	1621
3447	2829	1230	1599
3448	2786	1232	1554
3449	2758	1226	1532
3450	2741	1228	1513
3451	2738	1234	1504
3452	2712	1237	1475
3453	2688	1222	1466
3454	2741	1216	1525
3455	2658	1231	1427
3456	2626	1242	1384
3457	2664	1239	1425
3458	2628	1236	1392
3459	2673	1240	1433
3460	2660	1221	1439
3461	2631	1224	1407
3462	2605	1229	1376
3463	2587	1234	1353
3464	2597	1232	1365
3465	2546	1223	1323
3466	2539	1219	1320
3467	2569	1227	1342
3468	2519	1230	1289
3469	2497	1230	1267
3470	2486	1225	1261
3471	2486	1231	1255
3472	2494	1233	1261
3473	2490	1231	1259
3474	2437	1235	1202
3475	2477	1238	1239
3476	2481	1239	1242
3477	2461	1232	1229
3478	2432	1223	1209
3479	2406	1232	1174
3480	2357	1234	1123
3481	2404	1232	1172
3482	2415	1227	1188
3483	2379	1228	1151
3484	2358	1230	1128
3485	2372	1239	1133
3486	2355	1239	1116
3487	2348	1247	1101
3488	2313	1241	1072
3489	2297	1226	1071
3490	2255	1227	1028
3491	2259	1236	1023
3492	2284	1230	1054
3493	2289	1222	1067
3494	2269	1231	1038
3495	2244	1242	1002
3496	2226	1238	988
3497	2214	1238	976
3498	2239	1235	1004
3499	2256	1232	1024
3500	2200	1224	976
3501	2207	1233	974
3502	2192	1232	960
3503	2193	1234	959
3504	2164	1229	935
3505	2129	1223	906
3506	2098	1224	874
3507	2104	1230	874
3508	2098	1229	869
3509	2086	1228	858
3510	2127	1228	899
3511	2117	1234	883
3512	2047	1225	822
3513	2053	1221	832
3514	2049	1217	832
3515	2041	1229	812
3516	2056	1232	824
3517	2087	1237	850
3518	2078	1232	846
3519	2064	1222	842
3520	2051	1218	833
3521	2056	1228	828
3522	2066	1229	837
3523	2044	1230	814
3524	2022	1227	795
3525	2025	1225	800
3526	1982	1226	756
3527	1973	1233	740
3528	1984	1226	758
3529	1985	1231	754
3530	1985	1240	745
3531	1964	1236	728
3532	1947	1233	714
3533	1962	1235	727
3534	1952	1233	719
3535	1964	1240	724
3536	1968	1226	742
3537	1928	1235	693
3538	1941	1243	698
3539	1968	1240	728
3540	1934	1234	700
3541	1926	1232	694
3542	1925	1234	691
3543	1896	1226	670
3544	1885	1225	660
3545	1883	1234	649
3546	1872	1226	646
3547	1881	1228	653
3548	1867	1238	629
3549	1878	1226	652
3550	1888	1228	660
3551	1876	1235	641
3552	1886	1238	648
3553	1881	1241	640
3554	1852	1227	625
3555	1843	1232	611
3556	1823	1226	597
3557	1870	1219	651
3558	1852	1234	618
3559	1854	1232	622
3560	1837	1233	604
3561	1831	1231	600
3562	1802	1226	576
3563	1830	1232	598
3564	1846	1228	618
3565	1827	1227	600
3566	1821	1223	598
3567	1828	1236	592
3568	1813	1237	576
3569	1829	1234	595
3570	1817	1233	584
3571	1817	1221	596
3572	1778	1225	553
3573	1766	1235	531
3574	1811	1228	583
3575	1819	1232	587
3576	1777	1220	557
3577	1777	1223	554
3578	1759	1220	539
3579	1776	1230	546
3580	1780	1235	545
3581	1800	1236	564
3582	1795	1232	563
3583	1766	1236	530
3584	1746	1232	514
3585	1778	1221	557
3586	1806	1239	567
3587	1773	1233	540
3588	1788	1230	558
3589	1771	1236	535
3590	1733	1227	506
3591	1757	1233	524
3592	1759	1231	528
3593	1761	1230	531
3594	1750	1238	512
3595	1771	1239	532
3596	1749	1233	516
3597	1735	1235	500
3598	1737	1235	502
3599	1755	1229	526
3600	1740	1226	514
3601	1747	1232	515
3602	1738	1231	507
3603	1728	1229	499
3604	1696	1227	469
3605	1720	1230	490
3606	1726	1224	502
3607	1733	1233	500
3608	1717	1229	488
3609	1689	1230	459
3610	1682	1227	455
3611	1728	1224	504
3612	1726	1229	497
3613	1728	1239	489
3614	1716	1232	484
3615	1724	1235	489
3616	1666	1221	445
3617	1700	1214	486
3618	1731	1214	517
3619	1697	1222	475
3620	1694	1227	467
3621	1700	1229	471
3622	1692	1228	464
3623	1698	1231	467
3624	1696	1235	461
3625	1670	1238	432
3626	1666	1230	436
3627	1719	1237	482
3628	1744	1234	510
3629	1735	1228	507
3630	1692	1232	460
3631	1674	1233	441
3632	1662	1223	439
3633	1668	1218	450
3634	1664	1220	444
3635	1687	1228	459
3636	1695	1216	479
3637	1667	1222	445
3638	1635	1243	392
3639	1699	1238	461
3640	1683	1219	464
3641	1691	1221	470
3642	1681	1235	446
3643	1673	1236	437
3644	1673	1228	445
3645	1694	1225	469
3646	1662	1233	429
3647	1680	1234	446
3648	1703	1219	484
