index	original	background	difference
-----------------------------------------------------
1	1190	1099	91
2	1177	1102	75
3	1171	1106	65
4	1186	1108	78
5	1202	1105	97
6	1188	1099	89
7	1202	1105	97
8	1183	1107	76
9	1166	1109	57
10	1175	1109	66
11	1203	1111	92
12	1196	1110	86
13	1181	1111	70
14	1188	1120	68
15	1181	1130	51
16	1169	1117	52
17	1161	1111	50
18	1182	1111	71
19	1204	1123	81
20	1186	1116	70
21	1182	1102	80
22	1203	1121	82
23	1205	1117	88
24	1214	1121	93
25	1182	1121	61
26	1198	1122	76
27	1208	1126	82
28	1207	1123	84
29	1222	1118	104
30	1228	1116	112
31	1215	1124	91
32	1198	1123	75
33	1198	1128	70
34	1190	1131	59
35	1208	1125	83
36	1218	1128	90
37	1218	1122	96
38	1204	1126	78
39	1190	1125	65
40	1207	1128	79
41	1220	1123	97
42	1225	1114	111
43	1232	1124	108
44	1227	1139	88
45	1208	1133	75
46	1215	1125	90
47	1207	1128	79
48	1214	1137	77
49	1211	1143	68
50	1198	1136	62
51	1195	1138	57
52	1208	1139	69
53	1225	1136	89
54	1249	1138	111
55	1234	1130	104
56	1206	1132	74
57	1191	1126	65
58	1216	1130	86
59	1218	1141	77
60	1214	1130	84
61	1242	1126	116
62	1243	1138	105
63	1244	1144	100
64	1227	1140	87
65	1223	1132	91
66	1236	1129	107
67	1223	1131	92
68	1233	1131	102
69	1221	1136	85
70	1215	1134	81
71	1238	1135	103
72	1240	1142	98
73	1243	1152	91
74	1229	1147	82
75	1209	1140	69
76	1219	1141	78
77	1227	1142	85
78	1222	1147	75
79	1225	1147	78
80	1235	1142	93
81	1241	1137	104
82	1251	1132	119
83	1269	1129	140
84	1259	1131	128
85	1250	1137	113
86	1261	1133	128
87	1257	1137	120
88	1251	1146	105
89	1235	1149	86
90	1224	1145	79
91	1247	1140	107
92	1262	1138	124
93	1268	1140	128
94	1260	1138	122
95	1244	1139	105
96	1240	1136	104
97	1257	1140	117
98	1239	1146	93
99	1248	1142	106
100	1269	1135	134
101	1273	1141	132
102	1267	1140	127
103	1251	1135	116
104	1264	1139	125
105	1248	1152	96
106	1243	1144	99
107	1258	1138	120
108	1233	1141	92
109	1262	1145	117
110	1242	1142	100
111	1261	1135	126
112	1288	1136	152
113	1294	1138	156
114	1285	1132	153
115	1279	1136	143
116	1282	1129	153
117	1291	1132	159
118	1286	1140	146
119	1268	1144	124
120	1288	1139	149
121	1293	1140	153
122	1272	1146	126
123	1277	1139	138
124	1297	1137	160
125	1283	1134	149
126	1240	1130	110
127	1268	1134	134
128	1298	1135	163
129	1296	1142	154
130	1291	1149	142
131	1299	1159	140
132	1312	1156	156
133	1304	1146	158
134	1316	1141	175
135	1310	1136	174
136	1326	1139	187
137	1323	1138	185
138	1306	1142	164
139	1312	1144	168
140	1319	1144	175
141	1304	1144	160
142	1283	1134	149
143	1311	1141	170
144	1337	1145	192
145	1342	1140	202
146	1327	1141	186
147	1335	1151	184
148	1314	1144	170
149	1326	1134	192
150	1350	1137	213
151	1347	1144	203
152	1347	1141	206
153	1326	1144	182
154	1308	1143	165
155	1324	1138	186
156	1319	1138	181
157	1312	1140	172
158	1316	1143	173
159	1344	1152	192
160	1379	1146	233
161	1359	1140	219
162	1332	1144	188
163	1337	1145	192
164	1369	1139	230
165	1377	1148	229
166	1355	1145	210
167	1359	1142	217
168	1352	1139	213
169	1337	1142	195
170	1355	1137	218
171	1371	1143	228
172	1358	1146	212
173	1367	1154	213
174	1345	1145	200
175	1336	1139	197
176	1337	1139	198
177	1364	1137	227
178	1373	1143	230
179	1357	1145	212
180	1366	1134	232
181	1361	1132	229
182	1377	1134	243
183	1393	1133	260
184	1383	1140	243
185	1362	1143	219
186	1380	1153	227
187	1375	1152	223
188	1377	1145	232
189	1381	1151	230
190	1393	1149	244
191	1407	1150	257
192	1391	1136	255
193	1402	1126	276
194	1377	1130	247
195	1387	1153	234
196	1408	1147	261
197	1376	1146	230
198	1365	1145	220
199	1399	1150	249
200	1389	1146	243
201	1388	1146	242
202	1394	1135	259
203	1395	1132	263
204	1403	1139	264
205	1414	1146	268
206	1442	1143	299
207	1424	1139	285
208	1425	1152	273
209	1433	1152	281
210	1427	1145	282
211	1424	1137	287
212	1420	1140	280
213	1423	1137	286
214	1407	1136	271
215	1439	1134	305
216	1463	1135	328
217	1437	1141	296
218	1422	1148	274
219	1430	1144	286
220	1468	1132	336
221	1456	1128	328
222	1450	1132	318
223	1456	1138	318
224	1465	1138	327
225	1448	1136	312
226	1468	1134	334
227	1464	1130	334
228	1449	1132	317
229	1464	1146	318
230	1463	1145	318
231	1475	1138	337
232	1472	1139	333
233	1477	1140	337
234	1478	1139	339
235	1464	1132	332
236	1452	1134	318
237	1464	1144	320
238	1500	1145	355
239	1510	1147	363
240	1497	1150	347
241	1507	1150	357
242	1517	1137	380
243	1532	1138	394
244	1497	1144	353
245	1499	1157	342
246	1523	1149	374
247	1516	1148	368
248	1511	1143	368
249	1544	1137	407
250	1561	1145	416
251	1524	1140	384
252	1500	1141	359
253	1540	1148	392
254	1557	1146	411
255	1548	1151	397
256	1559	1137	422
257	1547	1142	405
258	1563	1151	412
259	1558	1150	408
260	1551	1143	408
261	1567	1140	427
262	1569	1133	436
263	1572	1139	433
264	1547	1142	405
265	1559	1136	423
266	1571	1138	433
267	1575	1136	439
268	1595	1135	460
269	1586	1141	445
270	1597	1142	455
271	1604	1148	456
272	1595	1148	447
273	1594	1149	445
274	1632	1138	494
275	1619	1139	480
276	1634	1147	487
277	1641	1143	498
278	1625	1146	479
279	1642	1140	502
280	1642	1130	512
281	1631	1136	495
282	1657	1145	512
283	1668	1139	529
284	1658	1139	519
285	1662	1148	514
286	1678	1146	532
287	1699	1152	547
288	1680	1152	528
289	1658	1150	508
290	1696	1150	546
291	1704	1147	557
292	1716	1140	576
293	1737	1146	591
294	1745	1142	603
295	1726	1143	583
296	1732	1148	584
297	1728	1158	570
298	1717	1153	564
299	1733	1147	586
300	1744	1142	602
301	1734	1150	584
302	1742	1143	599
303	1771	1149	622
304	1793	1147	646
305	1784	1135	649
306	1786	1123	663
307	1796	1134	662
308	1816	1148	668
309	1805	1143	662
310	1779	1144	635
311	1818	1139	679
312	1840	1128	712
313	1840	1137	703
314	1827	1142	685
315	1825	1143	682
316	1842	1135	707
317	1861	1130	731
318	1879	1134	745
319	1859	1136	723
320	1891	1140	751
321	1923	1138	785
322	1860	1138	722
323	1890	1133	757
324	1912	1131	781
325	1891	1136	755
326	1899	1139	760
327	1894	1143	751
328	1913	1154	759
329	1938	1150	788
330	1977	1151	826
331	1963	1159	804
332	1973	1148	825
333	1970	1151	819
334	1986	1142	844
335	1993	1139	854
336	2015	1149	866
337	2013	1139	874
338	1993	1140	853
339	2021	1146	875
340	2020	1150	870
341	2017	1158	859
342	1999	1149	850
343	2020	1140	880
344	2061	1136	925
345	2058	1145	913
346	2083	1141	942
347	2077	1144	933
348	2092	1145	947
349	2078	1143	935
350	2072	1142	930
351	2094	1141	953
352	2100	1137	963
353	2087	1140	947
354	2099	1143	956
355	2096	1147	949
356	2100	1140	960
357	2159	1141	1018
358	2128	1143	985
359	2148	1143	1005
360	2166	1146	1020
361	2171	1148	1023
362	2172	1140	1032
363	2167	1134	1033
364	2160	1136	1024
365	2194	1129	1065
366	2205	1125	1080
367	2211	1144	1067
368	2193	1136	1057
369	2213	1140	1073
370	2190	1142	1048
371	2189	1146	1043
372	2226	1151	1075
373	2264	1143	1121
374	2247	1140	1107
375	2269	1139	1130
376	2271	1140	1131
377	2293	1150	1143
378	2297	1153	1144
379	2312	1142	1170
380	2293	1131	1162
381	2330	1141	1189
382	2358	1150	1208
383	2375	1153	1222
384	2317	1140	1177
385	2331	1141	1190
386	2348	1135	1213
387	2342	1141	1201
388	2386	1149	1237
389	2370	1132	1238
390	2379	1135	1244
391	2393	1155	1238
392	2363	1154	1209
393	2373	1147	1226
394	2366	1151	1215
395	2405	1153	1252
396	2400	1147	1253
397	2422	1148	1274
398	2454	1156	1298
399	2474	1150	1324
400	2468	1152	1316
401	2452	1155	1297
402	2461	1142	1319
403	2481	1151	1330
404	2489	1142	1347
405	2486	1140	1346
406	2514	1146	1368
407	2509	1144	1365
408	2492	1141	1351
409	2455	1141	1314
410	2483	1147	1336
411	2504	1150	1354
412	2512	1143	1369
413	2508	1154	1354
414	2529	1146	1383
415	2551	1142	1409
416	2533	1136	1397
417	2573	1134	1439
418	2556	1133	1423
419	2564	1140	1424
420	2563	1151	1412
421	2584	1149	1435
422	2599	1148	1451
423	2549	1147	1402
424	2549	1142	1407
425	2583	1142	1441
426	2559	1142	1417
427	2593	1144	1449
428	2594	1146	1448
429	2585	1150	1435
430	2606	1147	1459
431	2590	1143	1447
432	2574	1135	1439
433	2601	1143	1458
434	2620	1146	1474
435	2630	1147	1483
436	2615	1140	1475
437	2600	1131	1469
438	2647	1145	1502
439	2675	1146	1529
440	2724	1151	1573
441	2702	1148	1554
442	2667	1151	1516
443	2677	1148	1529
444	2696	1141	1555
445	2694	1142	1552
446	2717	1130	1587
447	2699	1143	1556
448	2692	1153	1539
449	2700	1149	1551
450	2707	1145	1562
451	2726	1146	1580
452	2694	1147	1547
453	2678	1147	1531
454	2693	1138	1555
455	2737	1139	1598
456	2771	1133	1638
457	2771	1135	1636
458	2783	1139	1644
459	2753	1150	1603
460	2758	1148	1610
461	2763	1134	1629
462	2743	1134	1609
463	2811	1134	1677
464	2809	1132	1677
465	2818	1138	1680
466	2822	1141	1681
467	2810	1150	1660
468	2791	1147	1644
469	2833	1156	1677
470	2845	1153	1692
471	2850	1137	1713
472	2909	1130	1779
473	2893	1137	1756
474	2909	1136	1773
475	2886	1133	1753
476	2871	1142	1729
477	2910	1148	1762
478	2932	1143	1789
479	2972	1141	1831
480	2929	1150	1779
481	2936	1141	1795
482	2912	1132	1780
483	2869	1148	1721
484	2927	1146	1781
485	2993	1143	1850
486	2966	1136	1830
487	2947	1141	1806
488	2970	1141	1829
489	2953	1129	1824
490	2974	1127	1847
491	2998	1140	1858
492	2989	1140	1849
493	2971	1145	1826
494	3033	1139	1894
495	3017	1140	1877
496	3010	1146	1864
497	3013	1156	1857
498	3061	1150	1911
499	3062	1149	1913
500	3056	1145	1911
501	3058	1138	1920
502	3045	1141	1904
503	3078	1141	1937
504	3141	1142	1999
505	3127	1142	1985
506	3106	1141	1965
507	3097	1153	1944
508	3121	1158	1963
509	3122	1132	1990
510	3137	1122	2015
511	3151	1136	2015
512	3155	1147	2008
513	3195	1153	2042
514	3184	1134	2050
515	3154	1141	2013
516	3208	1146	2062
517	3210	1144	2066
518	3224	1139	2085
519	3220	1136	2084
520	3202	1139	2063
521	3210	1144	2066
522	3208	1139	2069
523	3219	1133	2086
524	3271	1143	2128
525	3275	1138	2137
526	3269	1144	2125
527	3244	1147	2097
528	3249	1139	2110
529	3279	1133	2146
530	3273	1122	2151
531	3316	1133	2183
532	3329	1136	2193
533	3309	1143	2166
534	3283	1141	2142
535	3312	1134	2178
536	3313	1131	2182
537	3355	1144	2211
538	3393	1138	2255
539	3413	1134	2279
540	3410	1134	2276
541	3436	1142	2294
542	3434	1151	2283
543	3492	1144	2348
544	3464	1145	2319
545	3399	1148	2251
546	3430	1141	2289
547	3432	1140	2292
548	3498	1145	2353
549	3519	1142	2377
550	3476	1144	2332
551	3493	1142	2351
552	3553	1135	2418
553	3560	1147	2413
554	3535	1150	2385
555	3514	1144	2370
556	3485	1144	2341
557	3537	1153	2384
558	3579	1146	2433
559	3568	1142	2426
560	3600	1147	2453
561	3624	1147	2477
562	3573	1132	2441
563	3578	1130	2448
564	3573	1149	2424
565	3622	1144	2478
566	3702	1147	2555
567	3656	1140	2516
568	3627	1131	2496
569	3688	1148	2540
570	3708	1155	2553
571	3709	1149	2560
572	3673	1140	2533
573	3676	1140	2536
574	3749	1137	2612
575	3748	1139	2609
576	3717	1146	2571
577	3712	1147	2565
578	3705	1149	2556
579	3751	1137	2614
580	3785	1136	2649
581	3777	1144	2633
582	3792	1139	2653
583	3804	1142	2662
584	3841	1150	2691
585	3822	1155	2667
586	3856	1149	2707
587	3900	1148	2752
588	3873	1145	2728
589	3864	1147	2717
590	3837	1141	2696
591	3865	1145	2720
592	3927	1137	2790
593	3931	1124	2807
594	3910	1133	2777
595	3955	1151	2804
596	4002	1152	2850
597	3999	1138	2861
598	3965	1138	2827
599	3956	1152	2804
600	3975	1144	2831
601	4002	1142	2860
602	4032	1144	2888
603	4042	1141	2901
604	4053	1147	2906
605	4029	1145	2884
606	4050	1145	2905
607	4087	1147	2940
608	4065	1142	2923
609	4083	1142	2941
610	4086	1140	2946
611	4128	1149	2979
612	4124	1142	2982
613	4145	1140	3005
614	4122	1146	2976
615	4156	1147	3009
616	4167	1144	3023
617	4174	1140	3034
618	4196	1137	3059
619	4182	1141	3041
620	4225	1139	3086
621	4236	1132	3104
622	4203	1133	3070
623	4218	1137	3081
624	4201	1144	3057
625	4220	1145	3075
626	4269	1148	3121
627	4285	1156	3129
628	4280	1146	3134
629	4323	1141	3182
630	4336	1144	3192
631	4298	1138	3160
632	4344	1140	3204
633	4309	1145	3164
634	4299	1141	3158
635	4337	1148	3189
636	4323	1141	3182
637	4289	1142	3147
638	4257	1143	3114
639	4289	1141	3148
640	4356	1132	3224
641	4384	1132	3252
642	4431	1132	3299
643	4419	1134	3285
644	4411	1134	3277
645	4450	1147	3303
646	4447	1150	3297
647	4440	1149	3291
648	4489	1146	3343
649	4500	1146	3354
650	4434	1143	3291
651	4377	1148	3229
652	4444	1141	3303
653	4474	1144	3330
654	4501	1146	3355
655	4490	1137	3353
656	4512	1143	3369
657	4526	1145	3381
658	4514	1142	3372
659	4542	1152	3390
660	4595	1145	3450
661	4591	1143	3448
662	4553	1135	3418
663	4589	1133	3456
664	4562	1136	3426
665	4532	1148	3384
666	4533	1150	3383
667	4556	1152	3404
668	4594	1143	3451
669	4639	1141	3498
670	4639	1142	3497
671	4591	1146	3445
672	4580	1152	3428
673	4603	1149	3454
674	4576	1141	3435
675	4570	1154	3416
676	4641	1146	3495
677	4625	1141	3484
678	4590	1151	3439
679	4638	1138	3500
680	4633	1132	3501
681	4606	1146	3460
682	4644	1145	3499
683	4614	1138	3476
684	4640	1144	3496
685	4635	1143	3492
686	4605	1146	3459
687	4577	1143	3434
688	4616	1146	3470
689	4640	1143	3497
690	4668	1140	3528
691	4630	1139	3491
692	4652	1148	3504
693	4657	1154	3503
694	4653	1145	3508
695	4625	1137	3488
696	4675	1142	3533
697	4686	1140	3546
698	4688	1147	3541
699	4705	1148	3557
700	4719	1148	3571
701	4730	1154	3576
702	4739	1143	3596
703	4745	1154	3591
704	4725	1153	3572
705	4711	1149	3562
706	4744	1147	3597
707	4739	1163	3576
708	4694	1147	3547
709	4678	1142	3536
710	4670	1147	3523
711	4730	1142	3588
712	4754	1129	3625
713	4699	1145	3554
714	4716	1148	3568
715	4756	1142	3614
716	4753	1137	3616
717	4754	1132	3622
718	4713	1143	3570
719	4693	1147	3546
720	4670	1141	3529
721	4680	1141	3539
722	4689	1137	3552
723	4705	1137	3568
724	4727	1138	3589
725	4772	1148	3624
726	4774	1148	3626
727	4741	1144	3597
728	4753	1130	3623
729	4790	1126	3664
730	4759	1137	3622
731	4726	1144	3582
732	4700	1134	3566
733	4697	1141	3556
734	4729	1139	3590
735	4744	1143	3601
736	4681	1146	3535
737	4723	1137	3586
738	4752	1135	3617
739	4760	1136	3624
740	4763	1144	3619
741	4711	1146	3565
742	4698	1148	3550
743	4661	1147	3514
744	4670	1133	3537
745	4727	1137	3590
746	4716	1139	3577
747	4689	1142	3547
748	4682	1147	3535
749	4716	1142	3574
750	4688	1134	3554
751	4706	1141	3565
752	4765	1142	3623
753	4769	1135	3634
754	4747	1143	3604
755	4703	1150	3553
756	4705	1135	3570
757	4744	1135	3609
758	4732	1145	3587
759	4728	1148	3580
760	4731	1139	3592
761	4757	1148	3609
762	4731	1143	3588
763	4726	1143	3583
764	4815	1146	3669
765	4799	1137	3662
766	4805	1140	3665
767	4832	1142	3690
768	4799	1141	3658
769	4797	1150	3647
770	4851	1138	3713
771	4772	1129	3643
772	4776	1130	3646
773	4820	1145	3675
774	4809	1144	3665
775	4810	1145	3665
776	4815	1136	3679
777	4810	1147	3663
778	4849	1155	3694
779	4818	1145	3673
780	4801	1144	3657
781	4848	1154	3694
782	4844	1151	3693
783	4845	1141	3704
784	4823	1135	3688
785	4731	1134	3597
786	4797	1143	3654
787	4823	1132	3691
788	4735	1136	3599
789	4783	1135	3648
790	4877	1128	3749
791	4854	1132	3722
792	4849	1139	3710
793	4830	1132	3698
794	4907	1138	3769
795	4915	1147	3768
796	4862	1145	3717
797	4875	1150	3725
798	4832	1154	3678
799	4830	1145	3685
800	4830	1142	3688
801	4887	1142	3745
802	4908	1147	3761
803	4904	1150	3754
804	4926	1149	3777
805	4976	1151	3825
806	4982	1137	3845
807	5023	1148	3875
808	4997	1142	3855
809	4973	1140	3833
810	4977	1133	3844
811	5051	1136	3915
812	5058	1131	3927
813	5093	1125	3968
814	5094	1136	3958
815	5024	1143	3881
816	5028	1144	3884
817	5038	1149	3889
818	5127	1144	3983
819	5113	1144	3969
820	4956	1146	3810
821	5013	1150	3863
822	5066	1133	3933
823	5045	1137	3908
824	5087	1151	3936
825	5153	1139	4014
826	5149	1123	4026
827	5214	1138	4076
828	5154	1145	4009
829	5155	1142	4013
830	5171	1139	4032
831	5216	1132	4084
832	5189	1139	4050
833	5192	1146	4046
834	5216	1139	4077
835	5200	1154	4046
836	5211	1153	4058
837	5213	1147	4066
838	5240	1138	4102
839	5230	1141	4089
840	5276	1141	4135
841	5322	1135	4187
842	5295	1130	4165
843	5257	1133	4124
844	5271	1140	4131
845	5256	1142	4114
846	5290	1146	4144
847	5336	1148	4188
848	5345	1135	4210
849	5317	1144	4173
850	5327	1140	4187
851	5365	1140	4225
852	5385	1132	4253
853	5366	1129	4237
854	5343	1137	4206
855	5451	1142	4309
856	5459	1131	4328
857	5470	1123	4347
858	5447	1134	4313
859	5456	1142	4314
860	5505	1143	4362
861	5567	1146	4421
862	5578	1155	4423
863	5625	1147	4478
864	5633	1137	4496
865	5645	1142	4503
866	5692	1125	4567
867	5701	1135	4566
868	5654	1157	4497
869	5732	1150	4582
870	5735	1149	4586
871	5734	1143	4591
872	5638	1135	4503
873	5660	1136	4524
874	5795	1127	4668
875	5798	1136	4662
876	5836	1143	4693
877	5861	1146	4715
878	5872	1141	4731
879	5852	1140	4712
880	5923	1140	4783
881	5948	1140	4808
882	5885	1143	4742
883	5946	1145	4801
884	5952	1139	4813
885	5942	1135	4807
886	5956	1140	4816
887	6010	1148	4862
888	6012	1140	4872
889	6017	1130	4887
890	6060	1138	4922
891	5979	1139	4840
892	6026	1134	4892
893	6035	1145	4890
894	6035	1142	4893
895	6041	1139	4902
896	6030	1143	4887
897	6073	1139	4934
898	6055	1137	4918
899	6016	1140	4876
900	6134	1136	4998
901	6069	1132	4937
902	6082	1131	4951
903	6095	1140	4955
904	6099	1144	4955
905	6182	1136	5046
906	6156	1138	5018
907	6132	1142	4990
908	6096	1140	4956
909	6126	1139	4987
910	6213	1131	5082
911	6275	1140	5135
912	6323	1138	5185
913	6348	1140	5208
914	6374	1145	5229
915	6366	1144	5222
916	6406	1142	5264
917	6446	1155	5291
918	6518	1150	5368
919	6518	1132	5386
920	6559	1136	5423
921	6621	1144	5477
922	6660	1148	5512
923	6674	1155	5519
924	6682	1145	5537
925	6693	1134	5559
926	6745	1139	5606
927	6775	1142	5633
928	6730	1138	5592
929	6779	1135	5644
930	6797	1139	5658
931	6822	1144	5678
932	6820	1135	5685
933	6815	1142	5673
934	6829	1140	5689
935	6867	1134	5733
936	6900	1148	5752
937	6946	1145	5801
938	6918	1140	5778
939	6952	1144	5808
940	6940	1140	5800
941	6997	1143	5854
942	7091	1137	5954
943	7046	1136	5910
944	6985	1145	5840
945	6955	1143	5812
946	6941	1129	5812
947	7044	1134	5910
948	7145	1144	6001
949	7082	1151	5931
950	7104	1136	5968
951	7138	1141	5997
952	7150	1152	5998
953	7132	1147	5985
954	7139	1136	6003
955	7144	1141	6003
956	7193	1138	6055
957	7158	1140	6018
958	7198	1142	6056
959	7210	1139	6071
960	7219	1127	6092
961	7216	1132	6084
962	7259	1138	6121
963	7280	1136	6144
964	7276	1140	6136
965	7225	1146	6079
966	7233	1143	6090
967	7261	1144	6117
968	7256	1143	6113
969	7268	1140	6128
970	7270	1140	6130
971	7229	1144	6085
972	7358	1142	6216
973	7369	1142	6227
974	7328	1147	6181
975	7402	1139	6263
976	7359	1144	6215
977	7350	1153	6197
978	7403	1153	6250
979	7366	1146	6220
980	7407	1148	6259
981	7363	1143	6220
982	7376	1144	6232
983	7352	1147	6205
984	7391	1149	6242
985	7461	1151	6310
986	7527	1144	6383
987	7475	1136	6339
988	7398	1144	6254
989	7457	1145	6312
990	7488	1135	6353
991	7455	1142	6313
992	7422	1144	6278
993	7546	1146	6400
994	7528	1151	6377
995	7495	1147	6348
996	7549	1145	6404
997	7572	1138	6434
998	7543	1133	6410
999	7503	1131	6372
1000	7470	1135	6335
1001	7528	1145	6383
1002	7606	1152	6454
1003	7586	1149	6437
1004	7632	1138	6494
1005	7639	1131	6508
1006	7553	1143	6410
1007	7538	1151	6387
1008	7574	1142	6432
1009	7636	1134	6502
1010	7582	1132	6450
1011	7542	1143	6399
1012	7578	1142	6436
1013	7596	1134	6462
1014	7493	1136	6357
1015	7530	1148	6382
1016	7546	1140	6406
1017	7536	1143	6393
1018	7568	1139	6429
1019	7555	1139	6416
1020	7610	1137	6473
1021	7611	1141	6470
1022	7566	1147	6419
1023	7501	1138	6363
1024	7541	1126	6415
1025	7596	1142	6454
1026	7675	1143	6532
1027	7684	1148	6536
1028	7614	1146	6468
1029	7586	1140	6446
1030	7587	1137	6450
1031	7630	1139	6491
1032	7678	1138	6540
1033	7698	1143	6555
1034	7656	1134	6522
1035	7620	1136	6484
1036	7563	1141	6422
1037	7591	1143	6448
1038	7595	1137	6458
1039	7592	1138	6454
1040	7638	1132	6506
1041	7683	1142	6541
1042	7651	1139	6512
1043	7595	1139	6456
1044	7533	1139	6394
1045	7540	1138	6402
1046	7512	1138	6374
1047	7536	1140	6396
1048	7581	1149	6432
1049	7585	1145	6440
1050	7606	1144	6462
1051	7569	1148	6421
1052	7539	1137	6402
1053	7568	1140	6428
1054	7541	1138	6403
1055	7541	1142	6399
1056	7529	1145	6384
1057	7496	1151	6345
1058	7523	1151	6372
1059	7573	1152	6421
1060	7559	1151	6408
1061	7525	1142	6383
1062	7575	1148	6427
1063	7617	1149	6468
1064	7548	1147	6401
1065	7544	1153	6391
1066	7559	1155	6404
1067	7492	1155	6337
1068	7467	1155	6312
1069	7528	1150	6378
1070	7552	1137	6415
1071	7498	1142	6356
1072	7456	1144	6312
1073	7461	1144	6317
1074	7466	1147	6319
1075	7419	1152	6267
1076	7362	1156	6206
1077	7355	1148	6207
1078	7406	1141	6265
1079	7387	1145	6242
1080	7331	1145	6186
1081	7336	1139	6197
1082	7268	1139	6129
1083	7236	1142	6094
1084	7244	1141	6103
1085	7225	1144	6081
1086	7246	1145	6101
1087	7232	1140	6092
1088	7258	1151	6107
1089	7239	1155	6084
1090	7339	1139	6200
1091	7364	1139	6225
1092	7290	1144	6146
1093	7339	1150	6189
1094	7378	1147	6231
1095	7361	1144	6217
1096	7429	1143	6286
1097	7465	1143	6322
1098	7479	1150	6329
1099	7481	1150	6331
1100	7477	1145	6332
1101	7510	1134	6376
1102	7441	1135	6306
1103	7413	1139	6274
1104	7363	1148	6215
1105	7413	1139	6274
1106	7377	1128	6249
1107	7407	1131	6276
1108	7416	1136	6280
1109	7312	1137	6175
1110	7312	1137	6175
1111	7395	1138	6257
1112	7449	1134	6315
1113	7410	1132	6278
1114	7353	1150	6203
1115	7404	1145	6259
1116	7360	1140	6220
1117	7390	1136	6254
1118	7397	1135	6262
1119	7309	1140	6169
1120	7308	1146	6162
1121	7396	1145	6251
1122	7411	1144	6267
1123	7396	1141	6255
1124	7392	1145	6247
1125	7310	1156	6154
1126	7301	1146	6155
1127	7348	1142	6206
1128	7345	1142	6203
1129	7363	1131	6232
1130	7355	1138	6217
1131	7349	1141	6208
1132	7387	1134	6253
1133	7369	1139	6230
1134	7387	1140	6247
1135	7380	1144	6236
1136	7424	1145	6279
1137	7381	1147	6234
1138	7398	1142	6256
1139	7382	1141	6241
1140	7462	1147	6315
1141	7409	1150	6259
1142	7442	1147	6295
1143	7447	1151	6296
1144	7431	1140	6291
1145	7441	1139	6302
1146	7467	1136	6331
1147	7477	1139	6338
1148	7448	1146	6302
1149	7450	1140	6310
1150	7427	1138	6289
1151	7450	1139	6311
1152	7418	1144	6274
1153	7521	1144	6377
1154	7501	1129	6372
1155	7425	1129	6296
1156	7409	1152	6257
1157	7454	1152	6302
1158	7441	1139	6302
1159	7452	1138	6314
1160	7496	1139	6357
1161	7492	1140	6352
1162	7509	1138	6371
1163	7468	1137	6331
1164	7487	1139	6348
1165	7561	1140	6421
1166	7577	1131	6446
1167	7560	1134	6426
1168	7526	1137	6389
1169	7507	1146	6361
1170	7514	1143	6371
1171	7584	1144	6440
1172	7593	1141	6452
1173	7515	1137	6378
1174	7512	1133	6379
1175	7502	1138	6364
1176	7572	1145	6427
1177	7630	1157	6473
1178	7694	1153	6541
1179	7689	1149	6540
1180	7585	1148	6437
1181	7691	1138	6553
1182	7709	1138	6571
1183	7647	1148	6499
1184	7657	1146	6511
1185	7672	1141	6531
1186	7689	1144	6545
1187	7725	1145	6580
1188	7730	1143	6587
1189	7715	1149	6566
1190	7775	1147	6628
1191	7870	1145	6725
1192	7778	1152	6626
1193	7721	1136	6585
1194	7753	1142	6611
1195	7827	1148	6679
1196	7863	1136	6727
1197	7885	1130	6755
1198	7845	1136	6709
1199	7897	1141	6756
1200	7883	1149	6734
1201	7889	1146	6743
1202	7885	1135	6750
1203	7902	1133	6769
1204	7953	1143	6810
1205	7916	1150	6766
1206	7901	1149	6752
1207	7887	1132	6755
1208	7977	1134	6843
1209	8047	1142	6905
1210	8071	1152	6919
1211	7987	1156	6831
1212	7935	1141	6794
1213	7958	1143	6815
1214	8067	1148	6919
1215	8090	1142	6948
1216	8084	1136	6948
1217	8068	1147	6921
1218	8096	1141	6955
1219	8160	1138	7022
1220	8174	1150	7024
1221	8249	1155	7094
1222	8123	1146	6977
1223	8088	1149	6939
1224	8199	1136	7063
1225	8188	1132	7056
1226	8220	1141	7079
1227	8255	1144	7111
1228	8222	1137	7085
1229	8278	1147	7131
1230	8287	1134	7153
1231	8317	1144	7173
1232	8333	1148	7185
1233	8331	1150	7181
1234	8393	1140	7253
1235	8422	1144	7278
1236	8375	1143	7232
1237	8343	1145	7198
1238	8437	1149	7288
1239	8523	1141	7382
1240	8483	1144	7339
1241	8538	1149	7389
1242	8530	1154	7376
1243	8551	1139	7412
1244	8595	1131	7464
1245	8581	1147	7434
1246	8635	1146	7489
1247	8625	1136	7489
1248	8645	1138	7507
1249	8638	1143	7495
1250	8589	1140	7449
1251	8680	1144	7536
1252	8742	1153	7589
1253	8715	1149	7566
1254	8703	1147	7556
1255	8714	1156	7558
1256	8739	1158	7581
1257	8773	1150	7623
1258	8747	1138	7609
1259	8784	1142	7642
1260	8786	1148	7638
1261	8793	1157	7636
1262	8773	1151	7622
1263	8823	1147	7676
1264	8881	1144	7737
1265	9002	1151	7851
1266	9061	1149	7912
1267	9031	1140	7891
1268	8908	1134	7774
1269	8886	1139	7747
1270	8976	1140	7836
1271	9026	1138	7888
1272	9110	1141	7969
1273	9150	1141	8009
1274	9162	1142	8020
1275	9167	1152	8015
1276	9240	1144	8096
1277	9255	1139	8116
1278	9239	1150	8089
1279	9196	1144	8052
1280	9187	1149	8038
1281	9238	1150	8088
1282	9247	1139	8108
1283	9233	1148	8085
1284	9231	1137	8094
1285	9280	1138	8142
1286	9374	1148	8226
1287	9369	1154	8215
1288	9323	1150	8173
1289	9361	1142	8219
1290	9458	1143	8315
1291	9405	1152	8253
1292	9399	1140	8259
1293	9406	1139	8267
1294	9468	1149	8319
1295	9492	1152	8340
1296	9481	1148	8333
1297	9498	1151	8347
1298	9600	1149	8451
1299	9578	1157	8421
1300	9573	1156	8417
1301	9573	1148	8425
1302	9676	1143	8533
1303	9737	1140	8597
1304	9617	1139	8478
1305	9634	1149	8485
1306	9679	1155	8524
1307	9740	1145	8595
1308	9714	1132	8582
1309	9782	1139	8643
1310	9823	1144	8679
1311	9842	1147	8695
1312	9851	1136	8715
1313	9854	1141	8713
1314	9956	1135	8821
1315	9956	1139	8817
1316	10014	1145	8869
1317	10115	1148	8967
1318	10016	1142	8874
1319	10030	1144	8886
1320	9961	1148	8813
1321	10031	1146	8885
1322	10027	1141	8886
1323	9925	1136	8789
1324	10038	1143	8895
1325	10131	1137	8994
1326	10101	1140	8961
1327	10169	1141	9028
1328	10210	1131	9079
1329	10256	1135	9121
1330	10217	1141	9076
1331	10242	1148	9094
1332	10267	1134	9133
1333	10279	1135	9144
1334	10234	1133	9101
1335	10217	1136	9081
1336	10328	1158	9170
1337	10308	1160	9148
1338	10276	1133	9143
1339	10288	1141	9147
1340	10378	1149	9229
1341	10363	1141	9222
1342	10386	1144	9242
1343	10408	1158	9250
1344	10437	1153	9284
1345	10403	1137	9266
1346	10282	1133	9149
1347	10482	1142	9340
1348	10504	1140	9364
1349	10487	1145	9342
1350	10456	1146	9310
1351	10492	1142	9350
1352	10506	1146	9360
1353	10585	1147	9438
1354	10602	1144	9458
1355	10511	1145	9366
1356	10574	1148	9426
1357	10592	1148	9444
1358	10641	1139	9502
1359	10658	1144	9514
1360	10609	1152	9457
1361	10574	1151	9423
1362	10698	1149	9549
1363	10690	1151	9539
1364	10635	1156	9479
1365	10741	1154	9587
1366	10743	1149	9594
1367	10706	1146	9560
1368	10726	1149	9577
1369	10718	1154	9564
1370	10677	1154	9523
1371	10642	1145	9497
1372	10793	1131	9662
1373	10748	1135	9613
1374	10788	1150	9638
1375	10749	1159	9590
1376	10752	1144	9608
1377	10799	1145	9654
1378	10756	1143	9613
1379	10867	1137	9730
1380	10887	1140	9747
1381	10827	1140	9687
1382	10872	1139	9733
1383	10896	1144	9752
1384	10827	1152	9675
1385	10812	1140	9672
1386	10835	1137	9698
1387	10898	1139	9759
1388	10875	1142	9733
1389	10906	1148	9758
1390	10907	1140	9767
1391	10974	1143	9831
1392	11006	1148	9858
1393	10957	1141	9816
1394	10983	1142	9841
1395	10961	1138	9823
1396	10857	1131	9726
1397	10848	1139	9709
1398	10892	1142	9750
1399	10933	1140	9793
1400	10886	1140	9746
1401	10851	1147	9704
1402	10887	1140	9747
1403	10803	1142	9661
1404	10932	1141	9791
1405	11058	1131	9927
1406	11009	1147	9862
1407	11017	1148	9869
1408	11046	1140	9906
1409	10984	1149	9835
1410	10863	1152	9711
1411	10873	1146	9727
1412	11004	1148	9856
1413	10962	1147	9815
1414	10932	1135	9797
1415	10907	1134	9773
1416	10989	1155	9834
1417	10985	1155	9830
1418	10981	1146	9835
1419	11038	1142	9896
1420	10980	1142	9838
1421	11111	1151	9960
1422	11033	1153	9880
1423	10956	1149	9807
1424	11028	1144	9884
1425	10970	1142	9828
1426	11006	1139	9867
1427	11091	1143	9948
1428	11092	1136	9956
1429	11064	1137	9927
1430	11114	1140	9974
1431	10936	1151	9785
1432	10946	1148	9798
1433	10924	1148	9776
1434	10991	1135	9856
1435	11047	1140	9907
1436	10988	1148	9840
1437	11017	1150	9867
1438	10964	1142	9822
1439	11048	1140	9908
1440	11021	1146	9875
1441	10905	1143	9762
1442	10912	1150	9762
1443	10921	1142	9779
1444	10954	1149	9805
1445	10990	1154	9836
1446	10946	1148	9798
1447	10904	1149	9755
1448	10886	1146	9740
1449	10963	1140	9823
1450	10963	1139	9824
1451	10927	1150	9777
1452	10919	1151	9768
1453	10907	1136	9771
1454	10939	1133	9806
1455	11005	1142	9863
1456	10951	1144	9807
1457	10884	1146	9738
1458	10848	1142	9706
1459	10854	1138	9716
1460	10739	1144	9595
1461	10847	1143	9704
1462	10892	1134	9758
1463	10831	1137	9694
1464	10792	1128	9664
1465	10857	1137	9720
1466	10815	1143	9672
1467	10836	1142	9694
1468	10842	1143	9699
1469	10805	1145	9660
1470	10820	1150	9670
1471	10803	1149	9654
1472	10762	1151	9611
1473	10726	1147	9579
1474	10716	1144	9572
1475	10671	1148	9523
1476	10675	1152	9523
1477	10657	1154	9503
1478	10591	1145	9446
1479	10447	1149	9298
1480	10461	1145	9316
1481	10512	1137	9375
1482	10592	1144	9448
1483	10638	1149	9489
1484	10655	1140	9515
1485	10679	1145	9534
1486	10777	1147	9630
1487	10747	1142	9605
1488	10596	1146	9450
1489	10677	1149	9528
1490	10730	1147	9583
1491	10632	1149	9483
1492	10747	1153	9594
1493	10837	1159	9678
1494	10647	1148	9499
1495	10604	1155	9449
1496	10702	1146	9556
1497	10733	1141	9592
1498	10729	1143	9586
1499	10662	1152	9510
1500	10585	1143	9442
1501	10691	1138	9553
1502	10717	1138	9579
1503	10593	1148	9445
1504	10617	1146	9471
1505	10656	1148	9508
1506	10551	1144	9407
1507	10580	1146	9434
1508	10720	1157	9563
1509	10712	1146	9566
1510	10716	1143	9573
1511	10680	1147	9533
1512	10539	1148	9391
1513	10585	1145	9440
1514	10510	1140	9370
1515	10532	1146	9386
1516	10538	1147	9391
1517	10503	1139	9364
1518	10506	1138	9368
1519	10535	1156	9379
1520	10508	1150	9358
1521	10447	1151	9296
1522	10456	1152	9304
1523	10378	1150	9228
1524	10419	1147	9272
1525	10355	1143	9212
1526	10363	1144	9219
1527	10405	1143	9262
1528	10390	1145	9245
1529	10341	1150	9191
1530	10326	1143	9183
1531	10334	1145	9189
1532	10375	1150	9225
1533	10412	1144	9268
1534	10474	1144	9330
1535	10477	1152	9325
1536	10404	1147	9257
1537	10352	1142	9210
1538	10287	1133	9154
1539	10349	1141	9208
1540	10349	1145	9204
1541	10360	1147	9213
1542	10335	1140	9195
1543	10376	1143	9233
1544	10378	1151	9227
1545	10278	1148	9130
1546	10281	1144	9137
1547	10350	1142	9208
1548	10362	1145	9217
1549	10241	1143	9098
1550	10256	1134	9122
1551	10363	1142	9221
1552	10262	1143	9119
1553	10237	1141	9096
1554	10300	1144	9156
1555	10243	1148	9095
1556	10270	1141	9129
1557	10299	1141	9158
1558	10276	1136	9140
1559	10258	1142	9116
1560	10297	1144	9153
1561	10261	1148	9113
1562	10275	1146	9129
1563	10217	1147	9070
1564	10266	1138	9128
1565	10295	1131	9164
1566	10235	1136	9099
1567	10200	1142	9058
1568	10247	1144	9103
1569	10220	1143	9077
1570	10284	1140	9144
1571	10334	1140	9194
1572	10323	1140	9183
1573	10273	1144	9129
1574	10337	1143	9194
1575	10325	1147	9178
1576	10248	1145	9103
1577	10252	1150	9102
1578	10297	1148	9149
1579	10307	1159	9148
1580	10329	1157	9172
1581	10317	1157	9160
1582	10285	1161	9124
1583	10190	1150	9040
1584	10181	1141	9040
1585	10242	1148	9094
1586	10262	1151	9111
1587	10189	1145	9044
1588	10139	1140	8999
1589	10164	1140	9024
1590	10158	1151	9007
1591	10172	1154	9018
1592	10197	1142	9055
1593	10154	1142	9012
1594	10098	1145	8953
1595	10107	1145	8962
1596	10196	1142	9054
1597	10170	1136	9034
1598	10163	1137	9026
1599	10153	1150	9003
1600	10133	1146	8987
1601	10082	1154	8928
1602	10111	1151	8960
1603	10059	1140	8919
1604	10169	1138	9031
1605	10224	1145	9079
1606	10246	1141	9105
1607	10194	1139	9055
1608	10116	1140	8976
1609	10226	1151	9075
1610	10192	1155	9037
1611	10073	1150	8923
1612	10077	1134	8943
1613	10147	1146	9001
1614	10189	1150	9039
1615	10182	1132	9050
1616	10111	1130	8981
1617	10142	1143	8999
1618	10149	1145	9004
1619	10123	1134	8989
1620	10110	1131	8979
1621	10148	1142	9006
1622	10100	1142	8958
1623	10050	1146	8904
1624	10142	1137	9005
1625	10090	1145	8945
1626	10109	1145	8964
1627	10110	1138	8972
1628	10059	1147	8912
1629	10096	1148	8948
1630	10163	1144	9019
1631	10240	1147	9093
1632	10197	1133	9064
1633	10179	1141	9038
1634	10172	1147	9025
1635	10184	1142	9042
1636	10259	1141	9118
1637	10217	1141	9076
1638	10098	1131	8967
1639	10073	1138	8935
1640	10069	1142	8927
1641	10175	1150	9025
1642	10210	1141	9069
1643	10187	1141	9046
1644	10261	1144	9117
1645	10188	1152	9036
1646	10205	1145	9060
1647	10219	1141	9078
1648	10202	1142	9060
1649	10203	1145	9058
1650	10307	1142	9165
1651	10274	1147	9127
1652	10232	1151	9081
1653	10265	1145	9120
1654	10288	1136	9152
1655	10289	1131	9158
1656	10335	1143	9192
1657	10245	1143	9102
1658	10216	1141	9075
1659	10248	1143	9105
1660	10275	1137	9138
1661	10303	1143	9160
1662	10370	1137	9233
1663	10372	1134	9238
1664	10319	1150	9169
1665	10261	1151	9110
1666	10358	1140	9218
1667	10387	1142	9245
1668	10321	1151	9170
1669	10311	1151	9160
1670	10311	1139	9172
1671	10354	1128	9226
1672	10313	1138	9175
1673	10281	1142	9139
1674	10282	1147	9135
1675	10279	1145	9134
1676	10274	1136	9138
1677	10328	1134	9194
1678	10331	1138	9193
1679	10380	1130	9250
1680	10344	1126	9218
1681	10384	1144	9240
1682	10346	1148	9198
1683	10330	1142	9188
1684	10410	1147	9263
1685	10447	1141	9306
1686	10378	1144	9234
1687	10300	1139	9161
1688	10462	1142	9320
1689	10565	1143	9422
1690	10508	1131	9377
1691	10463	1142	9321
1692	10501	1151	9350
1693	10477	1142	9335
1694	10383	1145	9238
1695	10540	1148	9392
1696	10503	1139	9364
1697	10529	1143	9386
1698	10515	1147	9368
1699	10503	1151	9352
1700	10535	1142	9393
1701	10408	1141	9267
1702	10442	1139	9303
1703	10528	1139	9389
1704	10452	1143	9309
1705	10448	1145	9303
1706	10483	1137	9346
1707	10483	1143	9340
1708	10544	1155	9389
1709	10597	1151	9446
1710	10610	1152	9458
1711	10606	1147	9459
1712	10575	1147	9428
1713	10626	1144	9482
1714	10568	1151	9417
1715	10625	1148	9477
1716	10587	1143	9444
1717	10507	1148	9359
1718	10502	1146	9356
1719	10624	1148	9476
1720	10677	1144	9533
1721	10655	1144	9511
1722	10582	1143	9439
1723	10563	1141	9422
1724	10598	1138	9460
1725	10656	1151	9505
1726	10601	1151	9450
1727	10585	1139	9446
1728	10598	1140	9458
1729	10595	1150	9445
1730	10709	1147	9562
1731	10783	1148	9635
1732	10738	1158	9580
1733	10698	1145	9553
1734	10654	1143	9511
1735	10725	1151	9574
1736	10799	1135	9664
1737	10782	1139	9643
1738	10819	1137	9682
1739	10761	1140	9621
1740	10775	1142	9633
1741	10745	1145	9600
1742	10723	1148	9575
1743	10829	1153	9676
1744	10782	1139	9643
1745	10856	1138	9718
1746	10953	1153	9800
1747	10929	1157	9772
1748	10807	1152	9655
1749	10804	1152	9652
1750	10895	1158	9737
1751	10999	1155	9844
1752	10932	1139	9793
1753	10865	1142	9723
1754	10914	1146	9768
1755	10980	1149	9831
1756	10988	1145	9843
1757	10915	1141	9774
1758	10935	1139	9796
1759	10933	1146	9787
1760	11062	1150	9912
1761	11113	1141	9972
1762	10969	1151	9818
1763	10990	1150	9840
1764	11091	1144	9947
1765	11044	1148	9896
1766	11036	1142	9894
1767	10977	1132	9845
1768	11061	1131	9930
1769	11071	1134	9937
1770	10993	1143	9850
1771	11063	1147	9916
1772	11034	1148	9886
1773	11047	1143	9904
1774	11019	1140	9879
1775	11040	1142	9898
1776	11073	1149	9924
1777	11085	1154	9931
1778	11066	1144	9922
1779	11079	1139	9940
1780	11096	1140	9956
1781	11171	1145	10026
1782	11233	1151	10082
1783	11132	1151	9981
1784	11126	1149	9977
1785	11190	1156	10034
1786	11237	1144	10093
1787	11273	1144	10129
1788	11287	1142	10145
1789	11214	1146	10068
1790	11259	1151	10108
1791	11262	1150	10112
1792	11245	1146	10099
1793	11250	1145	10105
1794	11271	1150	10121
1795	11260	1145	10115
1796	11328	1132	10196
1797	11401	1141	10260
1798	11477	1144	10333
1799	11454	1146	10308
1800	11325	1135	10190
1801	11424	1148	10276
1802	11510	1154	10356
1803	11457	1151	10306
1804	11478	1144	10334
1805	11397	1137	10260
1806	11423	1136	10287
1807	11397	1140	10257
1808	11351	1144	10207
1809	11370	1144	10226
1810	11424	1141	10283
1811	11447	1146	10301
1812	11442	1140	10302
1813	11291	1132	10159
1814	11276	1140	10136
1815	11362	1145	10217
1816	11403	1143	10260
1817	11415	1147	10268
1818	11503	1135	10368
1819	11484	1142	10342
1820	11358	1144	10214
1821	11346	1144	10202
1822	11520	1154	10366
1823	11503	1150	10353
1824	11557	1144	10413
1825	11601	1138	10463
1826	11621	1129	10492
1827	11552	1145	10407
1828	11527	1140	10387
1829	11623	1143	10480
1830	11707	1137	10570
1831	11682	1140	10542
1832	11713	1138	10575
1833	11739	1140	10599
1834	11658	1141	10517
1835	11708	1133	10575
1836	11777	1141	10636
1837	11724	1147	10577
1838	11800	1134	10666
1839	11808	1139	10669
1840	11761	1142	10619
1841	11753	1135	10618
1842	11779	1137	10642
1843	11732	1146	10586
1844	11788	1150	10638
1845	11797	1143	10654
1846	11761	1135	10626
1847	11741	1139	10602
1848	11830	1150	10680
1849	11777	1153	10624
1850	11820	1153	10667
1851	11841	1148	10693
1852	11941	1141	10800
1853	11906	1138	10768
1854	11878	1143	10735
1855	11790	1146	10644
1856	11761	1147	10614
1857	11795	1138	10657
1858	11832	1137	10695
1859	11800	1137	10663
1860	11804	1139	10665
1861	11818	1157	10661
1862	11876	1152	10724
1863	11884	1136	10748
1864	11805	1147	10658
1865	11829	1150	10679
1866	11889	1135	10754
1867	11956	1137	10819
1868	11862	1143	10719
1869	11864	1136	10728
1870	11936	1137	10799
1871	11930	1145	10785
1872	11942	1139	10803
1873	11917	1144	10773
1874	11910	1149	10761
1875	11989	1149	10840
1876	12002	1147	10855
1877	11981	1142	10839
1878	12064	1142	10922
1879	12132	1144	10988
1880	12133	1153	10980
1881	12171	1149	11022
1882	12141	1143	10998
1883	12104	1141	10963
1884	12086	1152	10934
1885	12113	1151	10962
1886	12023	1150	10873
1887	12006	1144	10862
1888	12042	1136	10906
1889	12139	1149	10990
1890	12147	1150	10997
1891	12122	1138	10984
1892	12056	1133	10923
1893	11999	1145	10854
1894	11974	1151	10823
1895	12013	1149	10864
1896	12051	1148	10903
1897	12037	1144	10893
1898	11993	1138	10855
1899	12051	1145	10906
1900	12084	1143	10941
1901	12124	1142	10982
1902	12175	1140	11035
1903	12076	1135	10941
1904	11967	1124	10843
1905	11961	1130	10831
1906	12065	1131	10934
1907	12193	1142	11051
1908	12206	1141	11065
1909	12173	1139	11034
1910	12144	1150	10994
1911	12172	1148	11024
1912	12135	1145	10990
1913	12111	1136	10975
1914	12129	1140	10989
1915	12218	1141	11077
1916	12204	1136	11068
1917	12206	1145	11061
1918	12201	1142	11059
1919	12307	1140	11167
1920	12309	1146	11163
1921	12341	1143	11198
1922	12373	1146	11227
1923	12260	1133	11127
1924	12247	1138	11109
1925	12344	1149	11195
1926	12339	1141	11198
1927	12390	1140	11250
1928	12307	1139	11168
1929	12401	1136	11265
1930	12431	1136	11295
1931	12377	1134	11243
1932	12405	1130	11275
1933	12402	1134	11268
1934	12424	1142	11282
1935	12394	1149	11245
1936	12392	1143	11249
1937	12460	1138	11322
1938	12319	1135	11184
1939	12322	1139	11183
1940	12357	1143	11214
1941	12226	1141	11085
1942	12265	1133	11132
1943	12305	1140	11165
1944	12371	1147	11224
1945	12387	1155	11232
1946	12384	1143	11241
1947	12489	1145	11344
1948	12376	1155	11221
1949	12356	1154	11202
1950	12325	1145	11180
1951	12313	1145	11168
1952	12463	1148	11315
1953	12491	1146	11345
1954	12448	1142	11306
1955	12400	1138	11262
1956	12452	1143	11309
1957	12552	1135	11417
1958	12419	1141	11278
1959	12497	1142	11355
1960	12423	1137	11286
1961	12398	1149	11249
1962	12377	1147	11230
1963	12427	1140	11287
1964	12336	1152	11184
1965	12330	1147	11183
1966	12394	1138	11256
1967	12256	1137	11119
1968	12269	1147	11122
1969	12209	1144	11065
1970	12139	1141	10998
1971	12145	1137	11008
1972	12081	1141	10940
1973	12084	1135	10949
1974	12145	1138	11007
1975	12169	1136	11033
1976	12160	1131	11029
1977	12263	1140	11123
1978	12196	1133	11063
1979	12190	1136	11054
1980	12283	1148	11135
1981	12265	1143	11122
1982	12368	1145	11223
1983	12369	1151	11218
1984	12262	1140	11122
1985	12362	1138	11224
1986	12390	1132	11258
1987	12324	1125	11199
1988	12386	1130	11256
1989	12438	1144	11294
1990	12442	1145	11297
1991	12476	1147	11329
1992	12534	1146	11388
1993	12545	1147	11398
1994	12495	1145	11350
1995	12468	1141	11327
1996	12486	1147	11339
1997	12396	1145	11251
1998	12372	1148	11224
1999	12423	1148	11275
2000	12451	1138	11313
2001	12345	1133	11212
2002	12296	1137	11159
2003	12321	1144	11177
2004	12406	1138	11268
2005	12473	1140	11333
2006	12437	1140	11297
2007	12423	1136	11287
2008	12411	1131	11280
2009	12436	1137	11299
2010	12419	1152	11267
2011	12312	1148	11164
2012	12287	1141	11146
2013	12388	1145	11243
2014	12354	1143	11211
2015	12351	1144	11207
2016	12383	1137	11246
2017	12430	1140	11290
2018	12423	1145	11278
2019	12404	1146	11258
2020	12386	1156	11230
2021	12340	1158	11182
2022	12299	1138	11161
2023	12304	1139	11165
2024	12365	1140	11225
2025	12338	1142	11196
2026	12375	1142	11233
2027	12320	1145	11175
2028	12354	1149	11205
2029	12377	1145	11232
2030	12315	1140	11175
2031	12348	1138	11210
2032	12220	1139	11081
2033	12218	1146	11072
2034	12289	1147	11142
2035	12319	1140	11179
2036	12292	1144	11148
2037	12267	1154	11113
2038	12348	1144	11204
2039	12240	1146	11094
2040	12265	1147	11118
2041	12272	1146	11126
2042	12208	1141	11067
2043	12209	1133	11076
2044	12197	1133	11064
2045	12277	1138	11139
2046	12309	1138	11171
2047	12229	1144	11085
2048	12131	1143	10988
2049	12111	1148	10963
2050	12085	1151	10934
2051	12039	1144	10895
2052	12111	1143	10968
2053	12203	1144	11059
2054	12160	1145	11015
2055	12106	1142	10964
2056	12071	1148	10923
2057	12106	1157	10949
2058	12160	1149	11011
2059	12130	1144	10986
2060	12206	1143	11063
2061	12121	1143	10978
2062	12089	1138	10951
2063	12085	1138	10947
2064	12145	1141	11004
2065	12105	1147	10958
2066	12001	1143	10858
2067	12017	1143	10874
2068	11988	1140	10848
2069	11985	1143	10842
2070	12030	1147	10883
2071	12027	1141	10886
2072	11942	1141	10801
2073	11860	1141	10719
2074	11862	1145	10717
2075	11910	1146	10764
2076	12017	1141	10876
2077	11976	1143	10833
2078	11945	1148	10797
2079	11974	1145	10829
2080	11955	1143	10812
2081	11978	1140	10838
2082	11895	1138	10757
2083	11894	1141	10753
2084	11975	1149	10826
2085	11943	1147	10796
2086	11912	1144	10768
2087	11878	1155	10723
2088	11772	1157	10615
2089	11793	1159	10634
2090	11732	1150	10582
2091	11741	1147	10594
2092	11713	1143	10570
2093	11726	1147	10579
2094	11746	1155	10591
2095	11626	1150	10476
2096	11629	1140	10489
2097	11701	1146	10555
2098	11636	1145	10491
2099	11645	1146	10499
2100	11654	1143	10511
2101	11748	1142	10606
2102	11667	1146	10521
2103	11625	1146	10479
2104	11687	1145	10542
2105	11601	1149	10452
2106	11487	1146	10341
2107	11542	1148	10394
2108	11634	1142	10492
2109	11629	1137	10492
2110	11586	1142	10444
2111	11583	1152	10431
2112	11585	1149	10436
2113	11563	1143	10420
2114	11565	1155	10410
2115	11583	1157	10426
2116	11593	1149	10444
2117	11529	1142	10387
2118	11520	1136	10384
2119	11528	1143	10385
2120	11389	1138	10251
2121	11433	1133	10300
2122	11422	1133	10289
2123	11390	1139	10251
2124	11405	1142	10263
2125	11351	1143	10208
2126	11405	1138	10267
2127	11410	1151	10259
2128	11331	1165	10166
2129	11336	1155	10181
2130	11340	1143	10197
2131	11358	1149	10209
2132	11301	1145	10156
2133	11277	1152	10125
2134	11303	1147	10156
2135	11379	1143	10236
2136	11335	1146	10189
2137	11292	1146	10146
2138	11271	1143	10128
2139	11274	1146	10128
2140	11220	1154	10066
2141	11134	1154	9980
2142	11157	1164	9993
2143	11247	1147	10100
2144	11170	1140	10030
2145	11118	1144	9974
2146	11068	1140	9928
2147	11089	1144	9945
2148	11156	1142	10014
2149	11179	1152	10027
2150	11153	1148	10005
2151	11125	1144	9981
2152	11071	1135	9936
2153	11115	1148	9967
2154	11057	1151	9906
2155	11021	1146	9875
2156	11027	1152	9875
2157	10998	1148	9850
2158	10995	1141	9854
2159	10973	1152	9821
2160	10955	1146	9809
2161	10962	1146	9816
2162	10863	1146	9717
2163	10816	1142	9674
2164	10880	1139	9741
2165	10908	1146	9762
2166	10835	1151	9684
2167	10812	1141	9671
2168	10702	1146	9556
2169	10671	1141	9530
2170	10758	1138	9620
2171	10795	1139	9656
2172	10724	1143	9581
2173	10737	1138	9599
2174	10754	1139	9615
2175	10775	1152	9623
2176	10796	1149	9647
2177	10729	1148	9581
2178	10650	1145	9505
2179	10574	1150	9424
2180	10494	1145	9349
2181	10547	1144	9403
2182	10609	1156	9453
2183	10641	1146	9495
2184	10618	1140	9478
2185	10651	1147	9504
2186	10690	1152	9538
2187	10705	1155	9550
2188	10671	1149	9522
2189	10646	1149	9497
2190	10604	1149	9455
2191	10603	1138	9465
2192	10658	1142	9516
2193	10649	1141	9508
2194	10614	1138	9476
2195	10612	1145	9467
2196	10514	1144	9370
2197	10496	1140	9356
2198	10489	1134	9355
2199	10476	1137	9339
2200	10514	1150	9364
2201	10449	1145	9304
2202	10397	1136	9261
2203	10420	1136	9284
2204	10403	1147	9256
2205	10309	1151	9158
2206	10349	1141	9208
2207	10256	1140	9116
2208	10201	1138	9063
2209	10146	1139	9007
2210	10174	1144	9030
2211	10176	1152	9024
2212	10128	1150	8978
2213	10224	1147	9077
2214	10224	1150	9074
2215	10075	1154	8921
2216	10020	1149	8871
2217	9993	1144	8849
2218	9888	1138	8750
2219	9877	1128	8749
2220	9817	1137	8680
2221	9603	1146	8457
2222	9518	1141	8377
2223	9453	1137	8316
2224	9389	1140	8249
2225	9313	1141	8172
2226	9211	1145	8066
2227	9050	1145	7905
2228	8999	1145	7854
2229	8884	1152	7732
2230	8791	1146	7645
2231	8821	1139	7682
2232	8772	1144	7628
2233	8690	1147	7543
2234	8728	1141	7587
2235	8718	1142	7576
2236	8653	1142	7511
2237	8692	1148	7544
2238	8586	1139	7447
2239	8555	1134	7421
2240	8544	1134	7410
2241	8547	1144	7403
2242	8501	1145	7356
2243	8507	1156	7351
2244	8462	1149	7313
2245	8462	1145	7317
2246	8554	1148	7406
2247	8652	1139	7513
2248	8681	1140	7541
2249	8751	1140	7611
2250	8838	1135	7703
2251	8910	1138	7772
2252	9000	1147	7853
2253	9107	1137	7970
2254	9156	1135	8021
2255	9279	1141	8138
2256	9322	1147	8175
2257	9368	1157	8211
2258	9446	1155	8291
2259	9487	1148	8339
2260	9558	1136	8422
2261	9537	1131	8406
2262	9628	1147	8481
2263	9657	1147	8510
2264	9759	1141	8618
2265	9766	1147	8619
2266	9711	1158	8553
2267	9743	1152	8591
2268	9850	1141	8709
2269	9783	1147	8636
2270	9809	1146	8663
2271	9791	1149	8642
2272	9730	1144	8586
2273	9665	1148	8517
2274	9665	1147	8518
2275	9689	1138	8551
2276	9742	1137	8605
2277	9755	1149	8606
2278	9724	1145	8579
2279	9772	1141	8631
2280	9801	1149	8652
2281	9752	1150	8602
2282	9721	1153	8568
2283	9701	1151	8550
2284	9744	1148	8596
2285	9748	1136	8612
2286	9718	1140	8578
2287	9656	1147	8509
2288	9688	1151	8537
2289	9785	1149	8636
2290	9791	1145	8646
2291	9727	1149	8578
2292	9696	1153	8543
2293	9648	1147	8501
2294	9656	1147	8509
2295	9684	1159	8525
2296	9577	1148	8429
2297	9581	1145	8436
2298	9583	1144	8439
2299	9563	1148	8415
2300	9615	1139	8476
2301	9619	1138	8481
2302	9542	1138	8404
2303	9475	1143	8332
2304	9477	1142	8335
2305	9521	1152	8369
2306	9538	1149	8389
2307	9542	1138	8404
2308	9523	1134	8389
2309	9480	1131	8349
2310	9438	1133	8305
2311	9380	1139	8241
2312	9385	1139	8246
2313	9385	1139	8246
2314	9429	1151	8278
2315	9402	1150	8252
2316	9363	1149	8214
2317	9359	1148	8211
2318	9422	1146	8276
2319	9413	1143	8270
2320	9310	1142	8168
2321	9352	1143	8209
2322	9378	1147	8231
2323	9320	1154	8166
2324	9405	1138	8267
2325	9348	1145	8203
2326	9286	1152	8134
2327	9281	1165	8116
2328	9359	1168	8191
2329	9296	1155	8141
2330	9239	1140	8099
2331	9252	1137	8115
2332	9266	1144	8122
2333	9300	1143	8157
2334	9258	1142	8116
2335	9229	1149	8080
2336	9247	1155	8092
2337	9218	1149	8069
2338	9185	1153	8032
2339	9170	1152	8018
2340	9279	1140	8139
2341	9255	1138	8117
2342	9197	1129	8068
2343	9248	1129	8119
2344	9299	1138	8161
2345	9229	1140	8089
2346	9076	1143	7933
2347	9089	1152	7937
2348	9285	1148	8137
2349	9244	1144	8100
2350	9110	1139	7971
2351	9109	1157	7952
2352	9130	1150	7980
2353	9203	1139	8064
2354	9212	1143	8069
2355	9155	1148	8007
2356	9154	1146	8008
2357	9127	1145	7982
2358	9067	1139	7928
2359	9100	1152	7948
2360	9144	1155	7989
2361	9066	1144	7922
2362	9091	1138	7953
2363	9093	1144	7949
2364	9085	1143	7942
2365	9083	1141	7942
2366	9071	1140	7931
2367	9000	1140	7860
2368	9046	1143	7903
2369	9016	1147	7869
2370	8979	1139	7840
2371	8950	1129	7821
2372	8996	1133	7863
2373	8945	1137	7808
2374	9040	1138	7902
2375	9044	1143	7901
2376	8975	1148	7827
2377	8985	1142	7843
2378	8930	1141	7789
2379	8924	1148	7776
2380	8970	1153	7817
2381	8943	1160	7783
2382	8962	1158	7804
2383	8898	1148	7750
2384	8921	1149	7772
2385	8866	1150	7716
2386	8866	1151	7715
2387	8843	1154	7689
2388	8855	1145	7710
2389	8843	1153	7690
2390	8746	1157	7589
2391	8756	1145	7611
2392	8864	1152	7712
2393	8796	1156	7640
2394	8849	1145	7704
2395	8921	1141	7780
2396	9002	1139	7863
2397	9016	1148	7868
2398	8906	1149	7757
2399	8885	1148	7737
2400	8830	1147	7683
2401	8863	1147	7716
2402	8847	1145	7702
2403	8813	1147	7666
2404	8869	1142	7727
2405	8909	1139	7770
2406	8837	1129	7708
2407	8860	1138	7722
2408	8844	1144	7700
2409	8775	1142	7633
2410	8803	1153	7650
2411	8855	1161	7694
2412	8790	1149	7641
2413	8821	1136	7685
2414	8788	1129	7659
2415	8822	1138	7684
2416	8767	1145	7622
2417	8743	1145	7598
2418	8798	1141	7657
2419	8809	1145	7664
2420	8828	1128	7700
2421	8770	1141	7629
2422	8707	1140	7567
2423	8700	1137	7563
2424	8703	1136	7567
2425	8825	1145	7680
2426	8837	1146	7691
2427	8737	1149	7588
2428	8738	1140	7598
2429	8731	1141	7590
2430	8772	1141	7631
2431	8758	1135	7623
2432	8673	1142	7531
2433	8708	1134	7574
2434	8732	1128	7604
2435	8780	1134	7646
2436	8777	1140	7637
2437	8737	1145	7592
2438	8721	1135	7586
2439	8706	1138	7568
2440	8722	1135	7587
2441	8773	1143	7630
2442	8759	1150	7609
2443	8695	1147	7548
2444	8742	1138	7604
2445	8711	1143	7568
2446	8739	1138	7601
2447	8769	1129	7640
2448	8812	1141	7671
2449	8805	1137	7668
2450	8732	1143	7589
2451	8740	1148	7592
2452	8742	1147	7595
2453	8729	1144	7585
2454	8663	1133	7530
2455	8579	1141	7438
2456	8685	1140	7545
2457	8797	1145	7652
2458	8751	1148	7603
2459	8629	1151	7478
2460	8712	1141	7571
2461	8711	1134	7577
2462	8655	1137	7518
2463	8758	1140	7618
2464	8781	1149	7632
2465	8755	1146	7609
2466	8838	1140	7698
2467	8852	1144	7708
2468	8834	1142	7692
2469	8739	1149	7590
2470	8819	1145	7674
2471	8925	1142	7783
2472	8881	1151	7730
2473	8819	1146	7673
2474	8822	1142	7680
2475	8791	1144	7647
2476	8810	1136	7674
2477	8843	1143	7700
2478	8787	1145	7642
2479	8704	1149	7555
2480	8808	1140	7668
2481	8835	1130	7705
2482	8777	1141	7636
2483	8751	1147	7604
2484	8810	1135	7675
2485	8846	1136	7710
2486	8851	1142	7709
2487	8834	1148	7686
2488	8842	1144	7698
2489	8887	1147	7740
2490	8899	1141	7758
2491	8839	1149	7690
2492	8867	1141	7726
2493	8908	1138	7770
2494	8876	1143	7733
2495	8885	1138	7747
2496	8860	1148	7712
2497	8844	1151	7693
2498	8931	1143	7788
2499	8961	1140	7821
2500	8923	1139	7784
2501	8913	1142	7771
2502	8893	1141	7752
2503	8910	1139	7771
2504	8968	1138	7830
2505	8933	1144	7789
2506	8867	1137	7730
2507	8909	1135	7774
2508	8934	1138	7796
2509	8996	1140	7856
2510	9002	1129	7873
2511	8974	1132	7842
2512	8836	1141	7695
2513	8884	1147	7737
2514	8982	1143	7839
2515	8930	1141	7789
2516	8888	1142	7746
2517	8890	1149	7741
2518	8918	1139	7779
2519	8961	1143	7818
2520	8931	1153	7778
2521	9059	1152	7907
2522	9075	1143	7932
2523	9038	1144	7894
2524	9085	1149	7936
2525	8996	1143	7853
2526	8979	1135	7844
2527	9039	1142	7897
2528	9037	1140	7897
2529	9010	1140	7870
2530	9041	1138	7903
2531	8993	1139	7854
2532	9020	1147	7873
2533	9072	1144	7928
2534	9124	1147	7977
2535	9148	1147	8001
2536	9185	1154	8031
2537	9113	1146	7967
2538	9050	1138	7912
2539	9066	1146	7920
2540	9095	1141	7954
2541	9084	1142	7942
2542	9101	1148	7953
2543	9075	1140	7935
2544	9031	1137	7894
2545	9026	1151	7875
2546	9088	1148	7940
2547	9104	1143	7961
2548	9083	1138	7945
2549	9109	1139	7970
2550	9153	1129	8024
2551	9092	1128	7964
2552	9109	1130	7979
2553	9195	1143	8052
2554	9174	1148	8026
2555	9216	1148	8068
2556	9123	1146	7977
2557	9144	1150	7994
2558	9203	1148	8055
2559	9173	1143	8030
2560	9150	1143	8007
2561	9253	1134	8119
2562	9199	1137	8062
2563	9195	1141	8054
2564	9157	1144	8013
2565	9174	1142	8032
2566	9174	1145	8029
2567	9235	1142	8093
2568	9293	1141	8152
2569	9241	1138	8103
2570	9226	1149	8077
2571	9261	1147	8114
2572	9277	1143	8134
2573	9280	1150	8130
2574	9325	1153	8172
2575	9318	1145	8173
2576	9240	1137	8103
2577	9252	1137	8115
2578	9285	1135	8150
2579	9233	1142	8091
2580	9244	1150	8094
2581	9279	1149	8130
2582	9276	1144	8132
2583	9370	1142	8228
2584	9343	1143	8200
2585	9270	1141	8129
2586	9309	1148	8161
2587	9333	1150	8183
2588	9288	1149	8139
2589	9332	1152	8180
2590	9288	1145	8143
2591	9389	1144	8245
2592	9370	1143	8227
2593	9353	1137	8216
2594	9396	1133	8263
2595	9361	1137	8224
2596	9395	1139	8256
2597	9343	1142	8201
2598	9341	1142	8199
2599	9402	1132	8270
2600	9362	1126	8236
2601	9337	1139	8198
2602	9394	1142	8252
2603	9425	1142	8283
2604	9460	1146	8314
2605	9395	1147	8248
2606	9436	1148	8288
2607	9339	1138	8201
2608	9299	1135	8164
2609	9388	1142	8246
2610	9368	1134	8234
2611	9404	1139	8265
2612	9449	1149	8300
2613	9393	1140	8253
2614	9454	1143	8311
2615	9412	1147	8265
2616	9457	1149	8308
2617	9528	1162	8366
2618	9449	1149	8300
2619	9313	1150	8163
2620	9254	1150	8104
2621	9389	1141	8248
2622	9513	1137	8376
2623	9460	1141	8319
2624	9423	1141	8282
2625	9453	1147	8306
2626	9380	1148	8232
2627	9431	1144	8287
2628	9535	1139	8396
2629	9462	1144	8318
2630	9444	1140	8304
2631	9408	1140	8268
2632	9400	1149	8251
2633	9444	1145	8299
2634	9568	1147	8421
2635	9518	1149	8369
2636	9469	1142	8327
2637	9476	1143	8333
2638	9512	1156	8356
2639	9464	1154	8310
2640	9511	1136	8375
2641	9562	1138	8424
2642	9501	1146	8355
2643	9503	1145	8358
2644	9480	1142	8338
2645	9512	1151	8361
2646	9536	1143	8393
2647	9507	1145	8362
2648	9467	1147	8320
2649	9475	1151	8324
2650	9502	1142	8360
2651	9583	1143	8440
2652	9575	1135	8440
2653	9502	1140	8362
2654	9489	1136	8353
2655	9502	1136	8366
2656	9474	1155	8319
2657	9444	1153	8291
2658	9490	1154	8336
2659	9538	1150	8388
2660	9433	1140	8293
2661	9502	1142	8360
2662	9495	1144	8351
2663	9530	1145	8385
2664	9559	1152	8407
2665	9506	1147	8359
2666	9509	1153	8356
2667	9563	1155	8408
2668	9500	1148	8352
2669	9434	1146	8288
2670	9428	1150	8278
2671	9498	1149	8349
2672	9460	1144	8316
2673	9506	1147	8359
2674	9474	1163	8311
2675	9349	1152	8197
2676	9357	1143	8214
2677	9481	1143	8338
2678	9530	1144	8386
2679	9429	1143	8286
2680	9506	1142	8364
2681	9505	1150	8355
2682	9426	1157	8269
2683	9444	1153	8291
2684	9496	1142	8354
2685	9426	1150	8276
2686	9434	1148	8286
2687	9372	1153	8219
2688	9360	1160	8200
2689	9404	1153	8251
2690	9433	1148	8285
2691	9474	1139	8335
2692	9409	1135	8274
2693	9342	1136	8206
2694	9441	1149	8292
2695	9388	1149	8239
2696	9363	1144	8219
2697	9350	1139	8211
2698	9343	1137	8206
2699	9394	1140	8254
2700	9388	1142	8246
2701	9408	1144	8264
2702	9390	1137	8253
2703	9348	1143	8205
2704	9336	1150	8186
2705	9345	1141	8204
2706	9294	1138	8156
2707	9318	1142	8176
2708	9364	1143	8221
2709	9317	1143	8174
2710	9346	1139	8207
2711	9319	1140	8179
2712	9321	1137	8184
2713	9395	1138	8257
2714	9396	1145	8251
2715	9344	1153	8191
2716	9361	1143	8218
2717	9336	1137	8199
2718	9319	1140	8179
2719	9255	1148	8107
2720	9234	1155	8079
2721	9314	1149	8165
2722	9298	1152	8146
2723	9333	1152	8181
2724	9364	1148	8216
2725	9294	1140	8154
2726	9217	1140	8077
2727	9204	1139	8065
2728	9230	1122	8108
2729	9226	1130	8096
2730	9207	1142	8065
2731	9349	1148	8201
2732	9315	1140	8175
2733	9177	1147	8030
2734	9168	1151	8017
2735	9219	1139	8080
2736	9123	1143	7980
2737	9128	1143	7985
2738	9163	1138	8025
2739	9158	1138	8020
2740	9121	1138	7983
2741	9164	1146	8018
2742	9142	1152	7990
2743	9164	1149	8015
2744	9106	1145	7961
2745	9034	1161	7873
2746	9066	1161	7905
2747	9059	1147	7912
2748	9117	1140	7977
2749	9062	1148	7914
2750	9021	1149	7872
2751	9065	1144	7921
2752	9057	1143	7914
2753	9008	1157	7851
2754	8996	1151	7845
2755	8931	1154	7777
2756	8891	1152	7739
2757	8904	1139	7765
2758	8925	1148	7777
2759	8970	1153	7817
2760	8965	1146	7819
2761	8897	1150	7747
2762	8954	1148	7806
2763	8872	1146	7726
2764	8879	1146	7733
2765	8875	1141	7734
2766	8836	1137	7699
2767	8886	1139	7747
2768	8911	1144	7767
2769	8902	1141	7761
2770	8810	1133	7677
2771	8821	1140	7681
2772	8890	1143	7747
2773	8910	1140	7770
2774	8866	1137	7729
2775	8847	1134	7713
2776	8878	1147	7731
2777	8858	1142	7716
2778	8797	1133	7664
2779	8771	1145	7626
2780	8785	1136	7649
2781	8747	1145	7602
2782	8668	1140	7528
2783	8738	1135	7603
2784	8822	1153	7669
2785	8802	1151	7651
2786	8704	1132	7572
2787	8711	1139	7572
2788	8721	1142	7579
2789	8702	1140	7562
2790	8705	1143	7562
2791	8760	1137	7623
2792	8734	1143	7591
2793	8619	1150	7469
2794	8573	1147	7426
2795	8605	1146	7459
2796	8617	1146	7471
2797	8635	1154	7481
2798	8579	1142	7437
2799	8580	1139	7441
2800	8606	1136	7470
2801	8583	1147	7436
2802	8578	1150	7428
2803	8558	1149	7409
2804	8540	1151	7389
2805	8571	1145	7426
2806	8566	1146	7420
2807	8599	1153	7446
2808	8669	1147	7522
2809	8540	1144	7396
2810	8431	1141	7290
2811	8454	1143	7311
2812	8457	1146	7311
2813	8393	1146	7247
2814	8416	1141	7275
2815	8443	1133	7310
2816	8363	1135	7228
2817	8344	1144	7200
2818	8319	1154	7165
2819	8259	1155	7104
2820	8260	1142	7118
2821	8224	1150	7074
2822	8359	1147	7212
2823	8434	1146	7288
2824	8338	1142	7196
2825	8206	1139	7067
2826	8262	1144	7118
2827	8278	1151	7127
2828	8264	1144	7120
2829	8239	1144	7095
2830	8140	1149	6991
2831	8201	1142	7059
2832	8308	1142	7166
2833	8189	1150	7039
2834	8136	1156	6980
2835	8123	1153	6970
2836	8078	1150	6928
2837	8087	1155	6932
2838	8085	1156	6929
2839	8058	1155	6903
2840	8029	1149	6880
2841	7982	1144	6838
2842	8010	1146	6864
2843	8044	1149	6895
2844	7976	1144	6832
2845	7877	1142	6735
2846	7907	1137	6770
2847	7925	1147	6778
2848	7930	1141	6789
2849	7880	1138	6742
2850	7861	1150	6711
2851	7900	1145	6755
2852	7842	1128	6714
2853	7763	1130	6633
2854	7768	1143	6625
2855	7789	1139	6650
2856	7874	1139	6735
2857	7859	1140	6719
2858	7767	1141	6626
2859	7774	1140	6634
2860	7779	1143	6636
2861	7669	1152	6517
2862	7711	1150	6561
2863	7744	1145	6599
2864	7713	1139	6574
2865	7665	1153	6512
2866	7604	1158	6446
2867	7552	1152	6400
2868	7528	1151	6377
2869	7524	1154	6370
2870	7485	1151	6334
2871	7459	1150	6309
2872	7479	1137	6342
2873	7513	1143	6370
2874	7604	1134	6470
2875	7543	1139	6404
2876	7469	1141	6328
2877	7397	1148	6249
2878	7369	1151	6218
2879	7433	1146	6287
2880	7384	1139	6245
2881	7332	1140	6192
2882	7322	1139	6183
2883	7350	1144	6206
2884	7248	1141	6107
2885	7256	1135	6121
2886	7261	1145	6116
2887	7278	1157	6121
2888	7242	1137	6105
2889	7190	1129	6061
2890	7116	1134	5982
2891	7191	1147	6044
2892	7134	1148	5986
2893	7057	1150	5907
2894	7053	1154	5899
2895	7073	1147	5926
2896	7025	1144	5881
2897	7018	1152	5866
2898	6964	1148	5816
2899	6880	1144	5736
2900	6911	1145	5766
2901	6939	1138	5801
2902	6905	1138	5767
2903	6846	1136	5710
2904	6807	1146	5661
2905	6868	1153	5715
2906	6924	1147	5777
2907	6934	1148	5786
2908	6828	1141	5687
2909	6745	1146	5599
2910	6765	1141	5624
2911	6727	1138	5589
2912	6698	1148	5550
2913	6718	1144	5574
2914	6670	1149	5521
2915	6690	1148	5542
2916	6763	1146	5617
2917	6707	1144	5563
2918	6687	1138	5549
2919	6640	1139	5501
2920	6650	1138	5512
2921	6683	1138	5545
2922	6583	1145	5438
2923	6573	1147	5426
2924	6613	1155	5458
2925	6568	1149	5419
2926	6529	1141	5388
2927	6488	1140	5348
2928	6538	1140	5398
2929	6525	1136	5389
2930	6535	1142	5393
2931	6501	1140	5361
2932	6394	1149	5245
2933	6383	1150	5233
2934	6406	1147	5259
2935	6407	1154	5253
2936	6396	1148	5248
2937	6327	1145	5182
2938	6297	1144	5153
2939	6332	1153	5179
2940	6298	1146	5152
2941	6217	1143	5074
2942	6165	1143	5022
2943	6132	1138	4994
2944	6113	1141	4972
2945	6111	1151	4960
2946	6016	1147	4869
2947	5997	1149	4848
2948	6083	1145	4938
2949	6039	1142	4897
2950	6030	1141	4889
2951	5990	1143	4847
2952	5920	1143	4777
2953	5941	1141	4800
2954	5958	1135	4823
2955	5996	1141	4855
2956	6027	1147	4880
2957	5939	1138	4801
2958	5901	1139	4762
2959	5904	1145	4759
2960	5848	1150	4698
2961	5887	1148	4739
2962	5888	1147	4741
2963	5863	1151	4712
2964	5779	1151	4628
2965	5785	1142	4643
2966	5784	1136	4648
2967	5776	1147	4629
2968	5735	1142	4593
2969	5739	1136	4603
2970	5725	1130	4595
2971	5743	1143	4600
2972	5777	1150	4627
2973	5711	1148	4563
2974	5610	1146	4464
2975	5578	1150	4428
2976	5556	1154	4402
2977	5549	1156	4393
2978	5561	1148	4413
2979	5553	1147	4406
2980	5512	1157	4355
2981	5476	1155	4321
2982	5468	1149	4319
2983	5502	1153	4349
2984	5445	1147	4298
2985	5381	1149	4232
2986	5430	1148	4282
2987	5450	1140	4310
2988	5421	1137	4284
2989	5445	1139	4306
2990	5401	1145	4256
2991	5346	1147	4199
2992	5314	1140	4174
2993	5285	1147	4138
2994	5209	1140	4069
2995	5155	1146	4009
2996	5118	1150	3968
2997	5072	1143	3929
2998	5022	1138	3884
2999	5015	1135	3880
3000	4980	1144	3836
3001	4923	1143	3780
3002	4943	1137	3806
3003	4929	1143	3786
3004	4909	1143	3766
3005	4911	1139	3772
3006	4893	1137	3756
3007	4892	1151	3741
3008	4886	1151	3735
3009	4922	1146	3776
3010	4899	1134	3765
3011	4905	1136	3769
3012	4988	1137	3851
3013	4969	1145	3824
3014	4955	1138	3817
3015	4897	1149	3748
3016	4815	1146	3669
3017	4726	1150	3576
3018	4746	1153	3593
3019	4752	1145	3607
3020	4747	1138	3609
3021	4758	1141	3617
3022	4779	1141	3638
3023	4764	1142	3622
3024	4692	1140	3552
3025	4642	1142	3500
3026	4667	1144	3523
3027	4623	1152	3471
3028	4656	1147	3509
3029	4629	1151	3478
3030	4594	1151	3443
3031	4546	1144	3402
3032	4516	1132	3384
3033	4513	1135	3378
3034	4485	1144	3341
3035	4470	1139	3331
3036	4465	1132	3333
3037	4398	1147	3251
3038	4353	1145	3208
3039	4318	1158	3160
3040	4368	1156	3212
3041	4334	1146	3188
3042	4346	1137	3209
3043	4371	1139	3232
3044	4285	1143	3142
3045	4233	1142	3091
3046	4275	1143	3132
3047	4290	1148	3142
3048	4179	1147	3032
3049	4137	1143	2994
3050	4172	1140	3032
3051	4178	1138	3040
3052	4185	1137	3048
3053	4153	1128	3025
3054	4092	1137	2955
3055	4072	1155	2917
3056	4036	1146	2890
3057	4048	1142	2906
3058	4049	1151	2898
3059	3996	1154	2842
3060	3927	1147	2780
3061	3926	1143	2783
3062	3915	1146	2769
3063	3872	1146	2726
3064	3845	1141	2704
3065	3822	1141	2681
3066	3838	1145	2693
3067	3825	1143	2682
3068	3770	1140	2630
3069	3719	1136	2583
3070	3729	1139	2590
3071	3692	1142	2550
3072	3637	1144	2493
3073	3637	1155	2482
3074	3662	1150	2512
3075	3634	1153	2481
3076	3579	1151	2428
3077	3577	1141	2436
3078	3543	1132	2411
3079	3511	1155	2356
3080	3502	1155	2347
3081	3462	1153	2309
3082	3499	1149	2350
3083	3465	1145	2320
3084	3442	1141	2301
3085	3382	1143	2239
3086	3359	1148	2211
3087	3325	1144	2181
3088	3354	1146	2208
3089	3372	1145	2227
3090	3303	1144	2159
3091	3252	1146	2106
3092	3278	1150	2128
3093	3281	1147	2134
3094	3214	1141	2073
3095	3186	1147	2039
3096	3181	1154	2027
3097	3139	1147	1992
3098	3106	1144	1962
3099	3086	1142	1944
3100	3105	1143	1962
3101	3108	1146	1962
3102	3100	1139	1961
3103	3086	1137	1949
3104	3008	1143	1865
3105	2961	1139	1822
3106	2996	1137	1859
3107	2997	1139	1858
3108	2945	1141	1804
3109	2913	1143	1770
3110	2886	1146	1740
3111	2850	1139	1711
3112	2837	1143	1694
3113	2869	1140	1729
3114	2854	1139	1715
3115	2799	1143	1656
3116	2774	1136	1638
3117	2755	1141	1614
3118	2703	1139	1564
3119	2710	1142	1568
3120	2743	1140	1603
3121	2668	1143	1525
3122	2664	1138	1526
3123	2651	1136	1515
3124	2599	1142	1457
3125	2560	1143	1417
3126	2548	1140	1408
3127	2571	1142	1429
3128	2568	1143	1425
3129	2516	1142	1374
3130	2494	1136	1358
3131	2524	1136	1388
3132	2478	1144	1334
3133	2472	1148	1324
3134	2466	1138	1328
3135	2423	1145	1278
3136	2379	1151	1228
3137	2415	1141	1274
3138	2372	1141	1231
3139	2319	1140	1179
3140	2353	1133	1220
3141	2355	1144	1211
3142	2313	1135	1178
3143	2293	1136	1157
3144	2263	1145	1118
3145	2237	1148	1089
3146	2226	1147	1079
3147	2251	1145	1106
3148	2229	1143	1086
3149	2220	1140	1080
3150	2181	1137	1044
3151	2153	1133	1020
3152	2138	1141	997
3153	2158	1151	1007
3154	2128	1142	986
3155	2092	1147	945
3156	2082	1149	933
3157	2070	1146	924
3158	2052	1151	901
3159	2022	1148	874
3160	1989	1139	850
3161	1997	1136	861
3162	1996	1140	856
3163	1977	1149	828
3164	1963	1153	810
3165	1957	1149	808
3166	1976	1146	830
3167	1989	1140	849
3168	1949	1136	813
3169	1922	1138	784
3170	1908	1143	765
3171	1872	1144	728
3172	1863	1134	729
3173	1859	1142	717
3174	1860	1147	713
3175	1830	1139	691
3176	1796	1141	655
3177	1793	1144	649
3178	1762	1145	617
3179	1760	1149	611
3180	1790	1148	642
3181	1765	1140	625
3182	1740	1142	598
3183	1731	1150	581
3184	1712	1145	567
3185	1706	1144	562
3186	1715	1138	577
3187	1673	1140	533
3188	1645	1136	509
3189	1665	1131	534
3190	1630	1137	493
3191	1626	1149	477
3192	1609	1147	462
3193	1597	1138	459
3194	1584	1139	445
3195	1568	1153	415
3196	1559	1142	417
3197	1564	1147	417
3198	1566	1146	420
3199	1551	1144	407
3200	1517	1153	364
3201	1521	1161	360
3202	1536	1149	387
3203	1522	1132	390
3204	1519	1134	385
3205	1514	1140	374
3206	1515	1143	372
3207	1500	1138	362
3208	1487	1136	351
3209	1484	1139	345
3210	1488	1140	348
3211	1473	1148	325
3212	1468	1144	324
3213	1450	1148	302
3214	1459	1139	320
3215	1447	1143	304
3216	1446	1142	304
3217	1454	1142	312
3218	1435	1139	296
3219	1431	1137	294
3220	1437	1138	299
3221	1410	1137	273
3222	1404	1142	262
3223	1404	1147	257
3224	1412	1151	261
3225	1407	1150	257
3226	1407	1147	260
3227	1414	1151	263
3228	1425	1157	268
3229	1388	1152	236
3230	1378	1137	241
3231	1393	1142	251
3232	1402	1140	262
3233	1396	1142	254
3234	1388	1140	248
3235	1380	1141	239
3236	1390	1130	260
3237	1373	1135	238
3238	1377	1146	231
3239	1400	1152	248
3240	1370	1148	222
3241	1377	1151	226
3242	1401	1146	255
3243	1370	1139	231
3244	1375	1142	233
3245	1378	1145	233
3246	1385	1145	240
3247	1378	1136	242
3248	1375	1132	243
3249	1369	1142	227
3250	1378	1146	232
3251	1363	1136	227
3252	1358	1138	220
3253	1373	1149	224
3254	1369	1139	230
3255	1329	1150	179
3256	1331	1146	185
3257	1341	1126	215
3258	1367	1134	233
3259	1343	1151	192
3260	1347	1150	197
3261	1328	1149	179
3262	1316	1145	171
3263	1342	1146	196
3264	1355	1140	215
3265	1334	1145	189
3266	1330	1152	178
3267	1326	1147	179
3268	1315	1147	168
3269	1319	1153	166
3270	1326	1146	180
3271	1329	1136	193
3272	1343	1129	214
3273	1330	1125	205
3274	1349	1136	213
3275	1340	1153	187
3276	1335	1145	190
3277	1315	1138	177
3278	1307	1142	165
3279	1320	1138	182
3280	1326	1140	186
3281	1336	1149	187
3282	1346	1142	204
3283	1342	1142	200
3284	1322	1155	167
3285	1353	1147	206
3286	1334	1151	183
3287	1312	1153	159
3288	1340	1142	198
3289	1338	1141	197
3290	1335	1145	190
3291	1342	1135	207
3292	1336	1137	199
3293	1344	1138	206
3294	1350	1135	215
3295	1354	1142	212
3296	1345	1141	204
3297	1345	1147	198
3298	1340	1141	199
3299	1311	1143	168
3300	1334	1148	186
3301	1331	1144	187
3302	1315	1148	167
3303	1321	1141	180
3304	1314	1149	165
3305	1329	1133	196
3306	1328	1118	210
3307	1315	1131	184
3308	1332	1140	192
3309	1336	1136	200
3310	1330	1141	189
3311	1331	1145	186
3312	1337	1140	197
3313	1329	1147	182
3314	1323	1149	174
3315	1325	1149	176
3316	1317	1148	169
3317	1303	1143	160
3318	1302	1149	153
3319	1302	1149	153
3320	1290	1142	148
3321	1286	1140	146
3322	1299	1143	156
3323	1318	1145	173
3324	1297	1137	160
3325	1304	1137	167
3326	1308	1144	164
3327	1305	1143	162
3328	1287	1136	151
3329	1288	1137	151
3330	1292	1144	148
3331	1310	1149	161
3332	1325	1136	189
3333	1306	1137	169
3334	1311	1143	168
3335	1323	1140	183
3336	1304	1134	170
3337	1305	1135	170
3338	1334	1140	194
3339	1308	1139	169
3340	1310	1144	166
3341	1319	1157	162
3342	1318	1145	173
3343	1298	1141	157
3344	1293	1139	154
3345	1284	1143	141
3346	1270	1140	130
3347	1298	1139	159
3348	1308	1142	166
3349	1304	1152	152
3350	1321	1149	172
3351	1319	1146	173
3352	1331	1144	187
3353	1323	1145	178
3354	1305	1144	161
3355	1298	1143	155
3356	1297	1143	154
3357	1297	1141	156
3358	1312	1150	162
3359	1309	1149	160
3360	1306	1147	159
3361	1306	1149	157
3362	1311	1140	171
3363	1312	1142	170
3364	1315	1144	171
3365	1295	1147	148
3366	1289	1157	132
3367	1303	1153	150
3368	1284	1145	139
3369	1280	1147	133
3370	1317	1140	177
3371	1321	1150	171
3372	1284	1141	143
3373	1322	1136	186
3374	1301	1147	154
3375	1286	1157	129
3376	1298	1144	154
3377	1309	1143	166
3378	1314	1143	171
3379	1317	1140	177
3380	1306	1137	169
3381	1299	1140	159
3382	1289	1132	157
3383	1297	1142	155
3384	1307	1147	160
3385	1305	1139	166
3386	1294	1137	157
3387	1297	1146	151
3388	1299	1148	151
3389	1302	1137	165
3390	1268	1146	122
3391	1270	1151	119
3392	1280	1146	134
3393	1268	1142	126
3394	1278	1140	138
3395	1279	1138	141
3396	1264	1140	124
3397	1251	1141	110
3398	1263	1142	121
3399	1291	1148	143
3400	1312	1146	166
3401	1308	1144	164
3402	1295	1146	149
3403	1286	1143	143
3404	1276	1136	140
3405	1283	1150	133
3406	1295	1153	142
3407	1296	1151	145
3408	1290	1154	136
3409	1271	1156	115
3410	1281	1150	131
3411	1279	1141	138
3412	1289	1144	145
3413	1299	1141	158
3414	1296	1149	147
3415	1297	1150	147
3416	1291	1136	155
3417	1286	1143	143
3418	1277	1139	138
3419	1275	1134	141
3420	1265	1134	131
3421	1279	1139	140
3422	1298	1144	154
3423	1277	1145	132
3424	1254	1140	114
3425	1253	1142	111
3426	1249	1145	104
3427	1268	1144	124
3428	1287	1152	135
3429	1292	1145	147
3430	1276	1139	137
3431	1267	1142	125
3432	1272	1151	121
3433	1287	1144	143
3434	1281	1146	135
3435	1274	1157	117
3436	1278	1157	121
3437	1263	1149	114
3438	1247	1152	95
3439	1263	1152	111
3440	1247	1140	107
3441	1241	1142	99
3442	1259	1147	112
3443	1265	1142	123
3444	1281	1145	136
3445	1268	1146	122
3446	1275	1142	133
3447	1294	1139	155
3448	1293	1135	158
3449	1286	1139	147
3450	1289	1140	149
3451	1277	1130	147
3452	1253	1133	120
3453	1272	1137	135
3454	1281	1144	137
3455	1264	1141	123
3456	1251	1140	111
3457	1250	1142	108
3458	1246	1139	107
3459	1284	1143	141
3460	1284	1141	143
3461	1267	1144	123
3462	1256	1147	109
3463	1277	1141	136
3464	1269	1145	124
3465	1257	1143	114
3466	1270	1147	123
3467	1296	1140	156
3468	1294	1129	165
3469	1250	1133	117
3470	1242	1137	105
3471	1243	1137	106
3472	1249	1132	117
3473	1253	1144	109
3474	1261	1140	121
3475	1251	1140	111
3476	1238	1141	97
3477	1238	1148	90
3478	1237	1139	98
3479	1249	1132	117
3480	1250	1148	102
3481	1243	1149	94
3482	1232	1145	87
3483	1235	1138	97
3484	1236	1146	90
3485	1224	1149	75
3486	1242	1142	100
3487	1242	1144	98
3488	1253	1145	108
3489	1252	1154	98
3490	1240	1143	97
3491	1231	1137	94
3492	1245	1141	104
3493	1233	1143	90
3494	1231	1139	92
3495	1247	1149	98
3496	1238	1155	83
3497	1240	1143	97
3498	1257	1147	110
3499	1239	1148	91
3500	1236	1141	95
3501	1225	1151	74
3502	1244	1150	94
3503	1255	1148	107
3504	1259	1147	112
3505	1239	1140	99
3506	1232	1141	91
3507	1224	1143	81
3508	1231	1140	91
3509	1263	1145	118
3510	1242	1148	94
3511	1207	1144	63
3512	1246	1144	102
3513	1250	1141	109
3514	1243	1138	105
3515	1231	1142	89
3516	1245	1142	103
3517	1241	1141	100
3518	1251	1142	109
3519	1243	1140	103
3520	1222	1137	85
3521	1231	1141	90
3522	1226	1141	85
3523	1236	1141	95
3524	1254	1147	107
3525	1241	1149	92
3526	1250	1143	107
3527	1249	1141	108
3528	1240	1131	109
3529	1235	1128	107
3530	1229	1131	98
3531	1243	1138	105
3532	1233	1143	90
3533	1227	1145	82
3534	1235	1141	94
3535	1225	1147	78
3536	1214	1142	72
3537	1217	1140	77
3538	1216	1147	69
3539	1230	1152	78
3540	1250	1147	103
3541	1229	1148	81
3542	1253	1142	111
3543	1254	1146	108
3544	1230	1152	78
3545	1234	1142	92
3546	1240	1135	105
3547	1241	1132	109
3548	1242	1134	108
3549	1237	1131	106
3550	1248	1142	106
3551	1247	1151	96
3552	1214	1143	71
3553	1218	1148	70
3554	1240	1143	97
3555	1233	1139	94
3556	1232	1126	106
3557	1225	1138	87
3558	1227	1153	74
3559	1225	1153	72
3560	1217	1145	72
3561	1194	1144	50
3562	1212	1138	74
3563	1235	1139	96
3564	1230	1143	87
3565	1204	1152	52
3566	1213	1147	66
3567	1236	1140	96
3568	1236	1153	83
3569	1216	1156	60
3570	1225	1146	79
3571	1230	1144	86
3572	1226	1148	78
3573	1194	1148	46
3574	1206	1143	63
3575	1223	1148	75
3576	1230	1156	74
3577	1229	1156	73
3578	1221	1144	77
3579	1226	1147	79
3580	1209	1142	67
3581	1204	1141	63
3582	1224	1139	85
3583	1237	1140	97
3584	1251	1141	110
3585	1227	1135	92
3586	1235	1144	91
3587	1219	1141	78
3588	1214	1138	76
3589	1224	1138	86
3590	1231	1145	86
3591	1217	1142	75
3592	1245	1142	103
3593	1250	1150	100
3594	1232	1142	90
3595	1213	1146	67
3596	1219	1154	65
3597	1222	1164	58
3598	1227	1149	78
3599	1220	1147	73
3600	1215	1136	79
3601	1223	1138	85
3602	1210	1142	68
3603	1215	1144	71
3604	1218	1147	71
3605	1186	1137	49
3606	1211	1144	67
3607	1225	1153	72
3608	1220	1159	61
3609	1204	1156	48
3610	1199	1145	54
3611	1192	1135	57
3612	1188	1135	53
3613	1189	1144	45
3614	1186	1146	40
3615	1200	1147	53
3616	1216	1143	73
3617	1228	1147	81
3618	1225	1142	83
3619	1220	1130	90
3620	1209	1138	71
3621	1200	1141	59
3622	1230	1138	92
3623	1229	1143	86
3624	1232	1143	89
3625	1258	1140	118
3626	1203	1138	65
3627	1214	1140	74
3628	1224	1145	79
3629	1210	1151	59
3630	1206	1149	57
3631	1215	1148	67
3632	1229	1152	77
3633	1208	1151	57
3634	1197	1141	56
3635	1208	1143	65
3636	1237	1152	85
3637	1221	1152	69
3638	1208	1150	58
3639	1219	1153	66
3640	1228	1159	69
3641	1224	1148	76
3642	1214	1143	71
3643	1233	1148	85
3644	1217	1147	70
3645	1182	1143	39
3646	1164	1143	21
3647	1186	1141	45
3648	1200	1147	53
