index	original	background	difference
-----------------------------------------------------
1	1169	1160	9
2	1189	1166	23
3	1177	1164	13
4	1187	1164	23
5	1159	1162	-3
6	1172	1160	12
7	1181	1155	26
8	1186	1150	36
9	1183	1155	28
10	1176	1162	14
11	1199	1169	30
12	1211	1163	48
13	1197	1171	26
14	1186	1170	16
15	1177	1167	10
16	1173	1168	5
17	1169	1172	-3
18	1178	1172	6
19	1182	1169	13
20	1222	1175	47
21	1226	1174	52
22	1223	1173	50
23	1209	1175	34
24	1210	1171	39
25	1200	1167	33
26	1208	1162	46
27	1217	1164	53
28	1190	1169	21
29	1194	1175	19
30	1192	1180	12
31	1208	1184	24
32	1225	1181	44
33	1205	1181	24
34	1196	1182	14
35	1188	1185	3
36	1192	1183	9
37	1177	1182	-5
38	1194	1183	11
39	1218	1186	32
40	1223	1180	43
41	1217	1179	38
42	1223	1181	42
43	1205	1185	20
44	1216	1173	43
45	1225	1176	49
46	1203	1183	20
47	1194	1183	11
48	1200	1180	20
49	1198	1178	20
50	1203	1185	18
51	1213	1193	20
52	1222	1183	39
53	1225	1185	40
54	1238	1183	55
55	1195	1181	14
56	1222	1188	34
57	1225	1190	35
58	1235	1185	50
59	1218	1195	23
60	1215	1194	21
61	1225	1183	42
62	1225	1184	41
63	1207	1185	22
64	1200	1192	8
65	1191	1194	-3
66	1203	1183	20
67	1213	1186	27
68	1215	1183	32
69	1204	1186	18
70	1214	1185	29
71	1208	1185	23
72	1192	1188	4
73	1191	1194	-3
74	1182	1193	-11
75	1204	1186	18
76	1209	1189	20
77	1212	1194	18
78	1209	1193	16
79	1209	1193	16
80	1200	1185	15
81	1195	1193	2
82	1217	1202	15
83	1220	1189	31
84	1200	1178	22
85	1187	1183	4
86	1203	1184	19
87	1187	1189	-2
88	1187	1190	-3
89	1220	1185	35
90	1228	1190	38
91	1208	1183	25
92	1201	1189	12
93	1199	1201	-2
94	1210	1193	17
95	1203	1188	15
96	1197	1185	12
97	1210	1195	15
98	1215	1201	14
99	1206	1211	-5
100	1208	1201	7
101	1188	1192	-4
102	1204	1188	16
103	1215	1191	24
104	1223	1188	35
105	1222	1191	31
106	1214	1201	13
107	1190	1201	-11
108	1199	1200	-1
109	1182	1196	-14
110	1207	1192	15
111	1212	1193	19
112	1215	1197	18
113	1206	1193	13
114	1200	1196	4
115	1216	1192	24
116	1214	1195	19
117	1197	1194	3
118	1201	1202	-1
119	1215	1200	15
120	1224	1194	30
121	1220	1195	25
122	1210	1194	16
123	1218	1192	26
124	1226	1201	25
125	1214	1204	10
126	1227	1196	31
127	1231	1194	37
128	1211	1197	14
129	1189	1193	-4
130	1206	1190	16
131	1225	1191	34
132	1202	1197	5
133	1206	1197	9
134	1214	1190	24
135	1197	1189	8
136	1208	1186	22
137	1219	1185	34
138	1227	1184	43
139	1201	1197	4
140	1194	1203	-9
141	1233	1194	39
142	1254	1199	55
143	1235	1204	31
144	1232	1189	43
145	1216	1189	27
146	1205	1199	6
147	1193	1198	-5
148	1207	1199	8
149	1203	1202	1
150	1219	1190	29
151	1220	1190	30
152	1226	1195	31
153	1198	1198	0
154	1209	1204	5
155	1216	1210	6
156	1219	1206	13
157	1200	1202	-2
158	1202	1201	1
159	1207	1202	5
160	1194	1187	7
161	1171	1189	-18
162	1172	1186	-14
163	1188	1193	-5
164	1215	1201	14
165	1226	1198	28
166	1216	1199	17
167	1225	1200	25
168	1227	1191	36
169	1204	1193	11
170	1188	1188	0
171	1184	1187	-3
172	1201	1193	8
173	1220	1193	27
174	1229	1195	34
175	1216	1199	17
176	1229	1194	35
177	1229	1192	37
178	1212	1187	25
179	1227	1184	43
180	1234	1196	38
181	1226	1194	32
182	1215	1194	21
183	1222	1199	23
184	1234	1196	38
185	1224	1199	25
186	1208	1193	15
187	1222	1195	27
188	1214	1194	20
189	1201	1199	2
190	1227	1188	39
191	1211	1193	18
192	1211	1196	15
193	1220	1192	28
194	1237	1189	48
195	1216	1202	14
196	1211	1206	5
197	1217	1200	17
198	1204	1194	10
199	1193	1199	-6
200	1216	1192	24
201	1204	1194	10
202	1218	1201	17
203	1225	1197	28
204	1211	1198	13
205	1204	1200	4
206	1214	1201	13
207	1217	1201	16
208	1215	1196	19
209	1213	1204	9
210	1214	1200	14
211	1211	1195	16
212	1225	1195	30
213	1212	1205	7
214	1238	1211	27
215	1252	1198	54
216	1219	1201	18
217	1205	1204	1
218	1236	1204	32
219	1226	1207	19
220	1213	1192	21
221	1207	1186	21
222	1218	1181	37
223	1223	1189	34
224	1214	1187	27
225	1218	1191	27
226	1214	1188	26
227	1205	1191	14
228	1228	1194	34
229	1216	1194	22
230	1205	1195	10
231	1214	1194	20
232	1219	1194	25
233	1209	1194	15
234	1214	1195	19
235	1214	1199	15
236	1228	1193	35
237	1223	1195	28
238	1220	1198	22
239	1199	1197	2
240	1215	1197	18
241	1208	1198	10
242	1199	1197	2
243	1213	1198	15
244	1212	1198	14
245	1210	1192	18
246	1202	1184	18
247	1195	1187	8
248	1226	1191	35
249	1240	1198	42
250	1239	1194	45
251	1228	1193	35
252	1226	1194	32
253	1216	1200	16
254	1207	1184	23
255	1221	1189	32
256	1211	1195	16
257	1202	1204	-2
258	1240	1202	38
259	1236	1198	38
260	1213	1204	9
261	1214	1203	11
262	1190	1193	-3
263	1194	1197	-3
264	1219	1197	22
265	1208	1189	19
266	1205	1192	13
267	1209	1202	7
268	1223	1192	31
269	1209	1196	13
270	1202	1201	1
271	1217	1196	21
272	1220	1195	25
273	1210	1201	9
274	1207	1197	10
275	1210	1203	7
276	1214	1204	10
277	1213	1196	17
278	1216	1191	25
279	1223	1199	24
280	1211	1199	12
281	1193	1189	4
282	1203	1195	8
283	1210	1198	12
284	1187	1205	-18
285	1191	1201	-10
286	1224	1185	39
287	1225	1191	34
288	1212	1190	22
289	1233	1188	45
290	1239	1190	49
291	1217	1188	29
292	1217	1187	30
293	1216	1192	24
294	1230	1192	38
295	1213	1198	15
296	1212	1195	17
297	1221	1199	22
298	1227	1201	26
299	1199	1201	-2
300	1203	1193	10
301	1208	1192	16
302	1223	1203	20
303	1220	1203	17
304	1210	1191	19
305	1213	1187	26
306	1236	1192	44
307	1221	1197	24
308	1207	1195	12
309	1195	1197	-2
310	1192	1194	-2
311	1200	1193	7
312	1219	1201	18
313	1206	1195	11
314	1197	1189	8
315	1206	1198	8
316	1229	1203	26
317	1206	1204	2
318	1210	1203	7
319	1221	1200	21
320	1222	1196	26
321	1225	1195	30
322	1211	1198	13
323	1195	1198	-3
324	1206	1188	18
325	1210	1194	16
326	1218	1199	19
327	1230	1200	30
328	1213	1201	12
329	1212	1197	15
330	1232	1192	40
331	1231	1195	36
332	1202	1195	7
333	1193	1197	-4
334	1227	1195	32
335	1206	1191	15
336	1183	1198	-15
337	1184	1203	-19
338	1202	1199	3
339	1193	1197	-4
340	1185	1202	-17
341	1190	1200	-10
342	1196	1197	-1
343	1207	1200	7
344	1218	1200	18
345	1208	1199	9
346	1204	1198	6
347	1219	1198	21
348	1219	1199	20
349	1206	1199	7
350	1203	1193	10
351	1215	1197	18
352	1224	1198	26
353	1212	1201	11
354	1233	1190	43
355	1233	1190	43
356	1208	1193	15
357	1200	1206	-6
358	1200	1205	-5
359	1200	1201	-1
360	1214	1199	15
361	1198	1190	8
362	1201	1193	8
363	1212	1198	14
364	1217	1207	10
365	1224	1205	19
366	1212	1196	16
367	1204	1199	5
368	1216	1198	18
369	1206	1192	14
370	1216	1199	17
371	1217	1204	13
372	1216	1201	15
373	1201	1196	5
374	1210	1195	15
375	1217	1198	19
376	1220	1201	19
377	1216	1209	7
378	1217	1204	13
379	1203	1205	-2
380	1204	1199	5
381	1218	1203	15
382	1220	1205	15
383	1218	1202	16
384	1199	1201	-2
385	1212	1197	15
386	1211	1200	11
387	1189	1205	-16
388	1192	1200	-8
389	1187	1206	-19
390	1194	1198	-4
391	1195	1193	2
392	1208	1190	18
393	1215	1192	23
394	1217	1200	17
395	1206	1199	7
396	1218	1190	28
397	1210	1202	8
398	1192	1204	-12
399	1222	1195	27
400	1240	1197	43
401	1212	1200	12
402	1205	1202	3
403	1219	1190	29
404	1223	1185	38
405	1200	1194	6
406	1213	1194	19
407	1203	1195	8
408	1202	1197	5
409	1215	1200	15
410	1200	1208	-8
411	1221	1197	24
412	1210	1192	18
413	1219	1200	19
414	1220	1204	16
415	1198	1200	-2
416	1204	1208	-4
417	1198	1206	-8
418	1202	1195	7
419	1220	1189	31
420	1225	1193	32
421	1210	1199	11
422	1207	1193	14
423	1203	1205	-2
424	1217	1198	19
425	1226	1201	25
426	1235	1207	28
427	1222	1210	12
428	1194	1201	-7
429	1162	1199	-37
430	1183	1201	-18
431	1194	1203	-9
432	1212	1205	7
433	1217	1203	14
434	1206	1201	5
435	1210	1209	1
436	1225	1202	23
437	1197	1195	2
438	1213	1207	6
439	1202	1207	-5
440	1188	1204	-16
441	1203	1199	4
442	1229	1193	36
443	1231	1200	31
444	1216	1205	11
445	1208	1203	5
446	1227	1199	28
447	1223	1199	24
448	1219	1201	18
449	1230	1196	34
450	1206	1204	2
451	1208	1199	9
452	1228	1199	29
453	1227	1201	26
454	1221	1201	20
455	1233	1199	34
456	1225	1210	15
457	1213	1205	8
458	1234	1200	34
459	1208	1211	-3
460	1205	1208	-3
461	1185	1201	-16
462	1199	1205	-6
463	1202	1210	-8
464	1216	1205	11
465	1204	1204	0
466	1203	1208	-5
467	1195	1211	-16
468	1200	1197	3
469	1210	1197	13
470	1203	1205	-2
471	1196	1206	-10
472	1212	1197	15
473	1192	1198	-6
474	1218	1197	21
475	1231	1202	29
476	1223	1206	17
477	1215	1209	6
478	1202	1206	-4
479	1204	1201	3
480	1222	1202	20
481	1221	1210	11
482	1203	1201	2
483	1207	1198	9
484	1215	1203	12
485	1215	1206	9
486	1214	1204	10
487	1216	1196	20
488	1221	1195	26
489	1202	1198	4
490	1207	1200	7
491	1215	1202	13
492	1212	1210	2
493	1220	1204	16
494	1228	1202	26
495	1202	1204	-2
496	1195	1205	-10
497	1200	1199	1
498	1191	1192	-1
499	1188	1193	-5
500	1196	1184	12
501	1210	1204	6
502	1206	1215	-9
503	1197	1206	-9
504	1239	1188	51
505	1224	1187	37
506	1204	1198	6
507	1219	1212	7
508	1233	1203	30
509	1214	1202	12
510	1187	1200	-13
511	1192	1200	-8
512	1216	1203	13
513	1213	1203	10
514	1207	1193	14
515	1221	1192	29
516	1207	1202	5
517	1200	1208	-8
518	1236	1205	31
519	1229	1207	22
520	1221	1208	13
521	1236	1203	33
522	1242	1202	40
523	1224	1200	24
524	1223	1191	32
525	1212	1198	14
526	1208	1198	10
527	1213	1201	12
528	1206	1198	8
529	1217	1198	19
530	1238	1193	45
531	1212	1193	19
532	1197	1196	1
533	1205	1196	9
534	1206	1201	5
535	1205	1201	4
536	1215	1194	21
537	1211	1202	9
538	1217	1210	7
539	1224	1203	21
540	1229	1198	31
541	1212	1204	8
542	1209	1198	11
543	1231	1199	32
544	1233	1197	36
545	1223	1196	27
546	1233	1194	39
547	1233	1195	38
548	1232	1196	36
549	1201	1199	2
550	1196	1191	5
551	1220	1194	26
552	1242	1196	46
553	1223	1187	36
554	1196	1193	3
555	1199	1205	-6
556	1210	1208	2
557	1209	1195	14
558	1229	1198	31
559	1220	1195	25
560	1214	1196	18
561	1218	1189	29
562	1223	1180	43
563	1220	1198	22
564	1220	1202	18
565	1207	1206	1
566	1208	1203	5
567	1204	1202	2
568	1218	1188	30
569	1240	1192	48
570	1247	1200	47
571	1221	1200	21
572	1213	1198	15
573	1204	1197	7
574	1217	1197	20
575	1216	1204	12
576	1206	1198	8
577	1220	1189	31
578	1220	1197	23
579	1185	1210	-25
580	1197	1208	-11
581	1205	1208	-3
582	1200	1199	1
583	1212	1194	18
584	1211	1201	10
585	1221	1201	20
586	1226	1204	22
587	1223	1211	12
588	1220	1209	11
589	1192	1205	-13
590	1190	1196	-6
591	1208	1195	13
592	1206	1200	6
593	1216	1195	21
594	1220	1196	24
595	1208	1201	7
596	1206	1195	11
597	1207	1203	4
598	1220	1199	21
599	1219	1198	21
600	1221	1188	33
601	1236	1202	34
602	1229	1209	20
603	1199	1207	-8
604	1235	1201	34
605	1237	1201	36
606	1223	1196	27
607	1218	1193	25
608	1235	1208	27
609	1239	1208	31
610	1233	1194	39
611	1222	1198	24
612	1212	1193	19
613	1221	1192	29
614	1220	1200	20
615	1206	1198	8
616	1229	1190	39
617	1218	1195	23
618	1228	1200	28
619	1225	1194	31
620	1220	1193	27
621	1227	1203	24
622	1230	1199	31
623	1216	1198	18
624	1215	1199	16
625	1223	1190	33
626	1223	1191	32
627	1214	1203	11
628	1236	1191	45
629	1219	1195	24
630	1225	1197	28
631	1231	1208	23
632	1227	1206	21
633	1235	1198	37
634	1232	1197	35
635	1227	1193	34
636	1226	1192	34
637	1189	1205	-16
638	1190	1202	-12
639	1199	1196	3
640	1230	1194	36
641	1221	1198	23
642	1220	1200	20
643	1208	1202	6
644	1220	1203	17
645	1221	1201	20
646	1218	1203	15
647	1230	1193	37
648	1232	1199	33
649	1223	1198	25
650	1217	1193	24
651	1204	1202	2
652	1238	1200	38
653	1233	1193	40
654	1244	1198	46
655	1236	1197	39
656	1217	1198	19
657	1241	1201	40
658	1219	1206	13
659	1214	1208	6
660	1252	1197	55
661	1245	1199	46
662	1239	1196	43
663	1235	1196	39
664	1230	1198	32
665	1199	1194	5
666	1219	1183	36
667	1228	1185	43
668	1226	1189	37
669	1218	1196	22
670	1239	1202	37
671	1234	1208	26
672	1214	1209	5
673	1212	1196	16
674	1222	1197	25
675	1243	1196	47
676	1241	1204	37
677	1226	1206	20
678	1231	1202	29
679	1229	1199	30
680	1223	1193	30
681	1247	1198	49
682	1238	1199	39
683	1221	1201	20
684	1207	1190	17
685	1207	1186	21
686	1240	1200	40
687	1246	1208	38
688	1244	1200	44
689	1239	1203	36
690	1240	1198	42
691	1237	1201	36
692	1255	1197	58
693	1230	1206	24
694	1232	1208	24
695	1220	1205	15
696	1213	1198	15
697	1239	1199	40
698	1271	1205	66
699	1272	1207	65
700	1279	1209	70
701	1263	1203	60
702	1280	1203	77
703	1267	1206	61
704	1260	1210	50
705	1253	1213	40
706	1263	1204	59
707	1265	1203	62
708	1276	1204	72
709	1263	1206	57
710	1245	1203	42
711	1236	1202	34
712	1269	1196	73
713	1255	1189	66
714	1252	1194	58
715	1250	1207	43
716	1277	1199	78
717	1282	1194	88
718	1286	1198	88
719	1279	1202	77
720	1277	1198	79
721	1285	1201	84
722	1284	1195	89
723	1279	1203	76
724	1279	1200	79
725	1283	1202	81
726	1265	1209	56
727	1279	1210	69
728	1292	1200	92
729	1272	1199	73
730	1311	1203	108
731	1319	1201	118
732	1314	1196	118
733	1274	1202	72
734	1306	1197	109
735	1324	1193	131
736	1299	1198	101
737	1276	1198	78
738	1293	1201	92
739	1302	1198	104
740	1313	1202	111
741	1333	1197	136
742	1322	1198	124
743	1330	1204	126
744	1359	1198	161
745	1368	1198	170
746	1361	1196	165
747	1360	1198	162
748	1370	1199	171
749	1354	1199	155
750	1361	1200	161
751	1364	1204	160
752	1382	1202	180
753	1398	1203	195
754	1374	1202	172
755	1380	1201	179
756	1403	1194	209
757	1378	1195	183
758	1368	1200	168
759	1376	1213	163
760	1380	1212	168
761	1399	1204	195
762	1397	1198	199
763	1385	1192	193
764	1397	1198	199
765	1402	1199	203
766	1413	1201	212
767	1406	1211	195
768	1396	1206	190
769	1382	1205	177
770	1409	1197	212
771	1425	1193	232
772	1427	1195	232
773	1412	1206	206
774	1406	1204	202
775	1403	1194	209
776	1446	1199	247
777	1445	1201	244
778	1455	1195	260
779	1452	1197	255
780	1466	1203	263
781	1470	1205	265
782	1459	1196	263
783	1472	1192	280
784	1506	1203	303
785	1516	1205	311
786	1489	1194	295
787	1523	1199	324
788	1535	1202	333
789	1545	1201	344
790	1533	1202	331
791	1532	1209	323
792	1594	1201	393
793	1593	1202	391
794	1597	1205	392
795	1607	1200	407
796	1638	1205	433
797	1649	1207	442
798	1609	1202	407
799	1598	1205	393
800	1638	1195	443
801	1634	1186	448
802	1668	1191	477
803	1673	1187	486
804	1650	1195	455
805	1612	1205	407
806	1657	1205	452
807	1670	1199	471
808	1680	1196	484
809	1706	1194	512
810	1695	1193	502
811	1684	1196	488
812	1702	1196	506
813	1675	1198	477
814	1687	1195	492
815	1700	1187	513
816	1687	1188	499
817	1675	1198	477
818	1668	1200	468
819	1658	1188	470
820	1702	1190	512
821	1703	1199	504
822	1699	1201	498
823	1707	1209	498
824	1708	1203	505
825	1721	1194	527
826	1741	1190	551
827	1740	1208	532
828	1768	1211	557
829	1755	1207	548
830	1791	1194	597
831	1797	1200	597
832	1805	1196	609
833	1819	1197	622
834	1847	1208	639
835	1851	1199	652
836	1886	1197	689
837	1925	1200	725
838	1949	1201	748
839	1939	1205	734
840	1935	1201	734
841	1953	1190	763
842	2027	1192	835
843	2024	1198	826
844	2016	1199	817
845	2006	1198	808
846	2006	1201	805
847	2029	1206	823
848	2055	1206	849
849	2045	1216	829
850	2097	1204	893
851	2085	1198	887
852	2059	1196	863
853	2089	1193	896
854	2114	1190	924
855	2118	1207	911
856	2140	1213	927
857	2107	1204	903
858	2094	1201	893
859	2097	1207	890
860	2060	1204	856
861	2053	1198	855
862	2042	1199	843
863	2036	1192	844
864	2013	1195	818
865	1960	1201	759
866	1981	1203	778
867	2016	1203	813
868	1982	1207	775
869	2005	1198	807
870	2026	1194	832
871	2007	1194	813
872	1986	1195	791
873	2001	1208	793
874	2049	1209	840
875	2037	1204	833
876	2045	1195	850
877	2080	1202	878
878	2089	1202	887
879	2121	1197	924
880	2159	1195	964
881	2151	1191	960
882	2126	1200	926
883	2117	1202	915
884	2160	1204	956
885	2175	1198	977
886	2156	1200	956
887	2168	1199	969
888	2181	1195	986
889	2223	1203	1020
890	2264	1196	1068
891	2250	1197	1053
892	2250	1197	1053
893	2268	1194	1074
894	2266	1198	1068
895	2282	1195	1087
896	2340	1205	1135
897	2319	1208	1111
898	2351	1203	1148
899	2376	1197	1179
900	2387	1203	1184
901	2396	1209	1187
902	2360	1202	1158
903	2351	1207	1144
904	2432	1200	1232
905	2477	1197	1280
906	2466	1195	1271
907	2425	1205	1220
908	2452	1203	1249
909	2494	1204	1290
910	2488	1201	1287
911	2498	1204	1294
912	2496	1202	1294
913	2462	1208	1254
914	2473	1196	1277
915	2475	1198	1277
916	2496	1206	1290
917	2481	1206	1275
918	2461	1205	1256
919	2477	1198	1279
920	2486	1202	1284
921	2461	1198	1263
922	2432	1194	1238
923	2394	1189	1205
924	2402	1192	1210
925	2393	1206	1187
926	2388	1208	1180
927	2381	1203	1178
928	2397	1197	1200
929	2350	1201	1149
930	2342	1204	1138
931	2327	1199	1128
932	2329	1196	1133
933	2321	1197	1124
934	2309	1200	1109
935	2316	1195	1121
936	2302	1195	1107
937	2305	1196	1109
938	2251	1201	1050
939	2274	1192	1082
940	2296	1192	1104
941	2283	1200	1083
942	2280	1185	1095
943	2289	1196	1093
944	2291	1201	1090
945	2298	1203	1095
946	2289	1197	1092
947	2277	1197	1080
948	2297	1194	1103
949	2296	1192	1104
950	2260	1196	1064
951	2322	1206	1116
952	2337	1198	1139
953	2380	1198	1182
954	2381	1200	1181
955	2355	1199	1156
956	2377	1198	1179
957	2418	1206	1212
958	2426	1210	1216
959	2465	1199	1266
960	2470	1197	1273
961	2483	1204	1279
962	2489	1198	1291
963	2473	1190	1283
964	2461	1196	1265
965	2514	1201	1313
966	2543	1201	1342
967	2548	1203	1345
968	2560	1184	1376
969	2624	1211	1413
970	2640	1199	1441
971	2611	1200	1411
972	2612	1200	1412
973	2623	1200	1423
974	2653	1193	1460
975	2618	1192	1426
976	2623	1194	1429
977	2630	1196	1434
978	2630	1201	1429
979	2609	1199	1410
980	2619	1192	1427
981	2635	1196	1439
982	2608	1196	1412
983	2575	1198	1377
984	2591	1197	1394
985	2575	1193	1382
986	2575	1193	1382
987	2559	1203	1356
988	2547	1203	1344
989	2491	1203	1288
990	2524	1206	1318
991	2511	1200	1311
992	2467	1196	1271
993	2487	1202	1285
994	2468	1196	1272
995	2441	1196	1245
996	2421	1202	1219
997	2397	1198	1199
998	2409	1203	1206
999	2403	1198	1205
1000	2393	1192	1201
1001	2400	1197	1203
1002	2391	1204	1187
1003	2353	1199	1154
1004	2333	1189	1144
1005	2334	1193	1141
1006	2288	1183	1105
1007	2282	1195	1087
1008	2313	1198	1115
1009	2292	1203	1089
1010	2320	1194	1126
1011	2308	1198	1110
1012	2307	1203	1104
1013	2316	1200	1116
1014	2328	1195	1133
1015	2314	1202	1112
1016	2335	1207	1128
1017	2362	1210	1152
1018	2321	1206	1115
1019	2343	1201	1142
1020	2386	1206	1180
1021	2391	1199	1192
1022	2389	1191	1198
1023	2367	1196	1171
1024	2393	1200	1193
1025	2423	1212	1211
1026	2421	1206	1215
1027	2454	1205	1249
1028	2493	1195	1298
1029	2527	1195	1332
1030	2518	1193	1325
1031	2488	1202	1286
1032	2521	1206	1315
1033	2513	1199	1314
1034	2487	1206	1281
1035	2485	1204	1281
1036	2502	1194	1308
1037	2514	1195	1319
1038	2516	1205	1311
1039	2541	1195	1346
1040	2536	1183	1353
1041	2547	1195	1352
1042	2553	1193	1360
1043	2535	1198	1337
1044	2537	1199	1338
1045	2541	1194	1347
1046	2589	1194	1395
1047	2612	1203	1409
1048	2554	1210	1344
1049	2531	1203	1328
1050	2537	1191	1346
1051	2537	1190	1347
1052	2544	1188	1356
1053	2493	1194	1299
1054	2489	1192	1297
1055	2518	1194	1324
1056	2455	1197	1258
1057	2442	1201	1241
1058	2436	1212	1224
1059	2401	1214	1187
1060	2411	1209	1202
1061	2395	1204	1191
1062	2373	1205	1168
1063	2372	1204	1168
1064	2418	1190	1228
1065	2421	1198	1223
1066	2361	1194	1167
1067	2344	1198	1146
1068	2366	1202	1164
1069	2346	1203	1143
1070	2275	1198	1077
1071	2250	1202	1048
1072	2305	1212	1093
1073	2259	1216	1043
1074	2203	1198	1005
1075	2229	1200	1029
1076	2260	1193	1067
1077	2230	1190	1040
1078	2181	1199	982
1079	2208	1198	1010
1080	2198	1191	1007
1081	2161	1199	962
1082	2140	1198	942
1083	2180	1195	985
1084	2184	1200	984
1085	2185	1196	989
1086	2173	1196	977
1087	2177	1199	978
1088	2203	1210	993
1089	2185	1205	980
1090	2199	1193	1006
1091	2225	1203	1022
1092	2225	1202	1023
1093	2189	1203	986
1094	2187	1200	987
1095	2232	1199	1033
1096	2218	1201	1017
1097	2230	1208	1022
1098	2204	1202	1002
1099	2260	1200	1060
1100	2293	1194	1099
1101	2290	1197	1093
1102	2313	1198	1115
1103	2317	1208	1109
1104	2347	1190	1157
1105	2345	1190	1155
1106	2397	1187	1210
1107	2395	1192	1203
1108	2367	1197	1170
1109	2422	1198	1224
1110	2454	1198	1256
1111	2447	1198	1249
1112	2446	1192	1254
1113	2457	1202	1255
1114	2473	1208	1265
1115	2436	1205	1231
1116	2458	1203	1255
1117	2464	1201	1263
1118	2518	1193	1325
1119	2488	1193	1295
1120	2489	1203	1286
1121	2573	1203	1370
1122	2541	1193	1348
1123	2515	1194	1321
1124	2509	1197	1312
1125	2508	1197	1311
1126	2473	1198	1275
1127	2449	1202	1247
1128	2464	1201	1263
1129	2423	1198	1225
1130	2383	1197	1186
1131	2419	1203	1216
1132	2443	1194	1249
1133	2418	1197	1221
1134	2396	1209	1187
1135	2421	1205	1216
1136	2421	1201	1220
1137	2368	1204	1164
1138	2371	1195	1176
1139	2381	1200	1181
1140	2330	1199	1131
1141	2311	1204	1107
1142	2355	1208	1147
1143	2316	1200	1116
1144	2291	1196	1095
1145	2273	1206	1067
1146	2314	1203	1111
1147	2321	1195	1126
1148	2291	1196	1095
1149	2256	1194	1062
1150	2242	1191	1051
1151	2223	1197	1026
1152	2199	1201	998
1153	2180	1198	982
1154	2207	1192	1015
1155	2185	1193	992
1156	2122	1188	934
1157	2119	1200	919
1158	2154	1201	953
1159	2201	1201	1000
1160	2192	1195	997
1161	2142	1197	945
1162	2153	1185	968
1163	2167	1195	972
1164	2201	1202	999
1165	2174	1190	984
1166	2168	1190	978
1167	2174	1196	978
1168	2195	1188	1007
1169	2195	1194	1001
1170	2154	1191	963
1171	2128	1193	935
1172	2171	1188	983
1173	2180	1184	996
1174	2225	1193	1032
1175	2230	1197	1033
1176	2257	1201	1056
1177	2275	1198	1077
1178	2263	1199	1064
1179	2258	1195	1063
1180	2253	1197	1056
1181	2275	1201	1074
1182	2271	1191	1080
1183	2270	1199	1071
1184	2305	1204	1101
1185	2359	1198	1161
1186	2337	1196	1141
1187	2324	1197	1127
1188	2370	1192	1178
1189	2395	1192	1203
1190	2428	1197	1231
1191	2370	1201	1169
1192	2435	1204	1231
1193	2455	1202	1253
1194	2451	1205	1246
1195	2445	1204	1241
1196	2477	1189	1288
1197	2466	1190	1276
1198	2502	1195	1307
1199	2494	1194	1300
1200	2486	1186	1300
1201	2499	1185	1314
1202	2544	1194	1350
1203	2548	1197	1351
1204	2532	1195	1337
1205	2530	1200	1330
1206	2568	1201	1367
1207	2565	1199	1366
1208	2509	1202	1307
1209	2551	1213	1338
1210	2568	1212	1356
1211	2512	1198	1314
1212	2552	1198	1354
1213	2560	1207	1353
1214	2533	1196	1337
1215	2496	1190	1306
1216	2503	1193	1310
1217	2490	1199	1291
1218	2464	1200	1264
1219	2438	1201	1237
1220	2470	1200	1270
1221	2468	1197	1271
1222	2451	1197	1254
1223	2428	1192	1236
1224	2398	1181	1217
1225	2431	1189	1242
1226	2405	1201	1204
1227	2414	1213	1201
1228	2392	1208	1184
1229	2366	1204	1162
1230	2312	1196	1116
1231	2311	1192	1119
1232	2316	1194	1122
1233	2298	1200	1098
1234	2313	1203	1110
1235	2327	1198	1129
1236	2325	1200	1125
1237	2305	1203	1102
1238	2289	1182	1107
1239	2264	1191	1073
1240	2278	1198	1080
1241	2282	1200	1082
1242	2266	1202	1064
1243	2272	1196	1076
1244	2252	1183	1069
1245	2241	1190	1051
1246	2266	1199	1067
1247	2268	1205	1063
1248	2263	1197	1066
1249	2243	1194	1049
1250	2210	1189	1021
1251	2205	1193	1012
1252	2242	1192	1050
1253	2253	1192	1061
1254	2232	1185	1047
1255	2242	1198	1044
1256	2222	1202	1020
1257	2235	1200	1035
1258	2257	1199	1058
1259	2270	1194	1076
1260	2250	1199	1051
1261	2250	1208	1042
1262	2227	1200	1027
1263	2242	1196	1046
1264	2262	1182	1080
1265	2255	1197	1058
1266	2284	1203	1081
1267	2273	1210	1063
1268	2301	1206	1095
1269	2327	1203	1124
1270	2334	1199	1135
1271	2337	1194	1143
1272	2345	1193	1152
1273	2365	1202	1163
1274	2354	1197	1157
1275	2373	1191	1182
1276	2369	1198	1171
1277	2403	1192	1211
1278	2440	1193	1247
1279	2425	1196	1229
1280	2419	1193	1226
1281	2438	1202	1236
1282	2419	1199	1220
1283	2410	1200	1210
1284	2450	1200	1250
1285	2435	1190	1245
1286	2478	1194	1284
1287	2483	1208	1275
1288	2489	1206	1283
1289	2491	1214	1277
1290	2505	1207	1298
1291	2535	1204	1331
1292	2563	1196	1367
1293	2545	1191	1354
1294	2564	1192	1372
1295	2573	1196	1377
1296	2570	1203	1367
1297	2563	1210	1353
1298	2571	1203	1368
1299	2598	1195	1403
1300	2597	1195	1402
1301	2581	1202	1379
1302	2550	1203	1347
1303	2557	1202	1355
1304	2575	1200	1375
1305	2583	1200	1383
1306	2534	1203	1331
1307	2551	1200	1351
1308	2551	1201	1350
1309	2560	1186	1374
1310	2564	1189	1375
1311	2508	1197	1311
1312	2540	1192	1348
1313	2539	1193	1346
1314	2501	1195	1306
1315	2545	1194	1351
1316	2525	1193	1332
1317	2492	1197	1295
1318	2469	1203	1266
1319	2442	1197	1245
1320	2432	1193	1239
1321	2451	1189	1262
1322	2407	1197	1210
1323	2397	1208	1189
1324	2440	1205	1235
1325	2403	1191	1212
1326	2387	1197	1190
1327	2388	1205	1183
1328	2375	1194	1181
1329	2331	1193	1138
1330	2334	1207	1127
1331	2297	1197	1100
1332	2296	1200	1096
1333	2298	1203	1095
1334	2275	1193	1082
1335	2290	1199	1091
1336	2277	1206	1071
1337	2277	1201	1076
1338	2277	1208	1069
1339	2255	1207	1048
1340	2226	1197	1029
1341	2202	1203	999
1342	2198	1198	1000
1343	2182	1198	984
1344	2166	1204	962
1345	2149	1201	948
1346	2155	1198	957
1347	2168	1200	968
1348	2174	1202	972
1349	2144	1201	943
1350	2147	1195	952
1351	2160	1195	965
1352	2172	1206	966
1353	2190	1205	985
1354	2171	1194	977
1355	2149	1193	956
1356	2161	1198	963
1357	2158	1193	965
1358	2100	1192	908
1359	2103	1201	902
1360	2149	1194	955
1361	2163	1186	977
1362	2190	1200	990
1363	2183	1197	986
1364	2151	1196	955
1365	2127	1205	922
1366	2198	1206	992
1367	2233	1198	1035
1368	2197	1208	989
1369	2168	1207	961
1370	2195	1201	994
1371	2195	1197	998
1372	2179	1191	988
1373	2180	1201	979
1374	2206	1198	1008
1375	2239	1194	1045
1376	2249	1193	1056
1377	2240	1209	1031
1378	2238	1199	1039
1379	2226	1198	1028
1380	2252	1199	1053
1381	2296	1203	1093
1382	2310	1206	1104
1383	2291	1201	1090
1384	2298	1201	1097
1385	2289	1195	1094
1386	2297	1195	1102
1387	2353	1204	1149
1388	2370	1198	1172
1389	2361	1199	1162
1390	2363	1207	1156
1391	2353	1203	1150
1392	2371	1200	1171
1393	2401	1201	1200
1394	2398	1201	1197
1395	2414	1204	1210
1396	2405	1204	1201
1397	2408	1205	1203
1398	2416	1198	1218
1399	2400	1187	1213
1400	2427	1185	1242
1401	2433	1193	1240
1402	2387	1196	1191
1403	2397	1204	1193
1404	2436	1211	1225
1405	2445	1215	1230
1406	2447	1217	1230
1407	2431	1209	1222
1408	2443	1208	1235
1409	2451	1211	1240
1410	2467	1206	1261
1411	2462	1193	1269
1412	2450	1193	1257
1413	2426	1198	1228
1414	2455	1200	1255
1415	2496	1196	1300
1416	2482	1197	1285
1417	2446	1199	1247
1418	2471	1199	1272
1419	2469	1212	1257
1420	2459	1202	1257
1421	2418	1200	1218
1422	2429	1200	1229
1423	2456	1201	1255
1424	2434	1200	1234
1425	2437	1210	1227
1426	2410	1198	1212
1427	2390	1199	1191
1428	2344	1198	1146
1429	2360	1188	1172
1430	2357	1194	1163
1431	2373	1212	1161
1432	2333	1209	1124
1433	2292	1195	1097
1434	2317	1197	1120
1435	2295	1195	1100
1436	2291	1198	1093
1437	2277	1196	1081
1438	2253	1189	1064
1439	2243	1194	1049
1440	2277	1198	1079
1441	2268	1193	1075
1442	2232	1205	1027
1443	2218	1204	1014
1444	2229	1182	1047
1445	2198	1196	1002
1446	2185	1200	985
1447	2193	1201	992
1448	2209	1202	1007
1449	2184	1198	986
1450	2163	1192	971
1451	2173	1201	972
1452	2174	1202	972
1453	2151	1200	951
1454	2153	1190	963
1455	2158	1189	969
1456	2123	1198	925
1457	2133	1203	930
1458	2075	1200	875
1459	2074	1193	881
1460	2084	1198	886
1461	2057	1209	848
1462	2109	1198	911
1463	2093	1193	900
1464	2089	1199	890
1465	2109	1201	908
1466	2093	1195	898
1467	2069	1198	871
1468	2106	1190	916
1469	2140	1190	950
1470	2082	1184	898
1471	2068	1183	885
1472	2081	1191	890
1473	2073	1191	882
1474	2081	1196	885
1475	2103	1194	909
1476	2099	1198	901
1477	2115	1200	915
1478	2103	1192	911
1479	2078	1201	877
1480	2116	1193	923
1481	2125	1186	939
1482	2103	1186	917
1483	2125	1196	929
1484	2124	1199	925
1485	2103	1203	900
1486	2126	1198	928
1487	2144	1206	938
1488	2151	1202	949
1489	2164	1200	964
1490	2176	1207	969
1491	2185	1207	978
1492	2143	1204	939
1493	2155	1204	951
1494	2196	1197	999
1495	2188	1196	992
1496	2206	1195	1011
1497	2231	1212	1019
1498	2214	1210	1004
1499	2244	1204	1040
1500	2246	1205	1041
1501	2246	1213	1033
1502	2287	1206	1081
1503	2270	1191	1079
1504	2300	1192	1108
1505	2285	1202	1083
1506	2303	1206	1097
1507	2328	1207	1121
1508	2332	1202	1130
1509	2326	1199	1127
1510	2299	1200	1099
1511	2348	1200	1148
1512	2401	1196	1205
1513	2339	1197	1142
1514	2347	1195	1152
1515	2362	1202	1160
1516	2409	1204	1205
1517	2417	1198	1219
1518	2410	1201	1209
1519	2392	1201	1191
1520	2365	1197	1168
1521	2383	1209	1174
1522	2401	1199	1202
1523	2405	1207	1198
1524	2431	1202	1229
1525	2412	1193	1219
1526	2414	1193	1221
1527	2431	1199	1232
1528	2468	1201	1267
1529	2488	1193	1295
1530	2471	1198	1273
1531	2467	1207	1260
1532	2495	1206	1289
1533	2504	1214	1290
1534	2465	1201	1264
1535	2460	1206	1254
1536	2465	1210	1255
1537	2462	1202	1260
1538	2472	1195	1277
1539	2494	1195	1299
1540	2471	1201	1270
1541	2463	1198	1265
1542	2441	1202	1239
1543	2446	1197	1249
1544	2453	1208	1245
1545	2441	1210	1231
1546	2408	1207	1201
1547	2428	1210	1218
1548	2453	1208	1245
1549	2440	1203	1237
1550	2395	1203	1192
1551	2412	1205	1207
1552	2416	1200	1216
1553	2393	1195	1198
1554	2416	1197	1219
1555	2408	1208	1200
1556	2352	1202	1150
1557	2298	1188	1110
1558	2338	1191	1147
1559	2349	1197	1152
1560	2334	1197	1137
1561	2296	1204	1092
1562	2309	1206	1103
1563	2293	1199	1094
1564	2291	1195	1096
1565	2241	1191	1050
1566	2266	1200	1066
1567	2279	1202	1077
1568	2245	1201	1044
1569	2263	1198	1065
1570	2261	1197	1064
1571	2256	1195	1061
1572	2221	1193	1028
1573	2238	1201	1037
1574	2237	1195	1042
1575	2195	1203	992
1576	2207	1198	1009
1577	2206	1200	1006
1578	2207	1200	1007
1579	2195	1198	997
1580	2169	1202	967
1581	2189	1199	990
1582	2199	1199	1000
1583	2208	1203	1005
1584	2177	1201	976
1585	2154	1197	957
1586	2146	1205	941
1587	2103	1209	894
1588	2144	1202	942
1589	2142	1203	939
1590	2136	1200	936
1591	2138	1203	935
1592	2122	1204	918
1593	2141	1196	945
1594	2125	1192	933
1595	2129	1206	923
1596	2116	1210	906
1597	2131	1203	928
1598	2146	1203	943
1599	2108	1201	907
1600	2108	1197	911
1601	2137	1199	938
1602	2134	1199	935
1603	2097	1197	900
1604	2140	1195	945
1605	2130	1199	931
1606	2127	1199	928
1607	2114	1198	916
1608	2105	1206	899
1609	2115	1204	911
1610	2145	1204	941
1611	2159	1194	965
1612	2185	1199	986
1613	2207	1204	1003
1614	2167	1195	972
1615	2157	1197	960
1616	2153	1195	958
1617	2133	1191	942
1618	2169	1200	969
1619	2159	1193	966
1620	2176	1192	984
1621	2219	1193	1026
1622	2241	1193	1048
1623	2246	1195	1051
1624	2216	1190	1026
1625	2225	1192	1033
1626	2222	1194	1028
1627	2242	1203	1039
1628	2252	1197	1055
1629	2280	1196	1084
1630	2312	1196	1116
1631	2279	1198	1081
1632	2308	1197	1111
1633	2317	1201	1116
1634	2331	1199	1132
1635	2319	1203	1116
1636	2327	1208	1119
1637	2351	1204	1147
1638	2379	1199	1180
1639	2330	1189	1141
1640	2302	1192	1110
1641	2355	1208	1147
1642	2385	1207	1178
1643	2359	1208	1151
1644	2417	1201	1216
1645	2401	1201	1200
1646	2415	1194	1221
1647	2417	1193	1224
1648	2408	1198	1210
1649	2447	1206	1241
1650	2478	1205	1273
1651	2508	1208	1300
1652	2497	1209	1288
1653	2479	1202	1277
1654	2488	1200	1288
1655	2458	1204	1254
1656	2443	1199	1244
1657	2446	1205	1241
1658	2502	1203	1299
1659	2547	1198	1349
1660	2537	1207	1330
1661	2488	1200	1288
1662	2540	1196	1344
1663	2539	1196	1343
1664	2583	1199	1384
1665	2603	1203	1400
1666	2580	1199	1381
1667	2574	1199	1375
1668	2557	1190	1367
1669	2552	1202	1350
1670	2564	1196	1368
1671	2585	1195	1390
1672	2570	1196	1374
1673	2584	1199	1385
1674	2576	1200	1376
1675	2554	1199	1355
1676	2576	1191	1385
1677	2547	1190	1357
1678	2541	1188	1353
1679	2536	1193	1343
1680	2540	1202	1338
1681	2521	1206	1315
1682	2558	1205	1353
1683	2569	1203	1366
1684	2507	1202	1305
1685	2514	1203	1311
1686	2519	1198	1321
1687	2527	1201	1326
1688	2524	1199	1325
1689	2513	1198	1315
1690	2456	1198	1258
1691	2465	1199	1266
1692	2470	1200	1270
1693	2463	1192	1271
1694	2448	1196	1252
1695	2429	1202	1227
1696	2461	1205	1256
1697	2457	1196	1261
1698	2484	1192	1292
1699	2469	1201	1268
1700	2488	1203	1285
1701	2448	1195	1253
1702	2444	1195	1249
1703	2404	1206	1198
1704	2387	1196	1191
1705	2383	1191	1192
1706	2369	1187	1182
1707	2341	1192	1149
1708	2339	1199	1140
1709	2312	1198	1114
1710	2327	1195	1132
1711	2370	1209	1161
1712	2346	1201	1145
1713	2345	1192	1153
1714	2351	1196	1155
1715	2314	1205	1109
1716	2286	1198	1088
1717	2333	1200	1133
1718	2324	1203	1121
1719	2262	1195	1067
1720	2251	1195	1056
1721	2259	1202	1057
1722	2228	1200	1028
1723	2222	1204	1018
1724	2251	1193	1058
1725	2233	1189	1044
1726	2214	1194	1020
1727	2209	1203	1006
1728	2192	1209	983
1729	2193	1203	990
1730	2204	1199	1005
1731	2190	1197	993
1732	2184	1196	988
1733	2186	1194	992
1734	2208	1199	1009
1735	2192	1196	996
1736	2192	1194	998
1737	2208	1197	1011
1738	2188	1204	984
1739	2177	1204	973
1740	2210	1201	1009
1741	2243	1206	1037
1742	2200	1209	991
1743	2168	1209	959
1744	2184	1204	980
1745	2183	1209	974
1746	2208	1200	1008
1747	2201	1193	1008
1748	2203	1192	1011
1749	2189	1198	991
1750	2185	1202	983
1751	2239	1206	1033
1752	2250	1200	1050
1753	2218	1196	1022
1754	2246	1202	1044
1755	2278	1202	1076
1756	2237	1201	1036
1757	2212	1209	1003
1758	2226	1208	1018
1759	2216	1205	1011
1760	2230	1204	1026
1761	2212	1203	1009
1762	2227	1199	1028
1763	2250	1199	1051
1764	2275	1195	1080
1765	2303	1198	1105
1766	2313	1197	1116
1767	2310	1202	1108
1768	2351	1201	1150
1769	2367	1207	1160
1770	2369	1190	1179
1771	2359	1203	1156
1772	2376	1207	1169
1773	2391	1193	1198
1774	2395	1184	1211
1775	2419	1200	1219
1776	2408	1194	1214
1777	2401	1194	1207
1778	2415	1208	1207
1779	2425	1206	1219
1780	2444	1208	1236
1781	2452	1210	1242
1782	2456	1202	1254
1783	2465	1198	1267
1784	2504	1197	1307
1785	2533	1195	1338
1786	2539	1185	1354
1787	2509	1198	1311
1788	2464	1196	1268
1789	2487	1190	1297
1790	2524	1197	1327
1791	2510	1197	1313
1792	2517	1208	1309
1793	2537	1214	1323
1794	2529	1199	1330
1795	2563	1200	1363
1796	2575	1191	1384
1797	2570	1186	1384
1798	2550	1187	1363
1799	2598	1198	1400
1800	2632	1199	1433
1801	2623	1196	1427
1802	2653	1191	1462
1803	2672	1190	1482
1804	2649	1196	1453
1805	2641	1203	1438
1806	2671	1198	1473
1807	2676	1196	1480
1808	2700	1197	1503
1809	2742	1201	1541
1810	2731	1193	1538
1811	2713	1193	1520
1812	2711	1192	1519
1813	2703	1192	1511
1814	2719	1188	1531
1815	2748	1187	1561
1816	2773	1195	1578
1817	2765	1200	1565
1818	2762	1197	1565
1819	2764	1195	1569
1820	2747	1190	1557
1821	2761	1198	1563
1822	2741	1200	1541
1823	2769	1199	1570
1824	2745	1197	1548
1825	2725	1189	1536
1826	2758	1187	1571
1827	2770	1191	1579
1828	2784	1193	1591
1829	2797	1194	1603
1830	2833	1198	1635
1831	2839	1200	1639
1832	2807	1202	1605
1833	2833	1207	1626
1834	2835	1199	1636
1835	2787	1198	1589
1836	2806	1194	1612
1837	2836	1195	1641
1838	2841	1194	1647
1839	2847	1198	1649
1840	2841	1202	1639
1841	2873	1197	1676
1842	2820	1197	1623
1843	2758	1198	1560
1844	2782	1191	1591
1845	2763	1197	1566
1846	2738	1194	1544
1847	2777	1192	1585
1848	2752	1198	1554
1849	2714	1196	1518
1850	2725	1189	1536
1851	2696	1199	1497
1852	2691	1206	1485
1853	2722	1205	1517
1854	2729	1199	1530
1855	2690	1202	1488
1856	2667	1207	1460
1857	2668	1202	1466
1858	2623	1190	1433
1859	2617	1201	1416
1860	2668	1199	1469
1861	2660	1207	1453
1862	2648	1203	1445
1863	2622	1193	1429
1864	2630	1192	1438
1865	2657	1200	1457
1866	2675	1196	1479
1867	2711	1198	1513
1868	2691	1198	1493
1869	2658	1197	1461
1870	2668	1192	1476
1871	2624	1201	1423
1872	2658	1199	1459
1873	2659	1198	1461
1874	2636	1203	1433
1875	2593	1204	1389
1876	2554	1197	1357
1877	2553	1201	1352
1878	2566	1207	1359
1879	2577	1199	1378
1880	2496	1200	1296
1881	2465	1208	1257
1882	2529	1198	1331
1883	2538	1187	1351
1884	2530	1195	1335
1885	2525	1203	1322
1886	2510	1210	1300
1887	2473	1201	1272
1888	2413	1198	1215
1889	2415	1200	1215
1890	2411	1204	1207
1891	2410	1206	1204
1892	2444	1200	1244
1893	2426	1201	1225
1894	2412	1194	1218
1895	2402	1195	1207
1896	2418	1195	1223
1897	2415	1199	1216
1898	2429	1189	1240
1899	2423	1192	1231
1900	2432	1203	1229
1901	2417	1197	1220
1902	2414	1199	1215
1903	2436	1203	1233
1904	2420	1191	1229
1905	2468	1185	1283
1906	2477	1183	1294
1907	2486	1190	1296
1908	2521	1189	1332
1909	2469	1204	1265
1910	2426	1197	1229
1911	2446	1199	1247
1912	2458	1197	1261
1913	2437	1199	1238
1914	2432	1198	1234
1915	2395	1201	1194
1916	2401	1193	1208
1917	2416	1188	1228
1918	2395	1196	1199
1919	2401	1190	1211
1920	2353	1191	1162
1921	2360	1197	1163
1922	2376	1199	1177
1923	2353	1200	1153
1924	2370	1200	1170
1925	2376	1194	1182
1926	2417	1196	1221
1927	2419	1204	1215
1928	2378	1210	1168
1929	2389	1201	1188
1930	2401	1189	1212
1931	2376	1194	1182
1932	2388	1197	1191
1933	2376	1204	1172
1934	2387	1198	1189
1935	2398	1200	1198
1936	2390	1194	1196
1937	2380	1196	1184
1938	2375	1200	1175
1939	2411	1200	1211
1940	2448	1197	1251
1941	2453	1205	1248
1942	2433	1197	1236
1943	2421	1202	1219
1944	2442	1203	1239
1945	2453	1200	1253
1946	2477	1199	1278
1947	2469	1207	1262
1948	2435	1201	1234
1949	2459	1199	1260
1950	2503	1189	1314
1951	2559	1190	1369
1952	2511	1198	1313
1953	2498	1200	1298
1954	2535	1196	1339
1955	2537	1197	1340
1956	2559	1198	1361
1957	2591	1197	1394
1958	2574	1195	1379
1959	2567	1200	1367
1960	2587	1204	1383
1961	2598	1209	1389
1962	2598	1212	1386
1963	2593	1204	1389
1964	2567	1206	1361
1965	2559	1210	1349
1966	2549	1201	1348
1967	2542	1199	1343
1968	2558	1195	1363
1969	2620	1218	1402
1970	2574	1198	1376
1971	2557	1192	1365
1972	2606	1195	1411
1973	2628	1197	1431
1974	2671	1200	1471
1975	2667	1205	1462
1976	2673	1195	1478
1977	2699	1205	1494
1978	2710	1202	1508
1979	2704	1197	1507
1980	2732	1197	1535
1981	2736	1188	1548
1982	2694	1199	1495
1983	2689	1213	1476
1984	2750	1204	1546
1985	2752	1192	1560
1986	2795	1186	1609
1987	2790	1184	1606
1988	2759	1190	1569
1989	2783	1188	1595
1990	2776	1190	1586
1991	2794	1198	1596
1992	2796	1199	1597
1993	2763	1211	1552
1994	2782	1200	1582
1995	2804	1190	1614
1996	2780	1191	1589
1997	2777	1187	1590
1998	2837	1200	1637
1999	2864	1201	1663
2000	2828	1193	1635
2001	2835	1188	1647
2002	2894	1193	1701
2003	2898	1203	1695
2004	2898	1201	1697
2005	2895	1197	1698
2006	2932	1205	1727
2007	2885	1197	1688
2008	2934	1196	1738
2009	2978	1203	1775
2010	2942	1198	1744
2011	2956	1194	1762
2012	2923	1195	1728
2013	2903	1201	1702
2014	2975	1193	1782
2015	2982	1193	1789
2016	2954	1193	1761
2017	2899	1197	1702
2018	2895	1206	1689
2019	2892	1203	1689
2020	2878	1189	1689
2021	2850	1197	1653
2022	2841	1199	1642
2023	2815	1196	1619
2024	2829	1193	1636
2025	2830	1206	1624
2026	2845	1197	1648
2027	2817	1194	1623
2028	2844	1192	1652
2029	2840	1188	1652
2030	2840	1192	1648
2031	2817	1202	1615
2032	2813	1199	1614
2033	2806	1208	1598
2034	2775	1203	1572
2035	2792	1196	1596
2036	2797	1189	1608
2037	2789	1201	1588
2038	2780	1198	1582
2039	2779	1192	1587
2040	2738	1203	1535
2041	2731	1200	1531
2042	2702	1188	1514
2043	2722	1195	1527
2044	2747	1210	1537
2045	2744	1209	1535
2046	2734	1197	1537
2047	2714	1193	1521
2048	2711	1207	1504
2049	2728	1201	1527
2050	2753	1200	1553
2051	2728	1211	1517
2052	2716	1206	1510
2053	2751	1203	1548
2054	2729	1191	1538
2055	2732	1189	1543
2056	2709	1201	1508
2057	2718	1201	1517
2058	2750	1200	1550
2059	2766	1202	1564
2060	2728	1199	1529
2061	2729	1194	1535
2062	2783	1194	1589
2063	2822	1197	1625
2064	2848	1200	1648
2065	2823	1190	1633
2066	2823	1201	1622
2067	2836	1198	1638
2068	2855	1197	1658
2069	2827	1205	1622
2070	2836	1200	1636
2071	2779	1205	1574
2072	2786	1200	1586
2073	2796	1199	1597
2074	2758	1207	1551
2075	2745	1205	1540
2076	2736	1194	1542
2077	2713	1191	1522
2078	2745	1205	1540
2079	2760	1202	1558
2080	2782	1204	1578
2081	2749	1201	1548
2082	2731	1196	1535
2083	2715	1205	1510
2084	2693	1208	1485
2085	2699	1201	1498
2086	2671	1194	1477
2087	2648	1204	1444
2088	2603	1207	1396
2089	2577	1213	1364
2090	2593	1201	1392
2091	2561	1202	1359
2092	2545	1195	1350
2093	2563	1186	1377
2094	2578	1199	1379
2095	2576	1197	1379
2096	2547	1187	1360
2097	2530	1200	1330
2098	2486	1191	1295
2099	2490	1192	1298
2100	2569	1197	1372
2101	2596	1203	1393
2102	2593	1190	1403
2103	2591	1188	1403
2104	2597	1194	1403
2105	2574	1200	1374
2106	2589	1205	1384
2107	2622	1199	1423
2108	2609	1199	1410
2109	2595	1205	1390
2110	2568	1207	1361
2111	2549	1205	1344
2112	2529	1201	1328
2113	2576	1206	1370
2114	2570	1201	1369
2115	2555	1185	1370
2116	2570	1189	1381
2117	2583	1201	1382
2118	2609	1199	1410
2119	2653	1198	1455
2120	2680	1197	1483
2121	2687	1194	1493
2122	2677	1192	1485
2123	2741	1186	1555
2124	2722	1185	1537
2125	2715	1197	1518
2126	2710	1203	1507
2127	2713	1205	1508
2128	2700	1200	1500
2129	2651	1197	1454
2130	2644	1205	1439
2131	2653	1201	1452
2132	2640	1192	1448
2133	2629	1193	1436
2134	2611	1196	1415
2135	2557	1201	1356
2136	2517	1198	1319
2137	2546	1186	1360
2138	2579	1187	1392
2139	2539	1196	1343
2140	2576	1207	1369
2141	2575	1199	1376
2142	2538	1195	1343
2143	2587	1193	1394
2144	2626	1189	1437
2145	2647	1194	1453
2146	2667	1194	1473
2147	2673	1203	1470
2148	2664	1196	1468
2149	2630	1190	1440
2150	2657	1196	1461
2151	2648	1212	1436
2152	2680	1201	1479
2153	2632	1187	1445
2154	2611	1195	1416
2155	2611	1209	1402
2156	2645	1200	1445
2157	2656	1187	1469
2158	2668	1182	1486
2159	2668	1188	1480
2160	2694	1190	1504
2161	2659	1201	1458
2162	2675	1196	1479
2163	2714	1198	1516
2164	2739	1205	1534
2165	2726	1207	1519
2166	2729	1199	1530
2167	2767	1197	1570
2168	2786	1193	1593
2169	2781	1190	1591
2170	2773	1191	1582
2171	2754	1202	1552
2172	2797	1202	1595
2173	2825	1200	1625
2174	2817	1197	1620
2175	2788	1195	1593
2176	2805	1191	1614
2177	2842	1194	1648
2178	2830	1192	1638
2179	2852	1194	1658
2180	2904	1197	1707
2181	2923	1189	1734
2182	2874	1191	1683
2183	2869	1192	1677
2184	2918	1187	1731
2185	2928	1194	1734
2186	2949	1206	1743
2187	2964	1212	1752
2188	2935	1199	1736
2189	2909	1195	1714
2190	2921	1197	1724
2191	2917	1200	1717
2192	2946	1203	1743
2193	2955	1201	1754
2194	2992	1197	1795
2195	3052	1209	1843
2196	3077	1206	1871
2197	3137	1204	1933
2198	3219	1203	2016
2199	3251	1201	2050
2200	3288	1194	2094
2201	3248	1194	2054
2202	3271	1205	2066
2203	3249	1208	2041
2204	3161	1206	1955
2205	3152	1204	1948
2206	3164	1200	1964
2207	3090	1197	1893
2208	3048	1198	1850
2209	3075	1199	1876
2210	3068	1196	1872
2211	3028	1200	1828
2212	3042	1195	1847
2213	3035	1191	1844
2214	3027	1198	1829
2215	2976	1195	1781
2216	2980	1195	1785
2217	3018	1196	1822
2218	3049	1193	1856
2219	3003	1200	1803
2220	3015	1200	1815
2221	2980	1202	1778
2222	2980	1202	1778
2223	2985	1201	1784
2224	2988	1190	1798
2225	2949	1196	1753
2226	2938	1206	1732
2227	2960	1203	1757
2228	2946	1199	1747
2229	2911	1197	1714
2230	2949	1196	1753
2231	2954	1195	1759
2232	2942	1199	1743
2233	2993	1201	1792
2234	3007	1196	1811
2235	3031	1208	1823
2236	3058	1200	1858
2237	3076	1203	1873
2238	3153	1198	1955
2239	3151	1196	1955
2240	3132	1197	1935
2241	3137	1197	1940
2242	3122	1195	1927
2243	3121	1198	1923
2244	3141	1195	1946
2245	3150	1194	1956
2246	3155	1195	1960
2247	3201	1204	1997
2248	3205	1203	2002
2249	3153	1209	1944
2250	3193	1205	1988
2251	3224	1199	2025
2252	3208	1198	2010
2253	3165	1202	1963
2254	3204	1199	2005
2255	3241	1209	2032
2256	3183	1193	1990
2257	3129	1192	1937
2258	3186	1202	1984
2259	3186	1200	1986
2260	3166	1188	1978
2261	3154	1196	1958
2262	3144	1196	1948
2263	3107	1204	1903
2264	3126	1194	1932
2265	3116	1195	1921
2266	3095	1206	1889
2267	3084	1212	1872
2268	3071	1207	1864
2269	3058	1203	1855
2270	3041	1195	1846
2271	3043	1192	1851
2272	3051	1201	1850
2273	3051	1207	1844
2274	3069	1198	1871
2275	3038	1199	1839
2276	3009	1199	1810
2277	2946	1189	1757
2278	2957	1193	1764
2279	2965	1201	1764
2280	2975	1208	1767
2281	2953	1195	1758
2282	2949	1188	1761
2283	2920	1192	1728
2284	2904	1188	1716
2285	2911	1196	1715
2286	2917	1202	1715
2287	2894	1195	1699
2288	2912	1199	1713
2289	2929	1202	1727
2290	2933	1193	1740
2291	2907	1195	1712
2292	2908	1193	1715
2293	2956	1197	1759
2294	2973	1191	1782
2295	2915	1190	1725
2296	2909	1195	1714
2297	2935	1198	1737
2298	2928	1203	1725
2299	2879	1202	1677
2300	2847	1202	1645
2301	2863	1200	1663
2302	2857	1196	1661
2303	2808	1192	1616
2304	2838	1205	1633
2305	2861	1201	1660
2306	2880	1195	1685
2307	2885	1197	1688
2308	2859	1192	1667
2309	2891	1197	1694
2310	2894	1194	1700
2311	2866	1199	1667
2312	2899	1197	1702
2313	2940	1204	1736
2314	2991	1207	1784
2315	3019	1209	1810
2316	2966	1206	1760
2317	2946	1199	1747
2318	2966	1197	1769
2319	2914	1198	1716
2320	2900	1193	1707
2321	2943	1196	1747
2322	2945	1207	1738
2323	2889	1200	1689
2324	2870	1188	1682
2325	2858	1189	1669
2326	2834	1196	1638
2327	2859	1192	1667
2328	2888	1196	1692
2329	2838	1205	1633
2330	2801	1199	1602
2331	2798	1191	1607
2332	2802	1195	1607
2333	2800	1196	1604
2334	2827	1200	1627
2335	2795	1198	1597
2336	2783	1198	1585
2337	2725	1216	1509
2338	2716	1204	1512
2339	2690	1204	1486
2340	2677	1198	1479
2341	2661	1195	1466
2342	2676	1198	1478
2343	2662	1201	1461
2344	2672	1193	1479
2345	2644	1195	1449
2346	2644	1205	1439
2347	2682	1207	1475
2348	2706	1198	1508
2349	2722	1196	1526
2350	2762	1197	1565
2351	2748	1208	1540
2352	2781	1204	1577
2353	2828	1200	1628
2354	2864	1195	1669
2355	2848	1200	1648
2356	2851	1198	1653
2357	2875	1190	1685
2358	2948	1198	1750
2359	2944	1203	1741
2360	2885	1203	1682
2361	2834	1205	1629
2362	2848	1205	1643
2363	2878	1202	1676
2364	2873	1198	1675
2365	2855	1200	1655
2366	2882	1202	1680
2367	2893	1201	1692
2368	2871	1202	1669
2369	2881	1203	1678
2370	2913	1207	1706
2371	2869	1205	1664
2372	2866	1202	1664
2373	2807	1203	1604
2374	2774	1202	1572
2375	2744	1206	1538
2376	2791	1192	1599
2377	2768	1197	1571
2378	2758	1190	1568
2379	2768	1190	1578
2380	2777	1190	1587
2381	2809	1190	1619
2382	2787	1192	1595
2383	2743	1193	1550
2384	2743	1207	1536
2385	2769	1203	1566
2386	2774	1191	1583
2387	2753	1193	1560
2388	2760	1199	1561
2389	2747	1195	1552
2390	2726	1189	1537
2391	2715	1195	1520
2392	2707	1194	1513
2393	2693	1186	1507
2394	2716	1193	1523
2395	2723	1200	1523
2396	2723	1204	1519
2397	2669	1203	1466
2398	2665	1195	1470
2399	2662	1201	1461
2400	2728	1196	1532
2401	2676	1190	1486
2402	2695	1192	1503
2403	2708	1197	1511
2404	2733	1194	1539
2405	2810	1191	1619
2406	2782	1197	1585
2407	2796	1201	1595
2408	2811	1192	1619
2409	2735	1189	1546
2410	2776	1201	1575
2411	2819	1205	1614
2412	2850	1206	1644
2413	2865	1198	1667
2414	2858	1192	1666
2415	2873	1207	1666
2416	2949	1204	1745
2417	2959	1193	1766
2418	3041	1192	1849
2419	2990	1194	1796
2420	2987	1182	1805
2421	3028	1188	1840
2422	3021	1210	1811
2423	3061	1211	1850
2424	3038	1202	1836
2425	3030	1200	1830
2426	3032	1202	1830
2427	3004	1193	1811
2428	3019	1185	1834
2429	3056	1194	1862
2430	3024	1199	1825
2431	3021	1199	1822
2432	3070	1194	1876
2433	3076	1196	1880
2434	3070	1189	1881
2435	3093	1186	1907
2436	3064	1182	1882
2437	3118	1187	1931
2438	3123	1203	1920
2439	3083	1202	1881
2440	3090	1205	1885
2441	3104	1210	1894
2442	3079	1196	1883
2443	3072	1194	1878
2444	3089	1193	1896
2445	3070	1196	1874
2446	3040	1198	1842
2447	3037	1196	1841
2448	3013	1192	1821
2449	3067	1204	1863
2450	3098	1206	1892
2451	3104	1205	1899
2452	3122	1202	1920
2453	3163	1202	1961
2454	3163	1202	1961
2455	3125	1199	1926
2456	3137	1196	1941
2457	3096	1201	1895
2458	3131	1204	1927
2459	3153	1195	1958
2460	3146	1194	1952
2461	3142	1198	1944
2462	3160	1198	1962
2463	3184	1203	1981
2464	3216	1200	2016
2465	3266	1194	2072
2466	3266	1195	2071
2467	3241	1192	2049
2468	3252	1199	2053
2469	3201	1204	1997
2470	3243	1198	2045
2471	3278	1194	2084
2472	3233	1187	2046
2473	3240	1195	2045
2474	3277	1192	2085
2475	3269	1196	2073
2476	3290	1206	2084
2477	3294	1201	2093
2478	3256	1194	2062
2479	3261	1202	2059
2480	3291	1204	2087
2481	3307	1203	2104
2482	3287	1194	2093
2483	3254	1195	2059
2484	3222	1191	2031
2485	3248	1195	2053
2486	3293	1197	2096
2487	3298	1205	2093
2488	3296	1194	2102
2489	3303	1186	2117
2490	3353	1195	2158
2491	3364	1191	2173
2492	3412	1196	2216
2493	3415	1202	2213
2494	3426	1193	2233
2495	3470	1196	2274
2496	3508	1207	2301
2497	3545	1201	2344
2498	3597	1188	2409
2499	3588	1186	2402
2500	3623	1198	2425
2501	3939	1192	2747
2502	4404	1194	3210
2503	4918	1203	3715
2504	5456	1194	4262
2505	5737	1196	4541
2506	5855	1189	4666
2507	5882	1188	4694
2508	5959	1191	4768
2509	5974	1192	4782
2510	5839	1199	4640
2511	5545	1198	4347
2512	5123	1193	3930
2513	4643	1202	3441
2514	4190	1200	2990
2515	3849	1198	2651
2516	3685	1205	2480
2517	3684	1198	2486
2518	3621	1195	2426
2519	3491	1191	2300
2520	3514	1189	2325
2521	3436	1187	2249
2522	3407	1190	2217
2523	3400	1203	2197
2524	3371	1198	2173
2525	3356	1196	2160
2526	3334	1203	2131
2527	3298	1199	2099
2528	3348	1200	2148
2529	3364	1199	2165
2530	3374	1199	2175
2531	3394	1197	2197
2532	3409	1190	2219
2533	3389	1184	2205
2534	3386	1193	2193
2535	3362	1201	2161
2536	3402	1201	2201
2537	3365	1195	2170
2538	3375	1192	2183
2539	3409	1197	2212
2540	3368	1188	2180
2541	3320	1198	2122
2542	3306	1196	2110
2543	3314	1196	2118
2544	3278	1194	2084
2545	3251	1200	2051
2546	3277	1191	2086
2547	3226	1181	2045
2548	3201	1193	2008
2549	3193	1196	1997
2550	3213	1184	2029
2551	3187	1192	1995
2552	3233	1195	2038
2553	3237	1198	2039
2554	3209	1199	2010
2555	3234	1204	2030
2556	3208	1202	2006
2557	3240	1199	2041
2558	3237	1188	2049
2559	3231	1190	2041
2560	3184	1197	1987
2561	3138	1198	1940
2562	3157	1207	1950
2563	3174	1199	1975
2564	3160	1183	1977
2565	3146	1194	1952
2566	3136	1199	1937
2567	3058	1201	1857
2568	3027	1194	1833
2569	3042	1198	1844
2570	3012	1200	1812
2571	3039	1198	1841
2572	3035	1196	1839
2573	2980	1187	1793
2574	2934	1193	1741
2575	2932	1203	1729
2576	3026	1208	1818
2577	3049	1200	1849
2578	3119	1193	1926
2579	3112	1199	1913
2580	3098	1203	1895
2581	3093	1206	1887
2582	3089	1201	1888
2583	3056	1204	1852
2584	3069	1200	1869
2585	3011	1201	1810
2586	2933	1196	1737
2587	2886	1190	1696
2588	2875	1192	1683
2589	2860	1202	1658
2590	2871	1202	1669
2591	2900	1200	1700
2592	2908	1202	1706
2593	2915	1207	1708
2594	2930	1198	1732
2595	2938	1197	1741
2596	2938	1205	1733
2597	2953	1199	1754
2598	2956	1204	1752
2599	2971	1209	1762
2600	2953	1196	1757
2601	2933	1198	1735
2602	2938	1204	1734
2603	2893	1199	1694
2604	2880	1193	1687
2605	2863	1206	1657
2606	2875	1213	1662
2607	2889	1204	1685
2608	2878	1205	1673
2609	2857	1209	1648
2610	2879	1204	1675
2611	2864	1202	1662
2612	2931	1201	1730
2613	2902	1199	1703
2614	2857	1196	1661
2615	2880	1205	1675
2616	2868	1201	1667
2617	2904	1196	1708
2618	2945	1197	1748
2619	2892	1208	1684
2620	2939	1205	1734
2621	2909	1193	1716
2622	2846	1196	1650
2623	2839	1196	1643
2624	2837	1190	1647
2625	2860	1191	1669
2626	2902	1193	1709
2627	2952	1194	1758
2628	2921	1197	1724
2629	2878	1194	1684
2630	2900	1185	1715
2631	2907	1201	1706
2632	2899	1213	1686
2633	2860	1208	1652
2634	2835	1200	1635
2635	2843	1196	1647
2636	2843	1195	1648
2637	2820	1203	1617
2638	2831	1202	1629
2639	2842	1197	1645
2640	2823	1195	1628
2641	2846	1188	1658
2642	2853	1190	1663
2643	2830	1199	1631
2644	2832	1202	1630
2645	2870	1206	1664
2646	2914	1201	1713
2647	2908	1197	1711
2648	2930	1193	1737
2649	2942	1190	1752
2650	2958	1197	1761
2651	2922	1196	1726
2652	2875	1194	1681
2653	2886	1192	1694
2654	2900	1200	1700
2655	2873	1203	1670
2656	2858	1201	1657
2657	2828	1200	1628
2658	2839	1192	1647
2659	2818	1200	1618
2660	2877	1205	1672
2661	2933	1209	1724
2662	2954	1201	1753
2663	2945	1193	1752
2664	2993	1197	1796
2665	2977	1208	1769
2666	2963	1208	1755
2667	2932	1195	1737
2668	2902	1186	1716
2669	2881	1197	1684
2670	2863	1196	1667
2671	2862	1198	1664
2672	2883	1198	1685
2673	2960	1203	1757
2674	2982	1207	1775
2675	2898	1201	1697
2676	2883	1197	1686
2677	2968	1202	1766
2678	2935	1206	1729
2679	2926	1206	1720
2680	2954	1211	1743
2681	2942	1210	1732
2682	2964	1205	1759
2683	2977	1205	1772
2684	2982	1194	1788
2685	2954	1196	1758
2686	2944	1205	1739
2687	2974	1203	1771
2688	2967	1201	1766
2689	2957	1197	1760
2690	2986	1198	1788
2691	2933	1207	1726
2692	2926	1206	1720
2693	2966	1195	1771
2694	2967	1196	1771
2695	2941	1206	1735
2696	2964	1199	1765
2697	2951	1196	1755
2698	2985	1197	1788
2699	2978	1196	1782
2700	2945	1197	1748
2701	2923	1199	1724
2702	2938	1191	1747
2703	2950	1196	1754
2704	2923	1202	1721
2705	2937	1200	1737
2706	2909	1203	1706
2707	2880	1197	1683
2708	2886	1199	1687
2709	2932	1200	1732
2710	2911	1194	1717
2711	2875	1197	1678
2712	2906	1203	1703
2713	2883	1209	1674
2714	2860	1202	1658
2715	2890	1200	1690
2716	2882	1194	1688
2717	2869	1195	1674
2718	2831	1205	1626
2719	2845	1213	1632
2720	2876	1205	1671
2721	2862	1192	1670
2722	2892	1201	1691
2723	2877	1207	1670
2724	2865	1209	1656
2725	2818	1202	1616
2726	2809	1198	1611
2727	2795	1202	1593
2728	2823	1203	1620
2729	2815	1195	1620
2730	2777	1185	1592
2731	2754	1200	1554
2732	2786	1197	1589
2733	2830	1199	1631
2734	2812	1202	1610
2735	2792	1209	1583
2736	2807	1195	1612
2737	2859	1191	1668
2738	2860	1193	1667
2739	2870	1195	1675
2740	2881	1199	1682
2741	2862	1199	1663
2742	2840	1193	1647
2743	2788	1204	1584
2744	2781	1202	1579
2745	2790	1205	1585
2746	2753	1201	1552
2747	2727	1197	1530
2748	2689	1190	1499
2749	2669	1186	1483
2750	2696	1185	1511
2751	2722	1194	1528
2752	2746	1195	1551
2753	2746	1192	1554
2754	2692	1194	1498
2755	2711	1197	1514
2756	2745	1192	1553
2757	2744	1193	1551
2758	2773	1197	1576
2759	2766	1203	1563
2760	2759	1190	1569
2761	2737	1196	1541
2762	2726	1198	1528
2763	2690	1207	1483
2764	2705	1200	1505
2765	2783	1194	1589
2766	2763	1191	1572
2767	2741	1180	1561
2768	2777	1183	1594
2769	2776	1201	1575
2770	2802	1199	1603
2771	2812	1200	1612
2772	2773	1202	1571
2773	2773	1198	1575
2774	2763	1197	1566
2775	2766	1202	1564
2776	2787	1202	1585
2777	2807	1196	1611
2778	2811	1194	1617
2779	2828	1198	1630
2780	2822	1190	1632
2781	2813	1192	1621
2782	2777	1194	1583
2783	2817	1195	1622
2784	2838	1194	1644
2785	2820	1193	1627
2786	2822	1194	1628
2787	2849	1202	1647
2788	2854	1202	1652
2789	2849	1199	1650
2790	2875	1191	1684
2791	2861	1198	1663
2792	2837	1189	1648
2793	2815	1199	1616
2794	2871	1199	1672
2795	2879	1199	1680
2796	2883	1202	1681
2797	2885	1192	1693
2798	2881	1190	1691
2799	2880	1198	1682
2800	2875	1200	1675
2801	2817	1202	1615
2802	2856	1200	1656
2803	2904	1195	1709
2804	2917	1193	1724
2805	2962	1204	1758
2806	2989	1197	1792
2807	2982	1194	1788
2808	2967	1193	1774
2809	2951	1191	1760
2810	2971	1190	1781
2811	2975	1200	1775
2812	2983	1204	1779
2813	2981	1200	1781
2814	2954	1199	1755
2815	2910	1201	1709
2816	2925	1199	1726
2817	2942	1202	1740
2818	2950	1202	1748
2819	2982	1202	1780
2820	2964	1196	1768
2821	2898	1197	1701
2822	2929	1202	1727
2823	2949	1207	1742
2824	2944	1197	1747
2825	2981	1190	1791
2826	2980	1191	1789
2827	2943	1195	1748
2828	2955	1194	1761
2829	2950	1198	1752
2830	2998	1200	1798
2831	2982	1206	1776
2832	2933	1200	1733
2833	2982	1201	1781
2834	3016	1207	1809
2835	3015	1203	1812
2836	3042	1193	1849
2837	3065	1196	1869
2838	3083	1207	1876
2839	3051	1210	1841
2840	3105	1208	1897
2841	3106	1202	1904
2842	3119	1199	1920
2843	3130	1198	1932
2844	3103	1191	1912
2845	3109	1200	1909
2846	3154	1196	1958
2847	3146	1199	1947
2848	3171	1201	1970
2849	3129	1194	1935
2850	3106	1194	1912
2851	3067	1205	1862
2852	3133	1198	1935
2853	3128	1198	1930
2854	3091	1200	1891
2855	3077	1197	1880
2856	3041	1201	1840
2857	3081	1207	1874
2858	3030	1205	1825
2859	2955	1197	1758
2860	2929	1195	1734
2861	2885	1203	1682
2862	2864	1198	1666
2863	2880	1191	1689
2864	2853	1190	1663
2865	2834	1194	1640
2866	2855	1192	1663
2867	2858	1197	1661
2868	2886	1207	1679
2869	2926	1205	1721
2870	2912	1200	1712
2871	2897	1201	1696
2872	2921	1198	1723
2873	2908	1201	1707
2874	2895	1201	1694
2875	2923	1203	1720
2876	2955	1204	1751
2877	2940	1206	1734
2878	2894	1207	1687
2879	2902	1203	1699
2880	2888	1194	1694
2881	2892	1198	1694
2882	2917	1202	1715
2883	2913	1203	1710
2884	2914	1199	1715
2885	2838	1193	1645
2886	2810	1190	1620
2887	2811	1206	1605
2888	2811	1201	1610
2889	2830	1199	1631
2890	2849	1204	1645
2891	2786	1195	1591
2892	2770	1197	1573
2893	2794	1204	1590
2894	2768	1190	1578
2895	2762	1188	1574
2896	2801	1196	1605
2897	2800	1188	1612
2898	2818	1194	1624
2899	2811	1200	1611
2900	2755	1190	1565
2901	2765	1196	1569
2902	2817	1191	1626
2903	2833	1194	1639
2904	2803	1198	1605
2905	2761	1199	1562
2906	2739	1194	1545
2907	2788	1191	1597
2908	2807	1197	1610
2909	2767	1201	1566
2910	2742	1194	1548
2911	2739	1194	1545
2912	2710	1194	1516
2913	2740	1190	1550
2914	2807	1197	1610
2915	2819	1192	1627
2916	2784	1187	1597
2917	2795	1196	1599
2918	2857	1198	1659
2919	2855	1194	1661
2920	2822	1194	1628
2921	2791	1208	1583
2922	2811	1200	1611
2923	2779	1189	1590
2924	2747	1187	1560
2925	2720	1195	1525
2926	2698	1197	1501
2927	2691	1190	1501
2928	2696	1191	1505
2929	2640	1201	1439
2930	2600	1197	1403
2931	2585	1192	1393
2932	2576	1191	1385
2933	2584	1191	1393
2934	2606	1201	1405
2935	2623	1198	1425
2936	2641	1187	1454
2937	2649	1188	1461
2938	2675	1187	1488
2939	2695	1184	1511
2940	2708	1201	1507
2941	2774	1205	1569
2942	2827	1201	1626
2943	2852	1203	1649
2944	2860	1202	1658
2945	2886	1204	1682
2946	2890	1190	1700
2947	2826	1190	1636
2948	2797	1197	1600
2949	2804	1195	1609
2950	2767	1196	1571
2951	2744	1200	1544
2952	2725	1197	1528
2953	2735	1198	1537
2954	2689	1196	1493
2955	2682	1197	1485
2956	2688	1183	1505
2957	2677	1187	1490
2958	2631	1191	1440
2959	2639	1183	1456
2960	2673	1191	1482
2961	2645	1195	1450
2962	2685	1194	1491
2963	2674	1190	1484
2964	2645	1193	1452
2965	2614	1195	1419
2966	2588	1198	1390
2967	2558	1197	1361
2968	2555	1189	1366
2969	2638	1216	1422
2970	2693	1207	1486
2971	2702	1196	1506
2972	2740	1193	1547
2973	2721	1197	1524
2974	2707	1193	1514
2975	2756	1191	1565
2976	2774	1194	1580
2977	2785	1200	1585
2978	2783	1198	1585
2979	2749	1200	1549
2980	2757	1199	1558
2981	2745	1196	1549
2982	2705	1191	1514
2983	2670	1200	1470
2984	2682	1200	1482
2985	2699	1193	1506
2986	2684	1203	1481
2987	2682	1205	1477
2988	2665	1199	1466
2989	2658	1202	1456
2990	2661	1208	1453
2991	2662	1198	1464
2992	2679	1194	1485
2993	2666	1198	1468
2994	2685	1194	1491
2995	2718	1191	1527
2996	2701	1196	1505
2997	2690	1204	1486
2998	2752	1198	1554
2999	2779	1202	1577
3000	2797	1196	1601
3001	2810	1192	1618
3002	2814	1201	1613
3003	2800	1203	1597
3004	2769	1201	1568
3005	2761	1194	1567
3006	2775	1186	1589
3007	2744	1190	1554
3008	2714	1191	1523
3009	2745	1197	1548
3010	2751	1195	1556
3011	2723	1197	1526
3012	2766	1193	1573
3013	2801	1192	1609
3014	2810	1193	1617
3015	2796	1197	1599
3016	2790	1187	1603
3017	2745	1185	1560
3018	2756	1195	1561
3019	2745	1198	1547
3020	2746	1195	1551
3021	2727	1196	1531
3022	2696	1194	1502
3023	2679	1195	1484
3024	2721	1194	1527
3025	2687	1193	1494
3026	2752	1187	1565
3027	2780	1187	1593
3028	2794	1195	1599
3029	2832	1202	1630
3030	2839	1194	1645
3031	2813	1198	1615
3032	2887	1193	1694
3033	2929	1182	1747
3034	2905	1196	1709
3035	2912	1193	1719
3036	2923	1190	1733
3037	2914	1199	1715
3038	2878	1200	1678
3039	2857	1199	1658
3040	2889	1196	1693
3041	2875	1193	1682
3042	2868	1186	1682
3043	2846	1197	1649
3044	2830	1203	1627
3045	2803	1204	1599
3046	2802	1200	1602
3047	2780	1198	1582
3048	2784	1198	1586
3049	2784	1200	1584
3050	2747	1188	1559
3051	2750	1187	1563
3052	2768	1199	1569
3053	2776	1193	1583
3054	2813	1194	1619
3055	2804	1199	1605
3056	2814	1197	1617
3057	2819	1191	1628
3058	2831	1188	1643
3059	2882	1199	1683
3060	2886	1206	1680
3061	2904	1201	1703
3062	2889	1203	1686
3063	2837	1207	1630
3064	2910	1202	1708
3065	2924	1201	1723
3066	2857	1193	1664
3067	2792	1195	1597
3068	2860	1189	1671
3069	2884	1193	1691
3070	2842	1191	1651
3071	2858	1191	1667
3072	2848	1190	1658
3073	2863	1197	1666
3074	2897	1197	1700
3075	2887	1200	1687
3076	2882	1201	1681
3077	2958	1205	1753
3078	3023	1197	1826
3079	3038	1200	1838
3080	3069	1195	1874
3081	3122	1197	1925
3082	3168	1204	1964
3083	3173	1209	1964
3084	3192	1199	1993
3085	3229	1200	2029
3086	3286	1201	2085
3087	3291	1205	2086
3088	3329	1195	2134
3089	3426	1193	2233
3090	3467	1190	2277
3091	3484	1193	2291
3092	3532	1201	2331
3093	3600	1207	2393
3094	3688	1205	2483
3095	3861	1211	2650
3096	4025	1203	2822
3097	4100	1197	2903
3098	4197	1201	2996
3099	4274	1198	3076
3100	4317	1204	3113
3101	4365	1199	3166
3102	4377	1191	3186
3103	4433	1191	3242
3104	4530	1196	3334
3105	4565	1197	3368
3106	4593	1196	3397
3107	4620	1198	3422
3108	4690	1198	3492
3109	4753	1198	3555
3110	4784	1198	3586
3111	4836	1197	3639
3112	4932	1205	3727
3113	5004	1207	3797
3114	5141	1195	3946
3115	5142	1197	3945
3116	5056	1194	3862
3117	5027	1191	3836
3118	4967	1192	3775
3119	4858	1191	3667
3120	4884	1196	3688
3121	4841	1203	3638
3122	4871	1204	3667
3123	4937	1197	3740
3124	5033	1196	3837
3125	5161	1201	3960
3126	5287	1204	4083
3127	5432	1200	4232
3128	5696	1203	4493
3129	5880	1207	4673
3130	6052	1202	4850
3131	6110	1201	4909
3132	6162	1193	4969
3133	6133	1197	4936
3134	6156	1201	4955
3135	6201	1212	4989
3136	6193	1202	4991
3137	6176	1203	4973
3138	6103	1203	4900
3139	6018	1204	4814
3140	5928	1193	4735
3141	5861	1194	4667
3142	5815	1196	4619
3143	5776	1195	4581
3144	5786	1197	4589
3145	5854	1197	4657
3146	5832	1193	4639
3147	5877	1193	4684
3148	5977	1197	4780
3149	6086	1204	4882
3150	6190	1204	4986
3151	6264	1201	5063
3152	6387	1199	5188
3153	6691	1204	5487
3154	6927	1192	5735
3155	7132	1186	5946
3156	7436	1188	6248
3157	7661	1192	6469
3158	7723	1193	6530
3159	7654	1194	6460
3160	7660	1199	6461
3161	7693	1195	6498
3162	7680	1197	6483
3163	7480	1202	6278
3164	7138	1195	5943
3165	6856	1191	5665
3166	6516	1192	5324
3167	6405	1188	5217
3168	6452	1192	5260
3169	6475	1189	5286
3170	6508	1185	5323
3171	6595	1192	5403
3172	6693	1190	5503
3173	6806	1196	5610
3174	6923	1198	5725
3175	7121	1197	5924
3176	7134	1200	5934
3177	7020	1198	5822
3178	6911	1200	5711
3179	6980	1199	5781
3180	7273	1193	6080
3181	7735	1200	6535
3182	8253	1202	7051
3183	8568	1204	7364
3184	8810	1205	7605
3185	9080	1204	7876
3186	9354	1194	8160
3187	9640	1199	8441
3188	9832	1200	8632
3189	9895	1207	8688
3190	9619	1207	8412
3191	9036	1193	7843
3192	8449	1183	7266
3193	7881	1185	6696
3194	7494	1193	6301
3195	7106	1198	5908
3196	6679	1188	5491
3197	6293	1192	5101
3198	5962	1197	4765
3199	5762	1194	4568
3200	5679	1192	4487
3201	5713	1199	4514
3202	5847	1196	4651
3203	5947	1192	4755
3204	6040	1189	4851
3205	6097	1199	4898
3206	6335	1200	5135
3207	6631	1200	5431
3208	6894	1195	5699
3209	7079	1207	5872
3210	7258	1200	6058
3211	7382	1195	6187
3212	7377	1191	6186
3213	7325	1189	6136
3214	7355	1189	6166
3215	7291	1198	6093
3216	7155	1196	5959
3217	6911	1192	5719
3218	6729	1194	5535
3219	6527	1200	5327
3220	6251	1197	5054
3221	6101	1199	4902
3222	5961	1203	4758
3223	5892	1209	4683
3224	5862	1200	4662
3225	6015	1206	4809
3226	6173	1201	4972
3227	6242	1196	5046
3228	6351	1190	5161
3229	6420	1193	5227
3230	6449	1192	5257
3231	6467	1199	5268
3232	6452	1190	5262
3233	6384	1197	5187
3234	6256	1198	5058
3235	6168	1188	4980
3236	5962	1189	4773
3237	5781	1197	4584
3238	5663	1195	4468
3239	5415	1195	4220
3240	5321	1188	4133
3241	5263	1193	4070
3242	5169	1181	3988
3243	5039	1191	3848
3244	4878	1200	3678
3245	4766	1199	3567
3246	4669	1200	3469
3247	4635	1193	3442
3248	4661	1191	3470
3249	4643	1204	3439
3250	4635	1197	3438
3251	4584	1202	3382
3252	4462	1204	3258
3253	4356	1195	3161
3254	4332	1191	3141
3255	4277	1194	3083
3256	4310	1199	3111
3257	4274	1206	3068
3258	4286	1203	3083
3259	4256	1200	3056
3260	4197	1201	2996
3261	4182	1196	2986
3262	4213	1200	3013
3263	4365	1197	3168
3264	4572	1192	3380
3265	4765	1196	3569
3266	4927	1193	3734
3267	5033	1201	3832
3268	5134	1189	3945
3269	5300	1181	4119
3270	5392	1200	4192
3271	5464	1217	4247
3272	5513	1202	4311
3273	5398	1196	4202
3274	5248	1192	4056
3275	5015	1183	3832
3276	4818	1196	3622
3277	4646	1204	3442
3278	4679	1198	3481
3279	4661	1186	3475
3280	4608	1186	3422
3281	4624	1196	3428
3282	4690	1207	3483
3283	4691	1214	3477
3284	4728	1201	3527
3285	4779	1189	3590
3286	4820	1186	3634
3287	4808	1196	3612
3288	4735	1196	3539
3289	4660	1196	3464
3290	4500	1189	3311
3291	4417	1194	3223
3292	4268	1205	3063
3293	4136	1202	2934
3294	4055	1193	2862
3295	3985	1205	2780
3296	3902	1204	2698
3297	3870	1204	2666
3298	3855	1206	2649
3299	3867	1199	2668
3300	3892	1198	2694
3301	3917	1201	2716
3302	3914	1195	2719
3303	3891	1197	2694
3304	3858	1200	2658
3305	3835	1200	2635
3306	3869	1199	2670
3307	3868	1191	2677
3308	3903	1198	2705
3309	3990	1201	2789
3310	4068	1194	2874
3311	4099	1195	2904
3312	4097	1195	2902
3313	4127	1192	2935
3314	4200	1197	3003
3315	4188	1199	2989
3316	4156	1199	2957
3317	4159	1198	2961
3318	4149	1193	2956
3319	4098	1199	2899
3320	4032	1205	2827
3321	3988	1205	2783
3322	3989	1206	2783
3323	3982	1213	2769
3324	3972	1197	2775
3325	4033	1188	2845
3326	4080	1194	2886
3327	4019	1206	2813
3328	4013	1211	2802
3329	3980	1207	2773
3330	3943	1193	2750
3331	3948	1191	2757
3332	3915	1190	2725
3333	3845	1197	2648
3334	3853	1204	2649
3335	3820	1205	2615
3336	3730	1189	2541
3337	3655	1191	2464
3338	3668	1196	2472
3339	3682	1201	2481
3340	3749	1203	2546
3341	3738	1200	2538
3342	3776	1195	2581
3343	3853	1195	2658
3344	3868	1197	2671
3345	3931	1210	2721
3346	4003	1203	2800
3347	3952	1201	2751
3348	3923	1211	2712
3349	3861	1202	2659
3350	3755	1199	2556
3351	3713	1202	2511
3352	3690	1203	2487
3353	3535	1202	2333
3354	3456	1203	2253
3355	3404	1196	2208
3356	3335	1191	2144
3357	3376	1201	2175
3358	3347	1199	2148
3359	3356	1197	2159
3360	3377	1200	2177
3361	3391	1217	2174
3362	3452	1203	2249
3363	3442	1197	2245
3364	3424	1200	2224
3365	3382	1204	2178
3366	3385	1200	2185
3367	3366	1197	2169
3368	3350	1202	2148
3369	3321	1204	2117
3370	3284	1197	2087
3371	3204	1190	2014
3372	3183	1187	1996
3373	3231	1184	2047
3374	3249	1186	2063
3375	3225	1190	2035
3376	3214	1194	2020
3377	3177	1200	1977
3378	3111	1201	1910
3379	3102	1212	1890
3380	3147	1209	1938
3381	3102	1210	1892
3382	3077	1206	1871
3383	3035	1194	1841
3384	2998	1197	1801
3385	2986	1204	1782
3386	2931	1194	1737
3387	2929	1196	1733
3388	2893	1190	1703
3389	2859	1200	1659
3390	2895	1201	1694
3391	2887	1198	1689
3392	2912	1201	1711
3393	2924	1201	1723
3394	2974	1193	1781
3395	2968	1197	1771
3396	2956	1196	1760
3397	2916	1200	1716
3398	2905	1198	1707
3399	2913	1198	1715
3400	2940	1192	1748
3401	2902	1201	1701
3402	2853	1201	1652
3403	2900	1201	1699
3404	2870	1195	1675
3405	2799	1193	1606
3406	2793	1203	1590
3407	2756	1202	1554
3408	2795	1200	1595
3409	2796	1204	1592
3410	2748	1185	1563
3411	2705	1190	1515
3412	2658	1195	1463
3413	2629	1194	1435
3414	2642	1200	1442
3415	2622	1197	1425
3416	2615	1192	1423
3417	2578	1190	1388
3418	2584	1189	1395
3419	2581	1198	1383
3420	2548	1191	1357
3421	2530	1197	1333
3422	2558	1198	1360
3423	2564	1190	1374
3424	2558	1200	1358
3425	2534	1206	1328
3426	2503	1198	1305
3427	2465	1202	1263
3428	2476	1199	1277
3429	2474	1192	1282
3430	2470	1196	1274
3431	2460	1195	1265
3432	2443	1194	1249
3433	2401	1198	1203
3434	2378	1190	1188
3435	2407	1192	1215
3436	2410	1189	1221
3437	2386	1191	1195
3438	2341	1200	1141
3439	2291	1210	1081
3440	2265	1200	1065
3441	2285	1199	1086
3442	2255	1204	1051
3443	2242	1201	1041
3444	2236	1198	1038
3445	2194	1212	982
3446	2179	1208	971
3447	2159	1204	955
3448	2171	1192	979
3449	2131	1202	929
3450	2104	1195	909
3451	2067	1194	873
3452	2123	1200	923
3453	2141	1194	947
3454	2060	1185	875
3455	2031	1195	836
3456	2017	1202	815
3457	2034	1196	838
3458	1996	1188	808
3459	1995	1200	795
3460	1963	1210	753
3461	1944	1202	742
3462	1973	1196	777
3463	1915	1206	709
3464	1892	1201	691
3465	1874	1197	677
3466	1858	1194	664
3467	1897	1194	703
3468	1901	1196	705
3469	1878	1201	677
3470	1871	1207	664
3471	1855	1199	656
3472	1862	1202	660
3473	1889	1204	685
3474	1850	1198	652
3475	1796	1195	601
3476	1803	1198	605
3477	1793	1202	591
3478	1767	1206	561
3479	1755	1204	551
3480	1747	1190	557
3481	1714	1183	531
3482	1712	1189	523
3483	1713	1203	510
3484	1728	1197	531
3485	1704	1205	499
3486	1688	1197	491
3487	1663	1194	469
3488	1692	1187	505
3489	1675	1196	479
3490	1683	1205	478
3491	1658	1196	462
3492	1670	1194	476
3493	1682	1200	482
3494	1672	1193	479
3495	1631	1189	442
3496	1632	1196	436
3497	1642	1200	442
3498	1618	1200	418
3499	1591	1197	394
3500	1589	1194	395
3501	1593	1206	387
3502	1608	1201	407
3503	1584	1197	387
3504	1593	1203	390
3505	1594	1197	397
3506	1579	1191	388
3507	1552	1196	356
3508	1540	1201	339
3509	1530	1204	326
3510	1532	1206	326
3511	1542	1196	346
3512	1522	1197	325
3513	1530	1194	336
3514	1549	1194	355
3515	1540	1199	341
3516	1535	1189	346
3517	1513	1194	319
3518	1507	1195	312
3519	1496	1194	302
3520	1472	1196	276
3521	1473	1206	267
3522	1481	1199	282
3523	1482	1199	283
3524	1460	1198	262
3525	1461	1191	270
3526	1493	1192	301
3527	1452	1198	254
3528	1431	1200	231
3529	1446	1193	253
3530	1446	1199	247
3531	1429	1210	219
3532	1411	1201	210
3533	1422	1199	223
3534	1441	1192	249
3535	1425	1189	236
3536	1419	1200	219
3537	1389	1201	188
3538	1411	1201	210
3539	1416	1199	217
3540	1412	1196	216
3541	1400	1197	203
3542	1385	1193	192
3543	1375	1198	177
3544	1387	1203	184
3545	1373	1211	162
3546	1384	1205	179
3547	1376	1197	179
3548	1396	1191	205
3549	1385	1192	193
3550	1383	1197	186
3551	1399	1193	206
3552	1408	1193	215
3553	1408	1201	207
3554	1377	1198	179
3555	1355	1202	153
3556	1362	1191	171
3557	1380	1195	185
3558	1370	1196	174
3559	1366	1201	165
3560	1380	1199	181
3561	1370	1189	181
3562	1354	1183	171
3563	1362	1194	168
3564	1369	1194	175
3565	1348	1197	151
3566	1373	1199	174
3567	1362	1200	162
3568	1349	1197	152
3569	1346	1190	156
3570	1349	1185	164
3571	1362	1187	175
3572	1348	1197	151
3573	1340	1208	132
3574	1336	1199	137
3575	1333	1199	134
3576	1373	1202	171
3577	1348	1190	158
3578	1329	1192	137
3579	1345	1197	148
3580	1349	1198	151
3581	1366	1198	168
3582	1360	1192	168
3583	1336	1195	141
3584	1340	1193	147
3585	1330	1190	140
3586	1342	1194	148
3587	1342	1195	147
3588	1348	1192	156
3589	1347	1203	144
3590	1342	1204	138
3591	1335	1202	133
3592	1345	1209	136
3593	1334	1203	131
3594	1354	1204	150
3595	1350	1200	150
3596	1330	1193	137
3597	1325	1198	127
3598	1335	1206	129
3599	1343	1196	147
3600	1377	1191	186
3601	1363	1207	156
3602	1333	1201	132
3603	1330	1195	135
3604	1338	1202	136
3605	1317	1209	108
3606	1323	1196	127
3607	1316	1196	120
3608	1309	1192	117
3609	1323	1198	125
3610	1325	1200	125
3611	1319	1200	119
3612	1320	1190	130
3613	1328	1195	133
3614	1314	1196	118
3615	1320	1192	128
3616	1336	1186	150
3617	1326	1195	131
3618	1300	1201	99
3619	1310	1208	102
3620	1329	1206	123
3621	1330	1189	141
3622	1316	1185	131
3623	1294	1195	99
3624	1310	1183	127
3625	1327	1191	136
3626	1337	1201	136
3627	1305	1199	106
3628	1309	1199	110
3629	1315	1207	108
3630	1313	1212	101
3631	1315	1195	120
3632	1332	1195	137
3633	1320	1199	121
3634	1311	1195	116
3635	1300	1195	105
3636	1312	1196	116
3637	1313	1204	109
3638	1302	1201	101
3639	1314	1199	115
3640	1316	1199	117
3641	1322	1195	127
3642	1336	1203	133
3643	1314	1207	107
3644	1297	1202	95
3645	1300	1189	111
3646	1302	1190	112
3647	1311	1197	114
3648	1298	1192	106
