index	original	background	difference
-----------------------------------------------------
1	1188	1149	39
2	1178	1142	36
3	1190	1143	47
4	1192	1139	53
5	1196	1138	58
6	1184	1135	49
7	1188	1142	46
8	1185	1139	46
9	1186	1141	45
10	1176	1149	27
11	1184	1148	36
12	1188	1146	42
13	1185	1150	35
14	1179	1139	40
15	1193	1146	47
16	1190	1153	37
17	1202	1158	44
18	1212	1150	62
19	1197	1156	41
20	1191	1153	38
21	1199	1151	48
22	1204	1141	63
23	1202	1159	43
24	1197	1156	41
25	1206	1159	47
26	1204	1152	52
27	1206	1150	56
28	1208	1156	52
29	1214	1160	54
30	1210	1158	52
31	1214	1165	49
32	1215	1163	52
33	1211	1161	50
34	1215	1159	56
35	1213	1162	51
36	1211	1157	54
37	1214	1158	56
38	1216	1154	62
39	1216	1160	56
40	1221	1160	61
41	1215	1166	49
42	1215	1164	51
43	1218	1172	46
44	1218	1167	51
45	1221	1165	56
46	1218	1162	56
47	1219	1162	57
48	1221	1168	53
49	1224	1169	55
50	1223	1163	60
51	1226	1166	60
52	1232	1162	70
53	1244	1173	71
54	1234	1167	67
55	1232	1166	66
56	1231	1159	72
57	1239	1159	80
58	1235	1166	69
59	1235	1176	59
60	1232	1174	58
61	1237	1173	64
62	1234	1163	71
63	1239	1160	79
64	1239	1161	78
65	1244	1168	76
66	1242	1171	71
67	1244	1181	63
68	1237	1171	66
69	1244	1169	75
70	1241	1165	76
71	1245	1163	82
72	1246	1156	90
73	1249	1175	74
74	1252	1172	80
75	1257	1174	83
76	1252	1168	84
77	1253	1165	88
78	1263	1164	99
79	1271	1175	96
80	1258	1176	82
81	1265	1168	97
82	1269	1172	97
83	1267	1176	91
84	1272	1168	104
85	1277	1169	108
86	1266	1170	96
87	1277	1175	102
88	1281	1170	111
89	1286	1177	109
90	1283	1172	111
91	1292	1177	115
92	1293	1175	118
93	1291	1173	118
94	1293	1173	120
95	1300	1175	125
96	1301	1172	129
97	1299	1183	116
98	1301	1170	131
99	1304	1176	128
100	1306	1176	130
101	1321	1174	147
102	1319	1175	144
103	1320	1179	141
104	1318	1169	149
105	1327	1172	155
106	1332	1164	168
107	1339	1170	169
108	1336	1171	165
109	1333	1178	155
110	1328	1166	162
111	1336	1181	155
112	1335	1178	157
113	1342	1182	160
114	1351	1176	175
115	1346	1184	162
116	1357	1175	182
117	1380	1176	204
118	1379	1180	199
119	1375	1177	198
120	1360	1172	188
121	1373	1178	195
122	1369	1185	184
123	1371	1192	179
124	1367	1181	186
125	1371	1187	184
126	1373	1186	187
127	1378	1178	200
128	1373	1169	204
129	1380	1176	204
130	1397	1174	223
131	1410	1179	231
132	1410	1178	232
133	1403	1175	228
134	1411	1176	235
135	1414	1179	235
136	1407	1177	230
137	1427	1179	248
138	1431	1171	260
139	1434	1180	254
140	1431	1176	255
141	1433	1187	246
142	1432	1179	253
143	1439	1165	274
144	1441	1167	274
145	1446	1175	271
146	1438	1170	268
147	1433	1181	252
148	1437	1181	256
149	1455	1186	269
150	1448	1179	269
151	1445	1187	258
152	1457	1178	279
153	1465	1183	282
154	1463	1181	282
155	1471	1184	287
156	1478	1171	307
157	1492	1184	308
158	1484	1181	303
159	1480	1174	306
160	1485	1176	309
161	1485	1177	308
162	1492	1174	318
163	1502	1178	324
164	1489	1177	312
165	1498	1183	315
166	1507	1186	321
167	1505	1191	314
168	1496	1182	314
169	1505	1179	326
170	1502	1173	329
171	1515	1174	341
172	1515	1174	341
173	1532	1183	349
174	1533	1169	364
175	1542	1183	359
176	1550	1186	364
177	1562	1179	383
178	1561	1169	392
179	1573	1178	395
180	1573	1179	394
181	1568	1172	396
182	1572	1176	396
183	1582	1178	404
184	1564	1175	389
185	1576	1181	395
186	1592	1178	414
187	1599	1182	417
188	1607	1169	438
189	1605	1167	438
190	1604	1168	436
191	1623	1176	447
192	1624	1178	446
193	1619	1182	437
194	1624	1179	445
195	1631	1176	455
196	1640	1165	475
197	1646	1172	474
198	1633	1175	458
199	1646	1181	465
200	1647	1176	471
201	1649	1180	469
202	1651	1180	471
203	1666	1184	482
204	1664	1179	485
205	1669	1171	498
206	1672	1169	503
207	1673	1183	490
208	1667	1181	486
209	1680	1181	499
210	1659	1168	491
211	1670	1178	492
212	1685	1180	505
213	1690	1184	506
214	1690	1179	511
215	1694	1180	514
216	1696	1180	516
217	1697	1180	517
218	1688	1176	512
219	1703	1180	523
220	1713	1171	542
221	1729	1178	551
222	1731	1170	561
223	1728	1170	558
224	1716	1180	536
225	1711	1179	532
226	1718	1172	546
227	1722	1169	553
228	1739	1170	569
229	1745	1174	571
230	1760	1167	593
231	1766	1175	591
232	1766	1174	592
233	1783	1181	602
234	1783	1178	605
235	1800	1177	623
236	1811	1178	633
237	1805	1179	626
238	1806	1167	639
239	1820	1177	643
240	1834	1179	655
241	1860	1187	673
242	1869	1184	685
243	1881	1176	705
244	1882	1176	706
245	1896	1180	716
246	1910	1175	735
247	1911	1182	729
248	1920	1176	744
249	1943	1189	754
250	1947	1190	757
251	1939	1186	753
252	1938	1171	767
253	1955	1181	774
254	1952	1176	776
255	1957	1176	781
256	1976	1164	812
257	1993	1165	828
258	2007	1188	819
259	2009	1191	818
260	2001	1174	827
261	2006	1178	828
262	1995	1187	808
263	2011	1190	821
264	2017	1184	833
265	2017	1186	831
266	2009	1178	831
267	2020	1175	845
268	2017	1173	844
269	2019	1173	846
270	2033	1180	853
271	2049	1179	870
272	2054	1176	878
273	2072	1189	883
274	2072	1189	883
275	2081	1189	892
276	2076	1171	905
277	2102	1177	925
278	2101	1179	922
279	2111	1178	933
280	2118	1179	939
281	2132	1186	946
282	2141	1179	962
283	2154	1168	986
284	2177	1173	1004
285	2202	1186	1016
286	2203	1183	1020
287	2213	1179	1034
288	2210	1168	1042
289	2218	1176	1042
290	2237	1171	1066
291	2247	1177	1070
292	2252	1172	1080
293	2254	1175	1079
294	2266	1172	1094
295	2305	1183	1122
296	2315	1185	1130
297	2331	1188	1143
298	2339	1177	1162
299	2352	1179	1173
300	2352	1176	1176
301	2358	1181	1177
302	2368	1177	1191
303	2375	1170	1205
304	2395	1165	1230
305	2419	1170	1249
306	2443	1174	1269
307	2468	1180	1288
308	2455	1175	1280
309	2476	1174	1302
310	2500	1168	1332
311	2518	1172	1346
312	2514	1175	1339
313	2538	1183	1355
314	2529	1175	1354
315	2575	1181	1394
316	2600	1171	1429
317	2603	1183	1420
318	2596	1188	1408
319	2608	1186	1422
320	2641	1173	1468
321	2671	1179	1492
322	2688	1171	1517
323	2699	1174	1525
324	2707	1172	1535
325	2721	1174	1547
326	2725	1173	1552
327	2766	1179	1587
328	2798	1176	1622
329	2808	1177	1631
330	2813	1177	1636
331	2843	1179	1664
332	2854	1172	1682
333	2895	1173	1722
334	2926	1175	1751
335	2936	1181	1755
336	2968	1170	1798
337	2996	1175	1821
338	3017	1177	1840
339	3027	1180	1847
340	3050	1178	1872
341	3075	1176	1899
342	3082	1171	1911
343	3109	1185	1924
344	3119	1176	1943
345	3132	1174	1958
346	3133	1168	1965
347	3158	1175	1983
348	3176	1178	1998
349	3198	1186	2012
350	3183	1175	2008
351	3199	1173	2026
352	3224	1175	2049
353	3234	1168	2066
354	3227	1169	2058
355	3262	1181	2081
356	3260	1180	2080
357	3266	1195	2071
358	3271	1181	2090
359	3288	1170	2118
360	3298	1176	2122
361	3325	1189	2136
362	3336	1181	2155
363	3362	1186	2176
364	3348	1178	2170
365	3345	1173	2172
366	3337	1182	2155
367	3355	1181	2174
368	3371	1178	2193
369	3363	1182	2181
370	3353	1180	2173
371	3373	1179	2194
372	3380	1179	2201
373	3397	1182	2215
374	3417	1189	2228
375	3402	1187	2215
376	3376	1173	2203
377	3395	1181	2214
378	3427	1185	2242
379	3433	1187	2246
380	3418	1179	2239
381	3399	1186	2213
382	3385	1182	2203
383	3418	1177	2241
384	3438	1170	2268
385	3433	1173	2260
386	3441	1166	2275
387	3448	1170	2278
388	3426	1178	2248
389	3393	1176	2217
390	3385	1178	2207
391	3397	1181	2216
392	3395	1177	2218
393	3415	1174	2241
394	3436	1177	2259
395	3452	1176	2276
396	3443	1173	2270
397	3455	1177	2278
398	3455	1169	2286
399	3464	1173	2291
400	3466	1172	2294
401	3473	1176	2297
402	3485	1185	2300
403	3495	1181	2314
404	3461	1168	2293
405	3457	1174	2283
406	3465	1175	2290
407	3473	1186	2287
408	3485	1181	2304
409	3486	1179	2307
410	3462	1179	2283
411	3470	1186	2284
412	3471	1178	2293
413	3468	1184	2284
414	3477	1179	2298
415	3483	1182	2301
416	3494	1175	2319
417	3499	1186	2313
418	3488	1187	2301
419	3495	1175	2320
420	3493	1171	2322
421	3469	1177	2292
422	3473	1171	2302
423	3465	1181	2284
424	3472	1183	2289
425	3486	1189	2297
426	3461	1187	2274
427	3458	1187	2271
428	3451	1177	2274
429	3442	1175	2267
430	3453	1180	2273
431	3439	1178	2261
432	3433	1173	2260
433	3441	1180	2261
434	3466	1174	2292
435	3507	1175	2332
436	3489	1174	2315
437	3479	1186	2293
438	3482	1178	2304
439	3490	1169	2321
440	3502	1174	2328
441	3499	1182	2317
442	3477	1175	2302
443	3485	1175	2310
444	3497	1176	2321
445	3505	1175	2330
446	3532	1174	2358
447	3574	1169	2405
448	3579	1163	2416
449	3555	1175	2380
450	3562	1177	2385
451	3579	1181	2398
452	3587	1176	2411
453	3608	1177	2431
454	3622	1173	2449
455	3658	1182	2476
456	3641	1194	2447
457	3631	1188	2443
458	3668	1173	2495
459	3703	1179	2524
460	3707	1181	2526
461	3734	1178	2556
462	3721	1192	2529
463	3749	1184	2565
464	3775	1169	2606
465	3789	1175	2614
466	3799	1174	2625
467	3831	1175	2656
468	3833	1169	2664
469	3837	1178	2659
470	3857	1185	2672
471	3852	1185	2667
472	3827	1172	2655
473	3842	1173	2669
474	3814	1175	2639
475	3838	1181	2657
476	3841	1175	2666
477	3822	1185	2637
478	3804	1179	2625
479	3795	1171	2624
480	3794	1180	2614
481	3799	1182	2617
482	3803	1178	2625
483	3807	1183	2624
484	3809	1182	2627
485	3827	1180	2647
486	3813	1170	2643
487	3807	1174	2633
488	3786	1167	2619
489	3797	1167	2630
490	3795	1168	2627
491	3791	1178	2613
492	3770	1181	2589
493	3802	1188	2614
494	3830	1178	2652
495	3818	1184	2634
496	3816	1181	2635
497	3855	1187	2668
498	3871	1189	2682
499	3886	1180	2706
500	3887	1173	2714
501	3911	1179	2732
502	3952	1165	2787
503	3958	1166	2792
504	3978	1173	2805
505	4011	1182	2829
506	4034	1178	2856
507	4076	1186	2890
508	4105	1180	2925
509	4120	1175	2945
510	4157	1175	2982
511	4196	1179	3017
512	4219	1178	3041
513	4270	1183	3087
514	4306	1178	3128
515	4357	1192	3165
516	4388	1186	3202
517	4372	1175	3197
518	4379	1173	3206
519	4420	1186	3234
520	4401	1190	3211
521	4370	1187	3183
522	4381	1174	3207
523	4394	1174	3220
524	4384	1173	3211
525	4399	1184	3215
526	4440	1175	3265
527	4439	1183	3256
528	4387	1173	3214
529	4353	1180	3173
530	4342	1180	3162
531	4349	1181	3168
532	4357	1183	3174
533	4380	1187	3193
534	4375	1174	3201
535	4347	1170	3177
536	4339	1170	3169
537	4338	1177	3161
538	4335	1163	3172
539	4318	1175	3143
540	4317	1191	3126
541	4320	1191	3129
542	4305	1176	3129
543	4334	1183	3151
544	4360	1180	3180
545	4343	1185	3158
546	4340	1182	3158
547	4360	1181	3179
548	4338	1173	3165
549	4333	1187	3146
550	4323	1178	3145
551	4304	1173	3131
552	4301	1169	3132
553	4325	1177	3148
554	4327	1175	3152
555	4318	1185	3133
556	4320	1177	3143
557	4344	1186	3158
558	4318	1189	3129
559	4311	1182	3129
560	4324	1170	3154
561	4340	1173	3167
562	4346	1180	3166
563	4385	1178	3207
564	4402	1171	3231
565	4379	1183	3196
566	4397	1184	3213
567	4425	1184	3241
568	4410	1181	3229
569	4457	1183	3274
570	4480	1186	3294
571	4520	1189	3331
572	4535	1174	3361
573	4554	1179	3375
574	4573	1168	3405
575	4600	1171	3429
576	4614	1175	3439
577	4639	1181	3458
578	4675	1184	3491
579	4682	1192	3490
580	4672	1174	3498
581	4685	1173	3512
582	4672	1170	3502
583	4696	1184	3512
584	4742	1180	3562
585	4769	1179	3590
586	4779	1182	3597
587	4791	1190	3601
588	4797	1179	3618
589	4821	1179	3642
590	4804	1175	3629
591	4795	1175	3620
592	4778	1175	3603
593	4781	1175	3606
594	4785	1174	3611
595	4818	1184	3634
596	4845	1182	3663
597	4832	1168	3664
598	4796	1170	3626
599	4812	1185	3627
600	4830	1170	3660
601	4854	1168	3686
602	4862	1174	3688
603	4873	1181	3692
604	4887	1174	3713
605	4872	1179	3693
606	4847	1180	3667
607	4852	1178	3674
608	4874	1165	3709
609	4877	1177	3700
610	4851	1181	3670
611	4863	1180	3683
612	4880	1167	3713
613	4903	1171	3732
614	4905	1171	3734
615	4913	1180	3733
616	4888	1176	3712
617	4861	1176	3685
618	4863	1175	3688
619	4876	1185	3691
620	4892	1185	3707
621	4899	1180	3719
622	4916	1187	3729
623	4928	1188	3740
624	4936	1183	3753
625	4987	1182	3805
626	5023	1176	3847
627	5049	1188	3861
628	5023	1181	3842
629	5022	1167	3855
630	5041	1175	3866
631	5026	1187	3839
632	5043	1170	3873
633	5050	1182	3868
634	5057	1185	3872
635	5072	1181	3891
636	5076	1176	3900
637	5109	1183	3926
638	5108	1188	3920
639	5083	1193	3890
640	5094	1173	3921
641	5125	1176	3949
642	5134	1177	3957
643	5136	1183	3953
644	5124	1181	3943
645	5110	1177	3933
646	5102	1168	3934
647	5129	1168	3961
648	5114	1168	3946
649	5116	1175	3941
650	5151	1173	3978
651	5193	1178	4015
652	5201	1176	4025
653	5239	1174	4065
654	5230	1170	4060
655	5228	1182	4046
656	5255	1180	4075
657	5303	1178	4125
658	5336	1176	4160
659	5342	1178	4164
660	5376	1178	4198
661	5423	1184	4239
662	5482	1180	4302
663	5543	1179	4364
664	5563	1179	4384
665	5617	1185	4432
666	5700	1177	4523
667	5950	1173	4777
668	6311	1166	5145
669	6712	1179	5533
670	6949	1174	5775
671	7079	1185	5894
672	7213	1184	6029
673	7352	1186	6166
674	7423	1180	6243
675	7462	1176	6286
676	7452	1166	6286
677	7513	1170	6343
678	7535	1175	6360
679	7586	1181	6405
680	7649	1181	6468
681	7633	1184	6449
682	7642	1179	6463
683	7641	1179	6462
684	7669	1173	6496
685	7750	1176	6574
686	7697	1184	6513
687	7439	1184	6255
688	7030	1175	5855
689	6591	1181	5410
690	6193	1168	5025
691	5998	1174	4824
692	5912	1165	4747
693	5843	1175	4668
694	5779	1183	4596
695	5710	1182	4528
696	5661	1167	4494
697	5612	1169	4443
698	5561	1173	4388
699	5505	1184	4321
700	5448	1174	4274
701	5401	1175	4226
702	5361	1173	4188
703	5344	1179	4165
704	5318	1174	4144
705	5273	1183	4090
706	5219	1180	4039
707	5213	1175	4038
708	5198	1181	4017
709	5189	1185	4004
710	5166	1178	3988
711	5160	1176	3984
712	5150	1165	3985
713	5139	1177	3962
714	5061	1173	3888
715	5038	1176	3862
716	5017	1171	3846
717	4996	1173	3823
718	4996	1167	3829
719	5000	1185	3815
720	4959	1183	3776
721	4935	1175	3760
722	4948	1171	3777
723	4912	1182	3730
724	4911	1180	3731
725	4908	1187	3721
726	4873	1186	3687
727	4853	1186	3667
728	4840	1176	3664
729	4833	1189	3644
730	4783	1187	3596
731	4745	1189	3556
732	4740	1176	3564
733	4751	1186	3565
734	4732	1173	3559
735	4730	1173	3557
736	4724	1177	3547
737	4699	1181	3518
738	4680	1179	3501
739	4688	1180	3508
740	4670	1183	3487
741	4627	1176	3451
742	4595	1171	3424
743	4561	1182	3379
744	4546	1181	3365
745	4522	1179	3343
746	4515	1172	3343
747	4500	1178	3322
748	4490	1175	3315
749	4456	1183	3273
750	4443	1168	3275
751	4460	1174	3286
752	4472	1173	3299
753	4420	1179	3241
754	4395	1181	3214
755	4394	1178	3216
756	4370	1173	3197
757	4379	1179	3200
758	4353	1177	3176
759	4328	1177	3151
760	4326	1178	3148
761	4333	1189	3144
762	4351	1189	3162
763	4352	1191	3161
764	4388	1180	3208
765	4402	1177	3225
766	4371	1180	3191
767	4372	1182	3190
768	4372	1171	3201
769	4398	1176	3222
770	4355	1180	3175
771	4348	1186	3162
772	4341	1173	3168
773	4344	1181	3163
774	4363	1174	3189
775	4346	1180	3166
776	4317	1184	3133
777	4336	1189	3147
778	4353	1177	3176
779	4370	1179	3191
780	4360	1172	3188
781	4358	1178	3180
782	4325	1169	3156
783	4358	1173	3185
784	4379	1175	3204
785	4384	1183	3201
786	4356	1181	3175
787	4347	1178	3169
788	4321	1177	3144
789	4333	1170	3163
790	4350	1162	3188
791	4370	1170	3200
792	4338	1179	3159
793	4349	1192	3157
794	4385	1192	3193
795	4387	1181	3206
796	4393	1175	3218
797	4377	1191	3186
798	4350	1184	3166
799	4388	1174	3214
800	4379	1170	3209
801	4391	1173	3218
802	4408	1174	3234
803	4443	1174	3269
804	4492	1172	3320
805	4489	1175	3314
806	4472	1174	3298
807	4477	1168	3309
808	4482	1170	3312
809	4458	1179	3279
810	4458	1182	3276
811	4485	1187	3298
812	4482	1180	3302
813	4511	1175	3336
814	4542	1177	3365
815	4529	1183	3346
816	4495	1188	3307
817	4523	1189	3334
818	4524	1169	3355
819	4481	1174	3307
820	4360	1180	3180
821	4478	1182	3296
822	4551	1172	3379
823	4526	1178	3348
824	4536	1179	3357
825	4543	1176	3367
826	4532	1173	3359
827	4560	1180	3380
828	4601	1168	3433
829	4596	1170	3426
830	4608	1167	3441
831	4626	1163	3463
832	4615	1167	3448
833	4620	1173	3447
834	4600	1170	3430
835	4615	1176	3439
836	4575	1183	3392
837	4601	1175	3426
838	4628	1165	3463
839	4641	1176	3465
840	4629	1174	3455
841	4613	1177	3436
842	4618	1170	3448
843	4636	1176	3460
844	4652	1171	3481
845	4618	1178	3440
846	4599	1178	3421
847	4591	1188	3403
848	4564	1178	3386
849	4531	1185	3346
850	4541	1173	3368
851	4533	1166	3367
852	4521	1172	3349
853	4555	1181	3374
854	4554	1173	3381
855	4579	1178	3401
856	4585	1186	3399
857	4607	1190	3417
858	4608	1181	3427
859	4618	1182	3436
860	4637	1168	3469
861	4657	1174	3483
862	4654	1185	3469
863	4625	1184	3441
864	4619	1171	3448
865	4619	1173	3446
866	4617	1178	3439
867	4642	1181	3461
868	4666	1174	3492
869	4662	1170	3492
870	4649	1183	3466
871	4667	1193	3474
872	4661	1191	3470
873	4631	1184	3447
874	4622	1166	3456
875	4624	1167	3457
876	4620	1166	3454
877	4623	1171	3452
878	4639	1185	3454
879	4628	1186	3442
880	4628	1181	3447
881	4629	1184	3445
882	4614	1177	3437
883	4612	1181	3431
884	4607	1182	3425
885	4590	1186	3404
886	4554	1183	3371
887	4544	1178	3366
888	4536	1177	3359
889	4517	1175	3342
890	4502	1168	3334
891	4487	1190	3297
892	4470	1183	3287
893	4469	1183	3286
894	4452	1188	3264
895	4438	1178	3260
896	4391	1179	3212
897	4342	1185	3157
898	4324	1182	3142
899	4279	1189	3090
900	4221	1187	3034
901	4209	1186	3023
902	4199	1174	3025
903	4189	1171	3018
904	4163	1177	2986
905	4139	1185	2954
906	4111	1185	2926
907	4098	1185	2913
908	4105	1180	2925
909	4132	1179	2953
910	4159	1171	2988
911	4177	1182	2995
912	4146	1181	2965
913	4178	1174	3004
914	4212	1168	3044
915	4246	1177	3069
916	4286	1185	3101
917	4299	1192	3107
918	4286	1179	3107
919	4285	1177	3108
920	4309	1172	3137
921	4324	1176	3148
922	4322	1171	3151
923	4338	1181	3157
924	4347	1173	3174
925	4357	1165	3192
926	4345	1167	3178
927	4374	1186	3188
928	4388	1181	3207
929	4377	1183	3194
930	4360	1174	3186
931	4345	1177	3168
932	4344	1176	3168
933	4343	1179	3164
934	4345	1179	3166
935	4346	1178	3168
936	4335	1173	3162
937	4336	1178	3158
938	4331	1180	3151
939	4309	1183	3126
940	4319	1178	3141
941	4342	1177	3165
942	4352	1178	3174
943	4358	1182	3176
944	4338	1176	3162
945	4322	1172	3150
946	4321	1166	3155
947	4324	1163	3161
948	4316	1172	3144
949	4301	1187	3114
950	4293	1179	3114
951	4296	1183	3113
952	4296	1182	3114
953	4288	1184	3104
954	4273	1186	3087
955	4254	1192	3062
956	4267	1186	3081
957	4310	1187	3123
958	4311	1176	3135
959	4316	1178	3138
960	4294	1179	3115
961	4346	1187	3159
962	4346	1185	3161
963	4311	1186	3125
964	4281	1180	3101
965	4285	1187	3098
966	4297	1189	3108
967	4320	1182	3138
968	4315	1167	3148
969	4355	1196	3159
970	4335	1173	3162
971	4341	1178	3163
972	4383	1186	3197
973	4380	1182	3198
974	4366	1169	3197
975	4400	1184	3216
976	4369	1184	3185
977	4368	1177	3191
978	4400	1167	3233
979	4402	1171	3231
980	4405	1172	3233
981	4427	1183	3244
982	4415	1170	3245
983	4407	1179	3228
984	4429	1183	3246
985	4434	1189	3245
986	4446	1181	3265
987	4448	1183	3265
988	4448	1179	3269
989	4491	1184	3307
990	4506	1170	3336
991	4504	1179	3325
992	4489	1175	3314
993	4495	1178	3317
994	4498	1185	3313
995	4501	1183	3318
996	4499	1174	3325
997	4517	1174	3343
998	4526	1180	3346
999	4502	1179	3323
1000	4533	1176	3357
1001	4560	1177	3383
1002	4568	1172	3396
1003	4546	1177	3369
1004	4547	1178	3369
1005	4583	1186	3397
1006	4586	1174	3412
1007	4585	1174	3411
1008	4588	1173	3415
1009	4598	1184	3414
1010	4611	1182	3429
1011	4612	1188	3424
1012	4614	1182	3432
1013	4660	1176	3484
1014	4634	1176	3458
1015	4627	1185	3442
1016	4616	1173	3443
1017	4632	1186	3446
1018	4635	1180	3455
1019	4644	1174	3470
1020	4638	1179	3459
1021	4594	1188	3406
1022	4568	1176	3392
1023	4557	1168	3389
1024	4580	1168	3412
1025	4577	1177	3400
1026	4570	1175	3395
1027	4564	1183	3381
1028	4551	1182	3369
1029	4508	1180	3328
1030	4509	1179	3330
1031	4507	1183	3324
1032	4496	1172	3324
1033	4477	1176	3301
1034	4494	1167	3327
1035	4513	1177	3336
1036	4515	1174	3341
1037	4539	1168	3371
1038	4515	1182	3333
1039	4528	1192	3336
1040	4513	1183	3330
1041	4521	1182	3339
1042	4530	1183	3347
1043	4567	1172	3395
1044	4579	1179	3400
1045	4559	1180	3379
1046	4544	1171	3373
1047	4547	1178	3369
1048	4559	1177	3382
1049	4564	1179	3385
1050	4550	1173	3377
1051	4531	1182	3349
1052	4536	1187	3349
1053	4534	1184	3350
1054	4528	1182	3346
1055	4531	1192	3339
1056	4509	1184	3325
1057	4496	1171	3325
1058	4478	1163	3315
1059	4456	1176	3280
1060	4458	1186	3272
1061	4433	1187	3246
1062	4375	1175	3200
1063	4378	1185	3193
1064	4377	1179	3198
1065	4363	1180	3183
1066	4353	1182	3171
1067	4328	1186	3142
1068	4305	1176	3129
1069	4293	1179	3114
1070	4257	1173	3084
1071	4231	1174	3057
1072	4199	1176	3023
1073	4186	1176	3010
1074	4186	1176	3010
1075	4167	1179	2988
1076	4144	1169	2975
1077	4119	1177	2942
1078	4092	1177	2915
1079	4109	1184	2925
1080	4079	1177	2902
1081	4089	1174	2915
1082	4069	1178	2891
1083	4052	1187	2865
1084	4047	1176	2871
1085	4067	1185	2882
1086	4076	1185	2891
1087	4060	1179	2881
1088	4063	1173	2890
1089	4071	1182	2889
1090	4051	1182	2869
1091	4029	1189	2840
1092	4032	1172	2860
1093	4045	1174	2871
1094	4054	1178	2876
1095	4101	1184	2917
1096	4119	1171	2948
1097	4135	1174	2961
1098	4109	1177	2932
1099	4098	1174	2924
1100	4074	1171	2903
1101	4070	1176	2894
1102	4030	1172	2858
1103	4027	1175	2852
1104	4044	1168	2876
1105	4041	1182	2859
1106	4043	1186	2857
1107	4035	1182	2853
1108	4028	1176	2852
1109	4054	1174	2880
1110	4066	1173	2893
1111	4059	1175	2884
1112	4085	1173	2912
1113	4071	1172	2899
1114	4058	1174	2884
1115	4058	1185	2873
1116	4069	1173	2896
1117	4058	1166	2892
1118	4071	1176	2895
1119	4075	1177	2898
1120	4070	1171	2899
1121	4088	1180	2908
1122	4075	1177	2898
1123	4085	1190	2895
1124	4102	1192	2910
1125	4086	1183	2903
1126	4084	1168	2916
1127	4085	1178	2907
1128	4080	1176	2904
1129	4083	1180	2903
1130	4079	1183	2896
1131	4084	1186	2898
1132	4106	1180	2926
1133	4120	1179	2941
1134	4092	1181	2911
1135	4116	1188	2928
1136	4116	1178	2938
1137	4090	1180	2910
1138	4080	1180	2900
1139	4068	1184	2884
1140	4065	1184	2881
1141	4068	1182	2886
1142	4042	1184	2858
1143	4044	1202	2842
1144	4038	1181	2857
1145	4036	1183	2853
1146	4041	1180	2861
1147	4059	1186	2873
1148	4070	1188	2882
1149	4045	1177	2868
1150	4076	1178	2898
1151	4087	1182	2905
1152	4119	1178	2941
1153	4156	1184	2972
1154	4172	1174	2998
1155	4211	1174	3037
1156	4222	1180	3042
1157	4223	1174	3049
1158	4254	1168	3086
1159	4261	1171	3090
1160	4220	1176	3044
1161	4225	1184	3041
1162	4235	1182	3053
1163	4261	1183	3078
1164	4268	1177	3091
1165	4286	1185	3101
1166	4278	1192	3086
1167	4261	1182	3079
1168	4268	1178	3090
1169	4266	1189	3077
1170	4259	1184	3075
1171	4257	1180	3077
1172	4268	1174	3094
1173	4255	1173	3082
1174	4230	1171	3059
1175	4223	1178	3045
1176	4222	1169	3053
1177	4230	1182	3048
1178	4220	1180	3040
1179	4198	1180	3018
1180	4196	1180	3016
1181	4222	1189	3033
1182	4245	1173	3072
1183	4242	1171	3071
1184	4237	1168	3069
1185	4279	1185	3094
1186	4270	1189	3081
1187	4283	1170	3113
1188	4288	1165	3123
1189	4308	1185	3123
1190	4303	1181	3122
1191	4320	1186	3134
1192	4318	1181	3137
1193	4319	1179	3140
1194	4366	1178	3188
1195	4412	1189	3223
1196	4408	1189	3219
1197	4428	1186	3242
1198	4415	1178	3237
1199	4411	1194	3217
1200	4432	1177	3255
1201	4436	1183	3253
1202	4413	1183	3230
1203	4426	1189	3237
1204	4384	1184	3200
1205	4385	1191	3194
1206	4398	1182	3216
1207	4377	1174	3203
1208	4374	1174	3200
1209	4395	1184	3211
1210	4405	1185	3220
1211	4401	1185	3216
1212	4413	1178	3235
1213	4425	1178	3247
1214	4400	1172	3228
1215	4431	1174	3257
1216	4408	1174	3234
1217	4439	1180	3259
1218	4461	1168	3293
1219	4432	1175	3257
1220	4426	1178	3248
1221	4460	1182	3278
1222	4474	1179	3295
1223	4442	1179	3263
1224	4426	1185	3241
1225	4439	1186	3253
1226	4438	1179	3259
1227	4430	1186	3244
1228	4407	1186	3221
1229	4374	1184	3190
1230	4402	1168	3234
1231	4396	1179	3217
1232	4378	1182	3196
1233	4380	1187	3193
1234	4359	1182	3177
1235	4367	1186	3181
1236	4344	1179	3165
1237	4313	1186	3127
1238	4308	1181	3127
1239	4298	1188	3110
1240	4297	1174	3123
1241	4302	1163	3139
1242	4276	1167	3109
1243	4288	1182	3106
1244	4279	1185	3094
1245	4271	1177	3094
1246	4264	1182	3082
1247	4272	1183	3089
1248	4273	1171	3102
1249	4242	1181	3061
1250	4234	1179	3055
1251	4252	1183	3069
1252	4257	1174	3083
1253	4287	1179	3108
1254	4323	1176	3147
1255	4299	1181	3118
1256	4316	1175	3141
1257	4326	1190	3136
1258	4339	1185	3154
1259	4364	1176	3188
1260	4383	1163	3220
1261	4398	1174	3224
1262	4420	1175	3245
1263	4428	1186	3242
1264	4433	1179	3254
1265	4454	1180	3274
1266	4406	1181	3225
1267	4392	1181	3211
1268	4415	1185	3230
1269	4424	1194	3230
1270	4408	1185	3223
1271	4411	1184	3227
1272	4397	1175	3222
1273	4393	1180	3213
1274	4384	1176	3208
1275	4391	1170	3221
1276	4416	1173	3243
1277	4389	1184	3205
1278	4382	1181	3201
1279	4451	1186	3265
1280	4462	1181	3281
1281	4475	1185	3290
1282	4441	1182	3259
1283	4449	1185	3264
1284	4464	1176	3288
1285	4511	1180	3331
1286	4508	1181	3327
1287	4537	1193	3344
1288	4554	1184	3370
1289	4557	1173	3384
1290	4549	1175	3374
1291	4533	1168	3365
1292	4549	1163	3386
1293	4592	1182	3410
1294	4628	1176	3452
1295	4629	1181	3448
1296	4624	1181	3443
1297	4623	1176	3447
1298	4618	1177	3441
1299	4668	1177	3491
1300	4693	1169	3524
1301	4687	1178	3509
1302	4737	1173	3564
1303	4769	1172	3597
1304	4829	1171	3658
1305	4900	1180	3720
1306	4946	1182	3764
1307	4958	1187	3771
1308	4965	1177	3788
1309	5022	1183	3839
1310	5088	1186	3902
1311	5187	1186	4001
1312	5265	1176	4089
1313	5318	1178	4140
1314	5385	1178	4207
1315	5452	1179	4273
1316	5550	1180	4370
1317	5664	1180	4484
1318	5765	1189	4576
1319	5841	1192	4649
1320	5926	1179	4747
1321	6068	1181	4887
1322	6190	1175	5015
1323	6327	1186	5141
1324	6460	1181	5279
1325	6543	1176	5367
1326	6614	1173	5441
1327	6741	1178	5563
1328	6853	1180	5673
1329	6944	1189	5755
1330	7023	1178	5845
1331	7125	1179	5946
1332	7279	1179	6100
1333	7416	1182	6234
1334	7557	1186	6371
1335	7674	1179	6495
1336	7759	1181	6578
1337	7825	1183	6642
1338	7959	1178	6781
1339	8139	1181	6958
1340	8249	1175	7074
1341	8378	1177	7201
1342	8427	1180	7247
1343	8473	1183	7290
1344	8549	1172	7377
1345	8563	1170	7393
1346	8591	1185	7406
1347	8591	1190	7401
1348	8630	1178	7452
1349	8755	1182	7573
1350	8861	1183	7678
1351	8966	1177	7789
1352	9035	1176	7859
1353	9149	1185	7964
1354	9210	1175	8035
1355	9287	1178	8109
1356	9362	1179	8183
1357	9457	1184	8273
1358	9597	1176	8421
1359	9699	1172	8527
1360	9802	1182	8620
1361	9839	1182	8657
1362	9867	1171	8696
1363	9960	1171	8789
1364	10145	1180	8965
1365	10313	1179	9134
1366	10444	1177	9267
1367	10599	1186	9413
1368	10701	1178	9523
1369	10738	1182	9556
1370	10760	1181	9579
1371	10767	1181	9586
1372	10797	1176	9621
1373	10799	1170	9629
1374	10794	1168	9626
1375	10877	1178	9699
1376	10957	1185	9772
1377	11002	1185	9817
1378	10995	1180	9815
1379	10997	1176	9821
1380	11021	1175	9846
1381	11095	1175	9920
1382	11152	1177	9975
1383	11212	1181	10031
1384	11245	1175	10070
1385	11404	1181	10223
1386	11631	1181	10450
1387	11863	1182	10681
1388	12033	1179	10854
1389	12261	1186	11075
1390	12439	1184	11255
1391	12604	1179	11425
1392	12642	1177	11465
1393	12722	1182	11540
1394	12829	1181	11648
1395	12872	1187	11685
1396	12832	1177	11655
1397	12859	1177	11682
1398	12812	1177	11635
1399	12814	1175	11639
1400	12819	1172	11647
1401	12846	1178	11668
1402	12919	1184	11735
1403	12903	1180	11723
1404	12906	1173	11733
1405	12878	1177	11701
1406	12812	1176	11636
1407	12713	1180	11533
1408	12616	1174	11442
1409	12493	1178	11315
1410	12403	1180	11223
1411	12372	1184	11188
1412	12381	1173	11208
1413	12467	1179	11288
1414	12693	1181	11512
1415	13026	1175	11851
1416	13393	1184	12209
1417	13761	1185	12576
1418	14024	1177	12847
1419	14274	1175	13099
1420	14435	1171	13264
1421	14512	1183	13329
1422	14679	1172	13507
1423	14837	1165	13672
1424	14876	1173	13703
1425	14947	1188	13759
1426	14916	1179	13737
1427	14848	1172	13676
1428	14757	1163	13594
1429	14760	1184	13576
1430	14738	1182	13556
1431	14667	1178	13489
1432	14498	1169	13329
1433	14313	1180	13133
1434	14096	1184	12912
1435	13723	1186	12537
1436	13303	1177	12126
1437	13009	1180	11829
1438	12776	1167	11609
1439	12525	1175	11350
1440	12295	1175	11120
1441	12057	1168	10889
1442	11861	1167	10694
1443	11706	1186	10520
1444	11681	1183	10498
1445	11691	1179	10512
1446	11638	1176	10462
1447	11683	1182	10501
1448	11755	1187	10568
1449	11819	1180	10639
1450	11922	1171	10751
1451	12007	1169	10838
1452	12068	1180	10888
1453	12117	1184	10933
1454	12094	1181	10913
1455	12050	1185	10865
1456	11988	1183	10805
1457	11980	1175	10805
1458	11903	1172	10731
1459	11849	1180	10669
1460	11834	1180	10654
1461	11788	1177	10611
1462	11708	1172	10536
1463	11618	1178	10440
1464	11491	1176	10315
1465	11421	1174	10247
1466	11353	1170	10183
1467	11269	1178	10091
1468	11168	1176	9992
1469	11079	1181	9898
1470	10960	1183	9777
1471	10867	1195	9672
1472	10854	1178	9676
1473	10827	1180	9647
1474	10764	1176	9588
1475	10707	1185	9522
1476	10636	1187	9449
1477	10552	1180	9372
1478	10443	1176	9267
1479	10344	1175	9169
1480	10179	1179	9000
1481	10016	1184	8832
1482	9948	1180	8768
1483	9803	1175	8628
1484	9719	1172	8547
1485	9629	1177	8452
1486	9463	1174	8289
1487	9306	1184	8122
1488	9150	1182	7968
1489	9080	1184	7896
1490	9002	1178	7824
1491	8855	1179	7676
1492	8695	1177	7518
1493	8550	1169	7381
1494	8385	1170	7215
1495	8302	1180	7122
1496	8241	1177	7064
1497	8188	1184	7004
1498	8167	1183	6984
1499	8135	1178	6957
1500	8063	1174	6889
1501	8023	1177	6846
1502	7947	1175	6772
1503	7896	1183	6713
1504	7916	1173	6743
1505	8008	1176	6832
1506	8105	1175	6930
1507	8205	1177	7028
1508	8276	1170	7106
1509	8360	1169	7191
1510	8424	1180	7244
1511	8491	1185	7306
1512	8554	1169	7385
1513	8636	1174	7462
1514	8752	1180	7572
1515	8832	1173	7659
1516	8863	1172	7691
1517	8865	1178	7687
1518	8834	1172	7662
1519	8848	1180	7668
1520	8887	1175	7712
1521	8927	1183	7744
1522	8984	1177	7807
1523	9094	1175	7919
1524	9138	1177	7961
1525	9110	1180	7930
1526	9065	1181	7884
1527	8993	1181	7812
1528	8868	1176	7692
1529	8795	1181	7614
1530	8768	1173	7595
1531	8755	1177	7578
1532	8671	1173	7498
1533	8616	1174	7442
1534	8516	1176	7340
1535	8461	1181	7280
1536	8393	1177	7216
1537	8380	1172	7208
1538	8301	1168	7133
1539	8264	1177	7087
1540	8278	1177	7101
1541	8255	1179	7076
1542	8137	1178	6959
1543	8044	1178	6866
1544	7966	1181	6785
1545	7908	1176	6732
1546	7856	1174	6682
1547	7756	1186	6570
1548	7665	1175	6490
1549	7624	1179	6445
1550	7560	1179	6381
1551	7483	1174	6309
1552	7468	1168	6300
1553	7514	1189	6325
1554	7574	1193	6381
1555	7624	1182	6442
1556	7719	1178	6541
1557	7767	1183	6584
1558	7762	1182	6580
1559	7810	1182	6628
1560	7827	1181	6646
1561	7830	1177	6653
1562	7860	1177	6683
1563	7913	1183	6730
1564	7942	1176	6766
1565	7962	1175	6787
1566	7989	1167	6822
1567	8012	1179	6833
1568	8037	1170	6867
1569	8073	1174	6899
1570	8102	1174	6928
1571	8171	1177	6994
1572	8226	1175	7051
1573	8250	1177	7073
1574	8212	1185	7027
1575	8155	1179	6976
1576	8080	1171	6909
1577	8050	1174	6876
1578	8055	1168	6887
1579	8073	1176	6897
1580	8091	1170	6921
1581	8076	1177	6899
1582	8047	1178	6869
1583	8027	1176	6851
1584	7985	1173	6812
1585	8016	1183	6833
1586	8022	1181	6841
1587	8005	1174	6831
1588	8009	1178	6831
1589	8033	1182	6851
1590	8074	1177	6897
1591	8115	1176	6939
1592	8140	1175	6965
1593	8153	1177	6976
1594	8136	1175	6961
1595	8152	1171	6981
1596	8152	1164	6988
1597	8121	1173	6948
1598	8159	1182	6977
1599	8118	1180	6938
1600	8084	1172	6912
1601	8093	1181	6912
1602	8067	1174	6893
1603	8059	1178	6881
1604	8029	1169	6860
1605	8047	1170	6877
1606	8034	1166	6868
1607	8004	1174	6830
1608	7978	1183	6795
1609	7913	1195	6718
1610	7885	1176	6709
1611	7856	1168	6688
1612	7808	1174	6634
1613	7748	1175	6573
1614	7669	1165	6504
1615	7613	1180	6433
1616	7608	1177	6431
1617	7569	1177	6392
1618	7562	1183	6379
1619	7578	1176	6402
1620	7562	1166	6396
1621	7554	1173	6381
1622	7578	1178	6400
1623	7587	1176	6411
1624	7553	1182	6371
1625	7551	1181	6370
1626	7545	1178	6367
1627	7522	1182	6340
1628	7492	1178	6314
1629	7487	1182	6305
1630	7429	1179	6250
1631	7354	1174	6180
1632	7332	1169	6163
1633	7330	1177	6153
1634	7295	1171	6124
1635	7285	1169	6116
1636	7251	1172	6079
1637	7228	1185	6043
1638	7178	1183	5995
1639	7137	1183	5954
1640	7100	1173	5927
1641	7081	1182	5899
1642	7058	1181	5877
1643	7088	1176	5912
1644	7101	1180	5921
1645	7114	1179	5935
1646	7116	1169	5947
1647	7095	1180	5915
1648	7092	1175	5917
1649	7115	1179	5936
1650	7119	1177	5942
1651	7117	1182	5935
1652	7128	1178	5950
1653	7151	1180	5971
1654	7127	1173	5954
1655	7118	1181	5937
1656	7133	1174	5959
1657	7171	1173	5998
1658	7176	1171	6005
1659	7157	1183	5974
1660	7152	1188	5964
1661	7154	1185	5969
1662	7110	1173	5937
1663	7077	1172	5905
1664	7041	1163	5878
1665	6998	1168	5830
1666	6963	1172	5791
1667	6961	1184	5777
1668	6961	1180	5781
1669	6947	1180	5767
1670	6894	1173	5721
1671	6854	1178	5676
1672	6803	1176	5627
1673	6794	1177	5617
1674	6804	1176	5628
1675	6806	1190	5616
1676	6758	1184	5574
1677	6752	1176	5576
1678	6714	1177	5537
1679	6708	1184	5524
1680	6714	1180	5534
1681	6744	1181	5563
1682	6711	1182	5529
1683	6692	1183	5509
1684	6682	1174	5508
1685	6695	1177	5518
1686	6695	1171	5524
1687	6673	1178	5495
1688	6647	1182	5465
1689	6655	1184	5471
1690	6614	1174	5440
1691	6593	1173	5420
1692	6618	1159	5459
1693	6586	1164	5422
1694	6554	1174	5380
1695	6503	1184	5319
1696	6466	1172	5294
1697	6410	1175	5235
1698	6385	1176	5209
1699	6340	1188	5152
1700	6294	1180	5114
1701	6251	1192	5059
1702	6211	1182	5029
1703	6179	1183	4996
1704	6156	1183	4973
1705	6128	1183	4945
1706	6108	1180	4928
1707	6058	1186	4872
1708	6023	1174	4849
1709	6006	1182	4824
1710	5974	1173	4801
1711	5952	1174	4778
1712	5909	1176	4733
1713	5847	1179	4668
1714	5833	1173	4660
1715	5814	1174	4640
1716	5803	1166	4637
1717	5778	1181	4597
1718	5739	1180	4559
1719	5731	1168	4563
1720	5659	1161	4498
1721	5664	1167	4497
1722	5651	1171	4480
1723	5637	1177	4460
1724	5617	1168	4449
1725	5609	1167	4442
1726	5602	1175	4427
1727	5597	1177	4420
1728	5568	1165	4403
1729	5586	1176	4410
1730	5551	1176	4375
1731	5496	1164	4332
1732	5469	1161	4308
1733	5462	1176	4286
1734	5434	1169	4265
1735	5415	1170	4245
1736	5389	1172	4217
1737	5386	1175	4211
1738	5382	1179	4203
1739	5359	1189	4170
1740	5360	1180	4180
1741	5362	1186	4176
1742	5339	1180	4159
1743	5304	1179	4125
1744	5266	1173	4093
1745	5283	1176	4107
1746	5264	1176	4088
1747	5284	1179	4105
1748	5278	1176	4102
1749	5275	1172	4103
1750	5310	1171	4139
1751	5341	1167	4174
1752	5326	1159	4167
1753	5349	1170	4179
1754	5389	1179	4210
1755	5404	1188	4216
1756	5405	1177	4228
1757	5407	1174	4233
1758	5431	1169	4262
1759	5424	1174	4250
1760	5440	1184	4256
1761	5455	1185	4270
1762	5458	1173	4285
1763	5475	1176	4299
1764	5488	1171	4317
1765	5433	1180	4253
1766	5388	1181	4207
1767	5397	1177	4220
1768	5364	1179	4185
1769	5364	1178	4186
1770	5307	1180	4127
1771	5274	1184	4090
1772	5260	1177	4083
1773	5251	1178	4073
1774	5232	1188	4044
1775	5181	1188	3993
1776	5140	1179	3961
1777	5102	1176	3926
1778	5103	1176	3927
1779	5104	1180	3924
1780	5089	1172	3917
1781	5025	1169	3856
1782	4984	1172	3812
1783	4965	1183	3782
1784	4952	1183	3769
1785	4950	1182	3768
1786	4920	1172	3748
1787	4934	1182	3752
1788	4919	1176	3743
1789	4901	1179	3722
1790	4895	1178	3717
1791	4856	1186	3670
1792	4808	1174	3634
1793	4801	1175	3626
1794	4776	1178	3598
1795	4769	1179	3590
1796	4786	1186	3600
1797	4811	1186	3625
1798	4790	1172	3618
1799	4775	1178	3597
1800	4794	1185	3609
1801	4766	1183	3583
1802	4745	1181	3564
1803	4748	1181	3567
1804	4770	1175	3595
1805	4767	1172	3595
1806	4755	1170	3585
1807	4756	1176	3580
1808	4703	1180	3523
1809	4714	1182	3532
1810	4704	1177	3527
1811	4709	1179	3530
1812	4692	1175	3517
1813	4677	1171	3506
1814	4661	1178	3483
1815	4674	1178	3496
1816	4661	1181	3480
1817	4664	1194	3470
1818	4652	1177	3475
1819	4629	1175	3454
1820	4599	1174	3425
1821	4575	1181	3394
1822	4548	1174	3374
1823	4544	1187	3357
1824	4535	1187	3348
1825	4511	1190	3321
1826	4499	1180	3319
1827	4503	1176	3327
1828	4505	1178	3327
1829	4516	1182	3334
1830	4485	1186	3299
1831	4471	1183	3288
1832	4469	1176	3293
1833	4453	1185	3268
1834	4445	1181	3264
1835	4460	1179	3281
1836	4465	1165	3300
1837	4471	1170	3301
1838	4441	1176	3265
1839	4427	1179	3248
1840	4424	1176	3248
1841	4426	1181	3245
1842	4395	1177	3218
1843	4331	1183	3148
1844	4342	1180	3162
1845	4339	1180	3159
1846	4356	1181	3175
1847	4370	1185	3185
1848	4365	1176	3189
1849	4365	1186	3179
1850	4372	1174	3198
1851	4381	1180	3201
1852	4363	1177	3186
1853	4348	1170	3178
1854	4375	1173	3202
1855	4405	1180	3225
1856	4418	1176	3242
1857	4425	1178	3247
1858	4411	1172	3239
1859	4410	1172	3238
1860	4428	1175	3253
1861	4447	1177	3270
1862	4474	1171	3303
1863	4452	1177	3275
1864	4440	1180	3260
1865	4460	1177	3283
1866	4501	1172	3329
1867	4530	1178	3352
1868	4529	1176	3353
1869	4522	1179	3343
1870	4509	1171	3338
1871	4516	1184	3332
1872	4503	1181	3322
1873	4505	1179	3326
1874	4544	1175	3369
1875	4533	1179	3354
1876	4542	1166	3376
1877	4528	1174	3354
1878	4508	1173	3335
1879	4517	1175	3342
1880	4520	1175	3345
1881	4499	1180	3319
1882	4480	1177	3303
1883	4500	1177	3323
1884	4503	1167	3336
1885	4486	1168	3318
1886	4496	1171	3325
1887	4507	1185	3322
1888	4483	1182	3301
1889	4464	1191	3273
1890	4482	1184	3298
1891	4487	1173	3314
1892	4476	1173	3303
1893	4485	1174	3311
1894	4467	1177	3290
1895	4449	1187	3262
1896	4409	1181	3228
1897	4402	1187	3215
1898	4390	1179	3211
1899	4376	1178	3198
1900	4361	1173	3188
1901	4324	1178	3146
1902	4327	1179	3148
1903	4351	1178	3173
1904	4311	1183	3128
1905	4315	1184	3131
1906	4297	1176	3121
1907	4277	1178	3099
1908	4269	1168	3101
1909	4275	1180	3095
1910	4251	1178	3073
1911	4224	1178	3046
1912	4218	1170	3048
1913	4207	1177	3030
1914	4203	1168	3035
1915	4248	1173	3075
1916	4254	1183	3071
1917	4240	1179	3061
1918	4221	1167	3054
1919	4216	1177	3039
1920	4235	1177	3058
1921	4252	1182	3070
1922	4243	1174	3069
1923	4238	1184	3054
1924	4236	1178	3058
1925	4215	1185	3030
1926	4200	1181	3019
1927	4211	1184	3027
1928	4203	1180	3023
1929	4194	1184	3010
1930	4203	1181	3022
1931	4216	1185	3031
1932	4196	1176	3020
1933	4201	1175	3026
1934	4197	1183	3014
1935	4190	1191	2999
1936	4184	1186	2998
1937	4183	1187	2996
1938	4152	1177	2975
1939	4114	1176	2938
1940	4109	1182	2927
1941	4132	1180	2952
1942	4114	1178	2936
1943	4100	1180	2920
1944	4086	1168	2918
1945	4084	1169	2915
1946	4096	1174	2922
1947	4088	1180	2908
1948	4084	1180	2904
1949	4081	1187	2894
1950	4062	1179	2883
1951	4072	1177	2895
1952	4050	1174	2876
1953	4099	1177	2922
1954	4087	1181	2906
1955	4090	1187	2903
1956	4125	1176	2949
1957	4168	1171	2997
1958	4178	1178	3000
1959	4174	1184	2990
1960	4163	1176	2987
1961	4148	1171	2977
1962	4173	1177	2996
1963	4189	1188	3001
1964	4182	1179	3003
1965	4193	1182	3011
1966	4203	1174	3029
1967	4196	1179	3017
1968	4195	1174	3021
1969	4215	1196	3019
1970	4194	1170	3024
1971	4169	1180	2989
1972	4161	1178	2983
1973	4154	1171	2983
1974	4097	1175	2922
1975	4047	1184	2863
1976	4048	1174	2874
1977	4065	1183	2882
1978	4063	1169	2894
1979	4067	1179	2888
1980	4042	1183	2859
1981	4034	1179	2855
1982	4057	1177	2880
1983	4055	1181	2874
1984	4057	1173	2884
1985	4097	1174	2923
1986	4114	1167	2947
1987	4119	1171	2948
1988	4126	1173	2953
1989	4133	1178	2955
1990	4122	1175	2947
1991	4180	1175	3005
1992	4184	1179	3005
1993	4169	1177	2992
1994	4204	1173	3031
1995	4262	1174	3088
1996	4320	1184	3136
1997	4380	1188	3192
1998	4434	1184	3250
1999	4513	1177	3336
2000	4586	1173	3413
2001	4667	1184	3483
2002	4730	1188	3542
2003	4779	1178	3601
2004	4881	1169	3712
2005	4974	1171	3803
2006	5048	1185	3863
2007	5106	1186	3920
2008	5179	1178	4001
2009	5343	1185	4158
2010	5438	1181	4257
2011	5662	1170	4492
2012	5957	1173	4784
2013	6555	1177	5378
2014	7606	1178	6428
2015	9458	1175	8283
2016	12185	1171	11014
2017	15449	1179	14270
2018	18519	1172	17347
2019	21068	1177	19891
2020	23115	1172	21943
2021	24682	1182	23500
2022	25846	1182	24664
2023	27051	1181	25870
2024	28201	1183	27018
2025	29070	1182	27888
2026	29880	1174	28706
2027	30373	1172	29201
2028	30621	1175	29446
2029	30682	1179	29503
2030	30424	1185	29239
2031	30108	1183	28925
2032	29804	1179	28625
2033	29568	1190	28378
2034	28849	1190	27659
2035	27668	1179	26489
2036	26210	1180	25030
2037	24190	1181	23009
2038	21560	1171	20389
2039	18788	1173	17615
2040	16213	1176	15037
2041	14149	1188	12961
2042	12545	1188	11357
2043	11201	1179	10022
2044	10165	1175	8990
2045	9338	1189	8149
2046	8580	1188	7392
2047	7929	1181	6748
2048	7458	1165	6293
2049	7151	1169	5982
2050	6902	1177	5725
2051	6641	1182	5459
2052	6438	1177	5261
2053	6301	1180	5121
2054	6141	1181	4960
2055	5926	1182	4744
2056	5783	1172	4611
2057	5690	1171	4519
2058	5545	1164	4381
2059	5319	1164	4155
2060	5120	1174	3946
2061	4989	1179	3810
2062	4840	1183	3657
2063	4761	1189	3572
2064	4659	1180	3479
2065	4554	1181	3373
2066	4426	1171	3255
2067	4302	1177	3125
2068	4212	1175	3037
2069	4155	1187	2968
2070	4063	1175	2888
2071	4000	1183	2817
2072	3943	1184	2759
2073	3837	1179	2658
2074	3784	1177	2607
2075	3750	1181	2569
2076	3692	1176	2516
2077	3661	1178	2483
2078	3610	1173	2437
2079	3600	1178	2422
2080	3595	1170	2425
2081	3597	1174	2423
2082	3588	1169	2419
2083	3589	1167	2422
2084	3564	1171	2393
2085	3574	1180	2394
2086	3560	1169	2391
2087	3574	1177	2397
2088	3583	1184	2399
2089	3584	1169	2415
2090	3572	1171	2401
2091	3592	1179	2413
2092	3588	1182	2406
2093	3602	1192	2410
2094	3620	1185	2435
2095	3626	1184	2442
2096	3650	1176	2474
2097	3656	1177	2479
2098	3658	1174	2484
2099	3659	1174	2485
2100	3644	1167	2477
2101	3644	1179	2465
2102	3618	1177	2441
2103	3618	1176	2442
2104	3634	1171	2463
2105	3634	1180	2454
2106	3623	1183	2440
2107	3605	1184	2421
2108	3589	1175	2414
2109	3585	1181	2404
2110	3552	1180	2372
2111	3532	1186	2346
2112	3523	1176	2347
2113	3508	1178	2330
2114	3494	1186	2308
2115	3480	1188	2292
2116	3471	1175	2296
2117	3492	1187	2305
2118	3472	1175	2297
2119	3436	1169	2267
2120	3444	1169	2275
2121	3461	1173	2288
2122	3456	1180	2276
2123	3441	1181	2260
2124	3407	1171	2236
2125	3409	1181	2228
2126	3412	1179	2233
2127	3417	1179	2238
2128	3447	1176	2271
2129	3456	1172	2284
2130	3428	1174	2254
2131	3422	1180	2242
2132	3411	1174	2237
2133	3426	1175	2251
2134	3430	1171	2259
2135	3421	1180	2241
2136	3400	1179	2221
2137	3422	1181	2241
2138	3408	1174	2234
2139	3423	1183	2240
2140	3423	1178	2245
2141	3428	1177	2251
2142	3427	1177	2250
2143	3439	1177	2262
2144	3472	1179	2293
2145	3470	1187	2283
2146	3475	1176	2299
2147	3502	1189	2313
2148	3536	1181	2355
2149	3577	1184	2393
2150	3582	1175	2407
2151	3605	1184	2421
2152	3639	1172	2467
2153	3657	1168	2489
2154	3655	1177	2478
2155	3671	1189	2482
2156	3675	1177	2498
2157	3697	1182	2515
2158	3694	1181	2513
2159	3689	1177	2512
2160	3709	1173	2536
2161	3702	1179	2523
2162	3700	1178	2522
2163	3715	1178	2537
2164	3715	1177	2538
2165	3681	1182	2499
2166	3652	1180	2472
2167	3655	1186	2469
2168	3644	1184	2460
2169	3644	1188	2456
2170	3596	1184	2412
2171	3577	1186	2391
2172	3593	1171	2422
2173	3590	1176	2414
2174	3565	1173	2392
2175	3554	1173	2381
2176	3526	1166	2360
2177	3533	1169	2364
2178	3537	1164	2373
2179	3519	1172	2347
2180	3502	1184	2318
2181	3475	1186	2289
2182	3453	1178	2275
2183	3495	1179	2316
2184	3499	1175	2324
2185	3491	1179	2312
2186	3511	1178	2333
2187	3563	1182	2381
2188	3554	1169	2385
2189	3544	1179	2365
2190	3523	1183	2340
2191	3539	1178	2361
2192	3559	1171	2388
2193	3562	1177	2385
2194	3548	1175	2373
2195	3561	1176	2385
2196	3577	1170	2407
2197	3587	1174	2413
2198	3582	1182	2400
2199	3577	1181	2396
2200	3564	1167	2397
2201	3563	1173	2390
2202	3585	1178	2407
2203	3613	1188	2425
2204	3611	1179	2432
2205	3588	1183	2405
2206	3587	1175	2412
2207	3572	1178	2394
2208	3574	1181	2393
2209	3608	1183	2425
2210	3598	1179	2419
2211	3607	1185	2422
2212	3639	1190	2449
2213	3660	1196	2464
2214	3685	1179	2506
2215	3695	1183	2512
2216	3690	1184	2506
2217	3705	1189	2516
2218	3690	1179	2511
2219	3683	1184	2499
2220	3658	1174	2484
2221	3611	1181	2430
2222	3573	1182	2391
2223	3544	1180	2364
2224	3512	1171	2341
2225	3486	1173	2313
2226	3465	1175	2290
2227	3439	1183	2256
2228	3409	1176	2233
2229	3397	1179	2218
2230	3374	1188	2186
2231	3360	1185	2175
2232	3322	1174	2148
2233	3303	1169	2134
2234	3273	1175	2098
2235	3256	1188	2068
2236	3259	1186	2073
2237	3224	1178	2046
2238	3222	1167	2055
2239	3217	1177	2040
2240	3182	1174	2008
2241	3162	1177	1985
2242	3146	1173	1973
2243	3135	1173	1962
2244	3122	1173	1949
2245	3120	1174	1946
2246	3139	1177	1962
2247	3159	1178	1981
2248	3141	1170	1971
2249	3168	1173	1995
2250	3185	1176	2009
2251	3211	1182	2029
2252	3249	1174	2075
2253	3299	1181	2118
2254	3333	1183	2150
2255	3381	1185	2196
2256	3423	1180	2243
2257	3435	1182	2253
2258	3481	1181	2300
2259	3541	1174	2367
2260	3575	1183	2392
2261	3606	1181	2425
2262	3656	1177	2479
2263	3668	1178	2490
2264	3679	1179	2500
2265	3717	1174	2543
2266	3750	1165	2585
2267	3779	1179	2600
2268	3771	1180	2591
2269	3768	1174	2594
2270	3764	1174	2590
2271	3760	1171	2589
2272	3757	1170	2587
2273	3755	1181	2574
2274	3751	1177	2574
2275	3741	1183	2558
2276	3731	1184	2547
2277	3703	1187	2516
2278	3708	1175	2533
2279	3722	1178	2544
2280	3690	1169	2521
2281	3678	1174	2504
2282	3656	1177	2479
2283	3624	1181	2443
2284	3622	1166	2456
2285	3612	1176	2436
2286	3617	1176	2441
2287	3592	1173	2419
2288	3560	1181	2379
2289	3531	1179	2352
2290	3533	1178	2355
2291	3518	1179	2339
2292	3499	1172	2327
2293	3496	1167	2329
2294	3505	1168	2337
2295	3504	1175	2329
2296	3482	1174	2308
2297	3467	1176	2291
2298	3439	1176	2263
2299	3407	1179	2228
2300	3382	1178	2204
2301	3379	1182	2197
2302	3377	1181	2196
2303	3368	1177	2191
2304	3374	1180	2194
2305	3374	1183	2191
2306	3366	1179	2187
2307	3367	1173	2194
2308	3361	1170	2191
2309	3389	1176	2213
2310	3359	1182	2177
2311	3361	1176	2185
2312	3372	1171	2201
2313	3394	1178	2216
2314	3398	1182	2216
2315	3366	1177	2189
2316	3356	1172	2184
2317	3390	1186	2204
2318	3395	1183	2212
2319	3396	1175	2221
2320	3380	1174	2206
2321	3372	1182	2190
2322	3364	1176	2188
2323	3366	1178	2188
2324	3353	1174	2179
2325	3355	1188	2167
2326	3376	1183	2193
2327	3366	1180	2186
2328	3360	1175	2185
2329	3342	1184	2158
2330	3330	1178	2152
2331	3334	1184	2150
2332	3312	1174	2138
2333	3309	1176	2133
2334	3307	1179	2128
2335	3305	1185	2120
2336	3300	1174	2126
2337	3285	1178	2107
2338	3280	1184	2096
2339	3265	1188	2077
2340	3262	1178	2084
2341	3258	1180	2078
2342	3227	1182	2045
2343	3225	1179	2046
2344	3228	1181	2047
2345	3218	1176	2042
2346	3204	1183	2021
2347	3182	1187	1995
2348	3156	1170	1986
2349	3159	1176	1983
2350	3148	1184	1964
2351	3132	1185	1947
2352	3130	1183	1947
2353	3118	1180	1938
2354	3143	1170	1973
2355	3158	1180	1978
2356	3139	1195	1944
2357	3160	1189	1971
2358	3204	1176	2028
2359	3211	1178	2033
2360	3196	1184	2012
2361	3231	1204	2027
2362	3237	1185	2052
2363	3233	1194	2039
2364	3237	1189	2048
2365	3255	1185	2070
2366	3274	1183	2091
2367	3297	1180	2117
2368	3290	1180	2110
2369	3281	1188	2093
2370	3300	1175	2125
2371	3328	1172	2156
2372	3320	1177	2143
2373	3332	1177	2155
2374	3299	1174	2125
2375	3309	1179	2130
2376	3320	1174	2146
2377	3295	1171	2124
2378	3287	1164	2123
2379	3282	1182	2100
2380	3263	1186	2077
2381	3263	1192	2071
2382	3241	1179	2062
2383	3235	1177	2058
2384	3214	1173	2041
2385	3206	1178	2028
2386	3187	1179	2008
2387	3188	1191	1997
2388	3161	1184	1977
2389	3158	1181	1977
2390	3131	1185	1946
2391	3117	1179	1938
2392	3125	1181	1944
2393	3123	1180	1943
2394	3116	1177	1939
2395	3131	1186	1945
2396	3126	1173	1953
2397	3137	1177	1960
2398	3127	1188	1939
2399	3121	1191	1930
2400	3123	1170	1953
2401	3130	1169	1961
2402	3134	1174	1960
2403	3138	1184	1954
2404	3140	1176	1964
2405	3149	1181	1968
2406	3151	1168	1983
2407	3124	1173	1951
2408	3135	1172	1963
2409	3153	1181	1972
2410	3133	1178	1955
2411	3134	1182	1952
2412	3141	1173	1968
2413	3142	1171	1971
2414	3134	1166	1968
2415	3149	1181	1968
2416	3152	1187	1965
2417	3165	1188	1977
2418	3155	1182	1973
2419	3128	1188	1940
2420	3140	1184	1956
2421	3153	1182	1971
2422	3138	1176	1962
2423	3123	1180	1943
2424	3125	1170	1955
2425	3124	1181	1943
2426	3117	1188	1929
2427	3110	1187	1923
2428	3089	1180	1909
2429	3097	1174	1923
2430	3079	1180	1899
2431	3073	1186	1887
2432	3075	1183	1892
2433	3102	1189	1913
2434	3102	1179	1923
2435	3109	1181	1928
2436	3116	1186	1930
2437	3118	1177	1941
2438	3120	1172	1948
2439	3151	1181	1970
2440	3182	1176	2006
2441	3202	1176	2026
2442	3211	1169	2042
2443	3220	1174	2046
2444	3274	1175	2099
2445	3303	1176	2127
2446	3290	1166	2124
2447	3322	1178	2144
2448	3360	1171	2189
2449	3389	1177	2212
2450	3394	1172	2222
2451	3409	1182	2227
2452	3422	1181	2241
2453	3467	1189	2278
2454	3452	1182	2270
2455	3447	1187	2260
2456	3458	1177	2281
2457	3464	1179	2285
2458	3445	1177	2268
2459	3429	1188	2241
2460	3455	1180	2275
2461	3428	1178	2250
2462	3406	1181	2225
2463	3407	1180	2227
2464	3394	1175	2219
2465	3402	1185	2217
2466	3410	1181	2229
2467	3408	1177	2231
2468	3408	1173	2235
2469	3401	1184	2217
2470	3383	1175	2208
2471	3378	1177	2201
2472	3367	1181	2186
2473	3379	1178	2201
2474	3371	1175	2196
2475	3368	1182	2186
2476	3362	1182	2180
2477	3351	1175	2176
2478	3329	1174	2155
2479	3364	1183	2181
2480	3371	1173	2198
2481	3391	1169	2222
2482	3351	1174	2177
2483	3336	1175	2161
2484	3353	1168	2185
2485	3330	1174	2156
2486	3334	1180	2154
2487	3367	1185	2182
2488	3367	1180	2187
2489	3362	1179	2183
2490	3343	1176	2167
2491	3339	1183	2156
2492	3359	1174	2185
2493	3363	1175	2188
2494	3370	1175	2195
2495	3359	1183	2176
2496	3361	1184	2177
2497	3388	1185	2203
2498	3392	1174	2218
2499	3391	1171	2220
2500	3411	1178	2233
2501	3418	1187	2231
2502	3426	1183	2243
2503	3447	1179	2268
2504	3457	1181	2276
2505	3454	1182	2272
2506	3454	1174	2280
2507	3486	1184	2302
2508	3503	1175	2328
2509	3514	1183	2331
2510	3499	1190	2309
2511	3477	1190	2287
2512	3515	1185	2330
2513	3541	1187	2354
2514	3535	1179	2356
2515	3502	1186	2316
2516	3510	1182	2328
2517	3501	1186	2315
2518	3479	1174	2305
2519	3475	1178	2297
2520	3474	1190	2284
2521	3502	1185	2317
2522	3486	1170	2316
2523	3453	1177	2276
2524	3442	1177	2265
2525	3438	1179	2259
2526	3419	1178	2241
2527	3396	1192	2204
2528	3398	1182	2216
2529	3401	1172	2229
2530	3392	1175	2217
2531	3380	1180	2200
2532	3370	1173	2197
2533	3365	1175	2190
2534	3366	1182	2184
2535	3350	1182	2168
2536	3346	1178	2168
2537	3345	1188	2157
2538	3350	1189	2161
2539	3368	1188	2180
2540	3377	1181	2196
2541	3403	1179	2224
2542	3404	1181	2223
2543	3400	1184	2216
2544	3409	1184	2225
2545	3403	1173	2230
2546	3413	1158	2255
2547	3423	1177	2246
2548	3416	1183	2233
2549	3416	1180	2236
2550	3442	1179	2263
2551	3446	1176	2270
2552	3464	1180	2284
2553	3457	1181	2276
2554	3427	1175	2252
2555	3430	1188	2242
2556	3426	1182	2244
2557	3442	1176	2266
2558	3434	1178	2256
2559	3428	1181	2247
2560	3456	1174	2282
2561	3464	1177	2287
2562	3449	1176	2273
2563	3449	1188	2261
2564	3462	1180	2282
2565	3459	1181	2278
2566	3431	1178	2253
2567	3436	1175	2261
2568	3430	1175	2255
2569	3417	1188	2229
2570	3403	1169	2234
2571	3418	1177	2241
2572	3410	1188	2222
2573	3424	1187	2237
2574	3409	1183	2226
2575	3409	1182	2227
2576	3392	1177	2215
2577	3394	1179	2215
2578	3409	1173	2236
2579	3395	1177	2218
2580	3390	1185	2205
2581	3382	1183	2199
2582	3374	1183	2191
2583	3393	1180	2213
2584	3395	1178	2217
2585	3365	1180	2185
2586	3370	1175	2195
2587	3383	1175	2208
2588	3356	1172	2184
2589	3357	1177	2180
2590	3388	1179	2209
2591	3384	1188	2196
2592	3377	1185	2192
2593	3397	1191	2206
2594	3420	1182	2238
2595	3430	1186	2244
2596	3430	1180	2250
2597	3461	1179	2282
2598	3475	1186	2289
2599	3472	1184	2288
2600	3465	1175	2290
2601	3497	1178	2319
2602	3520	1177	2343
2603	3514	1179	2335
2604	3526	1176	2350
2605	3525	1175	2350
2606	3528	1180	2348
2607	3560	1177	2383
2608	3549	1170	2379
2609	3558	1173	2385
2610	3553	1172	2381
2611	3571	1177	2394
2612	3553	1169	2384
2613	3548	1172	2376
2614	3560	1185	2375
2615	3556	1183	2373
2616	3543	1174	2369
2617	3544	1177	2367
2618	3530	1178	2352
2619	3515	1184	2331
2620	3530	1174	2356
2621	3517	1181	2336
2622	3485	1182	2303
2623	3489	1186	2303
2624	3473	1180	2293
2625	3470	1186	2284
2626	3475	1181	2294
2627	3460	1185	2275
2628	3459	1185	2274
2629	3495	1184	2311
2630	3512	1178	2334
2631	3515	1180	2335
2632	3505	1178	2327
2633	3512	1176	2336
2634	3502	1185	2317
2635	3495	1190	2305
2636	3515	1183	2332
2637	3527	1189	2338
2638	3519	1184	2335
2639	3544	1187	2357
2640	3557	1177	2380
2641	3573	1181	2392
2642	3590	1178	2412
2643	3595	1177	2418
2644	3598	1178	2420
2645	3635	1181	2454
2646	3661	1175	2486
2647	3648	1187	2461
2648	3666	1186	2480
2649	3678	1176	2502
2650	3661	1172	2489
2651	3686	1185	2501
2652	3698	1181	2517
2653	3683	1183	2500
2654	3673	1183	2490
2655	3684	1185	2499
2656	3696	1181	2515
2657	3703	1186	2517
2658	3688	1181	2507
2659	3674	1188	2486
2660	3676	1181	2495
2661	3666	1177	2489
2662	3641	1175	2466
2663	3647	1178	2469
2664	3630	1170	2460
2665	3611	1179	2432
2666	3599	1180	2419
2667	3630	1181	2449
2668	3634	1176	2458
2669	3646	1177	2469
2670	3670	1176	2494
2671	3658	1177	2481
2672	3633	1174	2459
2673	3671	1187	2484
2674	3696	1179	2517
2675	3689	1178	2511
2676	3668	1180	2488
2677	3683	1193	2490
2678	3701	1184	2517
2679	3709	1180	2529
2680	3735	1177	2558
2681	3716	1179	2537
2682	3698	1164	2534
2683	3721	1166	2555
2684	3703	1173	2530
2685	3678	1175	2503
2686	3681	1172	2509
2687	3696	1182	2514
2688	3696	1180	2516
2689	3680	1180	2500
2690	3652	1181	2471
2691	3641	1190	2451
2692	3626	1181	2445
2693	3605	1182	2423
2694	3582	1185	2397
2695	3615	1185	2430
2696	3596	1179	2417
2697	3600	1182	2418
2698	3582	1180	2402
2699	3562	1174	2388
2700	3543	1173	2370
2701	3531	1178	2353
2702	3519	1181	2338
2703	3514	1172	2342
2704	3485	1174	2311
2705	3463	1188	2275
2706	3443	1187	2256
2707	3424	1187	2237
2708	3413	1181	2232
2709	3407	1183	2224
2710	3397	1179	2218
2711	3374	1191	2183
2712	3355	1188	2167
2713	3374	1183	2191
2714	3360	1183	2177
2715	3368	1186	2182
2716	3363	1183	2180
2717	3350	1184	2166
2718	3346	1177	2169
2719	3354	1176	2178
2720	3351	1176	2175
2721	3363	1188	2175
2722	3352	1177	2175
2723	3358	1183	2175
2724	3356	1176	2180
2725	3348	1175	2173
2726	3332	1188	2144
2727	3332	1185	2147
2728	3318	1178	2140
2729	3309	1182	2127
2730	3292	1179	2113
2731	3278	1177	2101
2732	3255	1172	2083
2733	3248	1179	2069
2734	3211	1165	2046
2735	3171	1176	1995
2736	3156	1185	1971
2737	3165	1187	1978
2738	3126	1182	1944
2739	3120	1176	1944
2740	3093	1173	1920
2741	3075	1187	1888
2742	3065	1173	1892
2743	3066	1171	1895
2744	3038	1170	1868
2745	3031	1160	1871
2746	3010	1172	1838
2747	3002	1183	1819
2748	2987	1172	1815
2749	2985	1171	1814
2750	2977	1174	1803
2751	2986	1178	1808
2752	2957	1178	1779
2753	2961	1178	1783
2754	2956	1169	1787
2755	2942	1170	1772
2756	2921	1168	1753
2757	2908	1177	1731
2758	2913	1186	1727
2759	2897	1185	1712
2760	2879	1187	1692
2761	2872	1180	1692
2762	2864	1174	1690
2763	2870	1187	1683
2764	2866	1188	1678
2765	2859	1178	1681
2766	2851	1161	1690
2767	2867	1170	1697
2768	2845	1176	1669
2769	2849	1191	1658
2770	2854	1183	1671
2771	2844	1178	1666
2772	2837	1174	1663
2773	2835	1180	1655
2774	2849	1182	1667
2775	2866	1177	1689
2776	2845	1172	1673
2777	2849	1169	1680
2778	2855	1163	1692
2779	2851	1176	1675
2780	2851	1182	1669
2781	2869	1182	1687
2782	2859	1169	1690
2783	2871	1176	1695
2784	2891	1173	1718
2785	2880	1178	1702
2786	2882	1183	1699
2787	2874	1174	1700
2788	2855	1176	1679
2789	2868	1183	1685
2790	2878	1176	1702
2791	2891	1177	1714
2792	2870	1166	1704
2793	2863	1168	1695
2794	2873	1168	1705
2795	2892	1170	1722
2796	2905	1178	1727
2797	2899	1184	1715
2798	2885	1181	1704
2799	2902	1178	1724
2800	2923	1172	1751
2801	2930	1175	1755
2802	2920	1179	1741
2803	2929	1178	1751
2804	2936	1176	1760
2805	2948	1180	1768
2806	2945	1178	1767
2807	2975	1178	1797
2808	2992	1167	1825
2809	3013	1182	1831
2810	3015	1168	1847
2811	3049	1165	1884
2812	3053	1176	1877
2813	3057	1180	1877
2814	3048	1172	1876
2815	3063	1178	1885
2816	3066	1176	1890
2817	3075	1177	1898
2818	3071	1176	1895
2819	3086	1180	1906
2820	3102	1176	1926
2821	3116	1175	1941
2822	3095	1165	1930
2823	3088	1179	1909
2824	3084	1175	1909
2825	3091	1176	1915
2826	3068	1182	1886
2827	3066	1183	1883
2828	3059	1176	1883
2829	3043	1176	1867
2830	3006	1168	1838
2831	3007	1171	1836
2832	3007	1177	1830
2833	3005	1175	1830
2834	2981	1170	1811
2835	2981	1171	1810
2836	2982	1159	1823
2837	2998	1177	1821
2838	2992	1179	1813
2839	3020	1173	1847
2840	3024	1171	1853
2841	3029	1182	1847
2842	3035	1176	1859
2843	3042	1174	1868
2844	3035	1177	1858
2845	3063	1186	1877
2846	3084	1175	1909
2847	3071	1180	1891
2848	3065	1177	1888
2849	3077	1177	1900
2850	3085	1176	1909
2851	3115	1184	1931
2852	3104	1179	1925
2853	3089	1182	1907
2854	3106	1186	1920
2855	3103	1190	1913
2856	3104	1167	1937
2857	3151	1176	1975
2858	3147	1173	1974
2859	3139	1168	1971
2860	3150	1174	1976
2861	3185	1182	2003
2862	3220	1173	2047
2863	3223	1182	2041
2864	3218	1187	2031
2865	3245	1183	2062
2866	3241	1179	2062
2867	3260	1180	2080
2868	3289	1180	2109
2869	3297	1183	2114
2870	3332	1175	2157
2871	3369	1174	2195
2872	3391	1176	2215
2873	3408	1190	2218
2874	3435	1179	2256
2875	3439	1177	2262
2876	3464	1178	2286
2877	3490	1174	2316
2878	3498	1166	2332
2879	3505	1179	2326
2880	3505	1182	2323
2881	3495	1187	2308
2882	3492	1184	2308
2883	3518	1180	2338
2884	3505	1181	2324
2885	3511	1180	2331
2886	3515	1164	2351
2887	3507	1174	2333
2888	3482	1175	2307
2889	3488	1177	2311
2890	3509	1176	2333
2891	3488	1188	2300
2892	3488	1188	2300
2893	3474	1184	2290
2894	3476	1170	2306
2895	3490	1171	2319
2896	3495	1177	2318
2897	3475	1180	2295
2898	3471	1177	2294
2899	3479	1182	2297
2900	3483	1182	2301
2901	3487	1186	2301
2902	3470	1177	2293
2903	3463	1171	2292
2904	3473	1180	2293
2905	3478	1183	2295
2906	3466	1167	2299
2907	3443	1176	2267
2908	3431	1183	2248
2909	3420	1194	2226
2910	3403	1190	2213
2911	3395	1177	2218
2912	3360	1173	2187
2913	3325	1183	2142
2914	3309	1181	2128
2915	3307	1185	2122
2916	3277	1181	2096
2917	3251	1184	2067
2918	3254	1176	2078
2919	3255	1172	2083
2920	3224	1176	2048
2921	3238	1183	2055
2922	3237	1168	2069
2923	3231	1169	2062
2924	3213	1174	2039
2925	3238	1184	2054
2926	3238	1172	2066
2927	3221	1173	2048
2928	3240	1174	2066
2929	3260	1176	2084
2930	3286	1178	2108
2931	3303	1183	2120
2932	3296	1184	2112
2933	3330	1186	2144
2934	3330	1169	2161
2935	3341	1165	2176
2936	3365	1180	2185
2937	3358	1189	2169
2938	3378	1179	2199
2939	3360	1183	2177
2940	3345	1177	2168
2941	3363	1169	2194
2942	3358	1182	2176
2943	3344	1190	2154
2944	3328	1177	2151
2945	3311	1179	2132
2946	3284	1176	2108
2947	3262	1179	2083
2948	3254	1177	2077
2949	3250	1179	2071
2950	3209	1175	2034
2951	3193	1167	2026
2952	3182	1169	2013
2953	3177	1180	1997
2954	3146	1172	1974
2955	3118	1181	1937
2956	3091	1178	1913
2957	3069	1172	1897
2958	3048	1176	1872
2959	3021	1178	1843
2960	3007	1169	1838
2961	2994	1172	1822
2962	2985	1176	1809
2963	2989	1175	1814
2964	2972	1168	1804
2965	2976	1175	1801
2966	2976	1169	1807
2967	3000	1182	1818
2968	2997	1160	1837
2969	3042	1195	1847
2970	3043	1179	1864
2971	3055	1175	1880
2972	3054	1176	1878
2973	3062	1180	1882
2974	3073	1175	1898
2975	3093	1176	1917
2976	3101	1174	1927
2977	3119	1180	1939
2978	3113	1175	1938
2979	3125	1180	1945
2980	3126	1186	1940
2981	3150	1187	1963
2982	3148	1177	1971
2983	3144	1174	1970
2984	3123	1175	1948
2985	3136	1177	1959
2986	3132	1173	1959
2987	3129	1175	1954
2988	3128	1174	1954
2989	3125	1174	1951
2990	3124	1169	1955
2991	3115	1183	1932
2992	3083	1180	1903
2993	3057	1180	1877
2994	3035	1171	1864
2995	3025	1184	1841
2996	2995	1177	1818
2997	2946	1173	1773
2998	2926	1184	1742
2999	2918	1185	1733
3000	2872	1169	1703
3001	2841	1171	1670
3002	2837	1184	1653
3003	2823	1190	1633
3004	2804	1170	1634
3005	2792	1175	1617
3006	2786	1173	1613
3007	2778	1175	1603
3008	2782	1175	1607
3009	2773	1175	1598
3010	2767	1170	1597
3011	2776	1173	1603
3012	2761	1179	1582
3013	2757	1180	1577
3014	2738	1176	1562
3015	2734	1175	1559
3016	2704	1167	1537
3017	2683	1170	1513
3018	2666	1166	1500
3019	2674	1180	1494
3020	2644	1170	1474
3021	2630	1177	1453
3022	2612	1179	1433
3023	2614	1182	1432
3024	2608	1170	1438
3025	2590	1172	1418
3026	2573	1171	1402
3027	2588	1172	1416
3028	2569	1167	1402
3029	2552	1177	1375
3030	2531	1170	1361
3031	2521	1166	1355
3032	2513	1166	1347
3033	2498	1177	1321
3034	2488	1178	1310
3035	2468	1178	1290
3036	2460	1175	1285
3037	2429	1177	1252
3038	2427	1174	1253
3039	2431	1181	1250
3040	2415	1176	1239
3041	2413	1173	1240
3042	2399	1175	1224
3043	2395	1183	1212
3044	2403	1176	1227
3045	2396	1178	1218
3046	2364	1165	1199
3047	2357	1165	1192
3048	2351	1174	1177
3049	2359	1186	1173
3050	2361	1180	1181
3051	2347	1187	1160
3052	2333	1185	1148
3053	2339	1181	1158
3054	2344	1169	1175
3055	2331	1168	1163
3056	2307	1173	1134
3057	2306	1175	1131
3058	2290	1171	1119
3059	2298	1176	1122
3060	2296	1170	1126
3061	2284	1166	1118
3062	2295	1173	1122
3063	2294	1176	1118
3064	2293	1169	1124
3065	2297	1183	1114
3066	2303	1182	1121
3067	2288	1176	1112
3068	2278	1173	1105
3069	2277	1185	1092
3070	2286	1175	1111
3071	2288	1169	1119
3072	2266	1171	1095
3073	2253	1179	1074
3074	2239	1171	1068
3075	2231	1171	1060
3076	2213	1172	1041
3077	2221	1179	1042
3078	2212	1172	1040
3079	2210	1169	1041
3080	2215	1172	1043
3081	2211	1187	1024
3082	2204	1183	1021
3083	2200	1177	1023
3084	2220	1167	1053
3085	2203	1182	1021
3086	2173	1171	1002
3087	2177	1170	1007
3088	2173	1171	1002
3089	2160	1173	987
3090	2133	1174	959
3091	2137	1174	963
3092	2137	1171	966
3093	2133	1178	955
3094	2119	1171	948
3095	2117	1176	941
3096	2126	1172	954
3097	2114	1176	938
3098	2097	1180	917
3099	2099	1174	925
3100	2095	1169	926
3101	2085	1175	910
3102	2069	1176	893
3103	2068	1178	890
3104	2046	1178	868
3105	2033	1178	855
3106	2031	1170	861
3107	2010	1177	833
3108	1999	1180	819
3109	2003	1183	820
3110	1992	1182	810
3111	1985	1177	808
3112	1974	1171	803
3113	1965	1181	784
3114	1953	1181	772
3115	1949	1185	764
3116	1939	1169	770
3117	1925	1174	751
3118	1905	1173	732
3119	1903	1184	719
3120	1886	1174	712
3121	1882	1172	710
3122	1868	1179	689
3123	1856	1183	673
3124	1856	1176	680
3125	1871	1179	692
3126	1856	1174	682
3127	1855	1180	675
3128	1850	1181	669
3129	1832	1186	646
3130	1810	1185	625
3131	1799	1183	616
3132	1808	1185	623
3133	1799	1192	607
3134	1803	1172	631
3135	1795	1182	613
3136	1771	1183	588
3137	1772	1179	593
3138	1738	1170	568
3139	1743	1184	559
3140	1744	1184	560
3141	1744	1175	569
3142	1743	1182	561
3143	1723	1182	541
3144	1711	1171	540
3145	1707	1170	537
3146	1693	1174	519
3147	1702	1183	519
3148	1698	1174	524
3149	1688	1180	508
3150	1673	1181	492
3151	1669	1183	486
3152	1668	1186	482
3153	1669	1183	486
3154	1647	1183	464
3155	1649	1174	475
3156	1639	1176	463
3157	1629	1179	450
3158	1615	1171	444
3159	1609	1175	434
3160	1599	1171	428
3161	1592	1178	414
3162	1582	1172	410
3163	1579	1186	393
3164	1576	1174	402
3165	1576	1169	407
3166	1561	1173	388
3167	1567	1183	384
3168	1554	1177	377
3169	1550	1181	369
3170	1530	1185	345
3171	1533	1184	349
3172	1516	1173	343
3173	1516	1179	337
3174	1527	1187	340
3175	1516	1180	336
3176	1490	1182	308
3177	1495	1194	301
3178	1483	1178	305
3179	1473	1171	302
3180	1466	1172	294
3181	1458	1193	265
3182	1449	1189	260
3183	1445	1190	255
3184	1432	1180	252
3185	1428	1186	242
3186	1426	1181	245
3187	1419	1189	230
3188	1411	1181	230
3189	1416	1188	228
3190	1402	1175	227
3191	1392	1177	215
3192	1380	1185	195
3193	1385	1188	197
3194	1367	1178	189
3195	1364	1174	190
3196	1376	1173	203
3197	1372	1178	194
3198	1351	1183	168
3199	1348	1184	164
3200	1345	1174	171
3201	1332	1180	152
3202	1340	1186	154
3203	1352	1184	168
3204	1334	1182	152
3205	1323	1178	145
3206	1325	1175	150
3207	1328	1177	151
3208	1310	1178	132
3209	1319	1183	136
3210	1320	1188	132
3211	1309	1184	125
3212	1297	1175	122
3213	1306	1180	126
3214	1296	1183	113
3215	1294	1186	108
3216	1290	1181	109
3217	1297	1176	121
3218	1304	1176	128
3219	1302	1181	121
3220	1288	1178	110
3221	1289	1174	115
3222	1286	1161	125
3223	1280	1167	113
3224	1273	1173	100
3225	1272	1187	85
3226	1277	1190	87
3227	1288	1178	110
3228	1285	1189	96
3229	1289	1190	99
3230	1277	1169	108
3231	1268	1180	88
3232	1266	1182	84
3233	1269	1186	83
3234	1271	1185	86
3235	1259	1187	72
3236	1262	1169	93
3237	1269	1174	95
3238	1263	1189	74
3239	1263	1183	80
3240	1261	1177	84
3241	1270	1182	88
3242	1271	1183	88
3243	1261	1189	72
3244	1252	1184	68
3245	1258	1185	73
3246	1247	1184	63
3247	1251	1183	68
3248	1258	1169	89
3249	1252	1180	72
3250	1252	1171	81
3251	1256	1169	87
3252	1253	1180	73
3253	1254	1174	80
3254	1256	1174	82
3255	1259	1188	71
3256	1253	1178	75
3257	1257	1174	83
3258	1261	1173	88
3259	1260	1168	92
3260	1258	1171	87
3261	1251	1170	81
3262	1254	1169	85
3263	1256	1173	83
3264	1244	1180	64
3265	1245	1185	60
3266	1254	1189	65
3267	1253	1190	63
3268	1256	1176	80
3269	1265	1184	81
3270	1259	1184	75
3271	1256	1183	73
3272	1246	1176	70
3273	1250	1175	75
3274	1256	1174	82
3275	1247	1176	71
3276	1240	1180	60
3277	1239	1182	57
3278	1235	1176	59
3279	1244	1176	68
3280	1247	1175	72
3281	1247	1189	58
3282	1251	1182	69
3283	1260	1178	82
3284	1253	1169	84
3285	1262	1188	74
3286	1252	1188	64
3287	1246	1180	66
3288	1245	1175	70
3289	1248	1177	71
3290	1240	1179	61
3291	1239	1171	68
3292	1233	1170	63
3293	1244	1191	53
3294	1246	1179	67
3295	1244	1177	67
3296	1236	1169	67
3297	1237	1179	58
3298	1236	1185	51
3299	1244	1178	66
3300	1241	1171	70
3301	1242	1178	64
3302	1245	1180	65
3303	1250	1182	68
3304	1245	1173	72
3305	1247	1168	79
3306	1241	1172	69
3307	1248	1181	67
3308	1240	1178	62
3309	1243	1172	71
3310	1241	1176	65
3311	1237	1183	54
3312	1232	1181	51
3313	1244	1175	69
3314	1244	1183	61
3315	1249	1190	59
3316	1246	1188	58
3317	1245	1179	66
3318	1238	1183	55
3319	1251	1179	72
3320	1245	1169	76
3321	1242	1170	72
3322	1238	1174	64
3323	1239	1185	54
3324	1244	1177	67
3325	1243	1177	66
3326	1248	1172	76
3327	1246	1174	72
3328	1247	1181	66
3329	1249	1173	76
3330	1243	1169	74
3331	1246	1177	69
3332	1247	1171	76
3333	1248	1178	70
3334	1235	1179	56
3335	1235	1183	52
3336	1235	1172	63
3337	1239	1167	72
3338	1231	1175	56
3339	1233	1182	51
3340	1232	1175	57
3341	1233	1187	46
3342	1235	1183	52
3343	1247	1180	67
3344	1240	1180	60
3345	1234	1178	56
3346	1224	1177	47
3347	1239	1183	56
3348	1241	1178	63
3349	1238	1180	58
3350	1237	1168	69
3351	1238	1170	68
3352	1231	1167	64
3353	1228	1174	54
3354	1234	1164	70
3355	1237	1189	48
3356	1222	1191	31
3357	1223	1189	34
3358	1229	1179	50
3359	1236	1183	53
3360	1228	1181	47
3361	1234	1183	51
3362	1235	1182	53
3363	1234	1183	51
3364	1230	1173	57
3365	1239	1166	73
3366	1244	1163	81
3367	1242	1171	71
3368	1233	1171	62
3369	1245	1180	65
3370	1238	1174	64
3371	1228	1180	48
3372	1222	1168	54
3373	1219	1180	39
3374	1231	1177	54
3375	1237	1184	53
3376	1224	1177	47
3377	1233	1186	47
3378	1227	1177	50
3379	1219	1174	45
3380	1233	1172	61
3381	1235	1181	54
3382	1223	1178	45
3383	1222	1182	40
3384	1225	1175	50
3385	1231	1176	55
3386	1229	1176	53
3387	1234	1178	56
3388	1231	1178	53
3389	1233	1180	53
3390	1232	1175	57
3391	1228	1171	57
3392	1223	1176	47
3393	1237	1177	60
3394	1232	1172	60
3395	1227	1178	49
3396	1213	1178	35
3397	1231	1177	54
3398	1232	1178	54
3399	1224	1179	45
3400	1217	1170	47
3401	1222	1173	49
3402	1229	1170	59
3403	1226	1176	50
3404	1216	1173	43
3405	1222	1168	54
3406	1224	1168	56
3407	1234	1173	61
3408	1234	1170	64
3409	1233	1182	51
3410	1222	1177	45
3411	1223	1172	51
3412	1231	1179	52
3413	1221	1187	34
3414	1214	1180	34
3415	1216	1189	27
3416	1217	1185	32
3417	1214	1177	37
3418	1204	1167	37
3419	1222	1176	46
3420	1225	1181	44
3421	1226	1175	51
3422	1216	1172	44
3423	1212	1184	28
3424	1211	1180	31
3425	1220	1179	41
3426	1219	1186	33
3427	1226	1184	42
3428	1222	1169	53
3429	1223	1181	42
3430	1220	1192	28
3431	1224	1178	46
3432	1208	1168	40
3433	1216	1171	45
3434	1219	1171	48
3435	1217	1181	36
3436	1218	1184	34
3437	1230	1186	44
3438	1221	1173	48
3439	1215	1182	33
3440	1215	1173	42
3441	1217	1173	44
3442	1217	1182	35
3443	1213	1185	28
3444	1215	1178	37
3445	1221	1177	44
3446	1216	1184	32
3447	1221	1189	32
3448	1210	1177	33
3449	1216	1175	41
3450	1218	1172	46
3451	1213	1181	32
3452	1203	1175	28
3453	1215	1171	44
3454	1218	1171	47
3455	1216	1176	40
3456	1214	1182	32
3457	1216	1187	29
3458	1216	1188	28
3459	1217	1180	37
3460	1203	1169	34
3461	1208	1176	32
3462	1214	1166	48
3463	1221	1177	44
3464	1212	1178	34
3465	1217	1184	33
3466	1222	1185	37
3467	1228	1185	43
3468	1217	1184	33
3469	1218	1181	37
3470	1217	1169	48
3471	1217	1171	46
3472	1201	1176	25
3473	1203	1177	26
3474	1220	1177	43
3475	1219	1183	36
3476	1214	1179	35
3477	1209	1180	29
3478	1196	1178	18
3479	1209	1184	25
3480	1217	1172	45
3481	1212	1171	41
3482	1206	1173	33
3483	1216	1188	28
3484	1216	1165	51
3485	1214	1166	48
3486	1211	1187	24
3487	1212	1188	24
3488	1206	1184	22
3489	1214	1183	31
3490	1213	1175	38
3491	1213	1174	39
3492	1210	1172	38
3493	1210	1178	32
3494	1212	1180	32
3495	1211	1195	16
3496	1206	1179	27
3497	1212	1177	35
3498	1209	1172	37
3499	1214	1173	41
3500	1212	1174	38
3501	1206	1178	28
3502	1209	1169	40
3503	1214	1175	39
3504	1210	1180	30
3505	1206	1174	32
3506	1205	1176	29
3507	1206	1175	31
3508	1207	1168	39
3509	1212	1174	38
3510	1214	1180	34
3511	1209	1181	28
3512	1196	1167	29
3513	1206	1166	40
3514	1210	1164	46
3515	1205	1168	37
3516	1198	1168	30
3517	1206	1171	35
3518	1208	1170	38
3519	1206	1185	21
3520	1202	1178	24
3521	1208	1185	23
3522	1202	1187	15
3523	1215	1184	31
3524	1215	1169	46
3525	1204	1167	37
3526	1203	1164	39
3527	1218	1180	38
3528	1207	1182	25
3529	1205	1174	31
3530	1207	1177	30
3531	1209	1182	27
3532	1192	1183	9
3533	1201	1180	21
3534	1202	1178	24
3535	1209	1173	36
3536	1202	1174	28
3537	1197	1180	17
3538	1201	1182	19
3539	1212	1183	29
3540	1212	1168	44
3541	1211	1175	36
3542	1196	1174	22
3543	1202	1182	20
3544	1202	1176	26
3545	1190	1175	15
3546	1187	1174	13
3547	1194	1171	23
3548	1193	1171	22
3549	1189	1182	7
3550	1192	1185	7
3551	1195	1181	14
3552	1197	1174	23
3553	1198	1182	16
3554	1201	1176	25
3555	1207	1174	33
3556	1195	1173	22
3557	1191	1177	14
3558	1199	1175	24
3559	1208	1179	29
3560	1194	1176	18
3561	1197	1170	27
3562	1198	1165	33
3563	1205	1179	26
3564	1190	1172	18
3565	1195	1179	16
3566	1203	1179	24
3567	1204	1180	24
3568	1196	1177	19
3569	1187	1183	4
3570	1184	1178	6
3571	1205	1176	29
3572	1208	1174	34
3573	1197	1174	23
3574	1194	1174	20
3575	1193	1177	16
3576	1194	1174	20
3577	1195	1182	13
3578	1198	1182	16
3579	1193	1177	16
3580	1189	1182	7
3581	1200	1183	17
3582	1199	1182	17
3583	1197	1186	11
3584	1197	1176	21
3585	1196	1182	14
3586	1191	1179	12
3587	1190	1182	8
3588	1194	1185	9
3589	1193	1188	5
3590	1187	1178	9
3591	1197	1186	11
3592	1189	1171	18
3593	1184	1183	1
3594	1187	1191	-4
3595	1192	1189	3
3596	1189	1173	16
3597	1197	1180	17
3598	1196	1175	21
3599	1193	1185	8
3600	1189	1176	13
3601	1202	1177	25
3602	1196	1177	19
3603	1194	1174	20
3604	1200	1180	20
3605	1198	1185	13
3606	1192	1175	17
3607	1207	1182	25
3608	1197	1187	10
3609	1193	1183	10
3610	1186	1178	8
3611	1184	1184	0
3612	1187	1170	17
3613	1184	1177	7
3614	1187	1179	8
3615	1194	1180	14
3616	1188	1176	12
3617	1190	1177	13
3618	1182	1169	13
3619	1192	1181	11
3620	1194	1179	15
3621	1189	1185	4
3622	1183	1185	-2
3623	1196	1178	18
3624	1196	1174	22
3625	1198	1176	22
3626	1191	1173	18
3627	1195	1185	10
3628	1195	1177	18
3629	1193	1172	21
3630	1188	1162	26
3631	1197	1172	25
3632	1189	1181	8
3633	1194	1184	10
3634	1196	1180	16
3635	1197	1184	13
3636	1197	1188	9
3637	1194	1193	1
3638	1187	1182	5
3639	1186	1179	7
3640	1189	1169	20
3641	1205	1181	24
3642	1202	1184	18
3643	1200	1178	22
3644	1198	1169	29
3645	1201	1175	26
3646	1190	1173	17
3647	1190	1179	11
3648	1191	1186	5
