index	original	background	difference
-----------------------------------------------------
1	1162	1158	4
2	1183	1145	38
3	1183	1160	23
4	1170	1170	0
5	1160	1164	-4
6	1178	1165	13
7	1165	1151	14
8	1180	1166	14
9	1214	1175	39
10	1192	1177	15
11	1160	1169	-9
12	1166	1168	-2
13	1207	1152	55
14	1191	1168	23
15	1177	1183	-6
16	1172	1173	-1
17	1196	1182	14
18	1209	1196	13
19	1202	1193	9
20	1194	1197	-3
21	1198	1177	21
22	1193	1171	22
23	1176	1185	-9
24	1191	1186	5
25	1200	1179	21
26	1200	1171	29
27	1203	1168	35
28	1202	1162	40
29	1182	1178	4
30	1166	1186	-20
31	1185	1175	10
32	1199	1185	14
33	1201	1207	-6
34	1193	1209	-16
35	1203	1190	13
36	1210	1184	26
37	1193	1181	12
38	1204	1198	6
39	1217	1195	22
40	1209	1182	27
41	1217	1189	28
42	1186	1196	-10
43	1194	1188	6
44	1206	1176	30
45	1224	1191	33
46	1219	1196	23
47	1207	1199	8
48	1206	1189	17
49	1200	1182	18
50	1204	1183	21
51	1175	1178	-3
52	1178	1172	6
53	1222	1194	28
54	1216	1209	7
55	1202	1196	6
56	1205	1184	21
57	1210	1197	13
58	1209	1200	9
59	1211	1198	13
60	1203	1209	-6
61	1193	1194	-1
62	1202	1185	17
63	1191	1180	11
64	1183	1181	2
65	1201	1178	23
66	1210	1193	17
67	1209	1198	11
68	1194	1190	4
69	1225	1202	23
70	1193	1171	22
71	1192	1173	19
72	1226	1194	32
73	1212	1190	22
74	1228	1192	36
75	1220	1196	24
76	1198	1198	0
77	1183	1210	-27
78	1194	1228	-34
79	1211	1228	-17
80	1217	1198	19
81	1212	1204	8
82	1209	1198	11
83	1213	1177	36
84	1196	1177	19
85	1221	1195	26
86	1236	1200	36
87	1216	1212	4
88	1193	1205	-12
89	1196	1216	-20
90	1211	1218	-7
91	1220	1203	17
92	1218	1185	33
93	1197	1190	7
94	1225	1185	40
95	1211	1189	22
96	1198	1182	16
97	1219	1192	27
98	1226	1186	40
99	1211	1206	5
100	1204	1199	5
101	1209	1209	0
102	1199	1215	-16
103	1194	1184	10
104	1210	1199	11
105	1216	1198	18
106	1197	1181	16
107	1214	1201	13
108	1218	1199	19
109	1194	1196	-2
110	1187	1213	-26
111	1183	1188	-5
112	1207	1200	7
113	1209	1220	-11
114	1211	1194	17
115	1202	1202	0
116	1199	1206	-7
117	1230	1201	29
118	1236	1198	38
119	1228	1196	32
120	1231	1214	17
121	1242	1225	17
122	1227	1208	19
123	1215	1202	13
124	1207	1220	-13
125	1216	1229	-13
126	1219	1222	-3
127	1204	1216	-12
128	1202	1215	-13
129	1227	1208	19
130	1218	1209	9
131	1213	1216	-3
132	1223	1205	18
133	1229	1187	42
134	1214	1180	34
135	1203	1190	13
136	1212	1210	2
137	1230	1219	11
138	1217	1195	22
139	1208	1177	31
140	1209	1205	4
141	1232	1207	25
142	1222	1193	29
143	1207	1189	18
144	1200	1224	-24
145	1198	1208	-10
146	1188	1193	-5
147	1214	1212	2
148	1224	1240	-16
149	1228	1231	-3
150	1210	1224	-14
151	1211	1213	-2
152	1203	1202	1
153	1187	1191	-4
154	1202	1220	-18
155	1194	1226	-32
156	1189	1200	-11
157	1214	1211	3
158	1211	1208	3
159	1207	1202	5
160	1202	1202	0
161	1199	1199	0
162	1222	1204	18
163	1230	1207	23
164	1242	1195	47
165	1219	1192	27
166	1219	1201	18
167	1217	1216	1
168	1196	1223	-27
169	1204	1201	3
170	1200	1217	-17
171	1225	1218	7
172	1199	1210	-11
173	1201	1187	14
174	1206	1201	5
175	1203	1192	11
176	1204	1178	26
177	1196	1196	0
178	1201	1199	2
179	1207	1182	25
180	1223	1188	35
181	1218	1187	31
182	1212	1190	22
183	1227	1204	23
184	1217	1202	15
185	1206	1182	24
186	1221	1183	38
187	1211	1204	7
188	1195	1197	-2
189	1210	1184	26
190	1233	1184	49
191	1209	1200	9
192	1203	1217	-14
193	1210	1217	-7
194	1235	1220	15
195	1216	1217	-1
196	1199	1217	-18
197	1222	1229	-7
198	1232	1223	9
199	1228	1192	36
200	1207	1198	9
201	1211	1207	4
202	1219	1205	14
203	1213	1222	-9
204	1201	1224	-23
205	1206	1189	17
206	1214	1204	10
207	1214	1214	0
208	1226	1225	1
209	1234	1209	25
210	1227	1209	18
211	1229	1205	24
212	1235	1215	20
213	1232	1217	15
214	1220	1212	8
215	1207	1211	-4
216	1199	1198	1
217	1193	1197	-4
218	1200	1185	15
219	1209	1220	-11
220	1197	1226	-29
221	1201	1200	1
222	1212	1196	16
223	1203	1212	-9
224	1223	1215	8
225	1220	1193	27
226	1219	1195	24
227	1209	1214	-5
228	1229	1220	9
229	1221	1211	10
230	1205	1207	-2
231	1182	1194	-12
232	1213	1195	18
233	1220	1206	14
234	1205	1216	-11
235	1217	1220	-3
236	1215	1197	18
237	1193	1200	-7
238	1196	1188	8
239	1182	1202	-20
240	1187	1219	-32
241	1202	1223	-21
242	1223	1192	31
243	1210	1180	30
244	1210	1202	8
245	1221	1205	16
246	1224	1201	23
247	1226	1218	8
248	1224	1200	24
249	1202	1178	24
250	1217	1189	28
251	1219	1201	18
252	1199	1219	-20
253	1209	1191	18
254	1224	1200	24
255	1240	1211	29
256	1230	1206	24
257	1219	1200	19
258	1224	1213	11
259	1239	1203	36
260	1229	1191	38
261	1204	1201	3
262	1225	1211	14
263	1235	1220	15
264	1218	1201	17
265	1229	1205	24
266	1218	1188	30
267	1207	1193	14
268	1209	1197	12
269	1204	1207	-3
270	1217	1224	-7
271	1208	1217	-9
272	1207	1198	9
273	1220	1208	12
274	1223	1212	11
275	1222	1195	27
276	1216	1211	5
277	1231	1201	30
278	1221	1194	27
279	1213	1206	7
280	1201	1206	-5
281	1185	1202	-17
282	1194	1190	4
283	1227	1191	36
284	1236	1225	11
285	1226	1225	1
286	1230	1217	13
287	1223	1219	4
288	1200	1218	-18
289	1204	1219	-15
290	1224	1216	8
291	1223	1193	30
292	1206	1191	15
293	1202	1194	8
294	1215	1217	-2
295	1214	1198	16
296	1209	1184	25
297	1194	1192	2
298	1220	1208	12
299	1237	1215	22
300	1211	1212	-1
301	1199	1211	-12
302	1227	1193	34
303	1230	1195	35
304	1227	1213	14
305	1222	1221	1
306	1227	1238	-11
307	1230	1223	7
308	1251	1200	51
309	1252	1217	35
310	1217	1214	3
311	1207	1219	-12
312	1201	1221	-20
313	1204	1218	-14
314	1232	1198	34
315	1231	1216	15
316	1242	1204	38
317	1227	1196	31
318	1227	1217	10
319	1220	1210	10
320	1198	1217	-19
321	1212	1207	5
322	1244	1204	40
323	1246	1201	45
324	1218	1200	18
325	1204	1214	-10
326	1214	1220	-6
327	1235	1213	22
328	1240	1181	59
329	1217	1191	26
330	1202	1195	7
331	1225	1215	10
332	1250	1219	31
333	1238	1184	54
334	1243	1192	51
335	1228	1205	23
336	1220	1217	3
337	1231	1220	11
338	1235	1205	30
339	1248	1196	52
340	1245	1201	44
341	1213	1213	0
342	1220	1213	7
343	1222	1207	15
344	1218	1208	10
345	1213	1201	12
346	1213	1212	1
347	1224	1212	12
348	1224	1192	32
349	1234	1173	61
350	1226	1206	20
351	1218	1220	-2
352	1217	1223	-6
353	1221	1221	0
354	1223	1223	0
355	1202	1219	-17
356	1202	1218	-16
357	1219	1200	19
358	1229	1197	32
359	1231	1195	36
360	1240	1194	46
361	1241	1195	46
362	1229	1210	19
363	1192	1204	-12
364	1192	1200	-8
365	1201	1191	10
366	1217	1202	15
367	1228	1201	27
368	1229	1217	12
369	1212	1206	6
370	1224	1182	42
371	1219	1162	57
372	1209	1186	23
373	1231	1194	37
374	1235	1201	34
375	1218	1227	-9
376	1232	1216	16
377	1227	1191	36
378	1219	1187	32
379	1206	1203	3
380	1205	1177	28
381	1214	1172	42
382	1207	1183	24
383	1215	1210	5
384	1217	1218	-1
385	1214	1209	5
386	1216	1203	13
387	1214	1208	6
388	1217	1236	-19
389	1212	1228	-16
390	1210	1208	2
391	1209	1205	4
392	1224	1202	22
393	1233	1189	44
394	1227	1171	56
395	1225	1200	25
396	1238	1211	27
397	1235	1200	35
398	1209	1193	16
399	1224	1224	0
400	1226	1211	15
401	1227	1204	23
402	1230	1214	16
403	1215	1217	-2
404	1236	1215	21
405	1222	1216	6
406	1241	1212	29
407	1234	1215	19
408	1233	1212	21
409	1209	1225	-16
410	1229	1211	18
411	1253	1216	37
412	1226	1208	18
413	1231	1203	28
414	1233	1212	21
415	1233	1212	21
416	1257	1181	76
417	1260	1186	74
418	1219	1205	14
419	1203	1203	0
420	1198	1187	11
421	1194	1188	6
422	1224	1203	21
423	1240	1213	27
424	1225	1206	19
425	1208	1216	-8
426	1210	1242	-32
427	1210	1223	-13
428	1222	1195	27
429	1217	1192	25
430	1195	1207	-12
431	1229	1219	10
432	1241	1205	36
433	1216	1191	25
434	1211	1190	21
435	1210	1207	3
436	1215	1194	21
437	1225	1195	30
438	1221	1215	6
439	1209	1205	4
440	1198	1209	-11
441	1208	1183	25
442	1212	1187	25
443	1227	1232	-5
444	1250	1237	13
445	1233	1213	20
446	1222	1208	14
447	1242	1205	37
448	1237	1220	17
449	1222	1221	1
450	1219	1204	15
451	1227	1197	30
452	1214	1214	0
453	1196	1214	-18
454	1223	1221	2
455	1221	1218	3
456	1205	1194	11
457	1231	1203	28
458	1229	1224	5
459	1213	1217	-4
460	1206	1214	-8
461	1203	1201	2
462	1209	1211	-2
463	1207	1206	1
464	1212	1213	-1
465	1215	1208	7
466	1213	1218	-5
467	1221	1213	8
468	1224	1217	7
469	1226	1222	4
470	1206	1209	-3
471	1211	1204	7
472	1217	1214	3
473	1224	1202	22
474	1217	1223	-6
475	1212	1228	-16
476	1220	1205	15
477	1218	1189	29
478	1211	1188	23
479	1202	1178	24
480	1223	1187	36
481	1232	1210	22
482	1222	1194	28
483	1217	1188	29
484	1227	1204	23
485	1232	1198	34
486	1240	1187	53
487	1230	1203	27
488	1213	1211	2
489	1186	1216	-30
490	1191	1205	-14
491	1213	1197	16
492	1204	1218	-14
493	1225	1201	24
494	1226	1208	18
495	1216	1199	17
496	1224	1197	27
497	1213	1185	28
498	1213	1205	8
499	1217	1220	-3
500	1225	1203	22
501	1226	1186	40
502	1212	1178	34
503	1216	1220	-4
504	1213	1224	-11
505	1196	1211	-15
506	1198	1197	1
507	1239	1198	41
508	1235	1202	33
509	1212	1199	13
510	1216	1216	0
511	1227	1192	35
512	1244	1187	57
513	1243	1192	51
514	1218	1210	8
515	1220	1211	9
516	1211	1208	3
517	1225	1219	6
518	1234	1200	34
519	1231	1216	15
520	1226	1203	23
521	1215	1204	11
522	1210	1211	-1
523	1208	1198	10
524	1221	1206	15
525	1231	1201	30
526	1235	1176	59
527	1221	1208	13
528	1200	1215	-15
529	1209	1197	12
530	1219	1193	26
531	1209	1194	15
532	1214	1182	32
533	1220	1171	49
534	1218	1211	7
535	1215	1226	-11
536	1217	1208	9
537	1225	1213	12
538	1220	1201	19
539	1191	1221	-30
540	1206	1212	-6
541	1216	1193	23
542	1233	1202	31
543	1208	1210	-2
544	1203	1196	7
545	1228	1202	26
546	1220	1209	11
547	1238	1211	27
548	1228	1216	12
549	1206	1206	0
550	1209	1185	24
551	1220	1211	9
552	1226	1229	-3
553	1226	1209	17
554	1232	1175	57
555	1233	1179	54
556	1194	1218	-24
557	1201	1233	-32
558	1206	1217	-11
559	1210	1211	-1
560	1192	1212	-20
561	1188	1203	-15
562	1182	1214	-32
563	1202	1205	-3
564	1210	1218	-8
565	1222	1211	11
566	1219	1203	16
567	1220	1215	5
568	1233	1211	22
569	1212	1209	3
570	1213	1198	15
571	1216	1202	14
572	1211	1232	-21
573	1220	1222	-2
574	1209	1186	23
575	1218	1195	23
576	1203	1204	-1
577	1213	1228	-15
578	1213	1221	-8
579	1216	1204	12
580	1227	1207	20
581	1228	1219	9
582	1212	1222	-10
583	1215	1194	21
584	1217	1212	5
585	1210	1220	-10
586	1223	1230	-7
587	1225	1238	-13
588	1214	1208	6
589	1200	1197	3
590	1225	1193	32
591	1246	1208	38
592	1232	1213	19
593	1224	1214	10
594	1219	1214	5
595	1204	1212	-8
596	1211	1210	1
597	1224	1216	8
598	1241	1213	28
599	1243	1211	32
600	1224	1212	12
601	1225	1208	17
602	1223	1211	12
603	1231	1204	27
604	1214	1188	26
605	1199	1201	-2
606	1222	1226	-4
607	1213	1214	-1
608	1217	1208	9
609	1235	1190	45
610	1231	1212	19
611	1225	1222	3
612	1209	1213	-4
613	1199	1204	-5
614	1220	1202	18
615	1234	1199	35
616	1211	1202	9
617	1227	1223	4
618	1220	1213	7
619	1204	1215	-11
620	1208	1211	-3
621	1223	1207	16
622	1232	1218	14
623	1210	1188	22
624	1199	1201	-2
625	1197	1228	-31
626	1244	1212	32
627	1242	1214	28
628	1209	1216	-7
629	1213	1194	19
630	1223	1193	30
631	1215	1209	6
632	1215	1217	-2
633	1238	1208	30
634	1242	1195	47
635	1222	1186	36
636	1199	1191	8
637	1185	1191	-6
638	1200	1195	5
639	1221	1197	24
640	1221	1205	16
641	1223	1219	4
642	1226	1221	5
643	1222	1222	0
644	1242	1200	42
645	1215	1204	11
646	1208	1207	1
647	1200	1219	-19
648	1195	1219	-24
649	1216	1228	-12
650	1223	1225	-2
651	1242	1196	46
652	1248	1182	66
653	1249	1181	68
654	1239	1204	35
655	1224	1202	22
656	1234	1188	46
657	1232	1173	59
658	1251	1174	77
659	1256	1182	74
660	1246	1191	55
661	1217	1205	12
662	1230	1203	27
663	1248	1192	56
664	1235	1198	37
665	1235	1218	17
666	1249	1190	59
667	1226	1181	45
668	1216	1214	2
669	1258	1215	43
670	1252	1206	46
671	1263	1230	33
672	1244	1222	22
673	1237	1205	32
674	1253	1188	65
675	1252	1199	53
676	1240	1212	28
677	1250	1215	35
678	1243	1221	22
679	1248	1221	27
680	1247	1201	46
681	1242	1181	61
682	1238	1192	46
683	1232	1216	16
684	1250	1189	61
685	1258	1180	78
686	1254	1196	58
687	1265	1188	77
688	1235	1189	46
689	1244	1202	42
690	1241	1175	66
691	1245	1181	64
692	1267	1199	68
693	1277	1205	72
694	1282	1199	83
695	1268	1202	66
696	1258	1213	45
697	1279	1211	68
698	1283	1193	90
699	1293	1194	99
700	1285	1193	92
701	1313	1194	119
702	1301	1185	116
703	1294	1197	97
704	1289	1196	93
705	1289	1198	91
706	1290	1195	95
707	1298	1177	121
708	1303	1203	100
709	1289	1211	78
710	1288	1201	87
711	1290	1195	95
712	1292	1200	92
713	1273	1170	103
714	1278	1196	82
715	1316	1232	84
716	1323	1217	106
717	1295	1211	84
718	1289	1216	73
719	1289	1194	95
720	1304	1218	86
721	1333	1212	121
722	1341	1207	134
723	1332	1230	102
724	1318	1207	111
725	1321	1193	128
726	1335	1209	126
727	1328	1216	112
728	1347	1213	134
729	1353	1207	146
730	1332	1221	111
731	1336	1210	126
732	1358	1225	133
733	1356	1228	128
734	1359	1207	152
735	1352	1204	148
736	1365	1202	163
737	1381	1195	186
738	1366	1189	177
739	1378	1193	185
740	1392	1197	195
741	1385	1202	183
742	1368	1208	160
743	1408	1223	185
744	1431	1223	208
745	1407	1215	192
746	1406	1203	203
747	1426	1197	229
748	1430	1195	235
749	1425	1203	222
750	1403	1211	192
751	1418	1201	217
752	1448	1195	253
753	1440	1212	228
754	1427	1204	223
755	1428	1194	234
756	1442	1201	241
757	1410	1208	202
758	1424	1207	217
759	1458	1209	249
760	1450	1217	233
761	1446	1217	229
762	1448	1208	240
763	1455	1219	236
764	1469	1197	272
765	1468	1204	264
766	1482	1205	277
767	1479	1239	240
768	1488	1235	253
769	1490	1215	275
770	1531	1215	316
771	1527	1200	327
772	1502	1218	284
773	1540	1210	330
774	1540	1205	335
775	1527	1205	322
776	1540	1211	329
777	1570	1206	364
778	1600	1212	388
779	1615	1206	409
780	1609	1221	388
781	1620	1232	388
782	1638	1209	429
783	1653	1180	473
784	1708	1183	525
785	1713	1191	522
786	1720	1192	528
787	1703	1185	518
788	1705	1197	508
789	1734	1204	530
790	1738	1186	552
791	1744	1185	559
792	1767	1182	585
793	1770	1194	576
794	1810	1204	606
795	1824	1211	613
796	1794	1190	604
797	1820	1186	634
798	1814	1201	613
799	1841	1181	660
800	1850	1191	659
801	1821	1186	635
802	1809	1189	620
803	1862	1188	674
804	1862	1215	647
805	1837	1216	621
806	1858	1202	656
807	1887	1188	699
808	1898	1199	699
809	1904	1195	709
810	1899	1177	722
811	1893	1194	699
812	1905	1206	699
813	1940	1187	753
814	1925	1192	733
815	1961	1208	753
816	2000	1180	820
817	1981	1169	812
818	1947	1204	743
819	1933	1202	731
820	1962	1196	766
821	2060	1230	830
822	2084	1230	854
823	2098	1220	878
824	2097	1203	894
825	2094	1206	888
826	2119	1197	922
827	2171	1206	965
828	2184	1215	969
829	2188	1215	973
830	2218	1221	997
831	2230	1201	1029
832	2246	1207	1039
833	2283	1223	1060
834	2357	1217	1140
835	2364	1213	1151
836	2374	1229	1145
837	2372	1191	1181
838	2402	1193	1209
839	2468	1200	1268
840	2460	1184	1276
841	2528	1195	1333
842	2505	1209	1296
843	2482	1183	1299
844	2495	1185	1310
845	2538	1191	1347
846	2574	1212	1362
847	2560	1218	1342
848	2551	1211	1340
849	2542	1201	1341
850	2564	1207	1357
851	2593	1208	1385
852	2581	1198	1383
853	2550	1203	1347
854	2576	1205	1371
855	2529	1205	1324
856	2513	1211	1302
857	2553	1205	1348
858	2564	1205	1359
859	2513	1199	1314
860	2511	1216	1295
861	2506	1212	1294
862	2464	1215	1249
863	2454	1194	1260
864	2447	1200	1247
865	2426	1210	1216
866	2391	1211	1180
867	2396	1205	1191
868	2418	1226	1192
869	2437	1233	1204
870	2413	1216	1197
871	2426	1207	1219
872	2460	1206	1254
873	2478	1181	1297
874	2489	1199	1290
875	2474	1211	1263
876	2502	1217	1285
877	2539	1202	1337
878	2562	1191	1371
879	2567	1202	1365
880	2586	1204	1382
881	2631	1209	1422
882	2687	1215	1472
883	2737	1207	1530
884	2793	1204	1589
885	2828	1193	1635
886	2844	1207	1637
887	2890	1199	1691
888	2974	1187	1787
889	3010	1197	1813
890	3048	1197	1851
891	3097	1183	1914
892	3075	1178	1897
893	3064	1195	1869
894	3049	1215	1834
895	3111	1208	1903
896	3175	1183	1992
897	3222	1175	2047
898	3154	1179	1975
899	3155	1193	1962
900	3202	1206	1996
901	3190	1222	1968
902	3158	1208	1950
903	3186	1197	1989
904	3232	1202	2030
905	3236	1205	2031
906	3204	1204	2000
907	3218	1208	2010
908	3184	1181	2003
909	3178	1187	1991
910	3167	1217	1950
911	3161	1214	1947
912	3124	1186	1938
913	3158	1199	1959
914	3124	1208	1916
915	3106	1204	1902
916	3101	1186	1915
917	3088	1187	1901
918	3071	1194	1877
919	3092	1170	1922
920	3081	1186	1895
921	3060	1192	1868
922	3029	1204	1825
923	3017	1208	1809
924	3060	1209	1851
925	2977	1214	1763
926	2953	1217	1736
927	2986	1191	1795
928	3047	1199	1848
929	3005	1202	1803
930	2964	1189	1775
931	3009	1166	1843
932	3032	1207	1825
933	2996	1211	1785
934	2994	1204	1790
935	2993	1207	1786
936	2966	1237	1729
937	3023	1234	1789
938	3046	1196	1850
939	3098	1186	1912
940	3099	1191	1908
941	3124	1206	1918
942	3140	1227	1913
943	3177	1229	1948
944	3167	1224	1943
945	3128	1205	1923
946	3145	1211	1934
947	3183	1228	1955
948	3279	1213	2066
949	3338	1213	2125
950	3272	1210	2062
951	3288	1209	2079
952	3331	1201	2130
953	3431	1196	2235
954	3441	1202	2239
955	3423	1197	2226
956	3431	1206	2225
957	3460	1195	2265
958	3518	1192	2326
959	3482	1202	2280
960	3464	1212	2252
961	3537	1225	2312
962	3573	1207	2366
963	3532	1210	2322
964	3517	1202	2315
965	3539	1183	2356
966	3559	1192	2367
967	3526	1198	2328
968	3519	1206	2313
969	3541	1212	2329
970	3517	1186	2331
971	3515	1177	2338
972	3546	1191	2355
973	3519	1196	2323
974	3478	1177	2301
975	3473	1207	2266
976	3476	1227	2249
977	3457	1196	2261
978	3433	1188	2245
979	3368	1191	2177
980	3393	1213	2180
981	3359	1213	2146
982	3356	1196	2160
983	3363	1213	2150
984	3306	1216	2090
985	3275	1202	2073
986	3264	1187	2077
987	3253	1206	2047
988	3244	1199	2045
989	3219	1192	2027
990	3245	1193	2052
991	3250	1208	2042
992	3208	1207	2001
993	3226	1218	2008
994	3150	1201	1949
995	3121	1206	1915
996	3161	1198	1963
997	3160	1213	1947
998	3126	1214	1912
999	3170	1193	1977
1000	3165	1166	1999
1001	3162	1195	1967
1002	3136	1206	1930
1003	3146	1209	1937
1004	3201	1213	1988
1005	3248	1198	2050
1006	3236	1186	2050
1007	3285	1185	2100
1008	3302	1197	2105
1009	3287	1186	2101
1010	3344	1180	2164
1011	3370	1216	2154
1012	3363	1227	2136
1013	3369	1205	2164
1014	3389	1209	2180
1015	3411	1197	2214
1016	3431	1189	2242
1017	3452	1191	2261
1018	3451	1195	2256
1019	3452	1192	2260
1020	3465	1204	2261
1021	3517	1220	2297
1022	3566	1207	2359
1023	3535	1193	2342
1024	3593	1211	2382
1025	3614	1213	2401
1026	3541	1185	2356
1027	3556	1196	2360
1028	3585	1210	2375
1029	3674	1187	2487
1030	3675	1210	2465
1031	3598	1232	2366
1032	3589	1210	2379
1033	3608	1211	2397
1034	3634	1235	2399
1035	3590	1236	2354
1036	3548	1218	2330
1037	3547	1202	2345
1038	3566	1212	2354
1039	3533	1208	2325
1040	3558	1214	2344
1041	3567	1212	2355
1042	3549	1212	2337
1043	3449	1220	2229
1044	3474	1199	2275
1045	3465	1202	2263
1046	3432	1225	2207
1047	3417	1209	2208
1048	3407	1208	2199
1049	3330	1197	2133
1050	3328	1164	2164
1051	3340	1170	2170
1052	3313	1206	2107
1053	3264	1199	2065
1054	3244	1198	2046
1055	3226	1209	2017
1056	3178	1212	1966
1057	3163	1197	1966
1058	3123	1192	1931
1059	3124	1202	1922
1060	3116	1193	1923
1061	3156	1195	1961
1062	3152	1195	1957
1063	3105	1182	1923
1064	3098	1189	1909
1065	3059	1179	1880
1066	3111	1183	1928
1067	3090	1202	1888
1068	3054	1202	1852
1069	3043	1197	1846
1070	3049	1187	1862
1071	3066	1194	1872
1072	3093	1202	1891
1073	3110	1197	1913
1074	3084	1191	1893
1075	3075	1203	1872
1076	3046	1218	1828
1077	3017	1213	1804
1078	3053	1207	1846
1079	3127	1214	1913
1080	3147	1196	1951
1081	3148	1212	1936
1082	3175	1228	1947
1083	3166	1207	1959
1084	3201	1219	1982
1085	3216	1210	2006
1086	3217	1213	2004
1087	3203	1208	1995
1088	3239	1216	2023
1089	3233	1205	2028
1090	3241	1181	2060
1091	3284	1196	2088
1092	3362	1215	2147
1093	3400	1209	2191
1094	3365	1211	2154
1095	3386	1190	2196
1096	3428	1193	2235
1097	3454	1205	2249
1098	3457	1201	2256
1099	3472	1198	2274
1100	3486	1193	2293
1101	3513	1186	2327
1102	3566	1177	2389
1103	3593	1185	2408
1104	3588	1188	2400
1105	3532	1197	2335
1106	3586	1204	2382
1107	3629	1192	2437
1108	3601	1183	2418
1109	3547	1184	2363
1110	3542	1207	2335
1111	3569	1221	2348
1112	3582	1217	2365
1113	3539	1203	2336
1114	3507	1192	2315
1115	3556	1214	2342
1116	3585	1209	2376
1117	3534	1203	2331
1118	3512	1228	2284
1119	3524	1184	2340
1120	3487	1182	2305
1121	3490	1220	2270
1122	3433	1215	2218
1123	3429	1193	2236
1124	3408	1186	2222
1125	3400	1198	2202
1126	3418	1200	2218
1127	3425	1214	2211
1128	3376	1223	2153
1129	3381	1212	2169
1130	3287	1208	2079
1131	3282	1193	2089
1132	3248	1185	2063
1133	3223	1201	2022
1134	3260	1202	2058
1135	3235	1204	2031
1136	3212	1208	2004
1137	3223	1206	2017
1138	3245	1205	2040
1139	3221	1185	2036
1140	3165	1180	1985
1141	3140	1183	1957
1142	3156	1174	1982
1143	3171	1187	1984
1144	3164	1186	1978
1145	3140	1194	1946
1146	3122	1208	1914
1147	3127	1216	1911
1148	3110	1225	1885
1149	3091	1222	1869
1150	3086	1220	1866
1151	3101	1212	1889
1152	3120	1213	1907
1153	3144	1218	1926
1154	3129	1216	1913
1155	3135	1217	1918
1156	3150	1219	1931
1157	3186	1205	1981
1158	3207	1189	2018
1159	3214	1210	2004
1160	3229	1204	2025
1161	3258	1201	2057
1162	3266	1224	2042
1163	3256	1216	2040
1164	3294	1214	2080
1165	3273	1197	2076
1166	3312	1187	2125
1167	3368	1199	2169
1168	3370	1196	2174
1169	3413	1212	2201
1170	3425	1233	2192
1171	3429	1225	2204
1172	3497	1252	2245
1173	3509	1237	2272
1174	3517	1207	2310
1175	3538	1206	2332
1176	3580	1207	2373
1177	3665	1208	2457
1178	3645	1212	2433
1179	3624	1221	2403
1180	3699	1209	2490
1181	3658	1179	2479
1182	3669	1179	2490
1183	3654	1188	2466
1184	3694	1192	2502
1185	3737	1206	2531
1186	3740	1204	2536
1187	3802	1186	2616
1188	3816	1189	2627
1189	3814	1207	2607
1190	3774	1221	2553
1191	3744	1212	2532
1192	3796	1196	2600
1193	3830	1211	2619
1194	3824	1217	2607
1195	3762	1220	2542
1196	3790	1205	2585
1197	3805	1203	2602
1198	3786	1199	2587
1199	3769	1196	2573
1200	3745	1182	2563
1201	3811	1209	2602
1202	3829	1215	2614
1203	3797	1218	2579
1204	3784	1214	2570
1205	3728	1196	2532
1206	3713	1194	2519
1207	3719	1201	2518
1208	3761	1238	2523
1209	3690	1225	2465
1210	3628	1203	2425
1211	3596	1203	2393
1212	3623	1187	2436
1213	3611	1177	2434
1214	3621	1169	2452
1215	3589	1178	2411
1216	3552	1195	2357
1217	3523	1205	2318
1218	3499	1206	2293
1219	3465	1196	2269
1220	3467	1178	2289
1221	3486	1187	2299
1222	3449	1212	2237
1223	3408	1205	2203
1224	3425	1201	2224
1225	3370	1201	2169
1226	3415	1209	2206
1227	3433	1205	2228
1228	3359	1215	2144
1229	3331	1200	2131
1230	3366	1174	2192
1231	3391	1193	2198
1232	3374	1200	2174
1233	3349	1216	2133
1234	3340	1205	2135
1235	3328	1197	2131
1236	3277	1219	2058
1237	3292	1232	2060
1238	3303	1216	2087
1239	3331	1206	2125
1240	3364	1212	2152
1241	3342	1209	2133
1242	3310	1190	2120
1243	3311	1200	2111
1244	3290	1192	2098
1245	3336	1199	2137
1246	3340	1215	2125
1247	3423	1211	2212
1248	3430	1216	2214
1249	3408	1217	2191
1250	3410	1200	2210
1251	3453	1195	2258
1252	3531	1186	2345
1253	3462	1193	2269
1254	3446	1211	2235
1255	3513	1214	2299
1256	3498	1209	2289
1257	3535	1217	2318
1258	3550	1218	2332
1259	3610	1206	2404
1260	3622	1214	2408
1261	3661	1228	2433
1262	3684	1212	2472
1263	3641	1202	2439
1264	3657	1187	2470
1265	3660	1199	2461
1266	3705	1215	2490
1267	3707	1215	2492
1268	3771	1223	2548
1269	3823	1210	2613
1270	3832	1202	2630
1271	3787	1207	2580
1272	3846	1208	2638
1273	3869	1223	2646
1274	3885	1198	2687
1275	3861	1215	2646
1276	3850	1219	2631
1277	3867	1222	2645
1278	3905	1208	2697
1279	3893	1202	2691
1280	3965	1193	2772
1281	3913	1190	2723
1282	3913	1217	2696
1283	3939	1218	2721
1284	3980	1200	2780
1285	3959	1178	2781
1286	3986	1179	2807
1287	3993	1205	2788
1288	3961	1211	2750
1289	3982	1197	2785
1290	3916	1217	2699
1291	3975	1219	2756
1292	3948	1196	2752
1293	3953	1217	2736
1294	3983	1213	2770
1295	3937	1196	2741
1296	3969	1208	2761
1297	3940	1172	2768
1298	3901	1189	2712
1299	3853	1187	2666
1300	3875	1192	2683
1301	3867	1200	2667
1302	3874	1203	2671
1303	3841	1199	2642
1304	3827	1209	2618
1305	3832	1207	2625
1306	3826	1199	2627
1307	3792	1222	2570
1308	3790	1217	2573
1309	3722	1198	2524
1310	3618	1205	2413
1311	3607	1220	2387
1312	3610	1192	2418
1313	3619	1168	2451
1314	3609	1182	2427
1315	3628	1213	2415
1316	3591	1199	2392
1317	3541	1185	2356
1318	3506	1186	2320
1319	3487	1194	2293
1320	3476	1207	2269
1321	3488	1195	2293
1322	3437	1190	2247
1323	3440	1186	2254
1324	3373	1200	2173
1325	3350	1205	2145
1326	3391	1190	2201
1327	3420	1196	2224
1328	3434	1189	2245
1329	3357	1178	2179
1330	3321	1174	2147
1331	3367	1198	2169
1332	3332	1218	2114
1333	3322	1203	2119
1334	3256	1224	2032
1335	3252	1192	2060
1336	3315	1217	2098
1337	3260	1245	2015
1338	3260	1220	2040
1339	3286	1217	2069
1340	3263	1202	2061
1341	3303	1197	2106
1342	3262	1194	2068
1343	3329	1196	2133
1344	3320	1224	2096
1345	3292	1223	2069
1346	3332	1215	2117
1347	3274	1215	2059
1348	3260	1210	2050
1349	3281	1189	2092
1350	3287	1189	2098
1351	3315	1194	2121
1352	3300	1191	2109
1353	3344	1188	2156
1354	3358	1184	2174
1355	3342	1189	2153
1356	3356	1193	2163
1357	3330	1186	2144
1358	3404	1201	2203
1359	3390	1205	2185
1360	3368	1209	2159
1361	3414	1213	2201
1362	3440	1214	2226
1363	3394	1211	2183
1364	3411	1202	2209
1365	3445	1191	2254
1366	3439	1185	2254
1367	3466	1212	2254
1368	3510	1197	2313
1369	3538	1182	2356
1370	3530	1188	2342
1371	3579	1177	2402
1372	3561	1173	2388
1373	3574	1187	2387
1374	3632	1188	2444
1375	3668	1191	2477
1376	3648	1196	2452
1377	3638	1201	2437
1378	3671	1198	2473
1379	3695	1190	2505
1380	3715	1210	2505
1381	3735	1200	2535
1382	3748	1205	2543
1383	3747	1209	2538
1384	3718	1196	2522
1385	3735	1190	2545
1386	3793	1200	2593
1387	3849	1215	2634
1388	3805	1203	2602
1389	3818	1198	2620
1390	3854	1207	2647
1391	3822	1220	2602
1392	3809	1209	2600
1393	3809	1186	2623
1394	3822	1196	2626
1395	3836	1187	2649
1396	3833	1218	2615
1397	3853	1228	2625
1398	3791	1206	2585
1399	3800	1173	2627
1400	3788	1201	2587
1401	3740	1213	2527
1402	3749	1220	2529
1403	3742	1221	2521
1404	3724	1204	2520
1405	3757	1184	2573
1406	3748	1190	2558
1407	3768	1223	2545
1408	3720	1220	2500
1409	3666	1205	2461
1410	3693	1206	2487
1411	3665	1205	2460
1412	3682	1204	2478
1413	3659	1192	2467
1414	3625	1202	2423
1415	3631	1223	2408
1416	3599	1228	2371
1417	3571	1190	2381
1418	3531	1192	2339
1419	3543	1202	2341
1420	3557	1198	2359
1421	3550	1198	2352
1422	3500	1194	2306
1423	3415	1231	2184
1424	3455	1223	2232
1425	3469	1180	2289
1426	3403	1204	2199
1427	3411	1224	2187
1428	3425	1211	2214
1429	3383	1175	2208
1430	3292	1159	2133
1431	3285	1161	2124
1432	3272	1161	2111
1433	3250	1178	2072
1434	3240	1198	2042
1435	3243	1204	2039
1436	3253	1200	2053
1437	3230	1220	2010
1438	3218	1205	2013
1439	3211	1208	2003
1440	3216	1192	2024
1441	3204	1200	2004
1442	3180	1200	1980
1443	3172	1177	1995
1444	3143	1190	1953
1445	3112	1205	1907
1446	3118	1204	1914
1447	3114	1204	1910
1448	3105	1192	1913
1449	3134	1194	1940
1450	3114	1174	1940
1451	3084	1176	1908
1452	3085	1205	1880
1453	3114	1222	1892
1454	3084	1210	1874
1455	3104	1215	1889
1456	3103	1196	1907
1457	3087	1197	1890
1458	3136	1202	1934
1459	3135	1202	1933
1460	3133	1201	1932
1461	3145	1210	1935
1462	3116	1201	1915
1463	3144	1178	1966
1464	3154	1209	1945
1465	3147	1192	1955
1466	3190	1192	1998
1467	3168	1177	1991
1468	3162	1162	2000
1469	3194	1195	1999
1470	3175	1218	1957
1471	3175	1229	1946
1472	3215	1194	2021
1473	3220	1210	2010
1474	3221	1233	1988
1475	3269	1198	2071
1476	3238	1199	2039
1477	3279	1205	2074
1478	3317	1207	2110
1479	3273	1195	2078
1480	3261	1190	2071
1481	3303	1192	2111
1482	3312	1201	2111
1483	3347	1207	2140
1484	3394	1198	2196
1485	3384	1185	2199
1486	3392	1198	2194
1487	3432	1191	2241
1488	3479	1201	2278
1489	3489	1191	2298
1490	3474	1187	2287
1491	3502	1190	2312
1492	3527	1181	2346
1493	3529	1183	2346
1494	3507	1189	2318
1495	3478	1178	2300
1496	3558	1183	2375
1497	3605	1204	2401
1498	3557	1208	2349
1499	3634	1199	2435
1500	3677	1201	2476
1501	3702	1208	2494
1502	3711	1195	2516
1503	3709	1201	2508
1504	3716	1225	2491
1505	3758	1221	2537
1506	3755	1203	2552
1507	3739	1198	2541
1508	3735	1212	2523
1509	3767	1189	2578
1510	3798	1170	2628
1511	3770	1194	2576
1512	3772	1213	2559
1513	3789	1223	2566
1514	3767	1232	2535
1515	3752	1217	2535
1516	3840	1213	2627
1517	3882	1193	2689
1518	3852	1201	2651
1519	3871	1194	2677
1520	3865	1191	2674
1521	3811	1209	2602
1522	3812	1201	2611
1523	3825	1201	2624
1524	3818	1201	2617
1525	3825	1192	2633
1526	3838	1198	2640
1527	3796	1198	2598
1528	3737	1202	2535
1529	3785	1195	2590
1530	3776	1201	2575
1531	3757	1211	2546
1532	3738	1221	2517
1533	3694	1194	2500
1534	3682	1203	2479
1535	3729	1220	2509
1536	3725	1203	2522
1537	3698	1202	2496
1538	3705	1197	2508
1539	3746	1199	2547
1540	3649	1217	2432
1541	3605	1223	2382
1542	3575	1227	2348
1543	3611	1233	2378
1544	3601	1209	2392
1545	3533	1185	2348
1546	3513	1183	2330
1547	3474	1214	2260
1548	3504	1213	2291
1549	3490	1193	2297
1550	3480	1197	2283
1551	3444	1187	2257
1552	3426	1186	2240
1553	3405	1183	2222
1554	3380	1189	2191
1555	3383	1207	2176
1556	3358	1198	2160
1557	3328	1177	2151
1558	3320	1183	2137
1559	3334	1176	2158
1560	3312	1188	2124
1561	3321	1186	2135
1562	3324	1174	2150
1563	3249	1179	2070
1564	3239	1193	2046
1565	3206	1202	2004
1566	3152	1205	1947
1567	3204	1201	2003
1568	3243	1206	2037
1569	3192	1210	1982
1570	3202	1199	2003
1571	3250	1191	2059
1572	3233	1171	2062
1573	3181	1174	2007
1574	3184	1187	1997
1575	3180	1195	1985
1576	3125	1187	1938
1577	3144	1184	1960
1578	3145	1187	1958
1579	3074	1189	1885
1580	3120	1179	1941
1581	3110	1185	1925
1582	3129	1204	1925
1583	3108	1216	1892
1584	3157	1196	1961
1585	3171	1198	1973
1586	3112	1211	1901
1587	3130	1204	1926
1588	3168	1200	1968
1589	3142	1190	1952
1590	3130	1188	1942
1591	3099	1173	1926
1592	3140	1188	1952
1593	3189	1199	1990
1594	3170	1183	1987
1595	3145	1197	1948
1596	3127	1192	1935
1597	3138	1181	1957
1598	3185	1209	1976
1599	3225	1210	2015
1600	3274	1183	2091
1601	3275	1182	2093
1602	3271	1195	2076
1603	3302	1198	2104
1604	3251	1191	2060
1605	3233	1188	2045
1606	3271	1179	2092
1607	3301	1198	2103
1608	3366	1226	2140
1609	3391	1201	2190
1610	3393	1175	2218
1611	3348	1175	2173
1612	3332	1175	2157
1613	3373	1195	2178
1614	3406	1214	2192
1615	3423	1215	2208
1616	3470	1187	2283
1617	3447	1185	2262
1618	3434	1232	2202
1619	3469	1216	2253
1620	3488	1185	2303
1621	3509	1193	2316
1622	3527	1174	2353
1623	3522	1199	2323
1624	3567	1200	2367
1625	3608	1195	2413
1626	3647	1219	2428
1627	3679	1227	2452
1628	3662	1185	2477
1629	3659	1157	2502
1630	3711	1175	2536
1631	3730	1185	2545
1632	3708	1202	2506
1633	3677	1207	2470
1634	3798	1234	2564
1635	3810	1219	2591
1636	3772	1203	2569
1637	3818	1216	2602
1638	3819	1201	2618
1639	3801	1201	2600
1640	3866	1214	2652
1641	3883	1211	2672
1642	3889	1212	2677
1643	3854	1193	2661
1644	3839	1195	2644
1645	3895	1190	2705
1646	3923	1192	2731
1647	3935	1195	2740
1648	3943	1169	2774
1649	3930	1197	2733
1650	3922	1202	2720
1651	3965	1189	2776
1652	4010	1202	2808
1653	3986	1200	2786
1654	3963	1199	2764
1655	3999	1215	2784
1656	4052	1217	2835
1657	4046	1219	2827
1658	3973	1202	2771
1659	3960	1194	2766
1660	3940	1180	2760
1661	4028	1190	2838
1662	4018	1185	2833
1663	3976	1175	2801
1664	3989	1184	2805
1665	3981	1209	2772
1666	3951	1209	2742
1667	3911	1193	2718
1668	3942	1202	2740
1669	3948	1211	2737
1670	3924	1214	2710
1671	3936	1177	2759
1672	3898	1184	2714
1673	3848	1202	2646
1674	3887	1214	2673
1675	3874	1217	2657
1676	3881	1198	2683
1677	3881	1211	2670
1678	3851	1207	2644
1679	3813	1181	2632
1680	3835	1201	2634
1681	3819	1208	2611
1682	3821	1199	2622
1683	3747	1194	2553
1684	3701	1203	2498
1685	3774	1220	2554
1686	3754	1221	2533
1687	3681	1221	2460
1688	3649	1216	2433
1689	3683	1194	2489
1690	3658	1171	2487
1691	3646	1188	2458
1692	3620	1213	2407
1693	3658	1196	2462
1694	3656	1199	2457
1695	3630	1205	2425
1696	3629	1201	2428
1697	3600	1205	2395
1698	3536	1180	2356
1699	3499	1184	2315
1700	3463	1218	2245
1701	3456	1206	2250
1702	3455	1171	2284
1703	3417	1176	2241
1704	3437	1197	2240
1705	3417	1191	2226
1706	3409	1212	2197
1707	3331	1205	2126
1708	3296	1197	2099
1709	3347	1177	2170
1710	3344	1179	2165
1711	3321	1195	2126
1712	3312	1210	2102
1713	3292	1207	2085
1714	3290	1188	2102
1715	3313	1203	2110
1716	3318	1204	2114
1717	3259	1194	2065
1718	3279	1186	2093
1719	3349	1208	2141
1720	3305	1207	2098
1721	3248	1224	2024
1722	3223	1217	2006
1723	3265	1185	2080
1724	3217	1171	2046
1725	3243	1189	2054
1726	3291	1198	2093
1727	3238	1199	2039
1728	3225	1206	2019
1729	3239	1197	2042
1730	3247	1191	2056
1731	3235	1194	2041
1732	3232	1207	2025
1733	3246	1198	2048
1734	3281	1199	2082
1735	3269	1201	2068
1736	3250	1199	2051
1737	3287	1199	2088
1738	3286	1203	2083
1739	3296	1176	2120
1740	3310	1183	2127
1741	3298	1212	2086
1742	3312	1203	2109
1743	3304	1195	2109
1744	3289	1204	2085
1745	3352	1216	2136
1746	3357	1214	2143
1747	3338	1203	2135
1748	3342	1193	2149
1749	3330	1210	2120
1750	3393	1226	2167
1751	3378	1203	2175
1752	3391	1213	2178
1753	3482	1214	2268
1754	3511	1196	2315
1755	3466	1204	2262
1756	3460	1229	2231
1757	3485	1229	2256
1758	3560	1201	2359
1759	3583	1185	2398
1760	3625	1198	2427
1761	3610	1215	2395
1762	3630	1201	2429
1763	3679	1206	2473
1764	3709	1203	2506
1765	3745	1217	2528
1766	3756	1209	2547
1767	3761	1209	2552
1768	3764	1230	2534
1769	3795	1214	2581
1770	3855	1200	2655
1771	3831	1188	2643
1772	3912	1194	2718
1773	3951	1196	2755
1774	3893	1175	2718
1775	3896	1179	2717
1776	3917	1214	2703
1777	3952	1219	2733
1778	3986	1196	2790
1779	4014	1174	2840
1780	4036	1172	2864
1781	4030	1185	2845
1782	4060	1203	2857
1783	4045	1202	2843
1784	4056	1201	2855
1785	4097	1190	2907
1786	4154	1194	2960
1787	4162	1193	2969
1788	4097	1208	2889
1789	4109	1202	2907
1790	4182	1195	2987
1791	4164	1185	2979
1792	4170	1187	2983
1793	4161	1216	2945
1794	4232	1204	3028
1795	4292	1191	3101
1796	4271	1182	3089
1797	4289	1205	3084
1798	4288	1193	3095
1799	4336	1185	3151
1800	4298	1207	3091
1801	4349	1223	3126
1802	4426	1226	3200
1803	4422	1227	3195
1804	4400	1223	3177
1805	4440	1216	3224
1806	4446	1226	3220
1807	4455	1220	3235
1808	4369	1205	3164
1809	4424	1211	3213
1810	4421	1194	3227
1811	4397	1190	3207
1812	4394	1203	3191
1813	4414	1196	3218
1814	4379	1202	3177
1815	4403	1205	3198
1816	4408	1200	3208
1817	4432	1191	3241
1818	4406	1208	3198
1819	4394	1187	3207
1820	4445	1192	3253
1821	4408	1195	3213
1822	4362	1184	3178
1823	4402	1186	3216
1824	4466	1214	3252
1825	4424	1210	3214
1826	4396	1186	3210
1827	4444	1196	3248
1828	4448	1184	3264
1829	4427	1212	3215
1830	4399	1213	3186
1831	4442	1194	3248
1832	4457	1198	3259
1833	4407	1218	3189
1834	4386	1214	3172
1835	4380	1203	3177
1836	4336	1205	3131
1837	4342	1209	3133
1838	4349	1199	3150
1839	4294	1194	3100
1840	4244	1186	3058
1841	4221	1207	3014
1842	4228	1200	3028
1843	4221	1208	3013
1844	4149	1203	2946
1845	4110	1206	2904
1846	4066	1202	2864
1847	4026	1203	2823
1848	4019	1208	2811
1849	4004	1201	2803
1850	4011	1205	2806
1851	3983	1203	2780
1852	3986	1197	2789
1853	3980	1199	2781
1854	3984	1217	2767
1855	3975	1219	2756
1856	4018	1216	2802
1857	3988	1241	2747
1858	3992	1227	2765
1859	4004	1188	2816
1860	4015	1202	2813
1861	4015	1207	2808
1862	4007	1181	2826
1863	4085	1196	2889
1864	4009	1209	2800
1865	3994	1195	2799
1866	3989	1191	2798
1867	4002	1194	2808
1868	3994	1193	2801
1869	3891	1200	2691
1870	3918	1201	2717
1871	3925	1200	2725
1872	3912	1201	2711
1873	3842	1201	2641
1874	3768	1193	2575
1875	3759	1189	2570
1876	3728	1200	2528
1877	3739	1199	2540
1878	3719	1192	2527
1879	3675	1180	2495
1880	3672	1177	2495
1881	3673	1187	2486
1882	3697	1201	2496
1883	3628	1228	2400
1884	3595	1233	2362
1885	3604	1204	2400
1886	3631	1209	2422
1887	3625	1194	2431
1888	3630	1194	2436
1889	3601	1214	2387
1890	3633	1220	2413
1891	3605	1193	2412
1892	3612	1185	2427
1893	3636	1227	2409
1894	3644	1225	2419
1895	3643	1206	2437
1896	3644	1227	2417
1897	3657	1224	2433
1898	3643	1208	2435
1899	3685	1221	2464
1900	3751	1214	2537
1901	3733	1212	2521
1902	3704	1209	2495
1903	3742	1202	2540
1904	3754	1199	2555
1905	3738	1200	2538
1906	3734	1171	2563
1907	3730	1188	2542
1908	3702	1197	2505
1909	3737	1201	2536
1910	3695	1199	2496
1911	3702	1204	2498
1912	3636	1203	2433
1913	3606	1209	2397
1914	3643	1189	2454
1915	3658	1195	2463
1916	3657	1207	2450
1917	3632	1193	2439
1918	3615	1204	2411
1919	3676	1209	2467
1920	3678	1191	2487
1921	3675	1174	2501
1922	3684	1195	2489
1923	3645	1201	2444
1924	3644	1193	2451
1925	3657	1195	2462
1926	3634	1201	2433
1927	3620	1203	2417
1928	3674	1206	2468
1929	3650	1203	2447
1930	3659	1201	2458
1931	3743	1195	2548
1932	3762	1190	2572
1933	3746	1209	2537
1934	3715	1217	2498
1935	3668	1223	2445
1936	3694	1199	2495
1937	3747	1180	2567
1938	3793	1189	2604
1939	3841	1195	2646
1940	3846	1204	2642
1941	3866	1204	2662
1942	3945	1201	2744
1943	3902	1193	2709
1944	3952	1205	2747
1945	3996	1220	2776
1946	3975	1216	2759
1947	4023	1230	2793
1948	4071	1221	2850
1949	4040	1201	2839
1950	4032	1204	2828
1951	4068	1217	2851
1952	4091	1219	2872
1953	4128	1191	2937
1954	4076	1216	2860
1955	4017	1208	2809
1956	4018	1204	2814
1957	3965	1213	2752
1958	3973	1233	2740
1959	4069	1209	2860
1960	4017	1204	2813
1961	4044	1206	2838
1962	4056	1213	2843
1963	4090	1212	2878
1964	4101	1208	2893
1965	4123	1195	2928
1966	4074	1203	2871
1967	4090	1205	2885
1968	4119	1190	2929
1969	4198	1220	2978
1970	4252	1213	3039
1971	4236	1217	3019
1972	4254	1232	3022
1973	4281	1229	3052
1974	4285	1217	3068
1975	4287	1208	3079
1976	4305	1220	3085
1977	4324	1216	3108
1978	4304	1206	3098
1979	4367	1199	3168
1980	4385	1205	3180
1981	4374	1225	3149
1982	4358	1216	3142
1983	4433	1208	3225
1984	4447	1216	3231
1985	4441	1208	3233
1986	4368	1212	3156
1987	4342	1194	3148
1988	4383	1187	3196
1989	4418	1211	3207
1990	4442	1235	3207
1991	4411	1226	3185
1992	4466	1209	3257
1993	4520	1190	3330
1994	4502	1209	3293
1995	4567	1188	3379
1996	4556	1199	3357
1997	4571	1195	3376
1998	4599	1192	3407
1999	4636	1205	3431
2000	4603	1211	3392
2001	4603	1195	3408
2002	4629	1199	3430
2003	4656	1196	3460
2004	4657	1176	3481
2005	4607	1205	3402
2006	4623	1218	3405
2007	4603	1217	3386
2008	4576	1233	3343
2009	4624	1218	3406
2010	4556	1228	3328
2011	4487	1230	3257
2012	4522	1202	3320
2013	4450	1194	3256
2014	4456	1195	3261
2015	4496	1199	3297
2016	4491	1215	3276
2017	4443	1236	3207
2018	4441	1215	3226
2019	4450	1201	3249
2020	4420	1209	3211
2021	4396	1218	3178
2022	4391	1214	3177
2023	4356	1219	3137
2024	4357	1222	3135
2025	4341	1199	3142
2026	4328	1195	3133
2027	4306	1202	3104
2028	4286	1222	3064
2029	4291	1210	3081
2030	4300	1217	3083
2031	4268	1222	3046
2032	4224	1209	3015
2033	4226	1208	3018
2034	4138	1217	2921
2035	4142	1240	2902
2036	4163	1222	2941
2037	4194	1218	2976
2038	4126	1203	2923
2039	4104	1216	2888
2040	4167	1206	2961
2041	4130	1203	2927
2042	4091	1192	2899
2043	4124	1194	2930
2044	4119	1202	2917
2045	4143	1221	2922
2046	4125	1222	2903
2047	4154	1225	2929
2048	4145	1216	2929
2049	4106	1205	2901
2050	4153	1212	2941
2051	4130	1219	2911
2052	4172	1224	2948
2053	4184	1223	2961
2054	4207	1230	2977
2055	4207	1210	2997
2056	4217	1218	2999
2057	4231	1203	3028
2058	4287	1192	3095
2059	4268	1180	3088
2060	4281	1189	3092
2061	4328	1212	3116
2062	4312	1216	3096
2063	4301	1201	3100
2064	4313	1208	3105
2065	4290	1215	3075
2066	4275	1216	3059
2067	4313	1207	3106
2068	4295	1193	3102
2069	4239	1202	3037
2070	4209	1201	3008
2071	4154	1207	2947
2072	4158	1216	2942
2073	4171	1200	2971
2074	4107	1213	2894
2075	4093	1211	2882
2076	4066	1227	2839
2077	4093	1241	2852
2078	4044	1232	2812
2079	4018	1201	2817
2080	3985	1179	2806
2081	3941	1213	2728
2082	3988	1214	2774
2083	3959	1201	2758
2084	3936	1188	2748
2085	3936	1193	2743
2086	3884	1217	2667
2087	3894	1190	2704
2088	3826	1192	2634
2089	3808	1212	2596
2090	3754	1213	2541
2091	3729	1200	2529
2092	3790	1191	2599
2093	3844	1201	2643
2094	3887	1197	2690
2095	3857	1186	2671
2096	3824	1202	2622
2097	3853	1206	2647
2098	3948	1210	2738
2099	3970	1217	2753
2100	3938	1197	2741
2101	3972	1211	2761
2102	3976	1179	2797
2103	3948	1168	2780
2104	3906	1219	2687
2105	3915	1239	2676
2106	3956	1209	2747
2107	3929	1168	2761
2108	3925	1178	2747
2109	4007	1204	2803
2110	4037	1187	2850
2111	4012	1195	2817
2112	4002	1200	2802
2113	4047	1206	2841
2114	4121	1218	2903
2115	4128	1207	2921
2116	4169	1189	2980
2117	4229	1187	3042
2118	4216	1181	3035
2119	4225	1157	3068
2120	4168	1188	2980
2121	4173	1207	2966
2122	4212	1186	3026
2123	4201	1217	2984
2124	4151	1221	2930
2125	4108	1214	2894
2126	4044	1227	2817
2127	3987	1215	2772
2128	4023	1224	2799
2129	4056	1227	2829
2130	4011	1221	2790
2131	3917	1196	2721
2132	3892	1176	2716
2133	3909	1183	2726
2134	3885	1206	2679
2135	3914	1228	2686
2136	3994	1215	2779
2137	4081	1195	2886
2138	4101	1189	2912
2139	4118	1209	2909
2140	4144	1214	2930
2141	4156	1191	2965
2142	4184	1199	2985
2143	4143	1187	2956
2144	4188	1174	3014
2145	4260	1184	3076
2146	4269	1189	3080
2147	4237	1204	3033
2148	4207	1215	2992
2149	4207	1211	2996
2150	4165	1216	2949
2151	4168	1233	2935
2152	4150	1205	2945
2153	4207	1181	3026
2154	4251	1205	3046
2155	4241	1218	3023
2156	4263	1209	3054
2157	4298	1211	3087
2158	4265	1198	3067
2159	4231	1207	3024
2160	4300	1214	3086
2161	4369	1223	3146
2162	4411	1214	3197
2163	4418	1189	3229
2164	4384	1190	3194
2165	4399	1173	3226
2166	4409	1186	3223
2167	4396	1200	3196
2168	4457	1221	3236
2169	4486	1214	3272
2170	4507	1193	3314
2171	4575	1212	3363
2172	4598	1203	3395
2173	4583	1188	3395
2174	4571	1218	3353
2175	4549	1218	3331
2176	4600	1206	3394
2177	4631	1204	3427
2178	4646	1187	3459
2179	4700	1195	3505
2180	4706	1191	3515
2181	4705	1219	3486
2182	4727	1193	3534
2183	4746	1177	3569
2184	4808	1189	3619
2185	4778	1223	3555
2186	4778	1213	3565
2187	4823	1192	3631
2188	5012	1195	3817
2189	5074	1185	3889
2190	5081	1201	3880
2191	5128	1224	3904
2192	5217	1230	3987
2193	5292	1212	4080
2194	5301	1203	4098
2195	5290	1197	4093
2196	5379	1214	4165
2197	5419	1199	4220
2198	5378	1199	4179
2199	5326	1207	4119
2200	5374	1214	4160
2201	5317	1201	4116
2202	5267	1216	4051
2203	5295	1220	4075
2204	5214	1221	3993
2205	5213	1214	3999
2206	5228	1210	4018
2207	5200	1200	4000
2208	5146	1192	3954
2209	5148	1203	3945
2210	5149	1207	3942
2211	5105	1209	3896
2212	5091	1210	3881
2213	5080	1215	3865
2214	5016	1210	3806
2215	4987	1210	3777
2216	5037	1216	3821
2217	5025	1196	3829
2218	4881	1187	3694
2219	4797	1226	3571
2220	4805	1222	3583
2221	4855	1208	3647
2222	4814	1204	3610
2223	4786	1202	3584
2224	4820	1212	3608
2225	4789	1220	3569
2226	4742	1196	3546
2227	4694	1196	3498
2228	4592	1195	3397
2229	4636	1196	3440
2230	4700	1195	3505
2231	4721	1194	3527
2232	4704	1201	3503
2233	4654	1223	3431
2234	4732	1222	3510
2235	4685	1208	3477
2236	4681	1203	3478
2237	4673	1213	3460
2238	4612	1218	3394
2239	4677	1209	3468
2240	4703	1195	3508
2241	4617	1192	3425
2242	4629	1204	3425
2243	4678	1202	3476
2244	4683	1201	3482
2245	4727	1230	3497
2246	4737	1227	3510
2247	4801	1205	3596
2248	4830	1219	3611
2249	4752	1227	3525
2250	4750	1210	3540
2251	4783	1217	3566
2252	4768	1228	3540
2253	4800	1208	3592
2254	4820	1198	3622
2255	4827	1208	3619
2256	4818	1221	3597
2257	4795	1219	3576
2258	4796	1209	3587
2259	4744	1193	3551
2260	4726	1191	3535
2261	4735	1190	3545
2262	4753	1207	3546
2263	4707	1214	3493
2264	4705	1197	3508
2265	4717	1208	3509
2266	4733	1193	3540
2267	4734	1214	3520
2268	4713	1219	3494
2269	4707	1206	3501
2270	4695	1193	3502
2271	4697	1186	3511
2272	4643	1199	3444
2273	4609	1208	3401
2274	4600	1211	3389
2275	4590	1206	3384
2276	4581	1219	3362
2277	4612	1219	3393
2278	4596	1213	3383
2279	4570	1197	3373
2280	4572	1214	3358
2281	4580	1198	3382
2282	4583	1172	3411
2283	4589	1206	3383
2284	4573	1224	3349
2285	4541	1216	3325
2286	4555	1208	3347
2287	4563	1207	3356
2288	4524	1210	3314
2289	4485	1204	3281
2290	4545	1204	3341
2291	4545	1220	3325
2292	4505	1229	3276
2293	4531	1202	3329
2294	4510	1195	3315
2295	4463	1190	3273
2296	4488	1177	3311
2297	4494	1206	3288
2298	4499	1198	3301
2299	4480	1215	3265
2300	4474	1209	3265
2301	4511	1194	3317
2302	4488	1212	3276
2303	4459	1202	3257
2304	4515	1197	3318
2305	4526	1214	3312
2306	4541	1213	3328
2307	4613	1184	3429
2308	4574	1180	3394
2309	4570	1206	3364
2310	4617	1238	3379
2311	4568	1213	3355
2312	4573	1217	3356
2313	4623	1218	3405
2314	4582	1210	3372
2315	4589	1196	3393
2316	4507	1211	3296
2317	4520	1205	3315
2318	4491	1199	3292
2319	4497	1205	3292
2320	4464	1205	3259
2321	4457	1182	3275
2322	4378	1202	3176
2323	4367	1213	3154
2324	4357	1199	3158
2325	4386	1228	3158
2326	4352	1213	3139
2327	4345	1188	3157
2328	4354	1205	3149
2329	4303	1219	3084
2330	4312	1207	3105
2331	4278	1187	3091
2332	4188	1209	2979
2333	4151	1204	2947
2334	4119	1189	2930
2335	4123	1199	2924
2336	4139	1194	2945
2337	4073	1198	2875
2338	4087	1189	2898
2339	4109	1185	2924
2340	4159	1198	2961
2341	4180	1211	2969
2342	4169	1212	2957
2343	4222	1203	3019
2344	4283	1212	3071
2345	4279	1213	3066
2346	4311	1216	3095
2347	4358	1197	3161
2348	4426	1198	3228
2349	4429	1197	3232
2350	4441	1200	3241
2351	4497	1201	3296
2352	4555	1172	3383
2353	4532	1189	3343
2354	4533	1201	3332
2355	4578	1207	3371
2356	4615	1200	3415
2357	4685	1198	3487
2358	4712	1214	3498
2359	4696	1218	3478
2360	4651	1210	3441
2361	4622	1219	3403
2362	4601	1233	3368
2363	4545	1229	3316
2364	4586	1202	3384
2365	4650	1188	3462
2366	4555	1179	3376
2367	4533	1198	3335
2368	4449	1213	3236
2369	4402	1201	3201
2370	4437	1184	3253
2371	4322	1200	3122
2372	4318	1194	3124
2373	4442	1185	3257
2374	4418	1205	3213
2375	4429	1210	3219
2376	4477	1199	3278
2377	4500	1209	3291
2378	4532	1197	3335
2379	4523	1186	3337
2380	4464	1197	3267
2381	4400	1209	3191
2382	4355	1212	3143
2383	4397	1205	3192
2384	4399	1201	3198
2385	4474	1214	3260
2386	4416	1210	3206
2387	4376	1200	3176
2388	4381	1194	3187
2389	4408	1201	3207
2390	4280	1201	3079
2391	4284	1205	3079
2392	4328	1222	3106
2393	4359	1217	3142
2394	4369	1222	3147
2395	4410	1204	3206
2396	4420	1211	3209
2397	4448	1199	3249
2398	4443	1222	3221
2399	4392	1236	3156
2400	4423	1225	3198
2401	4439	1218	3221
2402	4461	1214	3247
2403	4464	1205	3259
2404	4503	1206	3297
2405	4557	1191	3366
2406	4603	1196	3407
2407	4703	1194	3509
2408	4675	1209	3466
2409	4694	1204	3490
2410	4742	1186	3556
2411	4824	1197	3627
2412	4865	1190	3675
2413	4849	1202	3647
2414	4884	1222	3662
2415	4888	1205	3683
2416	4929	1209	3720
2417	4871	1205	3666
2418	4876	1200	3676
2419	4998	1196	3802
2420	4972	1230	3742
2421	4894	1206	3688
2422	4868	1191	3677
2423	4901	1206	3695
2424	5028	1212	3816
2425	5033	1211	3822
2426	4984	1211	3773
2427	5026	1224	3802
2428	5036	1209	3827
2429	5067	1186	3881
2430	5018	1174	3844
2431	4980	1189	3791
2432	5006	1191	3815
2433	5003	1200	3803
2434	4964	1208	3756
2435	4960	1218	3742
2436	4990	1220	3770
2437	5024	1205	3819
2438	5003	1201	3802
2439	4975	1200	3775
2440	4966	1201	3765
2441	5000	1189	3811
2442	5018	1210	3808
2443	4992	1206	3786
2444	5060	1188	3872
2445	5094	1212	3882
2446	5112	1209	3903
2447	5075	1199	3876
2448	5063	1205	3858
2449	5142	1193	3949
2450	5148	1214	3934
2451	5061	1225	3836
2452	5117	1229	3888
2453	5086	1225	3861
2454	5134	1218	3916
2455	5180	1225	3955
2456	5217	1225	3992
2457	5202	1199	4003
2458	5174	1207	3967
2459	5246	1237	4009
2460	5310	1239	4071
2461	5343	1206	4137
2462	5257	1209	4048
2463	5194	1235	3959
2464	5225	1222	4003
2465	5335	1212	4123
2466	5355	1203	4152
2467	5347	1196	4151
2468	5322	1190	4132
2469	5347	1209	4138
2470	5388	1217	4171
2471	5444	1193	4251
2472	5469	1205	4264
2473	5401	1208	4193
2474	5342	1196	4146
2475	5406	1209	4197
2476	5382	1208	4174
2477	5384	1201	4183
2478	5372	1195	4177
2479	5352	1186	4166
2480	5363	1194	4169
2481	5419	1188	4231
2482	5407	1184	4223
2483	5499	1202	4297
2484	5534	1211	4323
2485	5591	1199	4392
2486	5619	1221	4398
2487	5633	1224	4409
2488	5735	1189	4546
2489	5762	1178	4584
2490	5834	1198	4636
2491	5911	1212	4699
2492	6032	1225	4807
2493	6098	1214	4884
2494	6447	1207	5240
2495	7160	1211	5949
2496	7861	1196	6665
2497	8552	1192	7360
2498	9078	1187	7891
2499	9370	1205	8165
2500	9556	1193	8363
2501	9703	1193	8510
2502	9775	1201	8574
2503	9776	1186	8590
2504	9654	1204	8450
2505	9317	1211	8106
2506	8898	1201	7697
2507	8276	1205	7071
2508	7567	1207	6360
2509	7066	1183	5883
2510	6784	1195	5589
2511	6556	1220	5336
2512	6437	1200	5237
2513	6316	1208	5108
2514	6138	1219	4919
2515	6021	1217	4804
2516	5917	1209	4708
2517	5852	1191	4661
2518	5739	1194	4545
2519	5761	1186	4575
2520	5759	1185	4574
2521	5661	1201	4460
2522	5633	1204	4429
2523	5669	1200	4469
2524	5598	1199	4399
2525	5627	1208	4419
2526	5618	1230	4388
2527	5574	1215	4359
2528	5623	1196	4427
2529	5579	1209	4370
2530	5611	1211	4400
2531	5552	1206	4346
2532	5586	1213	4373
2533	5610	1213	4397
2534	5608	1223	4385
2535	5516	1218	4298
2536	5457	1199	4258
2537	5453	1208	4245
2538	5396	1216	4180
2539	5410	1225	4185
2540	5371	1217	4154
2541	5300	1207	4093
2542	5296	1222	4074
2543	5298	1207	4091
2544	5307	1207	4100
2545	5333	1226	4107
2546	5281	1212	4069
2547	5270	1198	4072
2548	5272	1212	4060
2549	5188	1203	3985
2550	5223	1187	4036
2551	5209	1194	4015
2552	5157	1205	3952
2553	5179	1188	3991
2554	5182	1175	4007
2555	5196	1203	3993
2556	5164	1227	3937
2557	5160	1215	3945
2558	5167	1211	3956
2559	5099	1229	3870
2560	5028	1235	3793
2561	4964	1234	3730
2562	4938	1206	3732
2563	4929	1183	3746
2564	4866	1204	3662
2565	4825	1198	3627
2566	4889	1192	3697
2567	4840	1186	3654
2568	4836	1186	3650
2569	4835	1217	3618
2570	4863	1230	3633
2571	4864	1217	3647
2572	4827	1207	3620
2573	4803	1191	3612
2574	4827	1214	3613
2575	4884	1196	3688
2576	4858	1195	3663
2577	4816	1220	3596
2578	4772	1201	3571
2579	4699	1203	3496
2580	4710	1214	3496
2581	4615	1219	3396
2582	4552	1210	3342
2583	4551	1181	3370
2584	4574	1188	3386
2585	4595	1195	3400
2586	4665	1188	3477
2587	4657	1198	3459
2588	4636	1209	3427
2589	4705	1204	3501
2590	4649	1192	3457
2591	4618	1196	3422
2592	4661	1189	3472
2593	4670	1190	3480
2594	4707	1194	3513
2595	4660	1211	3449
2596	4636	1188	3448
2597	4640	1194	3446
2598	4638	1187	3451
2599	4560	1195	3365
2600	4604	1212	3392
2601	4530	1192	3338
2602	4482	1179	3303
2603	4489	1193	3296
2604	4547	1216	3331
2605	4618	1212	3406
2606	4611	1214	3397
2607	4608	1194	3414
2608	4624	1194	3430
2609	4643	1209	3434
2610	4665	1203	3462
2611	4613	1193	3420
2612	4643	1179	3464
2613	4691	1177	3514
2614	4704	1195	3509
2615	4665	1190	3475
2616	4647	1197	3450
2617	4631	1179	3452
2618	4678	1179	3499
2619	4682	1210	3472
2620	4734	1215	3519
2621	4717	1202	3515
2622	4716	1173	3543
2623	4695	1165	3530
2624	4651	1190	3461
2625	4698	1205	3493
2626	4741	1214	3527
2627	4698	1208	3490
2628	4627	1199	3428
2629	4621	1202	3419
2630	4693	1193	3500
2631	4690	1190	3500
2632	4683	1199	3484
2633	4672	1200	3472
2634	4699	1230	3469
2635	4717	1212	3505
2636	4740	1188	3552
2637	4733	1185	3548
2638	4704	1216	3488
2639	4676	1209	3467
2640	4752	1221	3531
2641	4755	1210	3545
2642	4745	1202	3543
2643	4761	1216	3545
2644	4801	1218	3583
2645	4808	1211	3597
2646	4745	1186	3559
2647	4753	1208	3545
2648	4791	1208	3583
2649	4703	1203	3500
2650	4726	1202	3524
2651	4691	1182	3509
2652	4720	1200	3520
2653	4765	1206	3559
2654	4803	1209	3594
2655	4808	1211	3597
2656	4797	1207	3590
2657	4844	1212	3632
2658	4803	1208	3595
2659	4863	1227	3636
2660	4845	1203	3642
2661	4805	1209	3596
2662	4806	1205	3601
2663	4793	1197	3596
2664	4782	1196	3586
2665	4811	1204	3607
2666	4822	1195	3627
2667	4825	1189	3636
2668	4834	1189	3645
2669	4790	1188	3602
2670	4759	1208	3551
2671	4914	1237	3677
2672	4889	1214	3675
2673	4847	1220	3627
2674	4913	1210	3703
2675	4884	1201	3683
2676	4896	1209	3687
2677	4855	1204	3651
2678	4806	1217	3589
2679	4879	1215	3664
2680	4851	1202	3649
2681	4897	1202	3695
2682	4959	1191	3768
2683	4857	1217	3640
2684	4805	1211	3594
2685	4798	1187	3611
2686	4761	1196	3565
2687	4761	1207	3554
2688	4801	1212	3589
2689	4789	1214	3575
2690	4827	1201	3626
2691	4839	1197	3642
2692	4820	1211	3609
2693	4777	1202	3575
2694	4774	1202	3572
2695	4787	1209	3578
2696	4774	1222	3552
2697	4792	1216	3576
2698	4794	1194	3600
2699	4749	1214	3535
2700	4684	1225	3459
2701	4648	1196	3452
2702	4660	1193	3467
2703	4661	1181	3480
2704	4607	1195	3412
2705	4621	1201	3420
2706	4634	1215	3419
2707	4677	1226	3451
2708	4629	1211	3418
2709	4600	1212	3388
2710	4595	1223	3372
2711	4581	1202	3379
2712	4563	1194	3369
2713	4600	1225	3375
2714	4616	1218	3398
2715	4584	1214	3370
2716	4563	1195	3368
2717	4499	1187	3312
2718	4532	1182	3350
2719	4523	1210	3313
2720	4532	1202	3330
2721	4553	1204	3349
2722	4536	1214	3322
2723	4515	1195	3320
2724	4477	1179	3298
2725	4479	1188	3291
2726	4458	1199	3259
2727	4495	1182	3313
2728	4545	1192	3353
2729	4523	1220	3303
2730	4481	1202	3279
2731	4449	1184	3265
2732	4442	1185	3257
2733	4469	1197	3272
2734	4508	1191	3317
2735	4472	1203	3269
2736	4465	1211	3254
2737	4429	1215	3214
2738	4401	1223	3178
2739	4410	1212	3198
2740	4357	1217	3140
2741	4360	1218	3142
2742	4403	1198	3205
2743	4432	1205	3227
2744	4398	1192	3206
2745	4388	1191	3197
2746	4386	1213	3173
2747	4378	1211	3167
2748	4365	1205	3160
2749	4407	1202	3205
2750	4372	1214	3158
2751	4313	1195	3118
2752	4257	1192	3065
2753	4301	1202	3099
2754	4339	1191	3148
2755	4301	1193	3108
2756	4352	1210	3142
2757	4338	1224	3114
2758	4270	1206	3064
2759	4283	1193	3090
2760	4352	1207	3145
2761	4355	1211	3144
2762	4408	1199	3209
2763	4449	1188	3261
2764	4441	1219	3222
2765	4440	1242	3198
2766	4458	1201	3257
2767	4451	1194	3257
2768	4421	1195	3226
2769	4451	1181	3270
2770	4529	1190	3339
2771	4517	1194	3323
2772	4510	1195	3315
2773	4495	1189	3306
2774	4523	1189	3334
2775	4507	1216	3291
2776	4537	1209	3328
2777	4528	1208	3320
2778	4569	1196	3373
2779	4517	1211	3306
2780	4554	1213	3341
2781	4544	1204	3340
2782	4538	1203	3335
2783	4547	1192	3355
2784	4580	1192	3388
2785	4675	1210	3465
2786	4658	1207	3451
2787	4635	1197	3438
2788	4646	1208	3438
2789	4664	1224	3440
2790	4672	1198	3474
2791	4681	1182	3499
2792	4629	1198	3431
2793	4643	1231	3412
2794	4692	1210	3482
2795	4684	1186	3498
2796	4654	1187	3467
2797	4688	1191	3497
2798	4780	1196	3584
2799	4750	1193	3557
2800	4709	1205	3504
2801	4782	1210	3572
2802	4852	1228	3624
2803	4882	1218	3664
2804	4862	1194	3668
2805	4873	1198	3675
2806	4858	1207	3651
2807	4905	1214	3691
2808	4849	1202	3647
2809	4802	1207	3595
2810	4802	1209	3593
2811	4799	1196	3603
2812	4733	1217	3516
2813	4725	1209	3516
2814	4793	1199	3594
2815	4854	1198	3656
2816	4793	1191	3602
2817	4779	1205	3574
2818	4745	1217	3528
2819	4811	1225	3586
2820	4807	1217	3590
2821	4784	1194	3590
2822	4802	1199	3603
2823	4709	1193	3516
2824	4751	1184	3567
2825	4741	1182	3559
2826	4729	1181	3548
2827	4818	1196	3622
2828	4835	1186	3649
2829	4772	1184	3588
2830	4828	1190	3638
2831	4825	1211	3614
2832	4806	1225	3581
2833	4897	1204	3693
2834	4954	1218	3736
2835	4966	1230	3736
2836	4972	1208	3764
2837	4999	1189	3810
2838	4985	1187	3798
2839	4940	1199	3741
2840	4929	1227	3702
2841	4884	1212	3672
2842	4945	1209	3736
2843	4925	1209	3716
2844	4874	1205	3669
2845	4860	1202	3658
2846	4866	1198	3668
2847	4875	1163	3712
2848	4843	1186	3657
2849	4809	1226	3583
2850	4859	1207	3652
2851	4809	1184	3625
2852	4737	1187	3550
2853	4674	1207	3467
2854	4633	1211	3422
2855	4545	1211	3334
2856	4497	1193	3304
2857	4506	1203	3303
2858	4502	1220	3282
2859	4388	1211	3177
2860	4438	1214	3224
2861	4460	1201	3259
2862	4465	1193	3272
2863	4495	1187	3308
2864	4497	1205	3292
2865	4555	1195	3360
2866	4526	1189	3337
2867	4526	1188	3338
2868	4578	1199	3379
2869	4580	1205	3375
2870	4527	1187	3340
2871	4490	1201	3289
2872	4576	1209	3367
2873	4583	1212	3371
2874	4561	1218	3343
2875	4588	1208	3380
2876	4531	1198	3333
2877	4382	1197	3185
2878	4419	1224	3195
2879	4385	1222	3163
2880	4392	1200	3192
2881	4398	1186	3212
2882	4323	1198	3125
2883	4311	1206	3105
2884	4287	1209	3078
2885	4301	1204	3097
2886	4303	1195	3108
2887	4302	1183	3119
2888	4237	1199	3038
2889	4244	1193	3051
2890	4279	1185	3094
2891	4318	1179	3139
2892	4345	1173	3172
2893	4291	1185	3106
2894	4257	1202	3055
2895	4264	1200	3064
2896	4310	1194	3116
2897	4322	1200	3122
2898	4348	1214	3134
2899	4287	1212	3075
2900	4272	1223	3049
2901	4283	1218	3065
2902	4244	1223	3021
2903	4236	1210	3026
2904	4253	1186	3067
2905	4261	1190	3071
2906	4293	1179	3114
2907	4283	1175	3108
2908	4270	1191	3079
2909	4317	1190	3127
2910	4292	1190	3102
2911	4267	1185	3082
2912	4281	1203	3078
2913	4299	1222	3077
2914	4332	1213	3119
2915	4307	1205	3102
2916	4263	1205	3058
2917	4215	1207	3008
2918	4171	1211	2960
2919	4176	1200	2976
2920	4186	1208	2978
2921	4194	1221	2973
2922	4155	1208	2947
2923	4099	1201	2898
2924	4112	1199	2913
2925	4087	1195	2892
2926	4106	1208	2898
2927	4121	1214	2907
2928	4075	1198	2877
2929	4128	1192	2936
2930	4170	1209	2961
2931	4217	1210	3007
2932	4265	1206	3059
2933	4261	1210	3051
2934	4271	1256	3015
2935	4386	1229	3157
2936	4395	1203	3192
2937	4363	1201	3162
2938	4384	1189	3195
2939	4402	1201	3201
2940	4409	1202	3207
2941	4385	1204	3181
2942	4402	1194	3208
2943	4310	1202	3108
2944	4292	1221	3071
2945	4277	1207	3070
2946	4209	1192	3017
2947	4171	1198	2973
2948	4190	1196	2994
2949	4133	1205	2928
2950	4134	1214	2920
2951	4110	1212	2898
2952	4103	1207	2896
2953	4099	1207	2892
2954	4159	1206	2953
2955	4141	1215	2926
2956	4096	1210	2886
2957	4078	1206	2872
2958	4076	1196	2880
2959	4052	1201	2851
2960	4071	1214	2857
2961	4083	1214	2869
2962	4174	1194	2980
2963	4148	1181	2967
2964	4132	1193	2939
2965	4169	1211	2958
2966	4263	1228	3035
2967	4256	1220	3036
2968	4217	1183	3034
2969	4267	1238	3029
2970	4350	1204	3146
2971	4338	1197	3141
2972	4318	1208	3110
2973	4352	1200	3152
2974	4352	1211	3141
2975	4365	1213	3152
2976	4392	1215	3177
2977	4418	1220	3198
2978	4374	1205	3169
2979	4367	1198	3169
2980	4307	1212	3095
2981	4296	1198	3098
2982	4270	1190	3080
2983	4324	1212	3112
2984	4340	1203	3137
2985	4346	1206	3140
2986	4333	1201	3132
2987	4383	1215	3168
2988	4346	1233	3113
2989	4293	1213	3080
2990	4257	1201	3056
2991	4284	1221	3063
2992	4367	1232	3135
2993	4446	1238	3208
2994	4375	1203	3172
2995	4360	1173	3187
2996	4329	1205	3124
2997	4354	1216	3138
2998	4373	1190	3183
2999	4346	1203	3143
3000	4343	1193	3150
3001	4348	1191	3157
3002	4329	1206	3123
3003	4404	1180	3224
3004	4415	1175	3240
3005	4337	1203	3134
3006	4309	1225	3084
3007	4302	1198	3104
3008	4301	1183	3118
3009	4339	1204	3135
3010	4304	1224	3080
3011	4282	1212	3070
3012	4250	1187	3063
3013	4227	1183	3044
3014	4213	1190	3023
3015	4233	1204	3029
3016	4192	1213	2979
3017	4206	1213	2993
3018	4208	1201	3007
3019	4235	1186	3049
3020	4294	1192	3102
3021	4345	1189	3156
3022	4315	1187	3128
3023	4393	1193	3200
3024	4418	1188	3230
3025	4412	1200	3212
3026	4433	1187	3246
3027	4476	1191	3285
3028	4536	1196	3340
3029	4581	1200	3381
3030	4569	1205	3364
3031	4490	1197	3293
3032	4475	1184	3291
3033	4447	1189	3258
3034	4470	1205	3265
3035	4441	1207	3234
3036	4443	1190	3253
3037	4434	1173	3261
3038	4336	1188	3148
3039	4385	1197	3188
3040	4415	1187	3228
3041	4386	1191	3195
3042	4383	1202	3181
3043	4375	1222	3153
3044	4367	1208	3159
3045	4302	1201	3101
3046	4324	1196	3128
3047	4305	1201	3104
3048	4353	1196	3157
3049	4392	1191	3201
3050	4414	1211	3203
3051	4413	1214	3199
3052	4447	1200	3247
3053	4418	1194	3224
3054	4440	1203	3237
3055	4429	1204	3225
3056	4488	1214	3274
3057	4484	1217	3267
3058	4495	1206	3289
3059	4496	1206	3290
3060	4459	1210	3249
3061	4410	1200	3210
3062	4448	1190	3258
3063	4436	1201	3235
3064	4448	1214	3234
3065	4509	1207	3302
3066	4483	1211	3272
3067	4490	1231	3259
3068	4567	1240	3327
3069	4583	1219	3364
3070	4634	1187	3447
3071	4692	1184	3508
3072	4719	1196	3523
3073	4783	1219	3564
3074	4830	1211	3619
3075	4846	1228	3618
3076	4866	1208	3658
3077	4966	1211	3755
3078	5111	1209	3902
3079	5150	1195	3955
3080	5289	1212	4077
3081	5396	1214	4182
3082	5424	1197	4227
3083	5436	1212	4224
3084	5521	1201	4320
3085	5665	1189	4476
3086	5747	1183	4564
3087	5942	1196	4746
3088	6148	1220	4928
3089	6193	1204	4989
3090	6433	1207	5226
3091	6640	1220	5420
3092	6743	1213	5530
3093	6887	1213	5674
3094	6965	1243	5722
3095	7100	1234	5866
3096	7243	1208	6035
3097	7410	1219	6191
3098	7450	1210	6240
3099	7619	1206	6413
3100	7694	1213	6481
3101	7681	1211	6470
3102	7829	1212	6617
3103	7915	1210	6705
3104	8013	1179	6834
3105	8192	1191	7001
3106	8378	1207	7171
3107	8483	1206	7277
3108	8584	1212	7372
3109	8557	1214	7343
3110	8462	1211	7251
3111	8306	1198	7108
3112	8265	1216	7049
3113	8329	1199	7130
3114	8378	1189	7189
3115	8492	1193	7299
3116	8572	1186	7386
3117	8682	1184	7498
3118	8705	1196	7509
3119	8911	1183	7728
3120	9168	1211	7957
3121	9401	1227	8174
3122	9671	1215	8456
3123	9983	1207	8776
3124	10103	1205	8898
3125	10171	1193	8978
3126	10295	1183	9112
3127	10370	1185	9185
3128	10423	1194	9229
3129	10522	1204	9318
3130	10500	1197	9303
3131	10514	1190	9324
3132	10382	1198	9184
3133	10328	1200	9128
3134	10218	1211	9007
3135	10203	1211	8992
3136	10317	1210	9107
3137	10310	1208	9102
3138	10157	1192	8965
3139	10272	1210	9062
3140	10347	1213	9134
3141	10388	1216	9172
3142	10485	1197	9288
3143	10547	1189	9358
3144	10805	1194	9611
3145	11166	1219	9947
3146	11468	1218	10250
3147	11804	1221	10583
3148	12109	1192	10917
3149	12439	1213	11226
3150	12826	1220	11606
3151	12892	1215	11677
3152	12921	1200	11721
3153	12974	1197	11777
3154	12988	1207	11781
3155	12964	1189	11775
3156	12837	1189	11648
3157	12525	1203	11322
3158	12257	1228	11029
3159	11949	1206	10743
3160	11817	1217	10600
3161	11769	1212	10557
3162	11749	1206	10543
3163	11764	1207	10557
3164	11719	1211	10508
3165	11746	1209	10537
3166	11797	1222	10575
3167	11985	1212	10773
3168	12221	1205	11016
3169	12169	1213	10956
3170	12168	1190	10978
3171	12136	1189	10947
3172	12308	1202	11106
3173	12938	1207	11731
3174	13581	1200	12381
3175	14051	1195	12856
3176	14429	1186	13243
3177	14825	1196	13629
3178	15240	1197	14043
3179	15606	1209	14397
3180	16071	1205	14866
3181	16316	1190	15126
3182	16370	1199	15171
3183	16215	1214	15001
3184	15781	1226	14555
3185	15123	1217	13906
3186	14447	1196	13251
3187	13935	1202	12733
3188	13229	1220	12009
3189	12694	1213	11481
3190	12100	1205	10895
3191	11493	1211	10282
3192	11163	1218	9945
3193	10950	1181	9769
3194	10881	1194	9687
3195	10939	1221	9718
3196	10898	1205	9693
3197	10740	1187	9553
3198	10857	1207	9650
3199	11100	1203	9897
3200	11527	1214	10313
3201	11766	1194	10572
3202	11940	1188	10752
3203	12218	1205	11013
3204	12406	1195	11211
3205	12497	1196	11301
3206	12441	1209	11232
3207	12527	1235	11292
3208	12489	1209	11280
3209	12334	1201	11133
3210	12094	1208	10886
3211	11691	1211	10480
3212	11427	1204	10223
3213	11212	1209	10003
3214	10989	1185	9804
3215	10937	1191	9746
3216	10840	1181	9659
3217	10709	1199	9510
3218	10728	1220	9508
3219	10731	1212	9519
3220	10859	1196	9663
3221	10936	1201	9735
3222	10921	1198	9723
3223	10971	1197	9774
3224	11107	1201	9906
3225	11100	1207	9893
3226	11004	1187	9817
3227	10952	1176	9776
3228	10851	1205	9646
3229	10671	1197	9474
3230	10292	1193	9099
3231	10021	1180	8841
3232	9730	1195	8535
3233	9488	1201	8287
3234	9378	1208	8170
3235	9213	1193	8020
3236	9034	1192	7842
3237	8834	1213	7621
3238	8630	1217	7413
3239	8417	1214	7203
3240	8252	1228	7024
3241	8177	1232	6945
3242	8075	1217	6858
3243	8042	1211	6831
3244	7957	1223	6734
3245	7879	1207	6672
3246	7762	1201	6561
3247	7630	1213	6417
3248	7548	1224	6324
3249	7498	1219	6279
3250	7361	1211	6150
3251	7275	1204	6071
3252	7201	1203	5998
3253	7072	1221	5851
3254	7144	1207	5937
3255	7336	1199	6137
3256	7540	1209	6331
3257	7772	1212	6560
3258	7966	1206	6760
3259	8245	1204	7041
3260	8432	1202	7230
3261	8532	1201	7331
3262	8727	1221	7506
3263	8838	1214	7624
3264	8945	1207	7738
3265	9048	1187	7861
3266	8980	1193	7787
3267	8799	1204	7595
3268	8658	1197	7461
3269	8577	1198	7379
3270	8388	1196	7192
3271	8246	1215	7031
3272	8206	1198	7008
3273	8207	1204	7003
3274	8196	1229	6967
3275	8243	1199	7044
3276	8200	1189	7011
3277	8147	1210	6937
3278	8164	1212	6952
3279	8180	1217	6963
3280	8147	1194	6953
3281	8104	1191	6913
3282	8046	1188	6858
3283	7928	1193	6735
3284	7709	1212	6497
3285	7492	1191	6301
3286	7378	1190	6188
3287	7208	1232	5976
3288	7057	1227	5830
3289	6972	1212	5760
3290	6812	1186	5626
3291	6749	1190	5559
3292	6804	1209	5595
3293	6805	1205	5600
3294	6701	1213	5488
3295	6715	1212	5503
3296	6693	1192	5501
3297	6732	1201	5531
3298	6744	1220	5524
3299	6695	1212	5483
3300	6790	1204	5586
3301	6863	1205	5658
3302	6927	1206	5721
3303	6990	1195	5795
3304	7097	1197	5900
3305	7087	1203	5884
3306	7132	1205	5927
3307	7180	1197	5983
3308	7108	1202	5906
3309	7143	1188	5955
3310	7164	1190	5974
3311	7289	1187	6102
3312	7255	1207	6048
3313	7173	1221	5952
3314	7106	1196	5910
3315	7073	1196	5877
3316	7019	1202	5817
3317	7039	1207	5832
3318	7121	1214	5907
3319	7081	1199	5882
3320	7053	1210	5843
3321	7082	1214	5868
3322	7016	1218	5798
3323	6903	1221	5682
3324	6972	1195	5777
3325	6911	1188	5723
3326	6829	1208	5621
3327	6834	1199	5635
3328	6759	1191	5568
3329	6702	1196	5506
3330	6729	1194	5535
3331	6660	1218	5442
3332	6729	1226	5503
3333	6782	1202	5580
3334	6819	1197	5622
3335	6927	1207	5720
3336	7021	1218	5803
3337	7039	1211	5828
3338	7086	1188	5898
3339	7039	1186	5853
3340	6966	1209	5757
3341	7035	1210	5825
3342	6928	1207	5721
3343	6835	1206	5629
3344	6749	1201	5548
3345	6650	1203	5447
3346	6617	1217	5400
3347	6509	1210	5299
3348	6378	1217	5161
3349	6358	1199	5159
3350	6291	1194	5097
3351	6279	1214	5065
3352	6238	1186	5052
3353	6157	1183	4974
3354	6199	1208	4991
3355	6233	1219	5014
3356	6221	1212	5009
3357	6202	1211	4991
3358	6180	1213	4967
3359	6135	1210	4925
3360	6153	1216	4937
3361	6133	1188	4945
3362	6100	1192	4908
3363	6037	1214	4823
3364	6012	1205	4807
3365	5945	1203	4742
3366	5954	1211	4743
3367	5922	1195	4727
3368	5915	1187	4728
3369	5937	1196	4741
3370	5873	1207	4666
3371	5814	1238	4576
3372	5778	1220	4558
3373	5718	1207	4511
3374	5711	1200	4511
3375	5675	1202	4473
3376	5654	1197	4457
3377	5609	1197	4412
3378	5560	1195	4365
3379	5490	1197	4293
3380	5423	1196	4227
3381	5408	1183	4225
3382	5416	1190	4226
3383	5359	1206	4153
3384	5409	1211	4198
3385	5449	1200	4249
3386	5464	1209	4255
3387	5516	1210	4306
3388	5510	1203	4307
3389	5438	1206	4232
3390	5416	1212	4204
3391	5463	1211	4252
3392	5481	1201	4280
3393	5508	1193	4315
3394	5466	1211	4255
3395	5451	1201	4250
3396	5441	1196	4245
3397	5366	1188	4178
3398	5257	1186	4071
3399	5265	1188	4077
3400	5245	1187	4058
3401	5168	1218	3950
3402	5121	1208	3913
3403	5111	1182	3929
3404	5121	1191	3930
3405	5096	1183	3913
3406	5081	1181	3900
3407	5033	1211	3822
3408	5013	1211	3802
3409	5015	1194	3821
3410	4919	1183	3736
3411	4897	1204	3693
3412	4857	1198	3659
3413	4891	1216	3675
3414	4914	1222	3692
3415	4879	1198	3681
3416	4826	1208	3618
3417	4790	1214	3576
3418	4859	1210	3649
3419	4802	1207	3595
3420	4732	1206	3526
3421	4734	1202	3532
3422	4663	1205	3458
3423	4671	1197	3474
3424	4598	1192	3406
3425	4576	1210	3366
3426	4624	1212	3412
3427	4541	1202	3339
3428	4487	1204	3283
3429	4524	1207	3317
3430	4502	1196	3306
3431	4488	1218	3270
3432	4447	1231	3216
3433	4350	1207	3143
3434	4344	1180	3164
3435	4365	1197	3168
3436	4295	1190	3105
3437	4224	1170	3054
3438	4121	1175	2946
3439	4070	1213	2857
3440	4051	1207	2844
3441	3975	1193	2782
3442	4023	1212	2811
3443	3975	1204	2771
3444	3936	1220	2716
3445	3965	1230	2735
3446	3886	1215	2671
3447	3864	1192	2672
3448	3866	1184	2682
3449	3805	1199	2606
3450	3814	1211	2603
3451	3794	1199	2595
3452	3764	1212	2552
3453	3712	1231	2481
3454	3635	1206	2429
3455	3593	1186	2407
3456	3568	1215	2353
3457	3545	1194	2351
3458	3536	1211	2325
3459	3492	1229	2263
3460	3440	1206	2234
3461	3436	1194	2242
3462	3434	1202	2232
3463	3428	1208	2220
3464	3429	1211	2218
3465	3400	1195	2205
3466	3389	1183	2206
3467	3399	1187	2212
3468	3338	1186	2152
3469	3331	1183	2148
3470	3305	1177	2128
3471	3272	1187	2085
3472	3256	1195	2061
3473	3209	1195	2014
3474	3168	1199	1969
3475	3160	1218	1942
3476	3141	1226	1915
3477	3122	1214	1908
3478	3082	1193	1889
3479	3064	1198	1866
3480	3066	1206	1860
3481	3100	1215	1885
3482	3057	1207	1850
3483	3109	1201	1908
3484	3185	1213	1972
3485	3163	1209	1954
3486	3154	1207	1947
3487	3106	1206	1900
3488	3072	1202	1870
3489	3070	1200	1870
3490	3098	1205	1893
3491	3106	1202	1904
3492	3024	1219	1805
3493	3026	1224	1802
3494	3026	1188	1838
3495	3027	1192	1835
3496	3023	1209	1814
3497	3015	1224	1791
3498	2977	1213	1764
3499	2983	1198	1785
3500	2950	1192	1758
3501	2911	1198	1713
3502	2909	1200	1709
3503	2924	1177	1747
3504	2878	1179	1699
3505	2846	1206	1640
3506	2833	1210	1623
3507	2824	1203	1621
3508	2767	1187	1580
3509	2750	1205	1545
3510	2744	1221	1523
3511	2688	1216	1472
3512	2678	1216	1462
3513	2651	1200	1451
3514	2659	1186	1473
3515	2705	1211	1494
3516	2688	1215	1473
3517	2645	1212	1433
3518	2622	1203	1419
3519	2619	1209	1410
3520	2625	1215	1410
3521	2629	1201	1428
3522	2604	1209	1395
3523	2613	1223	1390
3524	2572	1209	1363
3525	2538	1194	1344
3526	2533	1187	1346
3527	2538	1200	1338
3528	2498	1199	1299
3529	2508	1213	1295
3530	2521	1202	1319
3531	2477	1185	1292
3532	2489	1193	1296
3533	2498	1195	1303
3534	2476	1185	1291
3535	2481	1183	1298
3536	2478	1199	1279
3537	2482	1211	1271
3538	2495	1199	1296
3539	2453	1196	1257
3540	2454	1212	1242
3541	2449	1219	1230
3542	2423	1210	1213
3543	2440	1201	1239
3544	2442	1196	1246
3545	2445	1202	1243
3546	2385	1203	1182
3547	2366	1236	1130
3548	2360	1223	1137
3549	2334	1209	1125
3550	2376	1203	1173
3551	2393	1205	1188
3552	2372	1203	1169
3553	2341	1197	1144
3554	2328	1196	1132
3555	2296	1190	1106
3556	2308	1201	1107
3557	2311	1202	1109
3558	2302	1200	1102
3559	2307	1214	1093
3560	2283	1189	1094
3561	2287	1174	1113
3562	2262	1196	1066
3563	2237	1204	1033
3564	2245	1190	1055
3565	2238	1187	1051
3566	2243	1189	1054
3567	2218	1197	1021
3568	2226	1197	1029
3569	2206	1193	1013
3570	2209	1211	998
3571	2211	1206	1005
3572	2202	1189	1013
3573	2170	1193	977
3574	2150	1201	949
3575	2189	1214	975
3576	2192	1214	978
3577	2140	1207	933
3578	2131	1206	925
3579	2183	1196	987
3580	2149	1185	964
3581	2130	1212	918
3582	2189	1203	986
3583	2171	1183	988
3584	2157	1205	952
3585	2138	1206	932
3586	2117	1195	922
3587	2126	1184	942
3588	2160	1210	950
3589	2185	1227	958
3590	2183	1208	975
3591	2187	1199	988
3592	2181	1198	983
3593	2169	1199	970
3594	2151	1171	980
3595	2129	1187	942
3596	2114	1193	921
3597	2153	1183	970
3598	2192	1179	1013
3599	2152	1216	936
3600	2124	1219	905
3601	2118	1203	915
3602	2140	1195	945
3603	2128	1201	927
3604	2121	1216	905
3605	2111	1194	917
3606	2106	1172	934
3607	2116	1203	913
3608	2085	1228	857
3609	2063	1199	864
3610	2061	1183	878
3611	2065	1202	863
3612	2097	1203	894
3613	2071	1175	896
3614	2069	1182	887
3615	2036	1184	852
3616	2017	1192	825
3617	2025	1192	833
3618	2002	1161	841
3619	2015	1187	828
3620	2021	1179	842
3621	2017	1201	816
3622	1993	1208	785
3623	1964	1197	767
3624	1973	1200	773
3625	1998	1207	791
3626	1997	1184	813
3627	1978	1192	786
3628	1962	1192	770
3629	1961	1186	775
3630	1971	1185	786
3631	1983	1174	809
3632	1968	1163	805
3633	1968	1170	798
3634	1954	1187	767
3635	1917	1171	746
3636	1924	1169	755
3637	1923	1183	740
3638	1930	1195	735
3639	1912	1193	719
3640	1918	1207	711
3641	1910	1208	702
3642	1890	1197	693
3643	1912	1188	724
3644	1900	1181	719
3645	1898	1180	718
3646	1896	1185	711
3647	1887	1204	683
3648	1853	1188	665
